1300
-1579.7 4.25013e-07
-1579.5 8.50025e-07
-1579.3 1.70005e-06
-1579.1 2.55008e-06
-1578.9 3.82511e-06
-1578.7 3.82511e-06
-1578.5 4.25013e-06
-1578.3 5.10015e-06
-1578.1 5.10015e-06
-1577.9 6.37519e-06
-1577.7 7.22522e-06
-1577.5 8.07524e-06
-1577.3 8.07524e-06
-1577.1 8.50025e-06
-1576.9 8.50025e-06
-1576.7 8.92527e-06
-1576.5 9.77529e-06
-1576.3 1.02003e-05
-1576.1 1.10503e-05
-1575.9 1.23254e-05
-1575.7 1.27504e-05
-1575.5 1.44504e-05
-1575.3 1.48754e-05
-1575.1 1.48754e-05
-1574.9 1.53005e-05
-1574.7 1.53005e-05
-1574.5 1.65755e-05
-1574.3 1.74255e-05
-1574.1 1.78505e-05
-1573.9 1.78505e-05
-1573.7 1.87006e-05
-1573.5 1.87006e-05
-1573.3 2.16756e-05
-1573.1 2.25257e-05
-1572.9 2.29507e-05
-1572.7 2.38007e-05
-1572.5 2.46507e-05
-1572.3 2.55008e-05
-1572.1 2.55008e-05
-1571.9 2.63508e-05
-1571.7 2.84758e-05
-1571.5 3.10259e-05
-1571.3 3.14509e-05
-1571.1 3.65511e-05
-1570.9 4.29263e-05
-1570.7 4.80264e-05
-1570.5 5.86517e-05
-1570.3 6.8427e-05
-1570.1 8.03274e-05
-1569.9 9.43528e-05
-1569.7 0.000116453
-1569.5 0.000139829
-1569.3 0.000168305
-1569.1 0.000202731
-1568.9 0.000245232
-1568.7 0.000287734
-1568.5 0.00034171
-1568.3 0.000393987
-1568.1 0.000459439
-1567.9 0.000548691
-1567.7 0.000634119
-1567.5 0.000718271
-1567.3 0.000814749
-1567.1 0.000921852
-1566.9 0.00104001
-1566.7 0.00116708
-1566.5 0.00130904
-1566.3 0.00145057
-1566.1 0.0016125
-1565.9 0.00177783
-1565.7 0.00196398
-1565.5 0.00215481
-1565.3 0.00235797
-1565.1 0.0025607
-1564.9 0.00276768
-1564.7 0.00298401
-1564.5 0.0032318
-1564.3 0.00347915
-1564.1 0.00372099
-1563.9 0.00396537
-1563.7 0.00422038
-1563.5 0.00447623
-1563.3 0.00476184
-1563.1 0.00506573
-1562.9 0.00536366
-1562.7 0.00569857
-1562.5 0.00602498
-1562.3 0.00638029
-1562.1 0.00673475
-1561.9 0.00707986
-1561.7 0.00746407
-1561.5 0.00785083
-1561.3 0.00824312
-1561.1 0.00866048
-1560.9 0.00909825
-1560.7 0.00953856
-1560.5 0.0099963
-1560.3 0.0104625
-1560.1 0.0109466
-1559.9 0.0114316
-1559.7 0.011982
-1559.5 0.0124847
-1559.3 0.0130194
-1559.1 0.0135996
-1558.9 0.014226
-1558.7 0.0148274
-1558.5 0.0154186
-1558.3 0.0160549
-1558.1 0.0166622
-1557.9 0.0172861
-1557.7 0.0179211
-1557.5 0.0185391
-1557.3 0.0191791
-1557.1 0.0198753
-1556.9 0.0205426
-1556.7 0.0212069
-1556.5 0.021872
-1556.3 0.0225699
-1556.1 0.0232711
-1555.9 0.023983
-1555.7 0.0247017
-1555.5 0.0254413
-1555.3 0.0261782
-1555.1 0.026925
-1554.9 0.0276505
-1554.7 0.0284448
-1554.5 0.0292247
-1554.3 0.0299927
-1554.1 0.0307675
-1553.9 0.0315687
-1553.7 0.0323426
-1553.5 0.0331459
-1553.3 0.0339466
-1553.1 0.034769
-1552.9 0.0355812
-1552.7 0.0363645
-1552.5 0.0372005
-1552.3 0.0380493
-1552.1 0.0389103
-1551.9 0.039782
-1551.7 0.0406206
-1551.5 0.0414498
-1551.3 0.042296
-1551.1 0.0431745
-1550.9 0.044053
-1550.7 0.0449595
-1550.5 0.0458512
-1550.3 0.046779
-1550.1 0.0477204
-1549.9 0.0486278
-1549.7 0.0495429
-1549.5 0.050483
-1549.3 0.0514359
-1549.1 0.0523985
-1548.9 0.0533276
-1548.7 0.0542907
-1548.5 0.0552359
-1548.3 0.0561888
-1548.1 0.0571833
-1547.9 0.0581638
-1547.7 0.0591392
-1547.5 0.0600964
-1547.3 0.0611117
-1547.1 0.0620995
-1546.9 0.0631055
-1546.7 0.0641
-1546.5 0.0651226
-1546.3 0.0661345
-1546.1 0.0671448
-1545.9 0.0681784
-1545.7 0.0692001
-1545.5 0.07021
-1545.3 0.0712912
-1545.1 0.0723359
-1544.9 0.0733937
-1544.7 0.0744448
-1544.5 0.0754725
-1544.3 0.076524
-1544.1 0.0776014
-1543.9 0.0786545
-1543.7 0.079698
-1543.5 0.0807295
-1543.3 0.081809
-1543.1 0.0828936
-1542.9 0.0839502
-1542.7 0.0850195
-1542.5 0.0861042
-1542.3 0.0871999
-1542.1 0.0882734
-1541.9 0.0893606
-1541.7 0.0904384
-1541.5 0.0915273
-1541.3 0.0926443
-1541.1 0.093737
-1540.9 0.0948352
-1540.7 0.0958892
-1540.5 0.0969836
-1540.3 0.0980772
-1540.1 0.0991733
-1539.9 0.100238
-1539.7 0.101319
-1539.5 0.102388
-1539.3 0.103443
-1539.1 0.10454
-1538.9 0.10562
-1538.7 0.106694
-1538.5 0.10774
-1538.3 0.108739
-1538.1 0.109799
-1537.9 0.110842
-1537.7 0.111909
-1537.5 0.112965
-1537.3 0.114026
-1537.1 0.115061
-1536.9 0.116126
-1536.7 0.117161
-1536.5 0.118226
-1536.3 0.119262
-1536.1 0.120333
-1535.9 0.121363
-1535.7 0.122399
-1535.5 0.123413
-1535.3 0.124481
-1535.1 0.125525
-1534.9 0.126553
-1534.7 0.127564
-1534.5 0.128601
-1534.3 0.129618
-1534.1 0.130648
-1533.9 0.131681
-1533.7 0.132661
-1533.5 0.133635
-1533.3 0.13463
-1533.1 0.135608
-1532.9 0.136599
-1532.7 0.137616
-1532.5 0.138615
-1532.3 0.13959
-1532.1 0.140562
-1531.9 0.141537
-1531.7 0.142481
-1531.5 0.143479
-1531.3 0.144459
-1531.1 0.145458
-1530.9 0.146394
-1530.7 0.147378
-1530.5 0.148346
-1530.3 0.149332
-1530.1 0.15027
-1529.9 0.151231
-1529.7 0.15218
-1529.5 0.153142
-1529.3 0.15409
-1529.1 0.155066
-1528.9 0.15599
-1528.7 0.156947
-1528.5 0.157894
-1528.3 0.158818
-1528.1 0.159792
-1527.9 0.160769
-1527.7 0.161706
-1527.5 0.162652
-1527.3 0.163613
-1527.1 0.164581
-1526.9 0.165541
-1526.7 0.16648
-1526.5 0.167466
-1526.3 0.16844
-1526.1 0.169395
-1525.9 0.170382
-1525.7 0.171342
-1525.5 0.172324
-1525.3 0.173275
-1525.1 0.174238
-1524.9 0.175186
-1524.7 0.176161
-1524.5 0.177133
-1524.3 0.178112
-1524.1 0.17908
-1523.9 0.180086
-1523.7 0.181036
-1523.5 0.181998
-1523.3 0.182933
-1523.1 0.183907
-1522.9 0.184905
-1522.7 0.185893
-1522.5 0.186838
-1522.3 0.187794
-1522.1 0.188732
-1521.9 0.189683
-1521.7 0.190626
-1521.5 0.191544
-1521.3 0.19249
-1521.1 0.193448
-1520.9 0.194393
-1520.7 0.195338
-1520.5 0.196276
-1520.3 0.197208
-1520.1 0.198163
-1519.9 0.199121
-1519.7 0.200058
-1519.5 0.201001
-1519.3 0.201935
-1519.1 0.202885
-1518.9 0.203846
-1518.7 0.204787
-1518.5 0.205711
-1518.3 0.20663
-1518.1 0.207557
-1517.9 0.208516
-1517.7 0.20941
-1517.5 0.21032
-1517.3 0.211242
-1517.1 0.212114
-1516.9 0.213004
-1516.7 0.213918
-1516.5 0.214798
-1516.3 0.215691
-1516.1 0.216553
-1515.9 0.217448
-1515.7 0.218348
-1515.5 0.219226
-1515.3 0.220083
-1515.1 0.220928
-1514.9 0.221758
-1514.7 0.222612
-1514.5 0.223453
-1514.3 0.224299
-1514.1 0.225138
-1513.9 0.225962
-1513.7 0.226753
-1513.5 0.227611
-1513.3 0.228408
-1513.1 0.229227
-1512.9 0.230052
-1512.7 0.230863
-1512.5 0.231675
-1512.3 0.232497
-1512.1 0.233317
-1511.9 0.234118
-1511.7 0.234933
-1511.5 0.235746
-1511.3 0.236584
-1511.1 0.237425
-1510.9 0.238264
-1510.7 0.239116
-1510.5 0.239945
-1510.3 0.240797
-1510.1 0.241626
-1509.9 0.24248
-1509.7 0.243345
-1509.5 0.244198
-1509.3 0.245052
-1509.1 0.245928
-1508.9 0.246779
-1508.7 0.247644
-1508.5 0.248546
-1508.3 0.249433
-1508.1 0.250327
-1507.9 0.251242
-1507.7 0.252142
-1507.5 0.253053
-1507.3 0.253981
-1507.1 0.254918
-1506.9 0.255869
-1506.7 0.256806
-1506.5 0.2577
-1506.3 0.258651
-1506.1 0.259619
-1505.9 0.260558
-1505.7 0.261491
-1505.5 0.262429
-1505.3 0.263361
-1505.1 0.264297
-1504.9 0.265253
-1504.7 0.266233
-1504.5 0.267189
-1504.3 0.26811
-1504.1 0.269036
-1503.9 0.269965
-1503.7 0.270887
-1503.5 0.271793
-1503.3 0.272728
-1503.1 0.273662
-1502.9 0.274555
-1502.7 0.275486
-1502.5 0.276418
-1502.3 0.277345
-1502.1 0.278269
-1501.9 0.279178
-1501.7 0.280067
-1501.5 0.280945
-1501.3 0.281842
-1501.1 0.282774
-1500.9 0.283636
-1500.7 0.284521
-1500.5 0.285413
-1500.3 0.286283
-1500.1 0.287121
-1499.9 0.287994
-1499.7 0.28881
-1499.5 0.289699
-1499.3 0.290577
-1499.1 0.291441
-1498.9 0.292288
-1498.7 0.293151
-1498.5 0.293964
-1498.3 0.294839
-1498.1 0.295681
-1497.9 0.296542
-1497.7 0.297365
-1497.5 0.298215
-1497.3 0.299067
-1497.1 0.299901
-1496.9 0.300751
-1496.7 0.301566
-1496.5 0.302392
-1496.3 0.303259
-1496.1 0.30406
-1495.9 0.304893
-1495.7 0.305715
-1495.5 0.306528
-1495.3 0.307368
-1495.1 0.308171
-1494.9 0.309019
-1494.7 0.309833
-1494.5 0.310645
-1494.3 0.311453
-1494.1 0.312272
-1493.9 0.313099
-1493.7 0.31392
-1493.5 0.314782
-1493.3 0.315607
-1493.1 0.316491
-1492.9 0.317346
-1492.7 0.31816
-1492.5 0.319009
-1492.3 0.319875
-1492.1 0.320703
-1491.9 0.321528
-1491.7 0.322351
-1491.5 0.323169
-1491.3 0.324006
-1491.1 0.324837
-1490.9 0.325706
-1490.7 0.32659
-1490.5 0.327428
-1490.3 0.328329
-1490.1 0.329197
-1489.9 0.33008
-1489.7 0.330968
-1489.5 0.331827
-1489.3 0.332713
-1489.1 0.333608
-1488.9 0.334472
-1488.7 0.335352
-1488.5 0.336228
-1488.3 0.337124
-1488.1 0.33802
-1487.9 0.338898
-1487.7 0.33979
-1487.5 0.340679
-1487.3 0.341587
-1487.1 0.342492
-1486.9 0.343414
-1486.7 0.344317
-1486.5 0.345196
-1486.3 0.346073
-1486.1 0.346973
-1485.9 0.347871
-1485.7 0.348791
-1485.5 0.3497
-1485.3 0.350622
-1485.1 0.351505
-1484.9 0.352392
-1484.7 0.35327
-1484.5 0.354139
-1484.3 0.355014
-1484.1 0.355901
-1483.9 0.356761
-1483.7 0.357641
-1483.5 0.358526
-1483.3 0.359423
-1483.1 0.36031
-1482.9 0.361198
-1482.7 0.362081
-1482.5 0.362934
-1482.3 0.363792
-1482.1 0.364666
-1481.9 0.365526
-1481.7 0.36636
-1481.5 0.367217
-1481.3 0.368067
-1481.1 0.368939
-1480.9 0.369833
-1480.7 0.370698
-1480.5 0.371561
-1480.3 0.372431
-1480.1 0.373321
-1479.9 0.374159
-1479.7 0.375021
-1479.5 0.375863
-1479.3 0.376737
-1479.1 0.377609
-1478.9 0.378438
-1478.7 0.379273
-1478.5 0.380131
-1478.3 0.381002
-1478.1 0.381863
-1477.9 0.382714
-1477.7 0.38359
-1477.5 0.384492
-1477.3 0.385355
-1477.1 0.386204
-1476.9 0.387065
-1476.7 0.387912
-1476.5 0.388779
-1476.3 0.389645
-1476.1 0.390502
-1475.9 0.391322
-1475.7 0.392178
-1475.5 0.39301
-1475.3 0.39385
-1475.1 0.394686
-1474.9 0.39553
-1474.7 0.396376
-1474.5 0.397204
-1474.3 0.39805
-1474.1 0.398884
-1473.9 0.399725
-1473.7 0.40059
-1473.5 0.401455
-1473.3 0.402322
-1473.1 0.403193
-1472.9 0.40406
-1472.7 0.404913
-1472.5 0.405778
-1472.3 0.406695
-1472.1 0.407593
-1471.9 0.408462
-1471.7 0.409338
-1471.5 0.410229
-1471.3 0.411125
-1471.1 0.411987
-1470.9 0.412854
-1470.7 0.413789
-1470.5 0.414712
-1470.3 0.41559
-1470.1 0.416509
-1469.9 0.417423
-1469.7 0.418339
-1469.5 0.419277
-1469.3 0.420173
-1469.1 0.421074
-1468.9 0.421978
-1468.7 0.422885
-1468.5 0.423802
-1468.3 0.424716
-1468.1 0.425597
-1467.9 0.426491
-1467.7 0.427398
-1467.5 0.428262
-1467.3 0.42914
-1467.1 0.430018
-1466.9 0.430854
-1466.7 0.431727
-1466.5 0.432629
-1466.3 0.433515
-1466.1 0.434415
-1465.9 0.435316
-1465.7 0.436212
-1465.5 0.437072
-1465.3 0.437925
-1465.1 0.438762
-1464.9 0.439614
-1464.7 0.440498
-1464.5 0.441342
-1464.3 0.442204
-1464.1 0.443061
-1463.9 0.443913
-1463.7 0.444746
-1463.5 0.445593
-1463.3 0.446443
-1463.1 0.447242
-1462.9 0.448079
-1462.7 0.448912
-1462.5 0.449798
-1462.3 0.450656
-1462.1 0.451488
-1461.9 0.452338
-1461.7 0.453226
-1461.5 0.454044
-1461.3 0.454906
-1461.1 0.455764
-1460.9 0.456615
-1460.7 0.457493
-1460.5 0.458375
-1460.3 0.45926
-1460.1 0.460113
-1459.9 0.460968
-1459.7 0.461818
-1459.5 0.462701
-1459.3 0.463559
-1459.1 0.464428
-1458.9 0.465275
-1458.7 0.466142
-1458.5 0.467001
-1458.3 0.467876
-1458.1 0.468732
-1457.9 0.46961
-1457.7 0.470488
-1457.5 0.471323
-1457.3 0.472191
-1457.1 0.473062
-1456.9 0.473981
-1456.7 0.474841
-1456.5 0.475736
-1456.3 0.476645
-1456.1 0.477553
-1455.9 0.478434
-1455.7 0.479305
-1455.5 0.480184
-1455.3 0.481075
-1455.1 0.481964
-1454.9 0.482865
-1454.7 0.483739
-1454.5 0.484625
-1454.3 0.485519
-1454.1 0.48641
-1453.9 0.487316
-1453.7 0.48822
-1453.5 0.489106
-1453.3 0.489996
-1453.1 0.490913
-1452.9 0.491834
-1452.7 0.492726
-1452.5 0.493627
-1452.3 0.494518
-1452.1 0.495391
-1451.9 0.496323
-1451.7 0.497241
-1451.5 0.498112
-1451.3 0.499008
-1451.1 0.499929
-1450.9 0.500814
-1450.7 0.50169
-1450.5 0.50258
-1450.3 0.50343
-1450.1 0.5043
-1449.9 0.505147
-1449.7 0.506034
-1449.5 0.506937
-1449.3 0.50778
-1449.1 0.508662
-1448.9 0.509542
-1448.7 0.510406
-1448.5 0.51124
-1448.3 0.512126
-1448.1 0.513003
-1447.9 0.513844
-1447.7 0.514714
-1447.5 0.515551
-1447.3 0.516413
-1447.1 0.517298
-1446.9 0.518203
-1446.7 0.519079
-1446.5 0.519931
-1446.3 0.520794
-1446.1 0.521648
-1445.9 0.522502
-1445.7 0.52334
-1445.5 0.524255
-1445.3 0.52513
-1445.1 0.525985
-1444.9 0.52682
-1444.7 0.527702
-1444.5 0.528558
-1444.3 0.529395
-1444.1 0.530273
-1443.9 0.53113
-1443.7 0.531999
-1443.5 0.532867
-1443.3 0.533733
-1443.1 0.534583
-1442.9 0.535471
-1442.7 0.536331
-1442.5 0.537198
-1442.3 0.538061
-1442.1 0.538942
-1441.9 0.539765
-1441.7 0.540623
-1441.5 0.541462
-1441.3 0.542317
-1441.1 0.543193
-1440.9 0.544051
-1440.7 0.544908
-1440.5 0.545762
-1440.3 0.546628
-1440.1 0.547491
-1439.9 0.548366
-1439.7 0.549219
-1439.5 0.550065
-1439.3 0.550952
-1439.1 0.551826
-1438.9 0.552726
-1438.7 0.553619
-1438.5 0.554516
-1438.3 0.555367
-1438.1 0.556262
-1437.9 0.557123
-1437.7 0.557996
-1437.5 0.558875
-1437.3 0.559732
-1437.1 0.560581
-1436.9 0.561491
-1436.7 0.562342
-1436.5 0.563243
-1436.3 0.564127
-1436.1 0.565021
-1435.9 0.56589
-1435.7 0.566763
-1435.5 0.567641
-1435.3 0.568545
-1435.1 0.569413
-1434.9 0.570268
-1434.7 0.571188
-1434.5 0.572058
-1434.3 0.572925
-1434.1 0.573793
-1433.9 0.574675
-1433.7 0.575563
-1433.5 0.57646
-1433.3 0.577359
-1433.1 0.578238
-1432.9 0.579111
-1432.7 0.579999
-1432.5 0.580862
-1432.3 0.581731
-1432.1 0.582609
-1431.9 0.583497
-1431.7 0.584372
-1431.5 0.585228
-1431.3 0.58607
-1431.1 0.586927
-1430.9 0.587777
-1430.7 0.588645
-1430.5 0.589525
-1430.3 0.590388
-1430.1 0.591244
-1429.9 0.592129
-1429.7 0.593008
-1429.5 0.593911
-1429.3 0.594766
-1429.1 0.5956
-1428.9 0.59645
-1428.7 0.597333
-1428.5 0.59818
-1428.3 0.599078
-1428.1 0.599936
-1427.9 0.600782
-1427.7 0.601633
-1427.5 0.602497
-1427.3 0.603372
-1427.1 0.60427
-1426.9 0.605119
-1426.7 0.605955
-1426.5 0.606837
-1426.3 0.607726
-1426.1 0.608581
-1425.9 0.609435
-1425.7 0.61029
-1425.5 0.611135
-1425.3 0.612028
-1425.1 0.612894
-1424.9 0.613773
-1424.7 0.614641
-1424.5 0.615517
-1424.3 0.616372
-1424.1 0.617249
-1423.9 0.618148
-1423.7 0.619009
-1423.5 0.619871
-1423.3 0.620765
-1423.1 0.621641
-1422.9 0.622537
-1422.7 0.623397
-1422.5 0.624298
-1422.3 0.625138
-1422.1 0.626009
-1421.9 0.626881
-1421.7 0.627753
-1421.5 0.628589
-1421.3 0.629474
-1421.1 0.630349
-1420.9 0.631201
-1420.7 0.632084
-1420.5 0.632962
-1420.3 0.633841
-1420.1 0.634725
-1419.9 0.635561
-1419.7 0.636416
-1419.5 0.637264
-1419.3 0.638154
-1419.1 0.639028
-1418.9 0.63986
-1418.7 0.640742
-1418.5 0.641665
-1418.3 0.642552
-1418.1 0.643432
-1417.9 0.644301
-1417.7 0.645171
-1417.5 0.646043
-1417.3 0.646925
-1417.1 0.647757
-1416.9 0.648602
-1416.7 0.649464
-1416.5 0.650334
-1416.3 0.651197
-1416.1 0.652051
-1415.9 0.652944
-1415.7 0.653816
-1415.5 0.65466
-1415.3 0.65554
-1415.1 0.656432
-1414.9 0.657304
-1414.7 0.658177
-1414.5 0.659012
-1414.3 0.659854
-1414.1 0.660693
-1413.9 0.661499
-1413.7 0.662361
-1413.5 0.663221
-1413.3 0.664078
-1413.1 0.664942
-1412.9 0.665792
-1412.7 0.666664
-1412.5 0.667536
-1412.3 0.668417
-1412.1 0.669295
-1411.9 0.670186
-1411.7 0.671049
-1411.5 0.67193
-1411.3 0.672815
-1411.1 0.673692
-1410.9 0.674566
-1410.7 0.675446
-1410.5 0.676326
-1410.3 0.677218
-1410.1 0.678106
-1409.9 0.678971
-1409.7 0.679811
-1409.5 0.680686
-1409.3 0.681562
-1409.1 0.682452
-1408.9 0.683348
-1408.7 0.684247
-1408.5 0.685133
-1408.3 0.686032
-1408.1 0.686956
-1407.9 0.687845
-1407.7 0.688725
-1407.5 0.689591
-1407.3 0.690494
-1407.1 0.691361
-1406.9 0.692239
-1406.7 0.693097
-1406.5 0.693996
-1406.3 0.694865
-1406.1 0.69575
-1405.9 0.696637
-1405.7 0.697479
-1405.5 0.698359
-1405.3 0.699247
-1405.1 0.700127
-1404.9 0.701038
-1404.7 0.701923
-1404.5 0.702801
-1404.3 0.703634
-1404.1 0.704493
-1403.9 0.705355
-1403.7 0.706197
-1403.5 0.707079
-1403.3 0.707936
-1403.1 0.708777
-1402.9 0.709608
-1402.7 0.710478
-1402.5 0.711314
-1402.3 0.712164
-1402.1 0.713003
-1401.9 0.713881
-1401.7 0.714743
-1401.5 0.71561
-1401.3 0.716429
-1401.1 0.717292
-1400.9 0.718147
-1400.7 0.718997
-1400.5 0.719861
-1400.3 0.720737
-1400.1 0.721578
-1399.9 0.722411
-1399.7 0.72327
-1399.5 0.724139
-1399.3 0.724999
-1399.1 0.725834
-1398.9 0.726682
-1398.7 0.727521
-1398.5 0.728371
-1398.3 0.729266
-1398.1 0.730105
-1397.9 0.730956
-1397.7 0.731816
-1397.5 0.732647
-1397.3 0.733507
-1397.1 0.734361
-1396.9 0.735195
-1396.7 0.736068
-1396.5 0.736905
-1396.3 0.737754
-1396.1 0.738615
-1395.9 0.739477
-1395.7 0.740293
-1395.5 0.741158
-1395.3 0.742014
-1395.1 0.742891
-1394.9 0.74372
-1394.7 0.744581
-1394.5 0.745455
-1394.3 0.746309
-1394.1 0.747148
-1393.9 0.748004
-1393.7 0.748917
-1393.5 0.749796
-1393.3 0.75064
-1393.1 0.75151
-1392.9 0.752371
-1392.7 0.753257
-1392.5 0.754116
-1392.3 0.754986
-1392.1 0.755856
-1391.9 0.756716
-1391.7 0.757573
-1391.5 0.758444
-1391.3 0.759284
-1391.1 0.760153
-1390.9 0.761032
-1390.7 0.761938
-1390.5 0.762837
-1390.3 0.763687
-1390.1 0.764533
-1389.9 0.765368
-1389.7 0.766227
-1389.5 0.767101
-1389.3 0.767964
-1389.1 0.768843
-1388.9 0.7697
-1388.7 0.770564
-1388.5 0.771388
-1388.3 0.772259
-1388.1 0.773121
-1387.9 0.773977
-1387.7 0.774831
-1387.5 0.775703
-1387.3 0.77655
-1387.1 0.777441
-1386.9 0.778298
-1386.7 0.779154
-1386.5 0.780022
-1386.3 0.780881
-1386.1 0.781739
-1385.9 0.782591
-1385.7 0.783434
-1385.5 0.784322
-1385.3 0.785232
-1385.1 0.78609
-1384.9 0.786966
-1384.7 0.787835
-1384.5 0.788698
-1384.3 0.789537
-1384.1 0.790428
-1383.9 0.791284
-1383.7 0.792131
-1383.5 0.793008
-1383.3 0.793866
-1383.1 0.794753
-1382.9 0.795642
-1382.7 0.796486
-1382.5 0.797309
-1382.3 0.798166
-1382.1 0.799044
-1381.9 0.799915
-1381.7 0.800788
-1381.5 0.80168
-1381.3 0.802563
-1381.1 0.803463
-1380.9 0.804371
-1380.7 0.80522
-1380.5 0.806079
-1380.3 0.806926
-1380.1 0.807802
-1379.9 0.808693
-1379.7 0.809539
-1379.5 0.810439
-1379.3 0.811319
-1379.1 0.812215
-1378.9 0.813057
-1378.7 0.813919
-1378.5 0.814785
-1378.3 0.815646
-1378.1 0.816509
-1377.9 0.817368
-1377.7 0.818202
-1377.5 0.819053
-1377.3 0.819922
-1377.1 0.820794
-1376.9 0.821678
-1376.7 0.822543
-1376.5 0.823369
-1376.3 0.824213
-1376.1 0.825062
-1375.9 0.825885
-1375.7 0.826761
-1375.5 0.827626
-1375.3 0.828443
-1375.1 0.829303
-1374.9 0.830141
-1374.7 0.830975
-1374.5 0.831799
-1374.3 0.832691
-1374.1 0.833527
-1373.9 0.834376
-1373.7 0.835204
-1373.5 0.836028
-1373.3 0.836898
-1373.1 0.837756
-1372.9 0.838601
-1372.7 0.839436
-1372.5 0.840327
-1372.3 0.841147
-1372.1 0.841973
-1371.9 0.842797
-1371.7 0.84361
-1371.5 0.844456
-1371.3 0.845289
-1371.1 0.846103
-1370.9 0.846972
-1370.7 0.847825
-1370.5 0.848666
-1370.3 0.849499
-1370.1 0.850372
-1369.9 0.851215
-1369.7 0.852072
-1369.5 0.852933
-1369.3 0.853768
-1369.1 0.85463
-1368.9 0.855436
-1368.7 0.856273
-1368.5 0.857139
-1368.3 0.857959
-1368.1 0.858806
-1367.9 0.859633
-1367.7 0.860456
-1367.5 0.861271
-1367.3 0.862108
-1367.1 0.862971
-1366.9 0.863795
-1366.7 0.864643
-1366.5 0.865497
-1366.3 0.866335
-1366.1 0.867195
-1365.9 0.868053
-1365.7 0.868867
-1365.5 0.869734
-1365.3 0.870601
-1365.1 0.871404
-1364.9 0.872248
-1364.7 0.873106
-1364.5 0.873976
-1364.3 0.874838
-1364.1 0.875672
-1363.9 0.876519
-1363.7 0.877335
-1363.5 0.87819
-1363.3 0.879048
-1363.1 0.879926
-1362.9 0.880757
-1362.7 0.881599
-1362.5 0.882447
-1362.3 0.88328
-1362.1 0.884124
-1361.9 0.884982
-1361.7 0.885834
-1361.5 0.886661
-1361.3 0.887544
-1361.1 0.888412
-1360.9 0.889228
-1360.7 0.890085
-1360.5 0.89092
-1360.3 0.891748
-1360.1 0.892635
-1359.9 0.893481
-1359.7 0.894305
-1359.5 0.89515
-1359.3 0.895984
-1359.1 0.896798
-1358.9 0.897655
-1358.7 0.898488
-1358.5 0.899303
-1358.3 0.900169
-1358.1 0.901013
-1357.9 0.90184
-1357.7 0.902657
-1357.5 0.903524
-1357.3 0.90436
-1357.1 0.90518
-1356.9 0.906038
-1356.7 0.906919
-1356.5 0.907752
-1356.3 0.908582
-1356.1 0.909407
-1355.9 0.910223
-1355.7 0.911066
-1355.5 0.911889
-1355.3 0.912723
-1355.1 0.913524
-1354.9 0.914346
-1354.7 0.915199
-1354.5 0.916022
-1354.3 0.916862
-1354.1 0.917724
-1353.9 0.918578
-1353.7 0.919413
-1353.5 0.920271
-1353.3 0.921115
-1353.1 0.921946
-1352.9 0.922793
-1352.7 0.923635
-1352.5 0.924445
-1352.3 0.92529
-1352.1 0.926134
-1351.9 0.926949
-1351.7 0.927762
-1351.5 0.928583
-1351.3 0.929402
-1351.1 0.930238
-1350.9 0.931077
-1350.7 0.931882
-1350.5 0.932669
-1350.3 0.93349
-1350.1 0.934305
-1349.9 0.935113
-1349.7 0.935948
-1349.5 0.936753
-1349.3 0.93759
-1349.1 0.938406
-1348.9 0.939238
-1348.7 0.940064
-1348.5 0.940902
-1348.3 0.941672
-1348.1 0.942468
-1347.9 0.94324
-1347.7 0.944025
-1347.5 0.944841
-1347.3 0.945637
-1347.1 0.946418
-1346.9 0.947205
-1346.7 0.948013
-1346.5 0.94876
-1346.3 0.949555
-1346.1 0.950314
-1345.9 0.951065
-1345.7 0.951837
-1345.5 0.952593
-1345.3 0.953338
-1345.1 0.954094
-1344.9 0.954825
-1344.7 0.955566
-1344.5 0.956308
-1344.3 0.95707
-1344.1 0.957796
-1343.9 0.958488
-1343.7 0.959215
-1343.5 0.959903
-1343.3 0.960598
-1343.1 0.961307
-1342.9 0.962027
-1342.7 0.962747
-1342.5 0.963437
-1342.3 0.964142
-1342.1 0.964809
-1341.9 0.965487
-1341.7 0.966183
-1341.5 0.96687
-1341.3 0.967541
-1341.1 0.968188
-1340.9 0.96885
-1340.7 0.969459
-1340.5 0.970062
-1340.3 0.970661
-1340.1 0.971275
-1339.9 0.971884
-1339.7 0.972527
-1339.5 0.973106
-1339.3 0.97367
-1339.1 0.974236
-1338.9 0.974815
-1338.7 0.975367
-1338.5 0.975903
-1338.3 0.976424
-1338.1 0.976954
-1337.9 0.97747
-1337.7 0.977996
-1337.5 0.978517
-1337.3 0.978999
-1337.1 0.979481
-1336.9 0.97997
-1336.7 0.980465
-1336.5 0.980946
-1336.3 0.981415
-1336.1 0.981849
-1335.9 0.982315
-1335.7 0.982767
-1335.5 0.983214
-1335.3 0.983665
-1335.1 0.984091
-1334.9 0.984514
-1334.7 0.984917
-1334.5 0.98532
-1334.3 0.985733
-1334.1 0.986119
-1333.9 0.986501
-1333.7 0.98689
-1333.5 0.987264
-1333.3 0.987628
-1333.1 0.98799
-1332.9 0.988309
-1332.7 0.988655
-1332.5 0.988993
-1332.3 0.989331
-1332.1 0.989658
-1331.9 0.989978
-1331.7 0.990289
-1331.5 0.990594
-1331.3 0.990883
-1331.1 0.991163
-1330.9 0.991464
-1330.7 0.991751
-1330.5 0.992023
-1330.3 0.992301
-1330.1 0.992578
-1329.9 0.992847
-1329.7 0.993102
-1329.5 0.993356
-1329.3 0.993595
-1329.1 0.993839
-1328.9 0.994092
-1328.7 0.994313
-1328.5 0.994528
-1328.3 0.994748
-1328.1 0.994976
-1327.9 0.995171
-1327.7 0.995365
-1327.5 0.995537
-1327.3 0.995741
-1327.1 0.995928
-1326.9 0.996116
-1326.7 0.99628
-1326.5 0.996477
-1326.3 0.996644
-1326.1 0.996813
-1325.9 0.996976
-1325.7 0.997139
-1325.5 0.997279
-1325.3 0.997427
-1325.1 0.997566
-1324.9 0.997699
-1324.7 0.997846
-1324.5 0.997969
-1324.3 0.99809
-1324.1 0.998216
-1323.9 0.998336
-1323.7 0.998441
-1323.5 0.998541
-1323.3 0.99864
-1323.1 0.998734
-1322.9 0.998841
-1322.7 0.998932
-1322.5 0.999031
-1322.3 0.99912
-1322.1 0.999201
-1321.9 0.999287
-1321.7 0.999365
-1321.5 0.999452
-1321.3 0.999544
-1321.1 0.999613
-1320.9 0.999678
-1320.7 0.999741
-1320.5 0.999812
-1320.3 0.999881
-1320.1 0.999943
-1319.9 1
