1246
-1598.9 7.53245e-06
-1598.7 7.53245e-06
-1598.5 7.53245e-06
-1598.3 7.53245e-06
-1598.1 7.53245e-06
-1597.9 7.53245e-06
-1597.7 7.53245e-06
-1597.5 7.53245e-06
-1597.3 1.50649e-05
-1597.1 2.25973e-05
-1596.9 2.25973e-05
-1596.7 2.25973e-05
-1596.5 2.25973e-05
-1596.3 2.25973e-05
-1596.1 2.25973e-05
-1595.9 2.25973e-05
-1595.7 3.01298e-05
-1595.5 3.01298e-05
-1595.3 3.76622e-05
-1595.1 4.51947e-05
-1594.9 4.51947e-05
-1594.7 6.02596e-05
-1594.5 6.02596e-05
-1594.3 6.02596e-05
-1594.1 6.02596e-05
-1593.9 6.02596e-05
-1593.7 6.02596e-05
-1593.5 6.02596e-05
-1593.3 6.02596e-05
-1593.1 6.02596e-05
-1592.9 6.02596e-05
-1592.7 6.02596e-05
-1592.5 6.02596e-05
-1592.3 6.02596e-05
-1592.1 6.7792e-05
-1591.9 6.7792e-05
-1591.7 6.7792e-05
-1591.5 7.53245e-05
-1591.3 7.53245e-05
-1591.1 7.53245e-05
-1590.9 8.28569e-05
-1590.7 9.03894e-05
-1590.5 9.03894e-05
-1590.3 9.03894e-05
-1590.1 9.03894e-05
-1589.9 9.03894e-05
-1589.7 9.03894e-05
-1589.5 9.03894e-05
-1589.3 9.03894e-05
-1589.1 9.03894e-05
-1588.9 9.03894e-05
-1588.7 9.03894e-05
-1588.5 9.03894e-05
-1588.3 9.03894e-05
-1588.1 9.03894e-05
-1587.9 9.03894e-05
-1587.7 9.03894e-05
-1587.5 9.03894e-05
-1587.3 9.03894e-05
-1587.1 9.03894e-05
-1586.9 0.000105454
-1586.7 0.000105454
-1586.5 0.000105454
-1586.3 0.000105454
-1586.1 0.000105454
-1585.9 0.000112987
-1585.7 0.000120519
-1585.5 0.000120519
-1585.3 0.000120519
-1585.1 0.000120519
-1584.9 0.000120519
-1584.7 0.000128052
-1584.5 0.000128052
-1584.3 0.000128052
-1584.1 0.000128052
-1583.9 0.000128052
-1583.7 0.000128052
-1583.5 0.000128052
-1583.3 0.000128052
-1583.1 0.000135584
-1582.9 0.000135584
-1582.7 0.000135584
-1582.5 0.000135584
-1582.3 0.000135584
-1582.1 0.000135584
-1581.9 0.000135584
-1581.7 0.000143116
-1581.5 0.000143116
-1581.3 0.000143116
-1581.1 0.000143116
-1580.9 0.000143116
-1580.7 0.000143116
-1580.5 0.000150649
-1580.3 0.000150649
-1580.1 0.000150649
-1579.9 0.000158181
-1579.7 0.000158181
-1579.5 0.000158181
-1579.3 0.000158181
-1579.1 0.000165714
-1578.9 0.000173246
-1578.7 0.000173246
-1578.5 0.000173246
-1578.3 0.000173246
-1578.1 0.000173246
-1577.9 0.000173246
-1577.7 0.000173246
-1577.5 0.000173246
-1577.3 0.000173246
-1577.1 0.000180779
-1576.9 0.000180779
-1576.7 0.000188311
-1576.5 0.000188311
-1576.3 0.000188311
-1576.1 0.000188311
-1575.9 0.000195844
-1575.7 0.000195844
-1575.5 0.000195844
-1575.3 0.000210908
-1575.1 0.000210908
-1574.9 0.000218441
-1574.7 0.000241038
-1574.5 0.000241038
-1574.3 0.000241038
-1574.1 0.000256103
-1573.9 0.000293765
-1573.7 0.000323895
-1573.5 0.00036909
-1573.3 0.000459479
-1573.1 0.000512206
-1572.9 0.000579998
-1572.7 0.000662855
-1572.5 0.000753245
-1572.3 0.000836102
-1572.1 0.000903894
-1571.9 0.00101688
-1571.7 0.00107714
-1571.5 0.00123532
-1571.3 0.00136337
-1571.1 0.00157428
-1570.9 0.00178519
-1570.7 0.00201116
-1570.5 0.00216934
-1570.3 0.00235766
-1570.1 0.00253843
-1569.9 0.00277947
-1569.7 0.00297532
-1569.5 0.00317869
-1569.3 0.00352518
-1569.1 0.00370596
-1568.9 0.0039922
-1568.7 0.00421064
-1568.5 0.00447427
-1568.3 0.00475297
-1568.1 0.00505427
-1567.9 0.00528778
-1567.7 0.00558154
-1567.5 0.00583011
-1567.3 0.00607868
-1567.1 0.00643271
-1566.9 0.00680933
-1566.7 0.00720102
-1566.5 0.00759271
-1566.3 0.0079166
-1566.1 0.00828569
-1565.9 0.00866231
-1565.7 0.00918958
-1565.5 0.00962647
-1565.3 0.0101537
-1565.1 0.0104927
-1564.9 0.0110727
-1564.7 0.0115397
-1564.5 0.0120745
-1564.3 0.0127524
-1564.1 0.0132797
-1563.9 0.0138823
-1563.7 0.0146205
-1563.5 0.0155244
-1563.3 0.0163077
-1563.1 0.017189
-1562.9 0.0180025
-1562.7 0.0190571
-1562.5 0.0199986
-1562.3 0.0210457
-1562.1 0.0221529
-1561.9 0.0231321
-1561.7 0.0244353
-1561.5 0.0256103
-1561.3 0.0267552
-1561.1 0.0278776
-1560.9 0.0290752
-1560.7 0.0303332
-1560.5 0.0318396
-1560.3 0.0331503
-1560.1 0.0345363
-1559.9 0.0358318
-1559.7 0.0371952
-1559.5 0.0386716
-1559.3 0.0402911
-1559.1 0.0417523
-1558.9 0.0432438
-1558.7 0.0450064
-1558.5 0.0465505
-1558.3 0.0483508
-1558.1 0.0499702
-1557.9 0.0515596
-1557.7 0.0529305
-1557.5 0.0543165
-1557.3 0.0560489
-1557.1 0.0575328
-1556.9 0.05919
-1556.7 0.0608396
-1556.5 0.0623611
-1556.3 0.0638375
-1556.1 0.0653892
-1555.9 0.0670463
-1555.7 0.0684247
-1555.5 0.0697806
-1555.3 0.0712645
-1555.1 0.0727559
-1554.9 0.0743528
-1554.7 0.0757086
-1554.5 0.0771548
-1554.3 0.0785709
-1554.1 0.0797987
-1553.9 0.0812299
-1553.7 0.0825029
-1553.5 0.0837909
-1553.3 0.085079
-1553.1 0.0863972
-1552.9 0.0876249
-1552.7 0.0889431
-1552.5 0.0902462
-1552.3 0.0914966
-1552.1 0.092619
-1551.9 0.093794
-1551.7 0.0951348
-1551.5 0.0963325
-1551.3 0.097613
-1551.1 0.0989236
-1550.9 0.100091
-1550.7 0.101229
-1550.5 0.102524
-1550.3 0.103586
-1550.1 0.104776
-1549.9 0.105982
-1549.7 0.107081
-1549.5 0.108211
-1549.3 0.109454
-1549.1 0.110463
-1548.9 0.111495
-1548.7 0.112753
-1548.5 0.113936
-1548.3 0.115133
-1548.1 0.116241
-1547.9 0.117431
-1547.7 0.118493
-1547.5 0.119676
-1547.3 0.12073
-1547.1 0.121657
-1546.9 0.122847
-1546.7 0.123992
-1546.5 0.125385
-1546.3 0.12647
-1546.1 0.127419
-1545.9 0.128639
-1545.7 0.129844
-1545.5 0.130891
-1545.3 0.131984
-1545.1 0.133113
-1544.9 0.134251
-1544.7 0.135501
-1544.5 0.136495
-1544.3 0.137701
-1544.1 0.13871
-1543.9 0.139817
-1543.7 0.140902
-1543.5 0.1421
-1543.3 0.143011
-1543.1 0.144179
-1542.9 0.145173
-1542.7 0.146235
-1542.5 0.147335
-1542.3 0.148321
-1542.1 0.149399
-1541.9 0.15037
-1541.7 0.151455
-1541.5 0.152502
-1541.3 0.153443
-1541.1 0.154295
-1540.9 0.155319
-1540.7 0.156366
-1540.5 0.157406
-1540.3 0.1584
-1540.1 0.159477
-1539.9 0.160494
-1539.7 0.161473
-1539.5 0.162452
-1539.3 0.163575
-1539.1 0.164614
-1538.9 0.165631
-1538.7 0.166783
-1538.5 0.167695
-1538.3 0.168682
-1538.1 0.169811
-1537.9 0.170791
-1537.7 0.171905
-1537.5 0.17302
-1537.3 0.174225
-1537.1 0.175159
-1536.9 0.176244
-1536.7 0.177238
-1536.5 0.17824
-1536.3 0.179144
-1536.1 0.180169
-1535.9 0.181125
-1535.7 0.181924
-1535.5 0.183001
-1535.3 0.18404
-1535.1 0.185012
-1534.9 0.185961
-1534.7 0.18688
-1534.5 0.187859
-1534.3 0.188808
-1534.1 0.189885
-1533.9 0.19094
-1533.7 0.191949
-1533.5 0.192838
-1533.3 0.193945
-1533.1 0.194879
-1532.9 0.195904
-1532.7 0.197086
-1532.5 0.198149
-1532.3 0.199173
-1532.1 0.199994
-1531.9 0.200996
-1531.7 0.202005
-1531.5 0.202939
-1531.3 0.203949
-1531.1 0.20498
-1530.9 0.206005
-1530.7 0.206916
-1530.5 0.207948
-1530.3 0.208927
-1530.1 0.21005
-1529.9 0.21115
-1529.7 0.212106
-1529.5 0.213251
-1529.3 0.214283
-1529.1 0.21527
-1528.9 0.216174
-1528.7 0.217047
-1528.5 0.217906
-1528.3 0.218757
-1528.1 0.219721
-1527.9 0.220716
-1527.7 0.221605
-1527.5 0.222478
-1527.3 0.223495
-1527.1 0.224482
-1526.9 0.225514
-1526.7 0.226568
-1526.5 0.227721
-1526.3 0.228647
-1526.1 0.229664
-1525.9 0.230696
-1525.7 0.231834
-1525.5 0.232828
-1525.3 0.23386
-1525.1 0.234711
-1524.9 0.235713
-1524.7 0.236767
-1524.5 0.237649
-1524.3 0.238763
-1524.1 0.239871
-1523.9 0.24085
-1523.7 0.241874
-1523.5 0.242861
-1523.3 0.243886
-1523.1 0.244902
-1522.9 0.245934
-1522.7 0.246921
-1522.5 0.247953
-1522.3 0.248932
-1522.1 0.250047
-1521.9 0.251087
-1521.7 0.252194
-1521.5 0.253294
-1521.3 0.25425
-1521.1 0.25529
-1520.9 0.256216
-1520.7 0.257135
-1520.5 0.258084
-1520.3 0.259063
-1520.1 0.260028
-1519.9 0.260879
-1519.7 0.261926
-1519.5 0.262912
-1519.3 0.263764
-1519.1 0.264781
-1518.9 0.265609
-1518.7 0.266475
-1518.5 0.267379
-1518.3 0.268306
-1518.1 0.269375
-1517.9 0.270324
-1517.7 0.271304
-1517.5 0.27223
-1517.3 0.273111
-1517.1 0.274113
-1516.9 0.275002
-1516.7 0.275718
-1516.5 0.276742
-1516.3 0.277699
-1516.1 0.27867
-1515.9 0.279499
-1515.7 0.280448
-1515.5 0.281359
-1515.3 0.282226
-1515.1 0.283047
-1514.9 0.283966
-1514.7 0.284937
-1514.5 0.285811
-1514.3 0.286836
-1514.1 0.287687
-1513.9 0.288643
-1513.7 0.289668
-1513.5 0.290436
-1513.3 0.291498
-1513.1 0.292394
-1512.9 0.293095
-1512.7 0.294021
-1512.5 0.294903
-1512.3 0.295852
-1512.1 0.296937
-1511.9 0.298051
-1511.7 0.298985
-1511.5 0.299776
-1511.3 0.300688
-1511.1 0.301456
-1510.9 0.3023
-1510.7 0.303264
-1510.5 0.304168
-1510.3 0.305139
-1510.1 0.306036
-1509.9 0.306925
-1509.7 0.307806
-1509.5 0.308793
-1509.3 0.309764
-1509.1 0.310631
-1508.9 0.311768
-1508.7 0.312664
-1508.5 0.313531
-1508.3 0.314638
-1508.1 0.315715
-1507.9 0.316476
-1507.7 0.317568
-1507.5 0.318585
-1507.3 0.319474
-1507.1 0.320385
-1506.9 0.321447
-1506.7 0.322434
-1506.5 0.323383
-1506.3 0.324309
-1506.1 0.325251
-1505.9 0.32629
-1505.7 0.327232
-1505.5 0.328151
-1505.3 0.329085
-1505.1 0.330117
-1504.9 0.331149
-1504.7 0.331925
-1504.5 0.332768
-1504.3 0.333846
-1504.1 0.33487
-1503.9 0.335887
-1503.7 0.336874
-1503.5 0.337777
-1503.3 0.338772
-1503.1 0.339902
-1502.9 0.340662
-1502.7 0.341589
-1502.5 0.342674
-1502.3 0.34363
-1502.1 0.344685
-1501.9 0.345611
-1501.7 0.34656
-1501.5 0.347562
-1501.3 0.348481
-1501.1 0.349528
-1500.9 0.35053
-1500.7 0.351607
-1500.5 0.352692
-1500.3 0.353671
-1500.1 0.354567
-1499.9 0.355501
-1499.7 0.356586
-1499.5 0.357588
-1499.3 0.358439
-1499.1 0.35935
-1498.9 0.360337
-1498.7 0.361331
-1498.5 0.362265
-1498.3 0.363275
-1498.1 0.364231
-1497.9 0.36515
-1497.7 0.366145
-1497.5 0.367086
-1497.3 0.368163
-1497.1 0.369143
-1496.9 0.369941
-1496.7 0.371041
-1496.5 0.37205
-1496.3 0.372871
-1496.1 0.373911
-1495.9 0.374822
-1495.7 0.375749
-1495.5 0.376675
-1495.3 0.377699
-1495.1 0.378633
-1494.9 0.379492
-1494.7 0.380426
-1494.5 0.381255
-1494.3 0.382076
-1494.1 0.382934
-1493.9 0.384004
-1493.7 0.384863
-1493.5 0.385842
-1493.3 0.38658
-1493.1 0.387454
-1492.9 0.388237
-1492.7 0.389119
-1492.5 0.390226
-1492.3 0.391318
-1492.1 0.392358
-1491.9 0.393216
-1491.7 0.394241
-1491.5 0.395182
-1491.3 0.396259
-1491.1 0.397254
-1490.9 0.398225
-1490.7 0.399159
-1490.5 0.400139
-1490.3 0.401058
-1490.1 0.401961
-1489.9 0.402895
-1489.7 0.40386
-1489.5 0.404967
-1489.3 0.405818
-1489.1 0.406624
-1488.9 0.407505
-1488.7 0.40856
-1488.5 0.409735
-1488.3 0.410918
-1488.1 0.411867
-1487.9 0.41268
-1487.7 0.413644
-1487.5 0.414601
-1487.3 0.415558
-1487.1 0.416559
-1486.9 0.417561
-1486.7 0.418601
-1486.5 0.419618
-1486.3 0.420589
-1486.1 0.421599
-1485.9 0.422548
-1485.7 0.423549
-1485.5 0.424657
-1485.3 0.425651
-1485.1 0.426615
-1484.9 0.427617
-1484.7 0.428528
-1484.5 0.429538
-1484.3 0.430585
-1484.1 0.431647
-1483.9 0.432603
-1483.7 0.4335
-1483.5 0.434637
-1483.3 0.435473
-1483.1 0.436633
-1482.9 0.437402
-1482.7 0.43829
-1482.5 0.439337
-1482.3 0.440415
-1482.1 0.441379
-1481.9 0.442373
-1481.7 0.443337
-1481.5 0.444241
-1481.3 0.445258
-1481.1 0.446184
-1480.9 0.447051
-1480.7 0.448
-1480.5 0.448949
-1480.3 0.449845
-1480.1 0.450794
-1479.9 0.451841
-1479.7 0.452768
-1479.5 0.453589
-1479.3 0.454485
-1479.1 0.455427
-1478.9 0.456534
-1478.7 0.4574
-1478.5 0.458214
-1478.3 0.458975
-1478.1 0.459856
-1477.9 0.460707
-1477.7 0.461588
-1477.5 0.462537
-1477.3 0.463434
-1477.1 0.464526
-1476.9 0.46549
-1476.7 0.466515
-1476.5 0.467531
-1476.3 0.46845
-1476.1 0.469279
-1475.9 0.470183
-1475.7 0.471154
-1475.5 0.472126
-1475.3 0.473151
-1475.1 0.474137
-1474.9 0.475192
-1474.7 0.476096
-1474.5 0.476962
-1474.3 0.477866
-1474.1 0.478747
-1473.9 0.479757
-1473.7 0.480668
-1473.5 0.481572
-1473.3 0.482468
-1473.1 0.4835
-1472.9 0.484547
-1472.7 0.485361
-1472.5 0.486415
-1472.3 0.487199
-1472.1 0.488223
-1471.9 0.48927
-1471.7 0.490264
-1471.5 0.491251
-1471.3 0.492178
-1471.1 0.493119
-1470.9 0.494144
-1470.7 0.495002
-1470.5 0.495868
-1470.3 0.49681
-1470.1 0.497767
-1469.9 0.498686
-1469.7 0.49971
-1469.5 0.500652
-1469.3 0.501661
-1469.1 0.502746
-1468.9 0.50383
-1468.7 0.504727
-1468.5 0.505713
-1468.3 0.506655
-1468.1 0.507672
-1467.9 0.508651
-1467.7 0.509638
-1467.5 0.510655
-1467.3 0.511747
-1467.1 0.512869
-1466.9 0.513668
-1466.7 0.514715
-1466.5 0.515716
-1466.3 0.516809
-1466.1 0.517713
-1465.9 0.518473
-1465.7 0.519475
-1465.5 0.520387
-1465.3 0.521358
-1465.1 0.522285
-1464.9 0.523249
-1464.7 0.524213
-1464.5 0.52514
-1464.3 0.526134
-1464.1 0.527068
-1463.9 0.528168
-1463.7 0.529117
-1463.5 0.52993
-1463.3 0.530819
-1463.1 0.531723
-1462.9 0.532687
-1462.7 0.533561
-1462.5 0.534367
-1462.3 0.535286
-1462.1 0.536295
-1461.9 0.537094
-1461.7 0.538171
-1461.5 0.53915
-1461.3 0.540076
-1461.1 0.540965
-1460.9 0.541952
-1460.7 0.542969
-1460.5 0.54391
-1460.3 0.544859
-1460.1 0.545884
-1459.9 0.546652
-1459.7 0.547639
-1459.5 0.548693
-1459.3 0.549499
-1459.1 0.550403
-1458.9 0.55139
-1458.7 0.552286
-1458.5 0.553205
-1458.3 0.554403
-1458.1 0.555495
-1457.9 0.556452
-1457.7 0.557378
-1457.5 0.55841
-1457.3 0.559284
-1457.1 0.560263
-1456.9 0.561197
-1456.7 0.562184
-1456.5 0.563126
-1456.3 0.563962
-1456.1 0.564783
-1455.9 0.565679
-1455.7 0.566696
-1455.5 0.5676
-1455.3 0.568504
-1455.1 0.569506
-1454.9 0.570462
-1454.7 0.571419
-1454.5 0.572564
-1454.3 0.573573
-1454.1 0.57459
-1453.9 0.575592
-1453.7 0.576533
-1453.5 0.577452
-1453.3 0.57856
-1453.1 0.579366
-1452.9 0.580337
-1452.7 0.581181
-1452.5 0.582145
-1452.3 0.582959
-1452.1 0.583893
-1451.9 0.584985
-1451.7 0.585964
-1451.5 0.586958
-1451.3 0.587945
-1451.1 0.588856
-1450.9 0.589896
-1450.7 0.590694
-1450.5 0.591741
-1450.3 0.592668
-1450.1 0.593572
-1449.9 0.594483
-1449.7 0.595334
-1449.5 0.596487
-1449.3 0.597511
-1449.1 0.59849
-1448.9 0.599357
-1448.7 0.600359
-1448.5 0.601383
-1448.3 0.602309
-1448.1 0.603334
-1447.9 0.604298
-1447.7 0.60539
-1447.5 0.606264
-1447.3 0.607085
-1447.1 0.608049
-1446.9 0.608968
-1446.7 0.609864
-1446.5 0.610776
-1446.3 0.611717
-1446.1 0.612651
-1445.9 0.613842
-1445.7 0.614851
-1445.5 0.61577
-1445.3 0.616621
-1445.1 0.61754
-1444.9 0.618467
-1444.7 0.619401
-1444.5 0.620342
-1444.3 0.621299
-1444.1 0.622248
-1443.9 0.623099
-1443.7 0.62401
-1443.5 0.624884
-1443.3 0.625976
-1443.1 0.626925
-1442.9 0.627912
-1442.7 0.628831
-1442.5 0.629795
-1442.3 0.630714
-1442.1 0.631483
-1441.9 0.632402
-1441.7 0.633456
-1441.5 0.634255
-1441.3 0.635226
-1441.1 0.636296
-1440.9 0.637252
-1440.7 0.638239
-1440.5 0.639271
-1440.3 0.640273
-1440.1 0.64123
-1439.9 0.642118
-1439.7 0.643158
-1439.5 0.644182
-1439.3 0.645222
-1439.1 0.646224
-1438.9 0.647338
-1438.7 0.648114
-1438.5 0.649176
-1438.3 0.650088
-1438.1 0.651135
-1437.9 0.652114
-1437.7 0.652973
-1437.5 0.653952
-1437.3 0.654931
-1437.1 0.655903
-1436.9 0.656814
-1436.7 0.657801
-1436.5 0.658818
-1436.3 0.65985
-1436.1 0.660701
-1435.9 0.661673
-1435.7 0.66275
-1435.5 0.663737
-1435.3 0.664753
-1435.1 0.665733
-1434.9 0.666667
-1434.7 0.667653
-1434.5 0.668633
-1434.3 0.669446
-1434.1 0.670425
-1433.9 0.671412
-1433.7 0.672406
-1433.5 0.67334
-1433.3 0.674342
-1433.1 0.675103
-1432.9 0.675984
-1432.7 0.677024
-1432.5 0.677965
-1432.3 0.678929
-1432.1 0.679818
-1431.9 0.680798
-1431.7 0.681679
-1431.5 0.682801
-1431.3 0.683788
-1431.1 0.684579
-1430.9 0.685656
-1430.7 0.686605
-1430.5 0.687599
-1430.3 0.688503
-1430.1 0.689475
-1429.9 0.690424
-1429.7 0.691298
-1429.5 0.692307
-1429.3 0.69309
-1429.1 0.694055
-1428.9 0.694913
-1428.7 0.695968
-1428.5 0.696917
-1428.3 0.697949
-1428.1 0.698996
-1427.9 0.699937
-1427.7 0.700977
-1427.5 0.701919
-1427.3 0.703026
-1427.1 0.70405
-1426.9 0.705097
-1426.7 0.706204
-1426.5 0.707236
-1426.3 0.708283
-1426.1 0.709044
-1425.9 0.710099
-1425.7 0.711055
-1425.5 0.71202
-1425.3 0.71281
-1425.1 0.713857
-1424.9 0.714678
-1424.7 0.715725
-1424.5 0.716516
-1424.3 0.71745
-1424.1 0.71855
-1423.9 0.719462
-1423.7 0.720283
-1423.5 0.721134
-1423.3 0.722166
-1423.1 0.723085
-1422.9 0.724102
-1422.7 0.72487
-1422.5 0.725751
-1422.3 0.726821
-1422.1 0.727815
-1421.9 0.728757
-1421.7 0.729645
-1421.5 0.730662
-1421.3 0.731739
-1421.1 0.732666
-1420.9 0.733555
-1420.7 0.734278
-1420.5 0.735227
-1420.3 0.736169
-1420.1 0.737148
-1419.9 0.738127
-1419.7 0.738971
-1419.5 0.73989
-1419.3 0.740824
-1419.1 0.741773
-1418.9 0.742759
-1418.7 0.743761
-1418.5 0.744545
-1418.3 0.745433
-1418.1 0.746285
-1417.9 0.747377
-1417.7 0.748349
-1417.5 0.749147
-1417.3 0.74993
-1417.1 0.75091
-1416.9 0.751836
-1416.7 0.752815
-1416.5 0.753915
-1416.3 0.754819
-1416.1 0.755851
-1415.9 0.756905
-1415.7 0.757847
-1415.5 0.758743
-1415.3 0.75967
-1415.1 0.760679
-1414.9 0.761643
-1414.7 0.762479
-1414.5 0.763496
-1414.3 0.764513
-1414.1 0.765387
-1413.9 0.766268
-1413.7 0.76721
-1413.5 0.768121
-1413.3 0.76898
-1413.1 0.769876
-1412.9 0.770938
-1412.7 0.771902
-1412.5 0.772829
-1412.3 0.773718
-1412.1 0.774682
-1411.9 0.77548
-1411.7 0.776535
-1411.5 0.777507
-1411.3 0.77838
-1411.1 0.779337
-1410.9 0.780286
-1410.7 0.781363
-1410.5 0.782275
-1410.3 0.783163
-1410.1 0.784075
-1409.9 0.784994
-1409.7 0.785913
-1409.5 0.787005
-1409.3 0.787819
-1409.1 0.788813
-1408.9 0.789852
-1408.7 0.790877
-1408.5 0.791818
-1408.3 0.792805
-1408.1 0.793634
-1407.9 0.794492
-1407.7 0.795449
-1407.5 0.796421
-1407.3 0.797385
-1407.1 0.798281
-1406.9 0.7992
-1406.7 0.800194
-1406.5 0.801136
-1406.3 0.80204
-1406.1 0.802883
-1405.9 0.803757
-1405.7 0.804608
-1405.5 0.805444
-1405.3 0.806446
-1405.1 0.807388
-1404.9 0.808186
-1404.7 0.809045
-1404.5 0.809911
-1404.3 0.811041
-1404.1 0.811847
-1403.9 0.812698
-1403.7 0.8137
-1403.5 0.814619
-1403.3 0.815651
-1403.1 0.816479
-1402.9 0.817368
-1402.7 0.818332
-1402.5 0.819327
-1402.3 0.820223
-1402.1 0.821157
-1401.9 0.822076
-1401.7 0.823116
-1401.5 0.824042
-1401.3 0.824953
-1401.1 0.825933
-1400.9 0.826957
-1400.7 0.827966
-1400.5 0.828833
-1400.3 0.829691
-1400.1 0.830543
-1399.9 0.831484
-1399.7 0.832365
-1399.5 0.833217
-1399.3 0.83406
-1399.1 0.834942
-1398.9 0.8358
-1398.7 0.836629
-1398.5 0.837616
-1398.3 0.838534
-1398.1 0.839514
-1397.9 0.840425
-1397.7 0.841427
-1397.5 0.842429
-1397.3 0.843355
-1397.1 0.844342
-1396.9 0.845344
-1396.7 0.846308
-1396.5 0.847219
-1396.3 0.848116
-1396.1 0.849057
-1395.9 0.849976
-1395.7 0.85088
-1395.5 0.851852
-1395.3 0.852665
-1395.1 0.85363
-1394.9 0.854481
-1394.7 0.855505
-1394.5 0.856635
-1394.3 0.857569
-1394.1 0.858526
-1393.9 0.859475
-1393.7 0.860469
-1393.5 0.861629
-1393.3 0.862796
-1393.1 0.863753
-1392.9 0.864642
-1392.7 0.865599
-1392.5 0.866661
-1392.3 0.867617
-1392.1 0.868506
-1391.9 0.869455
-1391.7 0.870276
-1391.5 0.871127
-1391.3 0.872046
-1391.1 0.87298
-1390.9 0.873914
-1390.7 0.874856
-1390.5 0.875654
-1390.3 0.876551
-1390.1 0.877522
-1389.9 0.878592
-1389.7 0.879571
-1389.5 0.880558
-1389.3 0.881372
-1389.1 0.882275
-1388.9 0.88324
-1388.7 0.884174
-1388.5 0.884987
-1388.3 0.885921
-1388.1 0.886893
-1387.9 0.887797
-1387.7 0.888738
-1387.5 0.889552
-1387.3 0.89038
-1387.1 0.891397
-1386.9 0.892233
-1386.7 0.893258
-1386.5 0.894169
-1386.3 0.895081
-1386.1 0.895947
-1385.9 0.896783
-1385.7 0.8978
-1385.5 0.898749
-1385.3 0.899705
-1385.1 0.900572
-1384.9 0.901453
-1384.7 0.90244
-1384.5 0.903321
-1384.3 0.904285
-1384.1 0.905227
-1383.9 0.906108
-1383.7 0.907095
-1383.5 0.907886
-1383.3 0.908767
-1383.1 0.909761
-1382.9 0.910944
-1382.7 0.911938
-1382.5 0.913008
-1382.3 0.914108
-1382.1 0.915057
-1381.9 0.915878
-1381.7 0.916744
-1381.5 0.917708
-1381.3 0.918695
-1381.1 0.919531
-1380.9 0.92051
-1380.7 0.921437
-1380.5 0.922431
-1380.3 0.92341
-1380.1 0.924472
-1379.9 0.925594
-1379.7 0.9264
-1379.5 0.927417
-1379.3 0.928382
-1379.1 0.929293
-1378.9 0.930227
-1378.7 0.931236
-1378.5 0.932276
-1378.3 0.933308
-1378.1 0.934325
-1377.9 0.935198
-1377.7 0.93611
-1377.5 0.936916
-1377.3 0.937767
-1377.1 0.938686
-1376.9 0.939733
-1376.7 0.940629
-1376.5 0.941593
-1376.3 0.942573
-1376.1 0.943507
-1375.9 0.944524
-1375.7 0.945307
-1375.5 0.94597
-1375.3 0.946768
-1375.1 0.947619
-1374.9 0.948599
-1374.7 0.949472
-1374.5 0.950278
-1374.3 0.951107
-1374.1 0.951815
-1373.9 0.952591
-1373.7 0.953269
-1373.5 0.95418
-1373.3 0.955129
-1373.1 0.95598
-1372.9 0.956764
-1372.7 0.957509
-1372.5 0.958293
-1372.3 0.959136
-1372.1 0.959829
-1371.9 0.960417
-1371.7 0.961185
-1371.5 0.961901
-1371.3 0.962541
-1371.1 0.963234
-1370.9 0.963814
-1370.7 0.964469
-1370.5 0.965132
-1370.3 0.965735
-1370.1 0.96633
-1369.9 0.96697
-1369.7 0.967686
-1369.5 0.968454
-1369.3 0.96923
-1369.1 0.96975
-1368.9 0.9703
-1368.7 0.970819
-1368.5 0.971301
-1368.3 0.972017
-1368.1 0.97268
-1367.9 0.97329
-1367.7 0.973764
-1367.5 0.974382
-1367.3 0.974834
-1367.1 0.975414
-1366.9 0.975911
-1366.7 0.976393
-1366.5 0.97683
-1366.3 0.97729
-1366.1 0.977764
-1365.9 0.978352
-1365.7 0.978759
-1365.5 0.97918
-1365.3 0.979677
-1365.1 0.980114
-1364.9 0.980506
-1364.7 0.980973
-1364.5 0.98138
-1364.3 0.981839
-1364.1 0.982208
-1363.9 0.982623
-1363.7 0.982977
-1363.5 0.983383
-1363.3 0.983933
-1363.1 0.98431
-1362.9 0.984784
-1362.7 0.985018
-1362.5 0.985417
-1362.3 0.985749
-1362.1 0.986148
-1361.9 0.986434
-1361.7 0.986856
-1361.5 0.987157
-1361.3 0.987504
-1361.1 0.98779
-1360.9 0.988084
-1360.7 0.988475
-1360.5 0.988822
-1360.3 0.989146
-1360.1 0.989605
-1359.9 0.989846
-1359.7 0.990095
-1359.5 0.990389
-1359.3 0.990652
-1359.1 0.990954
-1358.9 0.991255
-1358.7 0.991541
-1358.5 0.991767
-1358.3 0.992083
-1358.1 0.992324
-1357.9 0.992588
-1357.7 0.992799
-1357.5 0.993085
-1357.3 0.993432
-1357.1 0.993665
-1356.9 0.993869
-1356.7 0.994079
-1356.5 0.994253
-1356.3 0.994516
-1356.1 0.994742
-1355.9 0.994931
-1355.7 0.995066
-1355.5 0.995322
-1355.3 0.995571
-1355.1 0.995842
-1354.9 0.995985
-1354.7 0.996204
-1354.5 0.996369
-1354.3 0.99655
-1354.1 0.996716
-1353.9 0.996964
-1353.7 0.997108
-1353.5 0.997296
-1353.3 0.997567
-1353.1 0.99771
-1352.9 0.997898
-1352.7 0.998064
-1352.5 0.998222
-1352.3 0.998328
-1352.1 0.998456
-1351.9 0.998599
-1351.7 0.998712
-1351.5 0.9989
-1351.3 0.999036
-1351.1 0.999156
-1350.9 0.99933
-1350.7 0.999488
-1350.5 0.999669
-1350.3 0.999789
-1350.1 0.999864
-1349.9 1
