-209.9 0
-209.7 1
-209.5 1
-209.3 1
-209.1 1
-208.9 0
-208.7 0
-208.5 2
-208.3 2
-208.1 0
-207.9 1
-207.7 1
-207.5 0
-207.3 0
-207.1 0
-206.9 0
-206.7 0
-206.5 0
-206.3 0
-206.1 2
-205.9 0
-205.7 2
-205.5 0
-205.3 0
-205.1 0
-204.9 0
-204.7 0
-204.5 1
-204.3 0
-204.1 0
-203.9 1
-203.7 0
-203.5 0
-203.3 0
-203.1 1
-202.9 2
-202.7 2
-202.5 0
-202.3 1
-202.1 3
-201.9 0
-201.7 0
-201.5 0
-201.3 1
-201.1 3
-200.9 1
-200.7 2
-200.5 1
-200.3 1
-200.1 0
-199.9 0
-199.7 0
-199.5 0
-199.3 3
-199.1 5
-198.9 2
-198.7 7
-198.5 7
-198.3 12
-198.1 20
-197.9 36
-197.7 51
-197.5 73
-197.3 117
-197.1 186
-196.9 250
-196.7 339
-196.5 470
-196.3 596
-196.1 864
-195.9 1104
-195.7 1487
-195.5 1812
-195.3 2284
-195.1 2715
-194.9 3351
-194.7 3807
-194.5 4249
-194.3 4841
-194.1 5142
-193.9 5528
-193.7 5472
-193.5 5690
-193.3 5849
-193.1 5931
-192.9 5721
-192.7 5755
-192.5 5605
-192.3 5613
-192.1 5459
-191.9 5381
-191.7 5258
-191.5 5244
-191.3 5143
-191.1 4908
-190.9 4857
-190.7 4933
-190.5 4943
-190.3 4736
-190.1 4724
-189.9 4725
-189.7 4615
-189.5 4622
-189.3 4535
-189.1 4413
-188.9 4496
-188.7 4434
-188.5 4391
-188.3 4329
-188.1 4333
-187.9 4368
-187.7 4212
-187.5 4224
-187.3 4195
-187.1 4130
-186.9 4377
-186.7 4207
-186.5 4136
-186.3 4214
-186.1 4083
-185.9 4076
-185.7 4031
-185.5 4060
-185.3 3995
-185.1 3998
-184.9 4147
-184.7 4008
-184.5 4059
-184.3 3969
-184.1 4031
-183.9 3931
-183.7 3845
-183.5 4002
-183.3 3871
-183.1 3957
-182.9 3934
-182.7 3893
-182.5 3762
-182.3 3702
-182.1 3807
-181.9 3654
-181.7 3610
-181.5 3668
-181.3 3690
-181.1 3562
-180.9 3515
-180.7 3482
-180.5 3413
-180.3 3369
-180.1 3500
-179.9 3338
-179.7 3426
-179.5 3203
-179.3 3145
-179.1 3303
-178.9 3128
-178.7 3062
-178.5 3040
-178.3 3009
-178.1 3037
-177.9 3025
-177.7 3054
-177.5 3006
-177.3 2899
-177.1 2874
-176.9 2795
-176.7 2788
-176.5 2780
-176.3 2720
-176.1 2740
-175.9 2688
-175.7 2712
-175.5 2595
-175.3 2691
-175.1 2681
-174.9 2661
-174.7 2645
-174.5 2579
-174.3 2503
-174.1 2565
-173.9 2548
-173.7 2452
-173.5 2454
-173.3 2489
-173.1 2514
-172.9 2427
-172.7 2375
-172.5 2361
-172.3 2445
-172.1 2396
-171.9 2381
-171.7 2419
-171.5 2383
-171.3 2316
-171.1 2344
-170.9 2395
-170.7 2318
-170.5 2419
-170.3 2359
-170.1 2377
-169.9 2363
-169.7 2388
-169.5 2175
-169.3 2301
-169.1 2350
-168.9 2244
-168.7 2322
-168.5 2388
-168.3 2342
-168.1 2302
-167.9 2275
-167.7 2183
-167.5 2245
-167.3 2236
-167.1 2252
-166.9 2238
-166.7 2220
-166.5 2275
-166.3 2278
-166.1 2260
-165.9 2229
-165.7 2286
-165.5 2183
-165.3 2278
-165.1 2243
-164.9 2318
-164.7 2249
-164.5 2234
-164.3 2329
-164.1 2148
-163.9 2176
-163.7 2183
-163.5 2220
-163.3 2227
-163.1 2290
-162.9 2277
-162.7 2162
-162.5 2242
-162.3 2262
-162.1 2200
-161.9 2179
-161.7 2244
-161.5 2208
-161.3 2182
-161.1 2215
-160.9 2208
-160.7 2231
-160.5 2115
-160.3 2202
-160.1 2159
-159.9 2206
-159.7 2262
-159.5 2117
-159.3 2164
-159.1 2238
-158.9 2100
-158.7 2195
-158.5 2151
-158.3 2125
-158.1 2175
-157.9 2205
-157.7 2139
-157.5 2186
-157.3 2116
-157.1 2068
-156.9 2245
-156.7 2110
-156.5 2106
-156.3 2216
-156.1 2085
-155.9 2143
-155.7 2089
-155.5 2099
-155.3 2006
-155.1 2036
-154.9 2093
-154.7 2074
-154.5 2033
-154.3 2100
-154.1 2097
-153.9 2052
-153.7 2044
-153.5 2016
-153.3 2027
-153.1 2106
-152.9 1963
-152.7 2042
-152.5 2005
-152.3 1887
-152.1 1964
-151.9 1990
-151.7 1936
-151.5 1970
-151.3 1917
-151.1 1970
-150.9 1888
-150.7 1971
-150.5 1963
-150.3 1890
-150.1 1896
-149.9 1921
-149.7 1921
-149.5 1928
-149.3 1943
-149.1 1887
-148.9 1881
-148.7 1896
-148.5 1869
-148.3 1885
-148.1 1943
-147.9 2039
-147.7 1921
-147.5 1869
-147.3 2010
-147.1 1951
-146.9 1993
-146.7 1907
-146.5 1939
-146.3 2027
-146.1 2028
-145.9 2013
-145.7 2012
-145.5 2012
-145.3 2011
-145.1 1957
-144.9 1967
-144.7 2058
-144.5 2092
-144.3 2051
-144.1 2121
-143.9 2035
-143.7 2099
-143.5 2107
-143.3 2171
-143.1 2030
-142.9 2020
-142.7 2060
-142.5 2102
-142.3 2164
-142.1 2157
-141.9 2130
-141.7 2067
-141.5 2145
-141.3 2152
-141.1 2137
-140.9 2187
-140.7 2159
-140.5 2094
-140.3 2135
-140.1 2126
-139.9 2127
-139.7 2128
-139.5 2212
-139.3 2211
-139.1 2194
-138.9 2174
-138.7 2218
-138.5 2260
-138.3 2301
-138.1 2210
-137.9 2233
-137.7 2213
-137.5 2201
-137.3 2197
-137.1 2247
-136.9 2197
-136.7 2152
-136.5 2168
-136.3 2156
-136.1 2262
-135.9 2210
-135.7 2215
-135.5 2284
-135.3 2179
-135.1 2235
-134.9 2196
-134.7 2252
-134.5 2309
-134.3 2233
-134.1 2241
-133.9 2246
-133.7 2177
-133.5 2219
-133.3 2328
-133.1 2280
-132.9 2219
-132.7 2194
-132.5 2201
-132.3 2262
-132.1 2254
-131.9 2188
-131.7 2269
-131.5 2264
-131.3 2203
-131.1 2191
-130.9 2243
-130.7 2161
-130.5 2151
-130.3 2269
-130.1 2193
-129.9 2173
-129.7 2173
-129.5 2148
-129.3 2222
-129.1 2249
-128.9 2152
-128.7 2243
-128.5 2264
-128.3 2113
-128.1 2143
-127.9 2240
-127.7 2210
-127.5 2236
-127.3 2264
-127.1 2188
-126.9 2220
-126.7 2231
-126.5 2221
-126.3 2142
-126.1 2164
-125.9 2149
-125.7 2206
-125.5 2166
-125.3 2156
-125.1 2212
-124.9 2261
-124.7 2092
-124.5 2208
-124.3 2196
-124.1 2125
-123.9 2223
-123.7 2198
-123.5 2162
-123.3 2144
-123.1 2082
-122.9 2190
-122.7 2129
-122.5 2160
-122.3 2202
-122.1 2206
-121.9 2161
-121.7 2120
-121.5 2081
-121.3 2183
-121.1 2236
-120.9 2168
-120.7 2088
-120.5 2109
-120.3 2125
-120.1 2271
-119.9 2185
-119.7 2095
-119.5 2202
-119.3 2258
-119.1 2156
-118.9 2116
-118.7 2164
-118.5 2139
-118.3 2189
-118.1 2144
-117.9 2151
-117.7 2161
-117.5 2105
-117.3 2148
-117.1 2094
-116.9 2123
-116.7 2214
-116.5 2122
-116.3 2152
-116.1 2155
-115.9 2057
-115.7 2189
-115.5 2063
-115.3 2143
-115.1 2062
-114.9 2186
-114.7 2084
-114.5 2112
-114.3 2254
-114.1 2119
-113.9 2097
-113.7 2131
-113.5 2134
-113.3 2113
-113.1 2085
-112.9 2045
-112.7 2068
-112.5 2209
-112.3 2097
-112.1 2142
-111.9 2218
-111.7 2081
-111.5 2168
-111.3 2067
-111.1 2181
-110.9 2098
-110.7 2128
-110.5 2102
-110.3 2114
-110.1 2044
-109.9 2076
-109.7 2097
-109.5 2099
-109.3 2018
-109.1 2092
-108.9 2076
-108.7 2091
-108.5 2076
-108.3 2187
-108.1 2050
-107.9 2110
-107.7 2018
-107.5 2148
-107.3 2098
-107.1 2076
-106.9 2084
-106.7 2035
-106.5 2101
-106.3 2032
-106.1 2100
-105.9 2116
-105.7 2055
-105.5 1990
-105.3 2017
-105.1 2076
-104.9 2032
-104.7 2123
-104.5 2086
-104.3 2111
-104.1 2135
-103.9 2045
-103.7 2151
-103.5 2027
-103.3 2052
-103.1 2130
-102.9 2043
-102.7 1975
-102.5 2116
-102.3 2045
-102.1 2095
-101.9 1995
-101.7 1978
-101.5 2074
-101.3 2076
-101.1 2049
-100.9 2034
-100.7 2148
-100.5 2045
-100.3 2035
-100.1 2105
-99.9 2095
-99.7 2084
-99.5 2097
-99.3 1959
-99.1 2016
-98.9 2059
-98.7 2136
-98.5 2056
-98.3 2021
-98.1 2028
-97.9 2085
-97.7 2010
-97.5 2110
-97.3 1991
-97.1 1957
-96.9 2109
-96.7 2052
-96.5 2091
-96.3 1976
-96.1 1942
-95.9 2034
-95.7 2106
-95.5 1952
-95.3 2011
-95.1 2133
-94.9 2013
-94.7 2066
-94.5 1980
-94.3 1968
-94.1 2079
-93.9 2009
-93.7 2022
-93.5 2098
-93.3 2006
-93.1 1947
-92.9 2074
-92.7 2022
-92.5 1973
-92.3 2055
-92.1 2071
-91.9 1970
-91.7 1989
-91.5 2036
-91.3 2034
-91.1 2061
-90.9 2049
-90.7 2044
-90.5 2062
-90.3 2008
-90.1 1990
-89.9 2052
-89.7 2022
-89.5 2024
-89.3 2071
-89.1 2005
-88.9 2038
-88.7 1972
-88.5 1992
-88.3 1995
-88.1 1909
-87.9 2025
-87.7 2036
-87.5 2030
-87.3 1939
-87.1 2039
-86.9 1985
-86.7 2033
-86.5 1921
-86.3 1926
-86.1 2004
-85.9 2009
-85.7 1947
-85.5 2098
-85.3 2002
-85.1 2091
-84.9 1991
-84.7 2050
-84.5 1982
-84.3 2071
-84.1 2002
-83.9 2059
-83.7 2078
-83.5 2060
-83.3 1978
-83.1 1989
-82.9 2000
-82.7 2107
-82.5 2074
-82.3 2073
-82.1 1994
-81.9 2033
-81.7 2037
-81.5 2081
-81.3 2034
-81.1 2006
-80.9 2096
-80.7 2009
-80.5 2096
-80.3 2027
-80.1 2082
-79.9 1960
-79.7 2048
-79.5 2158
-79.3 2048
-79.1 2050
-78.9 2032
-78.7 2096
-78.5 2031
-78.3 1990
-78.1 2086
-77.9 2085
-77.7 2020
-77.5 2032
-77.3 2053
-77.1 2085
-76.9 2072
-76.7 2043
-76.5 2164
-76.3 2120
-76.1 2161
-75.9 2055
-75.7 2081
-75.5 2113
-75.3 2079
-75.1 2134
-74.9 1986
-74.7 2048
-74.5 2030
-74.3 2100
-74.1 2092
-73.9 2064
-73.7 2087
-73.5 2150
-73.3 2021
-73.1 2072
-72.9 2059
-72.7 2095
-72.5 2082
-72.3 2121
-72.1 2033
-71.9 2069
-71.7 2103
-71.5 2047
-71.3 2156
-71.1 2015
-70.9 2013
-70.7 2064
-70.5 2143
-70.3 2073
-70.1 2087
-69.9 2055
-69.7 2131
-69.5 2101
-69.3 2091
-69.1 2139
-68.9 2081
-68.7 2135
-68.5 2066
-68.3 2089
-68.1 2128
-67.9 2052
-67.7 2038
-67.5 2115
-67.3 2041
-67.1 2130
-66.9 2011
-66.7 2041
-66.5 2039
-66.3 2068
-66.1 2116
-65.9 2070
-65.7 2106
-65.5 2126
-65.3 2134
-65.1 2089
-64.9 2107
-64.7 2061
-64.5 2035
-64.3 2074
-64.1 2095
-63.9 2104
-63.7 1972
-63.5 2131
-63.3 2043
-63.1 2134
-62.9 2052
-62.7 2079
-62.5 2145
-62.3 2081
-62.1 2116
-61.9 2128
-61.7 2119
-61.5 2130
-61.3 1990
-61.1 2172
-60.9 2025
-60.7 2035
-60.5 2135
-60.3 2081
-60.1 2089
-59.9 2019
-59.7 2072
-59.5 2123
-59.3 2078
-59.1 2072
-58.9 2088
-58.7 2060
-58.5 2007
-58.3 2084
-58.1 2136
-57.9 2065
-57.7 1994
-57.5 2040
-57.3 2093
-57.1 2050
-56.9 2062
-56.7 2072
-56.5 2088
-56.3 2089
-56.1 2042
-55.9 2104
-55.7 2064
-55.5 2056
-55.3 2068
-55.1 2045
-54.9 2124
-54.7 2071
-54.5 2095
-54.3 2051
-54.1 2044
-53.9 1985
-53.7 2040
-53.5 2095
-53.3 2155
-53.1 2022
-52.9 2041
-52.7 2049
-52.5 2126
-52.3 2044
-52.1 2050
-51.9 2058
-51.7 2093
-51.5 2071
-51.3 1979
-51.1 2091
-50.9 2102
-50.7 2047
-50.5 2126
-50.3 2022
-50.1 2124
-49.9 1975
-49.7 2045
-49.5 2057
-49.3 2055
-49.1 2075
-48.9 2003
-48.7 2041
-48.5 2013
-48.3 2013
-48.1 2016
-47.9 2130
-47.7 2095
-47.5 2066
-47.3 1995
-47.1 2110
-46.9 2000
-46.7 2021
-46.5 2117
-46.3 2047
-46.1 2091
-45.9 2000
-45.7 2076
-45.5 2083
-45.3 2046
-45.1 2090
-44.9 2052
-44.7 2071
-44.5 2014
-44.3 2008
-44.1 2085
-43.9 2017
-43.7 2065
-43.5 2075
-43.3 2147
-43.1 1996
-42.9 2107
-42.7 2067
-42.5 2195
-42.3 2010
-42.1 1992
-41.9 2098
-41.7 2123
-41.5 2061
-41.3 2073
-41.1 2064
-40.9 2018
-40.7 1975
-40.5 1977
-40.3 2107
-40.1 2041
-39.9 2047
-39.7 1931
-39.5 2116
-39.3 2021
-39.1 2009
-38.9 2032
-38.7 2018
-38.5 1988
-38.3 2012
-38.1 2167
-37.9 2113
-37.7 2033
-37.5 2013
-37.3 2077
-37.1 2087
-36.9 2040
-36.7 2079
-36.5 1982
-36.3 2018
-36.1 2087
-35.9 2008
-35.7 2047
-35.5 2093
-35.3 1922
-35.1 2036
-34.9 2078
-34.7 1988
-34.5 2046
-34.3 2011
-34.1 2022
-33.9 2020
-33.7 1950
-33.5 2019
-33.3 2040
-33.1 2032
-32.9 2049
-32.7 2067
-32.5 1965
-32.3 2049
-32.1 2010
-31.9 2011
-31.7 2101
-31.5 2016
-31.3 2028
-31.1 1965
-30.9 2016
-30.7 2056
-30.5 2042
-30.3 2028
-30.1 2080
-29.9 2023
-29.7 2009
-29.5 2054
-29.3 1983
-29.1 2073
-28.9 2039
-28.7 2032
-28.5 2052
-28.3 2016
-28.1 1922
-27.9 2041
-27.7 2029
-27.5 2054
-27.3 2010
-27.1 1914
-26.9 2060
-26.7 1991
-26.5 2018
-26.3 1986
-26.1 2005
-25.9 2084
-25.7 2004
-25.5 2038
-25.3 2005
-25.1 2033
-24.9 2016
-24.7 2035
-24.5 1990
-24.3 1986
-24.1 2025
-23.9 2029
-23.7 2051
-23.5 2069
-23.3 2128
-23.1 2001
-22.9 1936
-22.7 1960
-22.5 2057
-22.3 2049
-22.1 2142
-21.9 2072
-21.7 2061
-21.5 2035
-21.3 1972
-21.1 2024
-20.9 1985
-20.7 2004
-20.5 2060
-20.3 2082
-20.1 2038
-19.9 2008
-19.7 1987
-19.5 2137
-19.3 1991
-19.1 2008
-18.9 2089
-18.7 2077
-18.5 1974
-18.3 2062
-18.1 2118
-17.9 2012
-17.7 2134
-17.5 1994
-17.3 1980
-17.1 2028
-16.9 2095
-16.7 1994
-16.5 1991
-16.3 2092
-16.1 2002
-15.9 2019
-15.7 2016
-15.5 2016
-15.3 2050
-15.1 2104
-14.9 1962
-14.7 2006
-14.5 1968
-14.3 2044
-14.1 1981
-13.9 2085
-13.7 2123
-13.5 2057
-13.3 2045
-13.1 2103
-12.9 2021
-12.7 1939
-12.5 2014
-12.3 1984
-12.1 2032
-11.9 2000
-11.7 2005
-11.5 1984
-11.3 2035
-11.1 2070
-10.9 2049
-10.7 2053
-10.5 2049
-10.3 2038
-10.1 2061
-9.9 2061
-9.7 2092
-9.5 2085
-9.3 2095
-9.1 2013
-8.9 1971
-8.7 1929
-8.5 1982
-8.3 2054
-8.1 2038
-7.9 1977
-7.7 2015
-7.5 2008
-7.3 2062
-7.1 1976
-6.9 2026
-6.7 2020
-6.5 2025
-6.3 2001
-6.1 1979
-5.9 2074
-5.7 2037
-5.5 1958
-5.3 2066
-5.1 2023
-4.9 2071
-4.7 2021
-4.5 1992
-4.3 2036
-4.1 2069
-3.9 2049
-3.7 2040
-3.5 2007
-3.3 1988
-3.1 2047
-2.9 2026
-2.7 2071
-2.5 1976
-2.3 2062
-2.1 1977
-1.9 2074
-1.7 1943
-1.5 1968
-1.3 1966
-1.1 1991
-0.9 2096
-0.7 2099
-0.5 2032
-0.3 2074
-0.1 2032
0.1 2019
0.3 1949
0.5 2029
0.7 2035
0.9 2176
1.1 2085
1.3 2134
1.5 2047
1.7 2032
1.9 2067
2.1 2075
2.3 2106
2.5 2004
2.7 2020
2.9 1993
3.1 2037
3.3 2010
3.5 2050
3.7 2063
3.9 1990
4.1 2019
4.3 2074
4.5 2093
4.7 1991
4.9 2047
5.1 1952
5.3 1975
5.5 1943
5.7 2003
5.9 2009
6.1 2078
6.3 1986
6.5 1926
6.7 1931
6.9 1980
7.1 1990
7.3 2062
7.5 1988
7.7 2024
7.9 2000
8.1 2007
8.3 1963
8.5 2024
8.7 2015
8.9 1962
9.1 1966
9.3 1946
9.5 1961
9.7 2044
9.9 1992
10.1 1932
10.3 1954
10.5 1991
10.7 1961
10.9 1965
11.1 2048
11.3 1888
11.5 1917
11.7 1887
11.9 1840
12.1 1853
12.3 1862
12.5 1750
12.7 1874
12.9 1808
13.1 1833
13.3 1954
13.5 1820
13.7 1819
13.9 1696
14.1 1731
14.3 1668
14.5 1755
14.7 1658
14.9 1707
15.1 1703
15.3 1658
15.5 1579
15.7 1594
15.9 1584
16.1 1592
16.3 1599
16.5 1460
16.7 1583
16.9 1460
17.1 1422
17.3 1421
17.5 1423
17.7 1373
17.9 1400
18.1 1340
18.3 1329
18.5 1340
18.7 1311
18.9 1315
19.1 1176
19.3 1238
19.5 1196
19.7 1233
19.9 1123
20.1 1191
20.3 1172
20.5 1062
20.7 1095
20.9 1081
21.1 1021
21.3 1063
21.5 1006
21.7 971
21.9 995
22.1 963
22.3 924
22.5 847
22.7 894
22.9 851
23.1 799
23.3 827
23.5 794
23.7 792
23.9 739
24.1 753
24.3 698
24.5 743
24.7 701
24.9 673
25.1 618
25.3 588
25.5 610
25.7 566
25.9 537
26.1 524
26.3 546
26.5 527
26.7 511
26.9 477
27.1 453
27.3 439
27.5 401
27.7 430
27.9 391
28.1 366
28.3 341
28.5 316
28.7 300
28.9 335
29.1 319
29.3 288
29.5 300
29.7 281
29.9 265
30.1 249
30.3 207
30.5 184
30.7 237
30.9 184
31.1 217
31.3 160
31.5 155
31.7 163
31.9 144
32.1 145
32.3 119
32.5 121
32.7 128
32.9 128
33.1 107
33.3 123
33.5 110
33.7 104
33.9 95
34.1 75
34.3 75
34.5 77
34.7 61
34.9 62
35.1 72
35.3 52
35.5 52
35.7 44
35.9 43
36.1 47
36.3 46
36.5 37
36.7 58
36.9 34
37.1 33
37.3 27
37.5 27
37.7 20
37.9 22
38.1 28
38.3 22
38.5 18
38.7 20
38.9 21
39.1 14
39.3 18
39.5 12
39.7 17
39.9 12
40.1 9
40.3 10
40.5 13
40.7 10
40.9 11
41.1 10
41.3 10
41.5 16
41.7 10
41.9 5
42.1 6
42.3 7
42.5 3
42.7 6
42.9 4
43.1 4
43.3 7
43.5 2
43.7 11
43.9 5
44.1 2
44.3 8
44.5 4
44.7 3
44.9 8
45.1 9
45.3 7
45.5 6
45.7 7
45.9 3
46.1 5
46.3 2
46.5 2
46.7 6
46.9 1
47.1 5
47.3 6
47.5 8
47.7 2
47.9 3
48.1 4
48.3 1
48.5 5
48.7 2
48.9 5
49.1 2
49.3 1
49.5 5
49.7 4
49.9 1
