-209.9 0
-209.7 0
-209.5 0
-209.3 2
-209.1 1
-208.9 1
-208.7 1
-208.5 0
-208.3 0
-208.1 5
-207.9 0
-207.7 0
-207.5 0
-207.3 1
-207.1 0
-206.9 1
-206.7 1
-206.5 0
-206.3 2
-206.1 1
-205.9 1
-205.7 3
-205.5 1
-205.3 1
-205.1 1
-204.9 3
-204.7 5
-204.5 8
-204.3 4
-204.1 5
-203.9 3
-203.7 4
-203.5 3
-203.3 4
-203.1 7
-202.9 3
-202.7 3
-202.5 7
-202.3 5
-202.1 1
-201.9 5
-201.7 2
-201.5 5
-201.3 6
-201.1 4
-200.9 3
-200.7 9
-200.5 12
-200.3 11
-200.1 9
-199.9 24
-199.7 30
-199.5 44
-199.3 44
-199.1 96
-198.9 132
-198.7 153
-198.5 202
-198.3 276
-198.1 341
-197.9 502
-197.7 586
-197.5 742
-197.3 971
-197.1 1187
-196.9 1376
-196.7 1712
-196.5 1927
-196.3 2218
-196.1 2537
-195.9 2792
-195.7 3070
-195.5 3106
-195.3 3491
-195.1 3599
-194.9 3817
-194.7 3867
-194.5 3873
-194.3 4051
-194.1 4108
-193.9 3998
-193.7 4110
-193.5 4069
-193.3 4103
-193.1 4134
-192.9 4155
-192.7 3947
-192.5 3947
-192.3 3972
-192.1 3875
-191.9 3817
-191.7 3815
-191.5 3767
-191.3 3794
-191.1 3655
-190.9 3646
-190.7 3735
-190.5 3673
-190.3 3678
-190.1 3531
-189.9 3480
-189.7 3438
-189.5 3447
-189.3 3367
-189.1 3429
-188.9 3400
-188.7 3421
-188.5 3414
-188.3 3535
-188.1 3261
-187.9 3361
-187.7 3265
-187.5 3184
-187.3 3299
-187.1 3202
-186.9 3247
-186.7 3244
-186.5 3232
-186.3 3171
-186.1 3097
-185.9 3220
-185.7 3142
-185.5 3154
-185.3 3078
-185.1 3055
-184.9 3019
-184.7 2961
-184.5 2969
-184.3 3012
-184.1 2966
-183.9 2950
-183.7 2989
-183.5 2878
-183.3 2980
-183.1 2882
-182.9 2939
-182.7 2867
-182.5 2802
-182.3 2796
-182.1 2793
-181.9 2750
-181.7 2777
-181.5 2721
-181.3 2677
-181.1 2610
-180.9 2647
-180.7 2675
-180.5 2691
-180.3 2555
-180.1 2577
-179.9 2536
-179.7 2457
-179.5 2569
-179.3 2501
-179.1 2397
-178.9 2502
-178.7 2424
-178.5 2484
-178.3 2429
-178.1 2389
-177.9 2421
-177.7 2357
-177.5 2410
-177.3 2358
-177.1 2347
-176.9 2463
-176.7 2356
-176.5 2397
-176.3 2300
-176.1 2332
-175.9 2262
-175.7 2276
-175.5 2340
-175.3 2384
-175.1 2272
-174.9 2306
-174.7 2235
-174.5 2278
-174.3 2287
-174.1 2213
-173.9 2216
-173.7 2192
-173.5 2222
-173.3 2179
-173.1 2219
-172.9 2209
-172.7 2255
-172.5 2201
-172.3 2183
-172.1 2221
-171.9 2293
-171.7 2189
-171.5 2147
-171.3 2178
-171.1 2156
-170.9 2182
-170.7 2133
-170.5 2203
-170.3 2260
-170.1 2173
-169.9 2162
-169.7 2062
-169.5 2112
-169.3 2189
-169.1 2069
-168.9 2196
-168.7 2105
-168.5 2146
-168.3 2125
-168.1 2069
-167.9 2063
-167.7 2118
-167.5 2065
-167.3 2109
-167.1 2222
-166.9 2129
-166.7 2163
-166.5 2166
-166.3 2128
-166.1 2120
-165.9 2070
-165.7 2096
-165.5 2095
-165.3 2043
-165.1 2042
-164.9 2064
-164.7 2094
-164.5 2111
-164.3 2100
-164.1 2153
-163.9 2124
-163.7 2118
-163.5 2043
-163.3 2052
-163.1 2117
-162.9 2057
-162.7 2139
-162.5 2037
-162.3 2030
-162.1 2087
-161.9 2185
-161.7 2027
-161.5 2049
-161.3 2099
-161.1 2084
-160.9 2114
-160.7 1990
-160.5 1948
-160.3 2076
-160.1 2002
-159.9 2154
-159.7 2057
-159.5 2043
-159.3 2039
-159.1 2143
-158.9 2048
-158.7 2102
-158.5 2109
-158.3 2052
-158.1 2060
-157.9 2083
-157.7 2086
-157.5 2025
-157.3 2064
-157.1 2119
-156.9 2088
-156.7 2039
-156.5 2022
-156.3 2048
-156.1 2077
-155.9 2054
-155.7 2053
-155.5 2077
-155.3 1975
-155.1 2023
-154.9 2048
-154.7 2095
-154.5 2064
-154.3 2086
-154.1 2122
-153.9 2032
-153.7 2041
-153.5 2082
-153.3 2069
-153.1 2056
-152.9 1931
-152.7 2036
-152.5 2023
-152.3 1968
-152.1 2029
-151.9 2069
-151.7 2046
-151.5 2040
-151.3 2049
-151.1 1989
-150.9 2030
-150.7 2014
-150.5 2002
-150.3 2115
-150.1 1976
-149.9 2029
-149.7 2030
-149.5 2009
-149.3 2034
-149.1 1955
-148.9 2026
-148.7 1983
-148.5 2051
-148.3 2046
-148.1 2022
-147.9 1978
-147.7 1968
-147.5 2086
-147.3 1994
-147.1 2001
-146.9 1902
-146.7 2022
-146.5 2071
-146.3 2073
-146.1 1934
-145.9 1897
-145.7 1927
-145.5 1984
-145.3 1948
-145.1 1905
-144.9 1947
-144.7 1976
-144.5 1985
-144.3 1979
-144.1 1956
-143.9 1860
-143.7 1985
-143.5 1953
-143.3 2089
-143.1 1967
-142.9 2002
-142.7 1973
-142.5 1983
-142.3 1997
-142.1 1894
-141.9 1931
-141.7 2002
-141.5 1976
-141.3 1893
-141.1 1952
-140.9 2083
-140.7 2017
-140.5 2053
-140.3 2021
-140.1 1988
-139.9 1962
-139.7 1913
-139.5 2008
-139.3 2048
-139.1 1950
-138.9 2089
-138.7 1937
-138.5 2018
-138.3 2040
-138.1 2047
-137.9 2017
-137.7 2063
-137.5 2006
-137.3 2029
-137.1 2074
-136.9 2005
-136.7 2023
-136.5 2039
-136.3 2078
-136.1 2022
-135.9 2036
-135.7 2094
-135.5 2086
-135.3 2139
-135.1 2081
-134.9 2052
-134.7 2105
-134.5 2118
-134.3 2116
-134.1 2063
-133.9 2042
-133.7 2055
-133.5 2152
-133.3 2103
-133.1 2030
-132.9 2108
-132.7 2092
-132.5 2080
-132.3 2105
-132.1 2088
-131.9 2112
-131.7 2005
-131.5 2090
-131.3 2126
-131.1 2087
-130.9 2101
-130.7 2143
-130.5 2082
-130.3 2099
-130.1 2170
-129.9 2086
-129.7 2046
-129.5 2020
-129.3 2104
-129.1 2071
-128.9 2134
-128.7 2039
-128.5 2047
-128.3 2058
-128.1 2090
-127.9 2060
-127.7 2035
-127.5 2058
-127.3 2022
-127.1 2072
-126.9 2079
-126.7 2036
-126.5 2035
-126.3 2091
-126.1 2094
-125.9 2035
-125.7 2043
-125.5 2018
-125.3 2052
-125.1 2128
-124.9 1990
-124.7 2017
-124.5 2058
-124.3 2009
-124.1 2050
-123.9 2019
-123.7 1979
-123.5 2040
-123.3 2060
-123.1 2083
-122.9 1986
-122.7 2045
-122.5 2042
-122.3 1984
-122.1 2028
-121.9 1987
-121.7 1980
-121.5 2054
-121.3 2003
-121.1 2049
-120.9 2007
-120.7 2061
-120.5 1980
-120.3 2063
-120.1 2037
-119.9 2048
-119.7 2033
-119.5 1946
-119.3 1946
-119.1 2047
-118.9 2040
-118.7 2000
-118.5 1982
-118.3 2004
-118.1 1975
-117.9 2046
-117.7 2042
-117.5 1919
-117.3 2081
-117.1 1928
-116.9 1926
-116.7 2018
-116.5 1996
-116.3 1962
-116.1 1914
-115.9 2027
-115.7 1972
-115.5 2017
-115.3 1990
-115.1 2002
-114.9 2053
-114.7 2027
-114.5 2082
-114.3 1952
-114.1 2023
-113.9 2123
-113.7 1893
-113.5 1982
-113.3 1994
-113.1 1987
-112.9 1963
-112.7 1966
-112.5 2062
-112.3 1986
-112.1 2057
-111.9 2043
-111.7 1989
-111.5 2085
-111.3 1989
-111.1 2040
-110.9 2008
-110.7 1940
-110.5 2046
-110.3 1971
-110.1 2028
-109.9 2081
-109.7 2057
-109.5 2069
-109.3 1984
-109.1 2016
-108.9 1982
-108.7 2033
-108.5 2019
-108.3 1924
-108.1 1936
-107.9 1952
-107.7 2041
-107.5 2006
-107.3 1976
-107.1 1988
-106.9 1992
-106.7 2058
-106.5 2072
-106.3 2111
-106.1 2002
-105.9 2049
-105.7 2047
-105.5 2038
-105.3 2034
-105.1 1981
-104.9 1983
-104.7 2034
-104.5 1974
-104.3 1920
-104.1 2036
-103.9 2015
-103.7 2043
-103.5 2020
-103.3 2047
-103.1 2047
-102.9 1954
-102.7 2010
-102.5 2029
-102.3 1965
-102.1 2042
-101.9 1991
-101.7 2002
-101.5 2003
-101.3 2022
-101.1 1954
-100.9 1971
-100.7 1993
-100.5 2041
-100.3 2027
-100.1 1978
-99.9 1976
-99.7 1920
-99.5 1994
-99.3 2027
-99.1 2034
-98.9 2065
-98.7 2020
-98.5 2044
-98.3 1987
-98.1 2007
-97.9 2039
-97.7 2010
-97.5 1976
-97.3 2067
-97.1 1999
-96.9 2066
-96.7 2029
-96.5 2004
-96.3 1999
-96.1 1987
-95.9 2035
-95.7 1996
-95.5 1999
-95.3 1993
-95.1 2066
-94.9 2050
-94.7 2043
-94.5 2074
-94.3 1983
-94.1 1981
-93.9 2057
-93.7 1972
-93.5 1998
-93.3 2035
-93.1 2008
-92.9 2026
-92.7 1942
-92.5 1987
-92.3 2066
-92.1 2008
-91.9 2032
-91.7 2008
-91.5 2005
-91.3 1985
-91.1 2002
-90.9 2009
-90.7 1970
-90.5 2023
-90.3 2006
-90.1 2019
-89.9 2029
-89.7 2032
-89.5 2021
-89.3 1987
-89.1 1970
-88.9 2064
-88.7 2019
-88.5 2020
-88.3 1983
-88.1 1936
-87.9 2039
-87.7 1899
-87.5 1958
-87.3 2008
-87.1 1977
-86.9 2000
-86.7 2040
-86.5 1990
-86.3 2075
-86.1 1932
-85.9 1892
-85.7 1958
-85.5 2000
-85.3 2003
-85.1 2032
-84.9 1961
-84.7 2002
-84.5 1988
-84.3 1948
-84.1 2016
-83.9 1975
-83.7 1973
-83.5 2028
-83.3 1967
-83.1 1972
-82.9 2041
-82.7 1999
-82.5 2046
-82.3 1952
-82.1 1989
-81.9 1913
-81.7 1966
-81.5 1974
-81.3 1982
-81.1 2005
-80.9 1956
-80.7 1905
-80.5 1925
-80.3 1981
-80.1 2020
-79.9 2008
-79.7 1927
-79.5 2024
-79.3 1948
-79.1 1982
-78.9 2031
-78.7 2025
-78.5 1963
-78.3 2008
-78.1 2035
-77.9 2088
-77.7 2012
-77.5 1911
-77.3 1943
-77.1 1961
-76.9 1987
-76.7 2006
-76.5 1978
-76.3 1942
-76.1 1971
-75.9 1998
-75.7 2091
-75.5 2034
-75.3 1928
-75.1 1974
-74.9 2042
-74.7 2026
-74.5 1979
-74.3 2064
-74.1 1903
-73.9 1973
-73.7 1943
-73.5 2008
-73.3 1991
-73.1 2029
-72.9 2004
-72.7 2024
-72.5 2064
-72.3 2057
-72.1 2020
-71.9 2010
-71.7 1929
-71.5 2046
-71.3 1954
-71.1 2011
-70.9 2049
-70.7 1990
-70.5 2064
-70.3 1929
-70.1 2024
-69.9 2041
-69.7 2067
-69.5 2099
-69.3 1984
-69.1 1930
-68.9 2010
-68.7 2026
-68.5 1914
-68.3 2042
-68.1 2054
-67.9 1918
-67.7 2011
-67.5 2060
-67.3 2047
-67.1 2039
-66.9 1978
-66.7 2030
-66.5 2018
-66.3 1940
-66.1 1960
-65.9 2040
-65.7 1929
-65.5 2016
-65.3 2020
-65.1 1944
-64.9 2117
-64.7 1954
-64.5 2021
-64.3 1935
-64.1 1996
-63.9 1910
-63.7 2013
-63.5 2056
-63.3 2110
-63.1 1984
-62.9 1993
-62.7 2080
-62.5 1992
-62.3 1998
-62.1 2053
-61.9 2044
-61.7 2015
-61.5 2024
-61.3 2007
-61.1 2020
-60.9 1940
-60.7 2039
-60.5 2006
-60.3 1957
-60.1 2068
-59.9 1964
-59.7 1968
-59.5 2011
-59.3 2031
-59.1 2044
-58.9 1921
-58.7 1971
-58.5 2054
-58.3 2033
-58.1 2036
-57.9 1946
-57.7 2084
-57.5 1978
-57.3 1987
-57.1 1965
-56.9 1971
-56.7 1989
-56.5 2003
-56.3 2042
-56.1 2015
-55.9 2062
-55.7 2024
-55.5 2013
-55.3 1991
-55.1 1969
-54.9 2027
-54.7 2012
-54.5 1937
-54.3 2008
-54.1 2079
-53.9 1908
-53.7 1975
-53.5 1999
-53.3 2055
-53.1 2041
-52.9 1947
-52.7 1994
-52.5 1942
-52.3 2051
-52.1 2034
-51.9 1909
-51.7 1967
-51.5 2001
-51.3 2030
-51.1 2018
-50.9 2031
-50.7 2020
-50.5 2015
-50.3 2025
-50.1 2095
-49.9 2020
-49.7 1914
-49.5 2027
-49.3 2072
-49.1 1962
-48.9 2009
-48.7 2081
-48.5 2026
-48.3 1972
-48.1 1980
-47.9 1964
-47.7 1947
-47.5 1993
-47.3 1997
-47.1 1976
-46.9 2032
-46.7 2059
-46.5 2009
-46.3 1981
-46.1 2045
-45.9 1986
-45.7 1998
-45.5 1975
-45.3 2014
-45.1 1980
-44.9 2045
-44.7 2079
-44.5 2007
-44.3 2056
-44.1 1990
-43.9 2034
-43.7 1995
-43.5 1974
-43.3 2036
-43.1 2044
-42.9 1920
-42.7 1950
-42.5 2047
-42.3 1907
-42.1 2056
-41.9 1961
-41.7 1968
-41.5 1945
-41.3 1956
-41.1 2034
-40.9 2012
-40.7 2043
-40.5 1960
-40.3 2019
-40.1 2016
-39.9 2026
-39.7 2052
-39.5 2027
-39.3 2024
-39.1 2024
-38.9 1969
-38.7 2044
-38.5 1932
-38.3 1950
-38.1 2034
-37.9 1977
-37.7 1993
-37.5 1931
-37.3 1958
-37.1 1962
-36.9 1987
-36.7 1998
-36.5 2067
-36.3 1921
-36.1 2023
-35.9 1957
-35.7 2066
-35.5 1966
-35.3 1937
-35.1 1992
-34.9 1983
-34.7 2062
-34.5 1948
-34.3 2008
-34.1 2015
-33.9 2026
-33.7 1999
-33.5 1971
-33.3 1992
-33.1 1951
-32.9 2068
-32.7 2039
-32.5 2022
-32.3 1979
-32.1 1913
-31.9 2069
-31.7 1923
-31.5 1962
-31.3 2009
-31.1 1973
-30.9 1988
-30.7 2007
-30.5 1982
-30.3 1990
-30.1 2046
-29.9 1929
-29.7 2031
-29.5 1989
-29.3 2071
-29.1 1949
-28.9 2034
-28.7 2037
-28.5 2002
-28.3 2058
-28.1 2021
-27.9 1914
-27.7 2026
-27.5 1987
-27.3 1912
-27.1 2005
-26.9 2028
-26.7 1978
-26.5 1845
-26.3 1960
-26.1 1933
-25.9 1997
-25.7 2000
-25.5 2042
-25.3 1980
-25.1 1991
-24.9 2003
-24.7 1987
-24.5 1963
-24.3 1927
-24.1 1951
-23.9 1968
-23.7 2045
-23.5 1983
-23.3 2047
-23.1 1960
-22.9 2050
-22.7 1977
-22.5 1908
-22.3 1993
-22.1 1946
-21.9 1957
-21.7 1987
-21.5 1998
-21.3 1926
-21.1 1942
-20.9 2045
-20.7 1946
-20.5 1995
-20.3 2064
-20.1 1985
-19.9 2069
-19.7 1939
-19.5 1996
-19.3 1960
-19.1 2023
-18.9 1940
-18.7 2001
-18.5 2032
-18.3 1996
-18.1 2010
-17.9 1985
-17.7 1969
-17.5 2039
-17.3 1965
-17.1 2000
-16.9 2056
-16.7 1949
-16.5 2006
-16.3 1995
-16.1 2007
-15.9 2051
-15.7 1991
-15.5 2030
-15.3 1944
-15.1 1993
-14.9 1916
-14.7 2013
-14.5 1979
-14.3 1965
-14.1 1975
-13.9 1939
-13.7 1973
-13.5 2056
-13.3 1973
-13.1 1979
-12.9 1992
-12.7 1913
-12.5 1976
-12.3 1983
-12.1 2012
-11.9 2014
-11.7 2001
-11.5 1969
-11.3 1927
-11.1 2005
-10.9 1959
-10.7 1873
-10.5 1969
-10.3 2018
-10.1 2002
-9.9 1984
-9.7 1957
-9.5 1971
-9.3 2032
-9.1 1927
-8.9 2025
-8.7 1933
-8.5 2039
-8.3 1965
-8.1 1973
-7.9 2001
-7.7 1959
-7.5 2018
-7.3 2048
-7.1 2046
-6.9 1940
-6.7 2018
-6.5 2022
-6.3 2001
-6.1 1921
-5.9 1921
-5.7 1981
-5.5 1992
-5.3 2020
-5.1 1932
-4.9 2008
-4.7 1956
-4.5 2003
-4.3 2009
-4.1 1921
-3.9 1982
-3.7 1939
-3.5 2031
-3.3 1998
-3.1 1981
-2.9 2000
-2.7 2020
-2.5 2040
-2.3 1880
-2.1 1989
-1.9 2045
-1.7 1916
-1.5 2013
-1.3 2053
-1.1 1954
-0.9 1996
-0.7 2035
-0.5 1922
-0.3 1955
-0.1 1991
0.1 1976
0.3 1904
0.5 1945
0.7 1960
0.9 2015
1.1 1988
1.3 1948
1.5 2012
1.7 1972
1.9 2034
2.1 1988
2.3 1999
2.5 1958
2.7 1962
2.9 1914
3.1 1934
3.3 2000
3.5 1997
3.7 2036
3.9 2049
4.1 1936
4.3 1892
4.5 1975
4.7 1932
4.9 1961
5.1 1806
5.3 1987
5.5 1983
5.7 1920
5.9 1960
6.1 1983
6.3 1906
6.5 1899
6.7 1914
6.9 1890
7.1 2000
7.3 1964
7.5 2007
7.7 1884
7.9 1871
8.1 1810
8.3 1914
8.5 1944
8.7 1864
8.9 1911
9.1 1929
9.3 1879
9.5 1790
9.7 1781
9.9 1912
10.1 1841
10.3 1898
10.5 1823
10.7 1875
10.9 1769
11.1 1750
11.3 1810
11.5 1750
11.7 1774
11.9 1784
12.1 1756
12.3 1688
12.5 1743
12.7 1687
12.9 1642
13.1 1615
13.3 1669
13.5 1661
13.7 1633
13.9 1611
14.1 1585
14.3 1518
14.5 1518
14.7 1473
14.9 1490
15.1 1530
15.3 1425
15.5 1441
15.7 1364
15.9 1385
16.1 1328
16.3 1347
16.5 1331
16.7 1248
16.9 1286
17.1 1294
17.3 1208
17.5 1273
17.7 1263
17.9 1198
18.1 1126
18.3 1132
18.5 1124
18.7 1042
18.9 1054
19.1 1038
19.3 1074
19.5 1052
19.7 997
19.9 934
20.1 900
20.3 983
20.5 955
20.7 891
20.9 898
21.1 858
21.3 804
21.5 793
21.7 778
21.9 777
22.1 715
22.3 741
22.5 722
22.7 678
22.9 709
23.1 680
23.3 625
23.5 595
23.7 561
23.9 614
24.1 544
24.3 551
24.5 501
24.7 521
24.9 476
25.1 466
25.3 466
25.5 404
25.7 385
25.9 446
26.1 384
26.3 402
26.5 369
26.7 359
26.9 309
27.1 320
27.3 322
27.5 297
27.7 293
27.9 248
28.1 279
28.3 222
28.5 274
28.7 228
28.9 210
29.1 209
29.3 207
29.5 190
29.7 180
29.9 179
30.1 181
30.3 148
30.5 155
30.7 129
30.9 116
31.1 128
31.3 109
31.5 114
31.7 105
31.9 90
32.1 85
32.3 80
32.5 83
32.7 75
32.9 71
33.1 67
33.3 57
33.5 48
33.7 52
33.9 56
34.1 47
34.3 32
34.5 38
34.7 30
34.9 30
35.1 31
35.3 27
35.5 16
35.7 19
35.9 21
36.1 17
36.3 19
36.5 16
36.7 15
36.9 20
37.1 17
37.3 14
37.5 10
37.7 12
37.9 6
38.1 10
38.3 7
38.5 12
38.7 8
38.9 10
39.1 10
39.3 7
39.5 5
39.7 11
39.9 6
40.1 4
40.3 7
40.5 3
40.7 4
40.9 5
41.1 3
41.3 9
41.5 1
41.7 8
41.9 9
42.1 4
42.3 5
42.5 4
42.7 7
42.9 5
43.1 5
43.3 2
43.5 5
43.7 4
43.9 4
44.1 4
44.3 4
44.5 4
44.7 3
44.9 6
45.1 7
45.3 6
45.5 6
45.7 2
45.9 2
46.1 7
46.3 6
46.5 5
46.7 7
46.9 2
47.1 2
47.3 4
47.5 7
47.7 10
47.9 3
48.1 4
48.3 6
48.5 7
48.7 2
48.9 7
49.1 1
49.3 4
49.5 3
49.7 4
49.9 3
