1290
-207.7 4.5261e-07
-207.5 4.5261e-07
-207.3 4.5261e-07
-207.1 4.5261e-07
-206.9 1.35783e-06
-206.7 1.35783e-06
-206.5 1.81044e-06
-206.3 1.81044e-06
-206.1 3.16827e-06
-205.9 3.16827e-06
-205.7 3.16827e-06
-205.5 3.16827e-06
-205.3 3.16827e-06
-205.1 3.16827e-06
-204.9 3.16827e-06
-204.7 3.16827e-06
-204.5 3.16827e-06
-204.3 4.07349e-06
-204.1 4.5261e-06
-203.9 4.97871e-06
-203.7 5.43132e-06
-203.5 5.43132e-06
-203.3 5.43132e-06
-203.1 5.88393e-06
-202.9 5.88393e-06
-202.7 6.78915e-06
-202.5 6.78915e-06
-202.3 7.24176e-06
-202.1 7.24176e-06
-201.9 7.24176e-06
-201.7 7.24176e-06
-201.5 7.24176e-06
-201.3 7.24176e-06
-201.1 7.69437e-06
-200.9 7.69437e-06
-200.7 8.14698e-06
-200.5 8.59958e-06
-200.3 8.59958e-06
-200.1 9.05219e-06
-199.9 9.05219e-06
-199.7 9.05219e-06
-199.5 9.05219e-06
-199.3 9.95741e-06
-199.1 9.95741e-06
-198.9 1.041e-05
-198.7 1.17679e-05
-198.5 1.31257e-05
-198.3 1.49361e-05
-198.1 2.17253e-05
-197.9 3.30405e-05
-197.7 5.11449e-05
-197.5 8.64485e-05
-197.3 0.000135783
-197.1 0.0002082
-196.9 0.000314111
-196.7 0.000447631
-196.5 0.000654926
-196.3 0.00093645
-196.1 0.00130487
-195.9 0.00179777
-195.7 0.0024287
-195.5 0.00324114
-195.3 0.00425182
-195.1 0.00544671
-194.9 0.00682626
-194.7 0.00839138
-194.5 0.0101833
-194.3 0.0121508
-194.1 0.0143477
-193.9 0.0165809
-193.7 0.0189069
-193.5 0.0213102
-193.3 0.0237321
-193.1 0.0260825
-192.9 0.0284415
-192.7 0.0307702
-192.5 0.0330432
-192.3 0.0352959
-192.1 0.0375014
-191.9 0.0396744
-191.7 0.0418329
-191.5 0.0439642
-191.3 0.0460372
-191.1 0.0481147
-190.9 0.050141
-190.7 0.0521203
-190.5 0.054043
-190.3 0.0560095
-190.1 0.0579046
-189.9 0.059845
-189.7 0.061697
-189.5 0.0636279
-189.3 0.0654759
-189.1 0.0672845
-188.9 0.0690832
-188.7 0.0708959
-188.5 0.0727032
-188.3 0.0744996
-188.1 0.0762349
-187.9 0.0779575
-187.7 0.0796702
-187.5 0.081429
-187.3 0.083182
-187.1 0.0848883
-186.9 0.0866155
-186.7 0.0882974
-186.5 0.0899865
-186.3 0.0916698
-186.1 0.0933707
-185.9 0.0950693
-185.7 0.0966426
-185.5 0.0982598
-185.3 0.0999163
-185.1 0.10158
-184.9 0.103182
-184.7 0.104833
-184.5 0.10641
-184.3 0.107997
-184.1 0.109633
-183.9 0.11122
-183.7 0.112798
-183.5 0.114401
-183.3 0.11597
-183.1 0.117534
-182.9 0.119067
-182.7 0.120589
-182.5 0.122116
-182.3 0.123656
-182.1 0.125142
-181.9 0.126672
-181.7 0.128118
-181.5 0.129578
-181.3 0.131003
-181.1 0.132452
-180.9 0.133865
-180.7 0.1353
-180.5 0.13669
-180.3 0.13807
-180.1 0.139461
-179.9 0.140828
-179.7 0.142127
-179.5 0.14347
-179.3 0.144775
-179.1 0.146042
-178.9 0.147338
-178.7 0.14858
-178.5 0.149788
-178.3 0.151019
-178.1 0.152232
-177.9 0.153437
-177.7 0.15462
-177.5 0.155781
-177.3 0.15695
-177.1 0.158106
-176.9 0.159223
-176.7 0.160347
-176.5 0.161454
-176.3 0.162512
-176.1 0.163592
-175.9 0.164706
-175.7 0.165828
-175.5 0.166926
-175.3 0.167963
-175.1 0.169023
-174.9 0.170121
-174.7 0.171177
-174.5 0.172247
-174.3 0.173275
-174.1 0.174287
-173.9 0.175305
-173.7 0.176325
-173.5 0.177344
-173.3 0.178381
-173.1 0.179392
-172.9 0.180368
-172.7 0.181392
-172.5 0.182373
-172.3 0.183354
-172.1 0.18435
-171.9 0.185356
-171.7 0.186299
-171.5 0.187299
-171.3 0.188274
-171.1 0.189237
-170.9 0.190188
-170.7 0.191109
-170.5 0.192069
-170.3 0.193048
-170.1 0.194028
-169.9 0.195001
-169.7 0.195908
-169.5 0.196864
-169.3 0.197823
-169.1 0.198724
-168.9 0.199696
-168.7 0.20064
-168.5 0.201565
-168.3 0.202481
-168.1 0.203392
-167.9 0.204361
-167.7 0.205287
-167.5 0.206227
-167.3 0.207158
-167.1 0.208076
-166.9 0.209019
-166.7 0.209921
-166.5 0.210826
-166.3 0.211738
-166.1 0.212629
-165.9 0.213539
-165.7 0.214459
-165.5 0.215358
-165.3 0.216289
-165.1 0.217223
-164.9 0.218123
-164.7 0.219028
-164.5 0.219939
-164.3 0.220817
-164.1 0.221668
-163.9 0.222543
-163.7 0.223432
-163.5 0.224324
-163.3 0.225224
-163.1 0.226181
-162.9 0.227068
-162.7 0.227948
-162.5 0.228794
-162.3 0.229671
-162.1 0.230568
-161.9 0.231423
-161.7 0.232303
-161.5 0.233197
-161.3 0.234121
-161.1 0.235048
-160.9 0.235914
-160.7 0.236784
-160.5 0.23768
-160.3 0.238593
-160.1 0.239511
-159.9 0.240367
-159.7 0.241219
-159.5 0.242098
-159.3 0.242969
-159.1 0.243858
-158.9 0.244733
-158.7 0.245647
-158.5 0.24652
-158.3 0.247428
-158.1 0.248295
-157.9 0.249142
-157.7 0.249975
-157.5 0.250858
-157.3 0.251705
-157.1 0.25254
-156.9 0.253436
-156.7 0.254338
-156.5 0.25517
-156.3 0.256033
-156.1 0.256862
-155.9 0.257673
-155.7 0.258525
-155.5 0.259342
-155.3 0.260184
-155.1 0.261054
-154.9 0.261915
-154.7 0.26277
-154.5 0.263599
-154.3 0.264427
-154.1 0.265251
-153.9 0.266067
-153.7 0.266878
-153.5 0.267695
-153.3 0.268513
-153.1 0.269342
-152.9 0.270156
-152.7 0.270933
-152.5 0.271752
-152.3 0.272522
-152.1 0.273307
-151.9 0.274092
-151.7 0.274874
-151.5 0.275648
-151.3 0.276454
-151.1 0.277249
-150.9 0.278055
-150.7 0.278804
-150.5 0.279562
-150.3 0.28034
-150.1 0.281129
-149.9 0.281938
-149.7 0.282709
-149.5 0.283507
-149.3 0.28429
-149.1 0.28505
-148.9 0.285825
-148.7 0.286625
-148.5 0.287394
-148.3 0.288154
-148.1 0.288917
-147.9 0.289697
-147.7 0.290492
-147.5 0.291278
-147.3 0.292055
-147.1 0.292883
-146.9 0.29366
-146.7 0.294438
-146.5 0.295264
-146.3 0.296067
-146.1 0.296879
-145.9 0.297667
-145.7 0.298478
-145.5 0.299312
-145.3 0.300117
-145.1 0.300925
-144.9 0.301761
-144.7 0.302608
-144.5 0.303448
-144.3 0.304274
-144.1 0.305115
-143.9 0.305958
-143.7 0.306802
-143.5 0.307678
-143.3 0.308535
-143.1 0.309352
-142.9 0.310233
-142.7 0.311095
-142.5 0.311936
-142.3 0.312795
-142.1 0.313677
-141.9 0.314494
-141.7 0.315418
-141.5 0.316318
-141.3 0.31716
-141.1 0.318034
-140.9 0.318894
-140.7 0.319751
-140.5 0.320618
-140.3 0.321493
-140.1 0.322373
-139.9 0.323248
-139.7 0.324125
-139.5 0.325006
-139.3 0.325912
-139.1 0.326776
-138.9 0.327665
-138.7 0.328545
-138.5 0.32945
-138.3 0.330359
-138.1 0.331226
-137.9 0.332136
-137.7 0.333043
-137.5 0.33394
-137.3 0.334848
-137.1 0.335715
-136.9 0.336608
-136.7 0.337534
-136.5 0.338448
-136.3 0.339321
-136.1 0.340226
-135.9 0.341098
-135.7 0.341981
-135.5 0.342865
-135.3 0.343786
-135.1 0.344684
-134.9 0.345614
-134.7 0.346498
-134.5 0.347391
-134.3 0.348278
-134.1 0.34918
-133.9 0.350084
-133.7 0.350968
-133.5 0.351855
-133.3 0.352807
-133.1 0.353672
-132.9 0.354614
-132.7 0.355523
-132.5 0.356445
-132.3 0.357374
-132.1 0.358246
-131.9 0.359135
-131.7 0.360049
-131.5 0.360973
-131.3 0.361866
-131.1 0.362743
-130.9 0.363698
-130.7 0.364594
-130.5 0.365486
-130.3 0.366406
-130.1 0.367283
-129.9 0.368193
-129.7 0.369101
-129.5 0.370043
-129.3 0.370933
-129.1 0.371836
-128.9 0.372736
-128.7 0.373638
-128.5 0.374592
-128.3 0.375514
-128.1 0.37637
-127.9 0.37729
-127.7 0.378196
-127.5 0.379144
-127.3 0.380097
-127.1 0.380982
-126.9 0.381883
-126.7 0.382784
-126.5 0.383653
-126.3 0.384539
-126.1 0.385428
-125.9 0.386305
-125.7 0.387184
-125.5 0.388074
-125.3 0.38899
-125.1 0.389846
-124.9 0.390702
-124.7 0.391556
-124.5 0.392433
-124.3 0.393329
-124.1 0.394216
-123.9 0.395099
-123.7 0.396014
-123.5 0.396883
-123.3 0.397758
-123.1 0.398638
-122.9 0.39951
-122.7 0.400388
-122.5 0.401262
-122.3 0.402114
-122.1 0.402994
-121.9 0.403839
-121.7 0.404642
-121.5 0.405515
-121.3 0.406423
-121.1 0.407293
-120.9 0.408177
-120.7 0.40903
-120.5 0.409922
-120.3 0.410731
-120.1 0.411605
-119.9 0.412477
-119.7 0.413354
-119.5 0.414229
-119.3 0.415096
-119.1 0.415957
-118.9 0.416831
-118.7 0.417689
-118.5 0.418551
-118.3 0.419417
-118.1 0.420288
-117.9 0.421192
-117.7 0.42205
-117.5 0.422894
-117.3 0.423714
-117.1 0.424582
-116.9 0.425493
-116.7 0.426343
-116.5 0.427202
-116.3 0.428051
-116.1 0.428902
-115.9 0.429759
-115.7 0.430656
-115.5 0.431523
-115.3 0.432393
-115.1 0.433265
-114.9 0.434148
-114.7 0.435
-114.5 0.435865
-114.3 0.436781
-114.1 0.437657
-113.9 0.438546
-113.7 0.439386
-113.5 0.440242
-113.3 0.441099
-113.1 0.441957
-112.9 0.442845
-112.7 0.4437
-112.5 0.444585
-112.3 0.445444
-112.1 0.446314
-111.9 0.447139
-111.7 0.447983
-111.5 0.448811
-111.3 0.449664
-111.1 0.450524
-110.9 0.451382
-110.7 0.45221
-110.5 0.453072
-110.3 0.453898
-110.1 0.454786
-109.9 0.455608
-109.7 0.456454
-109.5 0.457334
-109.3 0.458213
-109.1 0.459061
-108.9 0.459928
-108.7 0.460787
-108.5 0.461598
-108.3 0.462461
-108.1 0.463289
-107.9 0.464111
-107.7 0.464946
-107.5 0.465799
-107.3 0.466649
-107.1 0.467497
-106.9 0.46833
-106.7 0.469168
-106.5 0.47
-106.3 0.470861
-106.1 0.471718
-105.9 0.472541
-105.7 0.473398
-105.5 0.474268
-105.3 0.475064
-105.1 0.475906
-104.9 0.476749
-104.7 0.477563
-104.5 0.47838
-104.3 0.479241
-104.1 0.48008
-103.9 0.48093
-103.7 0.481755
-103.5 0.482625
-103.3 0.483473
-103.1 0.484279
-102.9 0.48508
-102.7 0.485919
-102.5 0.486751
-102.3 0.487598
-102.1 0.488448
-101.9 0.48927
-101.7 0.490089
-101.5 0.490974
-101.3 0.491825
-101.1 0.492638
-100.9 0.493457
-100.7 0.494285
-100.5 0.495129
-100.3 0.495962
-100.1 0.496796
-99.9 0.497629
-99.7 0.498451
-99.5 0.499286
-99.3 0.500093
-99.1 0.5009
-98.9 0.501742
-98.7 0.502567
-98.5 0.503422
-98.3 0.504271
-98.1 0.505072
-97.9 0.505905
-97.7 0.506727
-97.5 0.507595
-97.3 0.508402
-97.1 0.509249
-96.9 0.510077
-96.7 0.510903
-96.5 0.511717
-96.3 0.512533
-96.1 0.513374
-95.9 0.514177
-95.7 0.514998
-95.5 0.515816
-95.3 0.516665
-95.1 0.517504
-94.9 0.51834
-94.7 0.519144
-94.5 0.519982
-94.3 0.520801
-94.1 0.52165
-93.9 0.522489
-93.7 0.523329
-93.5 0.524136
-93.3 0.524963
-93.1 0.525788
-92.9 0.526606
-92.7 0.527436
-92.5 0.528259
-92.3 0.529073
-92.1 0.529907
-91.9 0.530723
-91.7 0.531528
-91.5 0.532374
-91.3 0.533208
-91.1 0.534025
-90.9 0.534888
-90.7 0.535727
-90.5 0.536559
-90.3 0.537389
-90.1 0.538197
-89.9 0.539002
-89.7 0.539805
-89.5 0.540642
-89.3 0.541465
-89.1 0.542255
-88.9 0.543088
-88.7 0.543909
-88.5 0.544701
-88.3 0.545503
-88.1 0.546315
-87.9 0.5471
-87.7 0.547935
-87.5 0.54874
-87.3 0.549547
-87.1 0.550357
-86.9 0.551228
-86.7 0.552029
-86.5 0.55284
-86.3 0.553653
-86.1 0.554473
-85.9 0.555285
-85.7 0.556088
-85.5 0.556882
-85.3 0.557693
-85.1 0.558513
-84.9 0.559348
-84.7 0.560148
-84.5 0.560964
-84.3 0.561753
-84.1 0.56257
-83.9 0.563386
-83.7 0.56421
-83.5 0.565021
-83.3 0.565864
-83.1 0.56666
-82.9 0.567463
-82.7 0.568279
-82.5 0.569072
-82.3 0.569856
-82.1 0.570654
-81.9 0.571491
-81.7 0.57228
-81.5 0.573065
-81.3 0.573896
-81.1 0.574741
-80.9 0.575588
-80.7 0.576402
-80.5 0.577212
-80.3 0.578059
-80.1 0.578906
-79.9 0.579746
-79.7 0.580542
-79.5 0.581376
-79.3 0.582206
-79.1 0.58305
-78.9 0.5839
-78.7 0.584738
-78.5 0.585559
-78.3 0.586377
-78.1 0.587194
-77.9 0.588034
-77.7 0.588876
-77.5 0.589697
-77.3 0.590477
-77.1 0.591302
-76.9 0.592166
-76.7 0.59302
-76.5 0.593846
-76.3 0.594671
-76.1 0.595547
-75.9 0.596388
-75.7 0.597251
-75.5 0.59812
-75.3 0.598947
-75.1 0.599788
-74.9 0.600672
-74.7 0.601465
-74.5 0.602299
-74.3 0.603161
-74.1 0.603992
-73.9 0.604836
-73.7 0.605679
-73.5 0.606532
-73.3 0.607379
-73.1 0.608229
-72.9 0.609094
-72.7 0.60996
-72.5 0.610818
-72.3 0.611652
-72.1 0.612484
-71.9 0.613321
-71.7 0.614198
-71.5 0.615029
-71.3 0.615932
-71.1 0.616793
-70.9 0.617643
-70.7 0.618475
-70.5 0.619324
-70.3 0.62016
-70.1 0.621029
-69.9 0.621894
-69.7 0.622762
-69.5 0.623618
-69.3 0.624484
-69.1 0.625345
-68.9 0.626178
-68.7 0.627035
-68.5 0.627897
-68.3 0.628758
-68.1 0.62964
-67.9 0.630462
-67.7 0.631327
-67.5 0.63217
-67.3 0.633012
-67.1 0.633855
-66.9 0.634699
-66.7 0.635521
-66.5 0.636383
-66.3 0.637213
-66.1 0.638118
-65.9 0.638978
-65.7 0.639819
-65.5 0.64066
-65.3 0.641505
-65.1 0.642355
-64.9 0.643186
-64.7 0.644008
-64.5 0.644862
-64.3 0.645721
-64.1 0.646528
-63.9 0.647368
-63.7 0.648228
-63.5 0.649091
-63.3 0.64996
-63.1 0.650822
-62.9 0.651707
-62.7 0.65256
-62.5 0.653417
-62.3 0.654287
-62.1 0.655119
-61.9 0.655975
-61.7 0.656812
-61.5 0.657641
-61.3 0.658498
-61.1 0.659325
-60.9 0.660181
-60.7 0.661013
-60.5 0.661849
-60.3 0.662701
-60.1 0.663531
-59.9 0.664343
-59.7 0.665186
-59.5 0.666027
-59.3 0.666864
-59.1 0.66774
-58.9 0.668563
-58.7 0.669409
-58.5 0.670225
-58.3 0.67111
-58.1 0.671945
-57.9 0.672766
-57.7 0.673646
-57.5 0.674477
-57.3 0.675302
-57.1 0.676134
-56.9 0.676981
-56.7 0.677813
-56.5 0.678692
-56.3 0.679498
-56.1 0.680308
-55.9 0.681134
-55.7 0.681965
-55.5 0.682795
-55.3 0.683632
-55.1 0.684478
-54.9 0.685278
-54.7 0.686118
-54.5 0.686956
-54.3 0.687806
-54.1 0.688648
-53.9 0.68948
-53.7 0.690303
-53.5 0.691153
-53.3 0.691983
-53.1 0.692832
-52.9 0.693675
-52.7 0.694487
-52.5 0.695305
-52.3 0.696123
-52.1 0.696959
-51.9 0.6978
-51.7 0.698624
-51.5 0.699456
-51.3 0.700284
-51.1 0.701129
-50.9 0.70198
-50.7 0.702811
-50.5 0.703654
-50.3 0.704465
-50.1 0.705296
-49.9 0.706101
-49.7 0.706956
-49.5 0.707783
-49.3 0.708597
-49.1 0.709437
-48.9 0.710299
-48.7 0.711139
-48.5 0.711974
-48.3 0.712777
-48.1 0.71362
-47.9 0.714446
-47.7 0.715261
-47.5 0.716088
-47.3 0.716931
-47.1 0.717745
-46.9 0.718558
-46.7 0.71939
-46.5 0.72024
-46.3 0.72109
-46.1 0.721903
-45.9 0.722723
-45.7 0.723516
-45.5 0.724319
-45.3 0.725154
-45.1 0.725987
-44.9 0.726809
-44.7 0.727626
-44.5 0.728475
-44.3 0.729346
-44.1 0.730179
-43.9 0.731044
-43.7 0.731873
-43.5 0.732705
-43.3 0.733541
-43.1 0.734378
-42.9 0.735194
-42.7 0.736036
-42.5 0.736904
-42.3 0.737749
-42.1 0.738581
-41.9 0.739397
-41.7 0.740221
-41.5 0.741028
-41.3 0.741835
-41.1 0.742676
-40.9 0.743536
-40.7 0.744389
-40.5 0.745216
-40.3 0.746053
-40.1 0.746898
-39.9 0.747728
-39.7 0.748557
-39.5 0.749424
-39.3 0.750267
-39.1 0.751072
-38.9 0.751916
-38.7 0.752738
-38.5 0.753596
-38.3 0.754427
-38.1 0.755265
-37.9 0.756099
-37.7 0.756916
-37.5 0.757739
-37.3 0.758568
-37.1 0.759422
-36.9 0.760268
-36.7 0.761065
-36.5 0.761856
-36.3 0.762672
-36.1 0.763515
-35.9 0.764337
-35.7 0.76517
-35.5 0.766008
-35.3 0.766834
-35.1 0.767646
-34.9 0.768462
-34.7 0.769302
-34.5 0.770102
-34.3 0.770902
-34.1 0.771746
-33.9 0.772552
-33.7 0.773385
-33.5 0.774226
-33.3 0.77504
-33.1 0.775868
-32.9 0.776687
-32.7 0.777489
-32.5 0.778343
-32.3 0.779164
-32.1 0.779985
-31.9 0.78081
-31.7 0.78168
-31.5 0.782517
-31.3 0.783325
-31.1 0.784112
-30.9 0.784973
-30.7 0.785776
-30.5 0.786564
-30.3 0.787394
-30.1 0.788225
-29.9 0.789017
-29.7 0.789857
-29.5 0.7907
-29.3 0.79155
-29.1 0.792395
-28.9 0.793188
-28.7 0.794018
-28.5 0.794872
-28.3 0.795711
-28.1 0.796538
-27.9 0.797382
-27.7 0.798209
-27.5 0.79905
-27.3 0.799838
-27.1 0.800648
-26.9 0.801448
-26.7 0.802267
-26.5 0.803112
-26.3 0.803916
-26.1 0.804728
-25.9 0.805554
-25.7 0.806399
-25.5 0.807224
-25.3 0.808031
-25.1 0.808857
-24.9 0.809671
-24.7 0.810455
-24.5 0.811285
-24.3 0.812065
-24.1 0.812861
-23.9 0.813673
-23.7 0.814496
-23.5 0.815285
-23.3 0.816087
-23.1 0.816947
-22.9 0.81775
-22.7 0.818533
-22.5 0.819323
-22.3 0.820162
-22.1 0.820964
-21.9 0.821806
-21.7 0.822631
-21.5 0.823439
-21.3 0.824274
-21.1 0.825081
-20.9 0.825885
-20.7 0.826731
-20.5 0.827577
-20.3 0.828375
-20.1 0.829218
-19.9 0.830068
-19.7 0.83087
-19.5 0.831706
-19.3 0.832537
-19.1 0.833382
-18.9 0.834183
-18.7 0.835042
-18.5 0.835841
-18.3 0.836626
-18.1 0.837438
-17.9 0.838253
-17.7 0.839054
-17.5 0.839868
-17.3 0.840706
-17.1 0.841525
-16.9 0.842372
-16.7 0.843207
-16.5 0.844038
-16.3 0.844873
-16.1 0.845709
-15.9 0.846557
-15.7 0.847408
-15.5 0.848231
-15.3 0.84908
-15.1 0.849927
-14.9 0.850733
-14.7 0.851572
-14.5 0.852388
-14.3 0.853195
-14.1 0.854039
-13.9 0.854877
-13.7 0.855718
-13.5 0.856568
-13.3 0.857347
-13.1 0.858146
-12.9 0.858953
-12.7 0.859766
-12.5 0.860573
-12.3 0.861404
-12.1 0.862201
-11.9 0.863032
-11.7 0.863869
-11.5 0.864721
-11.3 0.865526
-11.1 0.866345
-10.9 0.867182
-10.7 0.868034
-10.5 0.868888
-10.3 0.869718
-10.1 0.870545
-9.9 0.871387
-9.7 0.872209
-9.5 0.873007
-9.3 0.873829
-9.1 0.874691
-8.9 0.875526
-8.7 0.87634
-8.5 0.877165
-8.3 0.877999
-8.1 0.878795
-7.9 0.879596
-7.7 0.880417
-7.5 0.881254
-7.3 0.882051
-7.1 0.882901
-6.9 0.883738
-6.7 0.884555
-6.5 0.88535
-6.3 0.886175
-6.1 0.887001
-5.9 0.887821
-5.7 0.888632
-5.5 0.889467
-5.3 0.890264
-5.1 0.891084
-4.9 0.891922
-4.7 0.892756
-4.5 0.893554
-4.3 0.894378
-4.1 0.895219
-3.9 0.89605
-3.7 0.896847
-3.5 0.897682
-3.3 0.898499
-3.1 0.899329
-2.9 0.900148
-2.7 0.901004
-2.5 0.901807
-2.3 0.902644
-2.1 0.90346
-1.9 0.904287
-1.7 0.905123
-1.5 0.905945
-1.3 0.906764
-1.1 0.90756
-0.899999 0.908385
-0.699999 0.909239
-0.499999 0.910039
-0.299999 0.910836
-0.0999994 0.911677
0.100001 0.91249
0.300001 0.91333
0.500001 0.914153
0.700001 0.914992
0.900001 0.915849
1.1 0.916677
1.3 0.917492
1.5 0.918298
1.7 0.919109
1.9 0.919948
2.1 0.920779
2.3 0.921592
2.5 0.922411
2.7 0.923236
2.9 0.924079
3.1 0.924951
3.3 0.925786
3.5 0.926642
3.7 0.927504
3.9 0.928329
4.1 0.929162
4.3 0.929972
4.5 0.930798
4.7 0.931634
4.9 0.932444
5.1 0.933254
5.3 0.934056
5.5 0.934884
5.7 0.935707
5.9 0.936572
6.1 0.937405
6.3 0.9382
6.5 0.939021
6.7 0.939852
6.9 0.940647
7.1 0.941436
7.3 0.942248
7.5 0.943071
7.7 0.943858
7.9 0.944661
8.1 0.945461
8.3 0.946277
8.5 0.94707
8.7 0.947852
8.9 0.948663
9.1 0.949465
9.3 0.950283
9.5 0.951083
9.7 0.951876
9.9 0.952643
10.1 0.953393
10.3 0.954145
10.5 0.954931
10.7 0.955705
10.9 0.956511
11.1 0.957269
11.3 0.95804
11.5 0.958784
11.7 0.959535
11.9 0.960297
12.1 0.961032
12.3 0.961781
12.5 0.962508
12.7 0.963235
12.9 0.963949
13.1 0.964686
13.3 0.965436
13.5 0.966146
13.7 0.966856
13.9 0.967541
14.1 0.968213
14.3 0.968888
14.5 0.969582
14.7 0.970267
14.9 0.970928
15.1 0.971591
15.3 0.972212
15.5 0.972886
15.7 0.97349
15.9 0.974093
16.1 0.974737
16.3 0.975332
16.5 0.97593
16.7 0.976517
16.9 0.977122
17.1 0.9777
17.3 0.978274
17.5 0.978849
17.7 0.979436
17.9 0.979974
18.1 0.980526
18.3 0.981055
18.5 0.981576
18.7 0.982097
18.9 0.982596
19.1 0.9831
19.3 0.983598
19.5 0.984097
19.7 0.984574
19.9 0.985045
20.1 0.985514
20.3 0.985965
20.5 0.986428
20.7 0.986887
20.9 0.98733
21.1 0.987766
21.3 0.988178
21.5 0.988585
21.7 0.988961
21.9 0.989377
22.1 0.989753
22.3 0.990121
22.5 0.990471
22.7 0.990815
22.9 0.99116
23.1 0.991491
23.3 0.991825
23.5 0.992139
23.7 0.99243
23.9 0.992728
24.1 0.993011
24.3 0.993313
24.5 0.993581
24.7 0.99386
24.9 0.994104
25.1 0.994355
25.3 0.9946
25.5 0.99484
25.7 0.995065
25.9 0.995277
26.1 0.995495
26.3 0.995707
26.5 0.99591
26.7 0.996109
26.9 0.99629
27.1 0.996469
27.3 0.996666
27.5 0.996834
27.7 0.99701
27.9 0.997151
28.1 0.997299
28.3 0.997438
28.5 0.997564
28.7 0.997699
28.9 0.997825
29.1 0.997947
29.3 0.99806
29.5 0.998161
29.7 0.998261
29.9 0.998362
30.1 0.998454
30.3 0.998538
30.5 0.99862
30.7 0.998697
30.9 0.998767
31.1 0.998837
31.3 0.998901
31.5 0.998978
31.7 0.999045
31.9 0.999102
32.1 0.999157
32.3 0.999211
32.5 0.999257
32.7 0.999308
32.9 0.999356
33.1 0.999397
33.3 0.999432
33.5 0.999466
33.7 0.999492
33.9 0.999522
34.1 0.999553
34.3 0.999584
34.5 0.999604
34.7 0.999622
34.9 0.999639
35.1 0.999663
35.3 0.999682
35.5 0.9997
35.7 0.999718
35.9 0.999735
36.1 0.999753
36.3 0.999768
36.5 0.999776
36.7 0.999791
36.9 0.999805
37.1 0.999816
37.3 0.999828
37.5 0.999836
37.7 0.999846
37.9 0.999858
38.1 0.999866
38.3 0.999871
38.5 0.999879
38.7 0.999885
38.9 0.99989
39.1 0.999897
39.3 0.999904
39.5 0.999907
39.7 0.999911
39.9 0.999915
40.1 0.999919
40.3 0.999924
40.5 0.999928
40.7 0.999932
40.9 0.999937
41.1 0.999938
41.3 0.999943
41.5 0.999948
41.7 0.999951
41.9 0.999954
42.1 0.999954
42.3 0.999956
42.5 0.999957
42.7 0.99996
42.9 0.999961
43.1 0.999963
43.3 0.999965
43.5 0.999967
43.7 0.999968
43.9 0.999971
44.1 0.999973
44.3 0.999974
44.5 0.999976
44.7 0.999976
44.9 0.999978
45.1 0.999979
45.3 0.999979
45.5 0.999981
45.7 0.999981
45.9 0.999983
46.1 0.999984
46.3 0.999986
46.5 0.999986
46.7 0.999987
46.9 0.999988
47.1 0.999989
47.3 0.99999
47.5 0.999991
47.7 0.999992
47.9 0.999993
48.1 0.999993
48.3 0.999994
48.5 0.999994
48.7 0.999995
48.9 0.999996
49.1 0.999997
49.3 0.999997
49.5 0.999998
49.7 0.999999
49.9 1
50.1 1
