1171
-198.9 5.53883e-07
-198.7 1.10777e-06
-198.5 1.66165e-06
-198.3 1.66165e-06
-198.1 3.3233e-06
-197.9 9.9699e-06
-197.7 1.99398e-05
-197.5 4.32029e-05
-197.3 7.1451e-05
-197.1 0.000120193
-196.9 0.000176689
-196.7 0.000265864
-196.5 0.000378302
-196.3 0.000531728
-196.1 0.000736111
-195.9 0.00100751
-195.7 0.00135757
-195.5 0.00180455
-195.3 0.00239444
-195.1 0.00309289
-194.9 0.00390876
-194.7 0.00488913
-194.5 0.0060041
-194.3 0.00718996
-194.1 0.00853645
-193.9 0.00998929
-193.7 0.011518
-193.5 0.0131569
-193.3 0.0149233
-193.1 0.0166403
-192.9 0.0184255
-192.7 0.0202361
-192.5 0.0220158
-192.3 0.0238286
-192.1 0.0256404
-191.9 0.0274283
-191.7 0.0292301
-191.5 0.0310119
-191.3 0.0328098
-191.1 0.034549
-190.9 0.0362799
-190.7 0.0379886
-190.5 0.0396935
-190.3 0.0413696
-190.1 0.0430079
-189.9 0.0447294
-189.7 0.04638
-189.5 0.0480261
-189.3 0.0496136
-189.1 0.0511982
-188.9 0.0527347
-188.7 0.0543249
-188.5 0.0558896
-188.3 0.0573879
-188.1 0.058911
-187.9 0.0604331
-187.7 0.0619408
-187.5 0.0634573
-187.3 0.0649766
-187.1 0.0665253
-186.9 0.0680197
-186.7 0.0694431
-186.5 0.0709386
-186.3 0.0723748
-186.1 0.0738221
-185.9 0.0752545
-185.7 0.0767212
-185.5 0.0781003
-185.3 0.0794695
-185.1 0.0808487
-184.9 0.0822412
-184.7 0.0836475
-184.5 0.0849901
-184.3 0.0863593
-184.1 0.0876665
-183.9 0.0890174
-183.7 0.0903993
-183.5 0.0917497
-183.3 0.0930857
-183.1 0.0943895
-182.9 0.0957271
-182.7 0.0970537
-182.5 0.0983647
-182.3 0.0996597
-182.1 0.100947
-181.9 0.102216
-181.7 0.10348
-181.5 0.104735
-181.3 0.105977
-181.1 0.107222
-180.9 0.108423
-180.7 0.109651
-180.5 0.11087
-180.3 0.112105
-180.1 0.113321
-179.9 0.114477
-179.7 0.115648
-179.5 0.116807
-179.3 0.11799
-179.1 0.119149
-178.9 0.120284
-178.7 0.121374
-178.5 0.122476
-178.3 0.123606
-178.1 0.124718
-177.9 0.125842
-177.7 0.126938
-177.5 0.128052
-177.3 0.129197
-177.1 0.13024
-176.9 0.13134
-176.7 0.132424
-176.5 0.133479
-176.3 0.134549
-176.1 0.13559
-175.9 0.136672
-175.7 0.137721
-175.5 0.138796
-175.3 0.139807
-175.1 0.140894
-174.9 0.141937
-174.7 0.142989
-174.5 0.143984
-174.3 0.144991
-174.1 0.146
-173.9 0.147011
-173.7 0.148022
-173.5 0.14902
-173.3 0.150015
-173.1 0.151012
-172.9 0.151975
-172.7 0.152979
-172.5 0.15396
-172.3 0.154966
-172.1 0.155958
-171.9 0.156953
-171.7 0.157931
-171.5 0.158897
-171.3 0.159839
-171.1 0.16081
-170.9 0.161808
-170.7 0.162763
-170.5 0.163735
-170.3 0.164694
-170.1 0.16565
-169.9 0.166626
-169.7 0.167594
-169.5 0.168525
-169.3 0.169499
-169.1 0.170417
-168.9 0.171384
-168.7 0.17235
-168.5 0.173291
-168.3 0.174241
-168.1 0.175204
-167.9 0.176102
-167.7 0.17707
-167.5 0.178061
-167.3 0.179002
-167.1 0.179926
-166.9 0.180887
-166.7 0.181773
-166.5 0.182721
-166.3 0.183637
-166.1 0.184539
-165.9 0.185494
-165.7 0.186412
-165.5 0.187332
-165.3 0.188221
-165.1 0.189145
-164.9 0.190071
-164.7 0.190964
-164.5 0.191868
-164.3 0.192741
-164.1 0.193679
-163.9 0.194583
-163.7 0.195459
-163.5 0.196397
-163.3 0.19727
-163.1 0.198199
-162.9 0.199103
-162.7 0.200008
-162.5 0.200913
-162.3 0.201819
-162.1 0.202724
-161.9 0.203634
-161.7 0.204508
-161.5 0.205436
-161.3 0.20638
-161.1 0.207301
-160.9 0.208208
-160.7 0.209105
-160.5 0.210009
-160.3 0.210889
-160.1 0.211817
-159.9 0.212736
-159.7 0.213654
-159.5 0.214596
-159.3 0.215503
-159.1 0.216419
-158.9 0.217342
-158.7 0.218207
-158.5 0.219082
-158.3 0.21996
-158.1 0.220869
-157.9 0.221763
-157.7 0.222628
-157.5 0.22357
-157.3 0.224506
-157.1 0.225395
-156.9 0.226292
-156.7 0.227174
-156.5 0.228077
-156.3 0.228924
-156.1 0.229812
-155.9 0.230711
-155.7 0.231581
-155.5 0.232512
-155.3 0.233394
-155.1 0.234284
-154.9 0.235154
-154.7 0.236006
-154.5 0.236889
-154.3 0.237845
-154.1 0.238739
-153.9 0.239617
-153.7 0.240524
-153.5 0.241427
-153.3 0.242354
-153.1 0.243238
-152.9 0.244125
-152.7 0.245016
-152.5 0.245926
-152.3 0.246813
-152.1 0.247691
-151.9 0.248601
-151.7 0.249518
-151.5 0.250378
-151.3 0.25122
-151.1 0.252109
-150.9 0.253013
-150.7 0.253948
-150.5 0.25487
-150.3 0.25573
-150.1 0.256595
-149.9 0.25746
-149.7 0.258342
-149.5 0.259231
-149.3 0.260126
-149.1 0.26099
-148.9 0.261872
-148.7 0.262754
-148.5 0.263626
-148.3 0.264513
-148.1 0.265414
-147.9 0.266314
-147.7 0.267209
-147.5 0.268121
-147.3 0.268991
-147.1 0.269875
-146.9 0.270774
-146.7 0.27164
-146.5 0.272524
-146.3 0.273432
-146.1 0.274303
-145.9 0.275152
-145.7 0.276011
-145.5 0.276854
-145.3 0.277722
-145.1 0.278537
-144.9 0.279382
-144.7 0.280289
-144.5 0.281139
-144.3 0.28198
-144.1 0.28282
-143.9 0.283649
-143.7 0.284492
-143.5 0.285402
-143.3 0.286236
-143.1 0.28711
-142.9 0.28795
-142.7 0.288789
-142.5 0.289674
-142.3 0.290538
-142.1 0.29144
-141.9 0.292285
-141.7 0.293138
-141.5 0.293967
-141.3 0.294822
-141.1 0.295696
-140.9 0.296549
-140.7 0.297436
-140.5 0.298281
-140.3 0.299167
-140.1 0.299993
-139.9 0.300873
-139.7 0.301735
-139.5 0.302582
-139.3 0.303425
-139.1 0.304263
-138.9 0.305128
-138.7 0.305991
-138.5 0.306834
-138.3 0.307691
-138.1 0.308526
-137.9 0.309406
-137.7 0.310255
-137.5 0.311114
-137.3 0.311991
-137.1 0.312858
-136.9 0.313763
-136.7 0.314627
-136.5 0.315487
-136.3 0.316366
-136.1 0.317273
-135.9 0.318155
-135.7 0.319053
-135.5 0.319945
-135.3 0.320854
-135.1 0.321741
-134.9 0.322643
-134.7 0.323523
-134.5 0.324399
-134.3 0.32528
-134.1 0.326186
-133.9 0.327111
-133.7 0.328028
-133.5 0.328929
-133.3 0.329841
-133.1 0.330727
-132.9 0.331656
-132.7 0.332543
-132.5 0.333472
-132.3 0.334415
-132.1 0.335321
-131.9 0.33621
-131.7 0.337071
-131.5 0.337991
-131.3 0.338908
-131.1 0.339822
-130.9 0.340715
-130.7 0.341606
-130.5 0.342505
-130.3 0.343464
-130.1 0.344367
-129.9 0.345247
-129.7 0.346139
-129.5 0.347063
-129.3 0.347973
-129.1 0.348894
-128.9 0.349789
-128.7 0.350664
-128.5 0.351543
-128.3 0.352481
-128.1 0.353432
-127.9 0.354326
-127.7 0.3552
-127.5 0.356134
-127.3 0.357014
-127.1 0.357937
-126.9 0.358851
-126.7 0.359728
-126.5 0.360612
-126.3 0.361521
-126.1 0.362426
-125.9 0.363323
-125.7 0.364223
-125.5 0.365134
-125.3 0.366011
-125.1 0.366911
-124.9 0.367814
-124.7 0.368693
-124.5 0.369577
-124.3 0.370491
-124.1 0.371412
-123.9 0.372304
-123.7 0.37324
-123.5 0.374144
-123.3 0.375031
-123.1 0.375918
-122.9 0.376855
-122.7 0.377737
-122.5 0.378636
-122.3 0.37953
-122.1 0.380437
-121.9 0.381311
-121.7 0.382258
-121.5 0.38317
-121.3 0.384037
-121.1 0.384914
-120.9 0.385858
-120.7 0.386755
-120.5 0.38764
-120.3 0.388516
-120.1 0.38936
-119.9 0.390195
-119.7 0.391098
-119.5 0.391967
-119.3 0.392876
-119.1 0.393754
-118.9 0.394611
-118.7 0.395471
-118.5 0.396355
-118.3 0.39725
-118.1 0.398155
-117.9 0.399043
-117.7 0.399914
-117.5 0.400821
-117.3 0.401709
-117.1 0.402556
-116.9 0.40343
-116.7 0.404325
-116.5 0.405207
-116.3 0.406086
-116.1 0.406969
-115.9 0.407834
-115.7 0.408679
-115.5 0.409595
-115.3 0.410482
-115.1 0.411401
-114.9 0.41232
-114.7 0.413188
-114.5 0.414082
-114.3 0.414972
-114.1 0.415884
-113.9 0.416775
-113.7 0.417641
-113.5 0.418494
-113.3 0.419377
-113.1 0.420254
-112.9 0.421113
-112.7 0.421973
-112.5 0.422852
-112.3 0.423725
-112.1 0.424613
-111.9 0.4255
-111.7 0.426377
-111.5 0.427292
-111.3 0.428166
-111.1 0.429062
-110.9 0.429948
-110.7 0.430793
-110.5 0.431677
-110.3 0.432546
-110.1 0.433435
-109.9 0.434354
-109.7 0.435258
-109.5 0.436124
-109.3 0.436994
-109.1 0.437915
-108.9 0.438796
-108.7 0.43967
-108.5 0.440544
-108.3 0.441423
-108.1 0.442313
-107.9 0.443207
-107.7 0.444099
-107.5 0.444967
-107.3 0.44588
-107.1 0.446726
-106.9 0.447592
-106.7 0.448426
-106.5 0.449331
-106.3 0.450205
-106.1 0.451058
-105.9 0.451988
-105.7 0.45283
-105.5 0.453643
-105.3 0.454472
-105.1 0.455355
-104.9 0.456233
-104.7 0.457107
-104.5 0.457997
-104.3 0.45885
-104.1 0.45969
-103.9 0.460613
-103.7 0.461464
-103.5 0.46234
-103.3 0.463176
-103.1 0.464051
-102.9 0.464945
-102.7 0.465816
-102.5 0.466658
-102.3 0.467545
-102.1 0.468464
-101.9 0.469359
-101.7 0.470232
-101.5 0.471096
-101.3 0.471966
-101.1 0.472805
-100.9 0.47363
-100.7 0.474507
-100.5 0.47538
-100.3 0.476304
-100.1 0.477172
-99.9 0.478078
-99.7 0.478967
-99.5 0.479845
-99.3 0.480715
-99.1 0.481573
-98.9 0.48247
-98.7 0.483315
-98.5 0.484148
-98.3 0.485027
-98.1 0.485889
-97.9 0.486769
-97.7 0.487653
-97.5 0.488505
-97.3 0.489391
-97.1 0.490289
-96.9 0.491138
-96.7 0.49203
-96.5 0.492926
-96.3 0.493833
-96.1 0.494726
-95.9 0.495578
-95.7 0.496478
-95.5 0.497378
-95.3 0.498231
-95.1 0.499113
-94.9 0.499977
-94.7 0.500852
-94.5 0.501748
-94.3 0.502632
-94.1 0.503518
-93.9 0.504402
-93.7 0.505298
-93.5 0.506149
-93.3 0.506992
-93.1 0.507886
-92.9 0.508762
-92.7 0.50963
-92.5 0.510491
-92.3 0.51137
-92.1 0.512254
-91.9 0.513124
-91.7 0.514012
-91.5 0.514872
-91.3 0.515711
-91.1 0.516581
-90.9 0.517458
-90.7 0.51833
-90.5 0.519233
-90.3 0.520149
-90.1 0.521036
-89.9 0.521939
-89.7 0.522801
-89.5 0.523677
-89.3 0.524556
-89.1 0.525462
-88.9 0.526355
-88.7 0.52726
-88.5 0.528148
-88.3 0.528993
-88.1 0.529853
-87.9 0.530743
-87.7 0.531647
-87.5 0.532531
-87.3 0.533362
-87.1 0.534204
-86.9 0.535089
-86.7 0.53596
-86.5 0.536822
-86.3 0.537696
-86.1 0.538562
-85.9 0.539423
-85.7 0.540302
-85.5 0.54115
-85.3 0.542025
-85.1 0.542905
-84.9 0.543755
-84.7 0.544616
-84.5 0.545482
-84.3 0.546357
-84.1 0.547226
-83.9 0.54814
-83.7 0.549007
-83.5 0.549901
-83.3 0.550781
-83.1 0.551659
-82.9 0.552545
-82.7 0.553402
-82.5 0.554233
-82.3 0.555099
-82.1 0.556
-81.9 0.556857
-81.7 0.557675
-81.5 0.558576
-81.3 0.559444
-81.1 0.560276
-80.9 0.561138
-80.7 0.56203
-80.5 0.562928
-80.3 0.563814
-80.1 0.564668
-79.9 0.565519
-79.7 0.566374
-79.5 0.567234
-79.3 0.568103
-79.1 0.568965
-78.9 0.569834
-78.7 0.570713
-78.5 0.571536
-78.3 0.572395
-78.1 0.573284
-77.9 0.574192
-77.7 0.575112
-77.5 0.575994
-77.3 0.57688
-77.1 0.57776
-76.9 0.578621
-76.7 0.579512
-76.5 0.58036
-76.3 0.581279
-76.1 0.582163
-75.9 0.583082
-75.7 0.583966
-75.5 0.584848
-75.3 0.585726
-75.1 0.586607
-74.9 0.587468
-74.7 0.588359
-74.5 0.58917
-74.3 0.590061
-74.1 0.590949
-73.9 0.591816
-73.7 0.592696
-73.5 0.593596
-73.3 0.59445
-73.1 0.595325
-72.9 0.596183
-72.7 0.597084
-72.5 0.597929
-72.3 0.598809
-72.1 0.599671
-71.9 0.600544
-71.7 0.60143
-71.5 0.602306
-71.3 0.603135
-71.1 0.604046
-70.9 0.604953
-70.7 0.605837
-70.5 0.606729
-70.3 0.607605
-70.1 0.608494
-69.9 0.609395
-69.7 0.610278
-69.5 0.611147
-69.3 0.612053
-69.1 0.612963
-68.9 0.613824
-68.7 0.614661
-68.5 0.615538
-68.3 0.616402
-68.1 0.617275
-67.9 0.618177
-67.7 0.619058
-67.5 0.619961
-67.3 0.620861
-67.1 0.621674
-66.9 0.622558
-66.7 0.623446
-66.5 0.624325
-66.3 0.625168
-66.1 0.62607
-65.9 0.626926
-65.7 0.627795
-65.5 0.628699
-65.3 0.629607
-65.1 0.630477
-64.9 0.631389
-64.7 0.632265
-64.5 0.633108
-64.3 0.633994
-64.1 0.634841
-63.9 0.635684
-63.7 0.636569
-63.5 0.63748
-63.3 0.638334
-63.1 0.639246
-62.9 0.64014
-62.7 0.64101
-62.5 0.641905
-62.3 0.642818
-62.1 0.643683
-61.9 0.644572
-61.7 0.645454
-61.5 0.646352
-61.3 0.647236
-61.1 0.648117
-60.9 0.649013
-60.7 0.649883
-60.5 0.650775
-60.3 0.651639
-60.1 0.652536
-59.9 0.653447
-59.7 0.654306
-59.5 0.655201
-59.3 0.656079
-59.1 0.656935
-58.9 0.657819
-58.7 0.658711
-58.5 0.659627
-58.3 0.660514
-58.1 0.661389
-57.9 0.662273
-57.7 0.663138
-57.5 0.664051
-57.3 0.664925
-57.1 0.665813
-56.9 0.666681
-56.7 0.667556
-56.5 0.668456
-56.3 0.669357
-56.1 0.670265
-55.9 0.671093
-55.7 0.672
-55.5 0.672874
-55.3 0.673738
-55.1 0.67461
-54.9 0.675456
-54.7 0.676328
-54.5 0.677236
-54.3 0.67811
-54.1 0.679003
-53.9 0.67987
-53.7 0.680731
-53.5 0.681627
-53.3 0.682495
-53.1 0.683368
-52.9 0.684228
-52.7 0.685124
-52.5 0.686018
-52.3 0.686849
-52.1 0.687747
-51.9 0.688596
-51.7 0.689456
-51.5 0.690317
-51.3 0.691194
-51.1 0.692096
-50.9 0.692967
-50.7 0.693876
-50.5 0.694796
-50.3 0.695678
-50.1 0.696552
-49.9 0.697493
-49.7 0.698381
-49.5 0.699307
-49.3 0.700186
-49.1 0.701078
-48.9 0.701904
-48.7 0.702783
-48.5 0.703668
-48.3 0.704567
-48.1 0.705443
-47.9 0.706317
-47.7 0.707223
-47.5 0.708121
-47.3 0.709004
-47.1 0.709852
-46.9 0.710712
-46.7 0.711572
-46.5 0.71245
-46.3 0.713337
-46.1 0.714197
-45.9 0.715101
-45.7 0.715976
-45.5 0.716879
-45.3 0.71773
-45.1 0.718632
-44.9 0.719472
-44.7 0.720347
-44.5 0.721206
-44.3 0.722071
-44.1 0.722909
-43.9 0.723779
-43.7 0.724633
-43.5 0.725493
-43.3 0.726362
-43.1 0.727241
-42.9 0.728074
-42.7 0.728969
-42.5 0.72986
-42.3 0.730737
-42.1 0.731605
-41.9 0.732472
-41.7 0.733351
-41.5 0.734234
-41.3 0.73508
-41.1 0.735966
-40.9 0.736829
-40.7 0.737687
-40.5 0.738555
-40.3 0.739449
-40.1 0.740313
-39.9 0.741206
-39.7 0.742105
-39.5 0.742985
-39.3 0.743882
-39.1 0.744779
-38.9 0.745624
-38.7 0.746494
-38.5 0.747372
-38.3 0.748221
-38.1 0.749084
-37.9 0.749972
-37.7 0.750813
-37.5 0.75169
-37.3 0.752549
-37.1 0.753413
-36.9 0.754288
-36.7 0.755128
-36.5 0.756002
-36.3 0.756914
-36.1 0.757749
-35.9 0.758585
-35.7 0.759462
-35.5 0.760314
-35.3 0.761196
-35.1 0.762107
-34.9 0.762997
-34.7 0.763821
-34.5 0.764708
-34.3 0.765614
-34.1 0.766469
-33.9 0.767301
-33.7 0.768162
-33.5 0.769018
-33.3 0.769887
-33.1 0.770758
-32.9 0.771619
-32.7 0.772516
-32.5 0.77335
-32.3 0.774239
-32.1 0.775099
-31.9 0.77595
-31.7 0.776805
-31.5 0.777691
-31.3 0.778542
-31.1 0.779395
-30.9 0.780253
-30.7 0.78108
-30.5 0.781965
-30.3 0.782825
-30.1 0.783658
-29.9 0.784525
-29.7 0.785387
-29.5 0.786249
-29.3 0.787094
-29.1 0.787922
-28.9 0.788764
-28.7 0.789648
-28.5 0.790521
-28.3 0.791423
-28.1 0.792277
-27.9 0.793125
-27.7 0.793979
-27.5 0.794852
-27.3 0.795729
-27.1 0.796596
-26.9 0.797489
-26.7 0.798356
-26.5 0.799238
-26.3 0.800129
-26.1 0.80097
-25.9 0.801836
-25.7 0.802702
-25.5 0.803562
-25.3 0.804412
-25.1 0.805301
-24.9 0.806099
-24.7 0.806978
-24.5 0.807853
-24.3 0.808693
-24.1 0.809527
-23.9 0.810421
-23.7 0.811325
-23.5 0.812212
-23.3 0.813054
-23.1 0.81393
-22.9 0.814822
-22.7 0.815725
-22.5 0.816596
-22.3 0.817473
-22.1 0.818296
-21.9 0.819179
-21.7 0.820059
-21.5 0.820918
-21.3 0.821817
-21.1 0.822683
-20.9 0.823518
-20.7 0.824339
-20.5 0.825194
-20.3 0.826067
-20.1 0.82692
-19.9 0.827816
-19.7 0.828739
-19.5 0.829599
-19.3 0.830458
-19.1 0.831335
-18.9 0.832241
-18.7 0.833068
-18.5 0.833942
-18.3 0.834804
-18.1 0.835668
-17.9 0.836538
-17.7 0.837393
-17.5 0.838247
-17.3 0.83909
-17.1 0.839956
-16.9 0.840858
-16.7 0.841746
-16.5 0.842594
-16.3 0.84343
-16.1 0.844281
-15.9 0.84515
-15.7 0.845987
-15.5 0.846808
-15.3 0.847631
-15.1 0.848513
-14.9 0.849352
-14.7 0.850235
-14.5 0.851086
-14.3 0.851957
-14.1 0.852832
-13.9 0.853706
-13.7 0.854519
-13.5 0.855369
-13.3 0.856244
-13.1 0.857128
-12.9 0.85796
-12.7 0.85883
-12.5 0.859681
-12.3 0.860518
-12.1 0.861381
-11.9 0.862272
-11.7 0.863129
-11.5 0.864018
-11.3 0.864874
-11.1 0.865697
-10.9 0.866547
-10.7 0.867409
-10.5 0.868282
-10.3 0.869101
-10.1 0.86994
-9.9 0.870838
-9.7 0.871742
-9.5 0.87258
-9.3 0.873447
-9.1 0.874339
-8.9 0.875193
-8.7 0.876021
-8.5 0.876889
-8.3 0.877753
-8.1 0.878606
-7.9 0.879476
-7.7 0.880338
-7.5 0.881216
-7.3 0.882074
-7.1 0.882969
-6.9 0.883807
-6.7 0.884655
-6.5 0.885558
-6.3 0.886425
-6.1 0.887311
-5.9 0.888165
-5.7 0.88905
-5.5 0.889921
-5.3 0.890786
-5.1 0.891616
-4.9 0.892476
-4.7 0.893344
-4.5 0.894237
-4.3 0.895053
-4.1 0.895904
-3.9 0.896769
-3.7 0.897592
-3.5 0.898479
-3.3 0.89937
-3.1 0.900245
-2.9 0.901056
-2.7 0.901952
-2.5 0.90281
-2.3 0.903658
-2.1 0.904514
-1.9 0.905385
-1.7 0.906231
-1.5 0.907081
-1.3 0.907944
-1.1 0.908777
-0.899999 0.909626
-0.699999 0.910502
-0.499999 0.911325
-0.299999 0.912188
-0.0999994 0.912997
0.100001 0.913862
0.300001 0.914711
0.500001 0.915555
0.700001 0.916444
0.900001 0.917283
1.1 0.918126
1.3 0.919
1.5 0.919852
1.7 0.920696
1.9 0.921554
2.1 0.922446
2.3 0.92331
2.5 0.924166
2.7 0.925045
2.9 0.925929
3.1 0.926755
3.3 0.927604
3.5 0.928464
3.7 0.929317
3.9 0.930188
4.1 0.931006
4.3 0.931888
4.5 0.932751
4.7 0.933608
4.9 0.934454
5.1 0.935319
5.3 0.936133
5.5 0.936999
5.7 0.937844
5.9 0.938686
6.1 0.939533
6.3 0.940419
6.5 0.941277
6.7 0.942097
6.9 0.942954
7.1 0.943832
7.3 0.944659
7.5 0.945486
7.7 0.946295
7.9 0.947106
8.1 0.947914
8.3 0.948764
8.5 0.949582
8.7 0.950417
8.9 0.951232
9.1 0.952087
9.3 0.952904
9.5 0.953714
9.7 0.954553
9.9 0.955382
10.1 0.956176
10.3 0.956983
10.5 0.957771
10.7 0.958605
10.9 0.95939
11.1 0.960182
11.3 0.960989
11.5 0.961794
11.7 0.962573
11.9 0.963306
12.1 0.964066
12.3 0.964822
12.5 0.965624
12.7 0.966373
12.9 0.967143
13.1 0.967914
13.3 0.968629
13.5 0.969356
13.7 0.97009
13.9 0.970758
14.1 0.971456
14.3 0.972146
14.5 0.972819
14.7 0.973451
14.9 0.974095
15.1 0.97473
15.3 0.975387
15.5 0.976006
15.7 0.976618
15.9 0.977249
16.1 0.977856
16.3 0.978454
16.5 0.979036
16.7 0.979615
16.9 0.980142
17.1 0.980699
17.3 0.981251
17.5 0.981807
17.7 0.982333
17.9 0.982862
18.1 0.983377
18.3 0.983884
18.5 0.984366
18.7 0.98487
18.9 0.985327
19.1 0.985812
19.3 0.986275
19.5 0.986741
19.7 0.987173
19.9 0.987605
20.1 0.988011
20.3 0.98843
20.5 0.988829
20.7 0.989199
20.9 0.989601
21.1 0.989991
21.3 0.990391
21.5 0.990747
21.7 0.9911
21.9 0.99144
22.1 0.991785
22.3 0.992117
22.5 0.992392
22.7 0.992687
22.9 0.99297
23.1 0.993252
23.3 0.993527
23.5 0.993817
23.7 0.994091
23.9 0.994341
24.1 0.99458
24.3 0.99481
24.5 0.995013
24.7 0.995229
24.9 0.995445
25.1 0.995667
25.3 0.995873
25.5 0.996068
25.7 0.996249
25.9 0.996427
26.1 0.996625
26.3 0.996795
26.5 0.996933
26.7 0.997089
26.9 0.997246
27.1 0.997381
27.3 0.997527
27.5 0.997665
27.7 0.9978
27.9 0.997913
28.1 0.998031
28.3 0.998144
28.5 0.998247
28.7 0.998373
28.9 0.998478
29.1 0.998577
29.3 0.998678
29.5 0.998762
29.7 0.998849
29.9 0.998933
30.1 0.998999
30.3 0.999074
30.5 0.999136
30.7 0.999196
30.9 0.999262
31.1 0.999325
31.3 0.999382
31.5 0.999436
31.7 0.999484
31.9 0.999536
32.1 0.999586
32.3 0.999623
32.5 0.999664
32.7 0.999699
32.9 0.999737
33.1 0.99977
33.3 0.999799
33.5 0.999832
33.7 0.99986
33.9 0.99988
34.1 0.999907
34.3 0.999926
34.5 0.999945
34.7 0.999965
34.9 0.999982
35.1 1
