1297
-209.3 3.31965e-06
-209.1 3.31965e-06
-208.9 3.31965e-06
-208.7 3.31965e-06
-208.5 3.31965e-06
-208.3 3.31965e-06
-208.1 3.31965e-06
-207.9 3.31965e-06
-207.7 3.31965e-06
-207.5 3.31965e-06
-207.3 3.31965e-06
-207.1 3.31965e-06
-206.9 3.31965e-06
-206.7 3.31965e-06
-206.5 3.31965e-06
-206.3 3.31965e-06
-206.1 3.31965e-06
-205.9 3.31965e-06
-205.7 3.31965e-06
-205.5 4.97947e-06
-205.3 4.97947e-06
-205.1 4.97947e-06
-204.9 4.97947e-06
-204.7 4.97947e-06
-204.5 4.97947e-06
-204.3 4.97947e-06
-204.1 8.29911e-06
-203.9 8.29911e-06
-203.7 8.29911e-06
-203.5 8.29911e-06
-203.3 8.29911e-06
-203.1 8.29911e-06
-202.9 8.29911e-06
-202.7 8.29911e-06
-202.5 8.29911e-06
-202.3 8.29911e-06
-202.1 8.29911e-06
-201.9 9.95894e-06
-201.7 9.95894e-06
-201.5 9.95894e-06
-201.3 9.95894e-06
-201.1 9.95894e-06
-200.9 9.95894e-06
-200.7 1.16188e-05
-200.5 1.65982e-05
-200.3 2.15777e-05
-200.1 3.81759e-05
-199.9 5.97536e-05
-199.7 8.4651e-05
-199.5 0.000117847
-199.3 0.000157683
-199.1 0.000243994
-198.9 0.000355202
-198.7 0.000547741
-198.5 0.000761859
-198.3 0.00101913
-198.1 0.00132786
-197.9 0.00178099
-197.7 0.00231545
-197.5 0.00297108
-197.3 0.00368979
-197.1 0.00465414
-196.9 0.00578282
-196.7 0.00699449
-196.5 0.00832567
-196.3 0.00981287
-196.1 0.0114163
-195.9 0.0131093
-195.7 0.0148521
-195.5 0.0165683
-195.3 0.018439
-195.1 0.0202913
-194.9 0.022162
-194.7 0.0240392
-194.5 0.02587
-194.3 0.0277124
-194.1 0.0295498
-193.9 0.0313657
-193.7 0.0331981
-193.5 0.0349774
-193.3 0.0368066
-193.1 0.0385012
-192.9 0.0402656
-192.7 0.041947
-192.5 0.043577
-192.3 0.0452235
-192.1 0.0467887
-191.9 0.0482842
-191.7 0.0498578
-191.5 0.0513599
-191.3 0.0528454
-191.1 0.0544256
-190.9 0.0559028
-190.7 0.0574315
-190.5 0.0588241
-190.3 0.0603777
-190.1 0.0617736
-189.9 0.063216
-189.7 0.0646119
-189.5 0.0660427
-189.3 0.0674851
-189.1 0.0689026
-188.9 0.0702404
-188.7 0.0716579
-188.5 0.0730239
-188.3 0.0744862
-188.1 0.075912
-187.9 0.077273
-187.7 0.0787237
-187.5 0.0800084
-187.3 0.0813313
-187.1 0.0826957
-186.9 0.08408
-186.7 0.0853879
-186.5 0.0867705
-186.3 0.0881382
-186.1 0.0894927
-185.9 0.0907807
-185.7 0.0921268
-185.5 0.0934298
-185.3 0.0947809
-185.1 0.096112
-184.9 0.0973237
-184.7 0.0985387
-184.5 0.0998383
-184.3 0.101135
-184.1 0.102431
-183.9 0.103711
-183.7 0.104932
-183.5 0.106066
-183.3 0.107263
-183.1 0.108405
-182.9 0.109593
-182.7 0.110748
-182.5 0.111962
-182.3 0.113155
-182.1 0.114304
-181.9 0.115477
-181.7 0.116636
-181.5 0.117849
-181.3 0.118971
-181.1 0.12011
-180.9 0.121268
-180.7 0.122379
-180.5 0.123547
-180.3 0.124681
-180.1 0.125703
-179.9 0.12686
-179.7 0.127951
-179.5 0.12901
-179.3 0.130107
-179.1 0.131222
-178.9 0.132306
-178.7 0.13341
-178.5 0.134457
-178.3 0.13544
-178.1 0.136484
-177.9 0.13751
-177.7 0.138549
-177.5 0.139661
-177.3 0.140678
-177.1 0.141707
-176.9 0.142735
-176.7 0.143759
-176.5 0.14469
-176.3 0.145704
-176.1 0.14669
-175.9 0.147618
-175.7 0.148607
-175.5 0.149592
-175.3 0.150616
-175.1 0.151587
-174.9 0.152548
-174.7 0.153529
-174.5 0.154501
-174.3 0.155441
-174.1 0.156427
-173.9 0.157391
-173.7 0.158387
-173.5 0.159424
-173.3 0.160482
-173.1 0.161466
-172.9 0.162394
-172.7 0.163426
-172.5 0.164394
-172.3 0.165347
-172.1 0.166236
-171.9 0.167191
-171.7 0.168152
-171.5 0.169148
-171.3 0.170197
-171.1 0.171119
-170.9 0.172089
-170.7 0.173051
-170.5 0.173986
-170.3 0.17491
-170.1 0.175858
-169.9 0.176821
-169.7 0.17774
-169.5 0.17863
-169.3 0.179575
-169.1 0.180441
-168.9 0.181357
-168.7 0.1823
-168.5 0.183206
-168.3 0.184169
-168.1 0.185032
-167.9 0.186015
-167.7 0.186956
-167.5 0.187852
-167.3 0.188763
-167.1 0.189693
-166.9 0.190561
-166.7 0.19159
-166.5 0.192468
-166.3 0.193321
-166.1 0.194222
-165.9 0.195152
-165.7 0.196043
-165.5 0.196896
-165.3 0.197765
-165.1 0.198672
-164.9 0.19956
-164.7 0.20044
-164.5 0.201343
-164.3 0.202281
-164.1 0.203204
-163.9 0.204105
-163.7 0.205056
-163.5 0.205962
-163.3 0.20685
-163.1 0.207782
-162.9 0.208673
-162.7 0.209601
-162.5 0.210492
-162.3 0.211335
-162.1 0.212207
-161.9 0.213166
-161.7 0.213996
-161.5 0.214925
-161.3 0.215757
-161.1 0.216655
-160.9 0.217591
-160.7 0.218509
-160.5 0.219425
-160.3 0.220268
-160.1 0.221171
-159.9 0.222018
-159.7 0.222932
-159.5 0.223815
-159.3 0.224727
-159.1 0.225572
-158.9 0.226461
-158.7 0.227319
-158.5 0.228158
-158.3 0.229107
-158.1 0.230012
-157.9 0.230866
-157.7 0.23172
-157.5 0.232591
-157.3 0.233509
-157.1 0.23437
-156.9 0.235223
-156.7 0.236155
-156.5 0.237039
-156.3 0.237927
-156.1 0.23883
-155.9 0.239743
-155.7 0.240613
-155.5 0.241439
-155.3 0.242233
-155.1 0.243061
-154.9 0.243946
-154.7 0.244832
-154.5 0.245773
-154.3 0.246655
-154.1 0.247548
-153.9 0.248452
-153.7 0.249329
-153.5 0.2502
-153.3 0.251056
-153.1 0.251886
-152.9 0.252774
-152.7 0.253596
-152.5 0.254389
-152.3 0.255287
-152.1 0.256242
-151.9 0.257133
-151.7 0.258
-151.5 0.258864
-151.3 0.259714
-151.1 0.26059
-150.9 0.261502
-150.7 0.262368
-150.5 0.263274
-150.3 0.264159
-150.1 0.265105
-149.9 0.266051
-149.7 0.266943
-149.5 0.267749
-149.3 0.268588
-149.1 0.269482
-148.9 0.270287
-148.7 0.271105
-148.5 0.271957
-148.3 0.272817
-148.1 0.273633
-147.9 0.274541
-147.7 0.275368
-147.5 0.276209
-147.3 0.277049
-147.1 0.277917
-146.9 0.278712
-146.7 0.279546
-146.5 0.280364
-146.3 0.281189
-146.1 0.282118
-145.9 0.282947
-145.7 0.283825
-145.5 0.284688
-145.3 0.285577
-145.1 0.286348
-144.9 0.287196
-144.7 0.288009
-144.5 0.28889
-144.3 0.28974
-144.1 0.2906
-143.9 0.291506
-143.7 0.29234
-143.5 0.293155
-143.3 0.293994
-143.1 0.294786
-142.9 0.295586
-142.7 0.296428
-142.5 0.297309
-142.3 0.298136
-142.1 0.29899
-141.9 0.299895
-141.7 0.30076
-141.5 0.301575
-141.3 0.302395
-141.1 0.303201
-140.9 0.304061
-140.7 0.304949
-140.5 0.305797
-140.3 0.30668
-140.1 0.307544
-139.9 0.308383
-139.7 0.309275
-139.5 0.31011
-139.3 0.310996
-139.1 0.311851
-138.9 0.312726
-138.7 0.313567
-138.5 0.314422
-138.3 0.315297
-138.1 0.316186
-137.9 0.316988
-137.7 0.317813
-137.5 0.318708
-137.3 0.319539
-137.1 0.320425
-136.9 0.321328
-136.7 0.322183
-136.5 0.323136
-136.3 0.324107
-136.1 0.325018
-135.9 0.32587
-135.7 0.326783
-135.5 0.327705
-135.3 0.328602
-135.1 0.329465
-134.9 0.330391
-134.7 0.331249
-134.5 0.332217
-134.3 0.333199
-134.1 0.334112
-133.9 0.335004
-133.7 0.33586
-133.5 0.336771
-133.3 0.337658
-133.1 0.338557
-132.9 0.339515
-132.7 0.340393
-132.5 0.341331
-132.3 0.342139
-132.1 0.343135
-131.9 0.344055
-131.7 0.345017
-131.5 0.34591
-131.3 0.346825
-131.1 0.34773
-130.9 0.348719
-130.7 0.349595
-130.5 0.350526
-130.3 0.351423
-130.1 0.352316
-129.9 0.353234
-129.7 0.354052
-129.5 0.354878
-129.3 0.355793
-129.1 0.356641
-128.9 0.357547
-128.7 0.3585
-128.5 0.359398
-128.3 0.360245
-128.1 0.361099
-127.9 0.362009
-127.7 0.362929
-127.5 0.36376
-127.3 0.364646
-127.1 0.365488
-126.9 0.366401
-126.7 0.367261
-126.5 0.368172
-126.3 0.368998
-126.1 0.369838
-125.9 0.370794
-125.7 0.371754
-125.5 0.37261
-125.3 0.373407
-125.1 0.374273
-124.9 0.37522
-124.7 0.376103
-124.5 0.376927
-124.3 0.377799
-124.1 0.378659
-123.9 0.37952
-123.7 0.380405
-123.5 0.381271
-123.3 0.38209
-123.1 0.382981
-122.9 0.383924
-122.7 0.384772
-122.5 0.385612
-122.3 0.386511
-122.1 0.387472
-121.9 0.388335
-121.7 0.389139
-121.5 0.389972
-121.3 0.390782
-121.1 0.391604
-120.9 0.392536
-120.7 0.393393
-120.5 0.394196
-120.3 0.395089
-120.1 0.395992
-119.9 0.396834
-119.7 0.397757
-119.5 0.398646
-119.3 0.399539
-119.1 0.400382
-118.9 0.401239
-118.7 0.402069
-118.5 0.40289
-118.3 0.403833
-118.1 0.404716
-117.9 0.405568
-117.7 0.406378
-117.5 0.407306
-117.3 0.40818
-117.1 0.409015
-116.9 0.409885
-116.7 0.410735
-116.5 0.411621
-116.3 0.412473
-116.1 0.413407
-115.9 0.414267
-115.7 0.415118
-115.5 0.416018
-115.3 0.416864
-115.1 0.417741
-114.9 0.418662
-114.7 0.41954
-114.5 0.420425
-114.3 0.421328
-114.1 0.422181
-113.9 0.423059
-113.7 0.423909
-113.5 0.424742
-113.3 0.425648
-113.1 0.426579
-112.9 0.427414
-112.7 0.428284
-112.5 0.429209
-112.3 0.43012
-112.1 0.430983
-111.9 0.431869
-111.7 0.432729
-111.5 0.433592
-111.3 0.434474
-111.1 0.43527
-110.9 0.436137
-110.7 0.437028
-110.5 0.437881
-110.3 0.438776
-110.1 0.439652
-109.9 0.440575
-109.7 0.441433
-109.5 0.442321
-109.3 0.443149
-109.1 0.443998
-108.9 0.444856
-108.7 0.445729
-108.5 0.446584
-108.3 0.447506
-108.1 0.448406
-107.9 0.449248
-107.7 0.450147
-107.5 0.451015
-107.3 0.451832
-107.1 0.452687
-106.9 0.453553
-106.7 0.454408
-106.5 0.455288
-106.3 0.456111
-106.1 0.457012
-105.9 0.457919
-105.7 0.458695
-105.5 0.459534
-105.3 0.460388
-105.1 0.46123
-104.9 0.462123
-104.7 0.463017
-104.5 0.463852
-104.3 0.464742
-104.1 0.46559
-103.9 0.466382
-103.7 0.467325
-103.5 0.468125
-103.3 0.468983
-103.1 0.469831
-102.9 0.470691
-102.7 0.471532
-102.5 0.47244
-102.3 0.473282
-102.1 0.474103
-101.9 0.474985
-101.7 0.475899
-101.5 0.476741
-101.3 0.477612
-101.1 0.478548
-100.9 0.47931
-100.7 0.480163
-100.5 0.481027
-100.3 0.481903
-100.1 0.482791
-99.9 0.483679
-99.7 0.484575
-99.5 0.485404
-99.3 0.486306
-99.1 0.48717
-98.9 0.488021
-98.7 0.488916
-98.5 0.489782
-98.3 0.490639
-98.1 0.491543
-97.9 0.492395
-97.7 0.493271
-97.5 0.494136
-97.3 0.494972
-97.1 0.495867
-96.9 0.496709
-96.7 0.497578
-96.5 0.498446
-96.3 0.499268
-96.1 0.500146
-95.9 0.500968
-95.7 0.501819
-95.5 0.502689
-95.3 0.503564
-95.1 0.504435
-94.9 0.505283
-94.7 0.506106
-94.5 0.506994
-94.3 0.507824
-94.1 0.508688
-93.9 0.509594
-93.7 0.51048
-93.5 0.511269
-93.3 0.512152
-93.1 0.512963
-92.9 0.51385
-92.7 0.514683
-92.5 0.515508
-92.3 0.516321
-92.1 0.517302
-91.9 0.518177
-91.7 0.519023
-91.5 0.519805
-91.3 0.520715
-91.1 0.521576
-90.9 0.522434
-90.7 0.523266
-90.5 0.524169
-90.3 0.525028
-90.1 0.525825
-89.9 0.526733
-89.7 0.5276
-89.5 0.528512
-89.3 0.529347
-89.1 0.53024
-88.9 0.531098
-88.7 0.53195
-88.5 0.532848
-88.3 0.533645
-88.1 0.534546
-87.9 0.535401
-87.7 0.53633
-87.5 0.53718
-87.3 0.538017
-87.1 0.538881
-86.9 0.539746
-86.7 0.540627
-86.5 0.541542
-86.3 0.542389
-86.1 0.543253
-85.9 0.544058
-85.7 0.54498
-85.5 0.545821
-85.3 0.546671
-85.1 0.547486
-84.9 0.548327
-84.7 0.549186
-84.5 0.550085
-84.3 0.550995
-84.1 0.551805
-83.9 0.552641
-83.7 0.553554
-83.5 0.554426
-83.3 0.555295
-83.1 0.556147
-82.9 0.557007
-82.7 0.557832
-82.5 0.558673
-82.3 0.559538
-82.1 0.560419
-81.9 0.561267
-81.7 0.562132
-81.5 0.563055
-81.3 0.563875
-81.1 0.56472
-80.9 0.565585
-80.7 0.566439
-80.5 0.567286
-80.3 0.568184
-80.1 0.56907
-79.9 0.569902
-79.7 0.570859
-79.5 0.571703
-79.3 0.572576
-79.1 0.573371
-78.9 0.574244
-78.7 0.575182
-78.5 0.576028
-78.3 0.576808
-78.1 0.577698
-77.9 0.578576
-77.7 0.579456
-77.5 0.580276
-77.3 0.581184
-77.1 0.582015
-76.9 0.582902
-76.7 0.583755
-76.5 0.584578
-76.3 0.585473
-76.1 0.586256
-75.9 0.587111
-75.7 0.587971
-75.5 0.588905
-75.3 0.589713
-75.1 0.5906
-74.9 0.591481
-74.7 0.592356
-74.5 0.59326
-74.3 0.594099
-74.1 0.59502
-73.9 0.595875
-73.7 0.596812
-73.5 0.597629
-73.3 0.598486
-73.1 0.599307
-72.9 0.600099
-72.7 0.600929
-72.5 0.601795
-72.3 0.602668
-72.1 0.603568
-71.9 0.604429
-71.7 0.605366
-71.5 0.606252
-71.3 0.607145
-71.1 0.608053
-70.9 0.608856
-70.7 0.609747
-70.5 0.61066
-70.3 0.611597
-70.1 0.612418
-69.9 0.613306
-69.7 0.614169
-69.5 0.615034
-69.3 0.615914
-69.1 0.6168
-68.9 0.617685
-68.7 0.618511
-68.5 0.619348
-68.3 0.620194
-68.1 0.621024
-67.9 0.621879
-67.7 0.622697
-67.5 0.623584
-67.3 0.624452
-67.1 0.625325
-66.9 0.626258
-66.7 0.627127
-66.5 0.627974
-66.3 0.628832
-66.1 0.629735
-65.9 0.63053
-65.7 0.63141
-65.5 0.632293
-65.3 0.633197
-65.1 0.634029
-64.9 0.634965
-64.7 0.63583
-64.5 0.636688
-64.3 0.637574
-64.1 0.638459
-63.9 0.639294
-63.7 0.640142
-63.5 0.640992
-63.3 0.641882
-63.1 0.642786
-62.9 0.643606
-62.7 0.644559
-62.5 0.645395
-62.3 0.646205
-62.1 0.647004
-61.9 0.647837
-61.7 0.648674
-61.5 0.649631
-61.3 0.650478
-61.1 0.651366
-60.9 0.652287
-60.7 0.653107
-60.5 0.653959
-60.3 0.654847
-60.1 0.655657
-59.9 0.656523
-59.7 0.65732
-59.5 0.658231
-59.3 0.659111
-59.1 0.660052
-58.9 0.660877
-58.7 0.661718
-58.5 0.662624
-58.3 0.663556
-58.1 0.664395
-57.9 0.665269
-57.7 0.6662
-57.5 0.667091
-57.3 0.667987
-57.1 0.668836
-56.9 0.669712
-56.7 0.670588
-56.5 0.671426
-56.3 0.672276
-56.1 0.673163
-55.9 0.674019
-55.7 0.674902
-55.5 0.675712
-55.3 0.67653
-55.1 0.67735
-54.9 0.678235
-54.7 0.679092
-54.5 0.679991
-54.3 0.680854
-54.1 0.681716
-53.9 0.682604
-53.7 0.683462
-53.5 0.684355
-53.3 0.685241
-53.1 0.686098
-52.9 0.687012
-52.7 0.687897
-52.5 0.688758
-52.3 0.689607
-52.1 0.690498
-51.9 0.691358
-51.7 0.692244
-51.5 0.693195
-51.3 0.694131
-51.1 0.694963
-50.9 0.695814
-50.7 0.696689
-50.5 0.697554
-50.3 0.698394
-50.1 0.699285
-49.9 0.700176
-49.7 0.701069
-49.5 0.701977
-49.3 0.702859
-49.1 0.703742
-48.9 0.704575
-48.7 0.70543
-48.5 0.706338
-48.3 0.70725
-48.1 0.708122
-47.9 0.708973
-47.7 0.709848
-47.5 0.710691
-47.3 0.71149
-47.1 0.712389
-46.9 0.713315
-46.7 0.714184
-46.5 0.715022
-46.3 0.715868
-46.1 0.71669
-45.9 0.717523
-45.7 0.718429
-45.5 0.719269
-45.3 0.720127
-45.1 0.720994
-44.9 0.721882
-44.7 0.722747
-44.5 0.723576
-44.3 0.724458
-44.1 0.725323
-43.9 0.726151
-43.7 0.727041
-43.5 0.727952
-43.3 0.728775
-43.1 0.729643
-42.9 0.730463
-42.7 0.731305
-42.5 0.732128
-42.3 0.732969
-42.1 0.733818
-41.9 0.734684
-41.7 0.73556
-41.5 0.736432
-41.3 0.737233
-41.1 0.738077
-40.9 0.739
-40.7 0.739839
-40.5 0.740661
-40.3 0.741514
-40.1 0.742394
-39.9 0.743239
-39.7 0.74407
-39.5 0.744938
-39.3 0.745718
-39.1 0.746542
-38.9 0.747408
-38.7 0.748263
-38.5 0.749144
-38.3 0.749973
-38.1 0.750844
-37.9 0.751735
-37.7 0.752569
-37.5 0.753435
-37.3 0.75436
-37.1 0.755261
-36.9 0.756066
-36.7 0.756989
-36.5 0.757872
-36.3 0.758755
-36.1 0.759595
-35.9 0.760478
-35.7 0.761376
-35.5 0.762239
-35.3 0.763094
-35.1 0.763943
-34.9 0.764821
-34.7 0.765653
-34.5 0.766538
-34.3 0.767412
-34.1 0.7683
-33.9 0.769202
-33.7 0.770008
-33.5 0.770863
-33.3 0.771745
-33.1 0.772664
-32.9 0.773491
-32.7 0.774304
-32.5 0.775185
-32.3 0.776095
-32.1 0.776961
-31.9 0.777831
-31.7 0.778588
-31.5 0.779428
-31.3 0.780208
-31.1 0.781089
-30.9 0.781976
-30.7 0.782812
-30.5 0.783685
-30.3 0.784479
-30.1 0.785309
-29.9 0.786153
-29.7 0.787025
-29.5 0.787873
-29.3 0.788718
-29.1 0.789568
-28.9 0.790419
-28.7 0.791319
-28.5 0.792122
-28.3 0.792924
-28.1 0.793828
-27.9 0.794662
-27.7 0.795556
-27.5 0.79634
-27.3 0.797191
-27.1 0.797991
-26.9 0.798864
-26.7 0.799721
-26.5 0.800547
-26.3 0.801361
-26.1 0.802167
-25.9 0.803019
-25.7 0.803885
-25.5 0.80474
-25.3 0.805605
-25.1 0.806465
-24.9 0.807333
-24.7 0.808221
-24.5 0.809097
-24.3 0.810015
-24.1 0.810906
-23.9 0.811745
-23.7 0.812599
-23.5 0.813446
-23.3 0.814311
-23.1 0.815182
-22.9 0.816083
-22.7 0.816898
-22.5 0.817761
-22.3 0.81853
-22.1 0.819415
-21.9 0.820286
-21.7 0.821192
-21.5 0.822011
-21.3 0.822822
-21.1 0.823646
-20.9 0.824465
-20.7 0.825279
-20.5 0.826129
-20.3 0.826954
-20.1 0.827827
-19.9 0.828713
-19.7 0.829579
-19.5 0.830437
-19.3 0.83135
-19.1 0.832209
-18.9 0.833068
-18.7 0.833943
-18.5 0.834818
-18.3 0.835691
-18.1 0.836511
-17.9 0.837382
-17.7 0.838234
-17.5 0.839133
-17.3 0.839968
-17.1 0.84082
-16.9 0.841655
-16.7 0.842546
-16.5 0.843363
-16.3 0.844231
-16.1 0.845092
-15.9 0.845944
-15.7 0.846795
-15.5 0.847623
-15.3 0.848496
-15.1 0.849276
-14.9 0.850151
-14.7 0.850999
-14.5 0.851823
-14.3 0.852687
-14.1 0.853582
-13.9 0.854402
-13.7 0.855267
-13.5 0.85603
-13.3 0.856885
-13.1 0.857737
-12.9 0.858593
-12.7 0.859411
-12.5 0.86025
-12.3 0.861093
-12.1 0.861976
-11.9 0.862857
-11.7 0.863724
-11.5 0.864583
-11.3 0.865422
-11.1 0.866271
-10.9 0.867103
-10.7 0.867938
-10.5 0.868733
-10.3 0.869598
-10.1 0.870472
-9.9 0.871299
-9.7 0.872116
-9.5 0.872899
-9.3 0.873741
-9.1 0.874602
-8.9 0.87539
-8.7 0.876275
-8.5 0.877069
-8.3 0.87788
-8.1 0.878712
-7.9 0.879646
-7.7 0.880509
-7.5 0.881333
-7.3 0.882141
-7.1 0.883051
-6.9 0.883872
-6.7 0.884677
-6.5 0.885507
-6.3 0.886367
-6.1 0.887167
-5.9 0.888035
-5.7 0.88886
-5.5 0.889725
-5.3 0.890623
-5.1 0.891494
-4.9 0.892419
-4.7 0.893328
-4.5 0.894125
-4.3 0.894975
-4.1 0.895803
-3.9 0.896636
-3.7 0.897521
-3.5 0.898318
-3.3 0.899119
-3.1 0.900022
-2.9 0.900875
-2.7 0.901699
-2.5 0.902544
-2.3 0.903428
-2.1 0.90424
-1.9 0.905133
-1.7 0.906001
-1.5 0.906924
-1.3 0.9078
-1.1 0.908748
-0.899999 0.909566
-0.699999 0.910444
-0.499999 0.911331
-0.299999 0.912225
-0.0999994 0.913017
0.100001 0.913839
0.300001 0.914647
0.500001 0.915437
0.700001 0.916289
0.900001 0.917137
1.1 0.917982
1.3 0.918889
1.5 0.919816
1.7 0.920659
1.9 0.921534
2.1 0.922339
2.3 0.9232
2.5 0.924083
2.7 0.924966
2.9 0.925759
3.1 0.926639
3.3 0.927457
3.5 0.928257
3.7 0.929041
3.9 0.929902
4.1 0.930721
4.3 0.931559
4.5 0.93246
4.7 0.933297
4.9 0.93413
5.1 0.935023
5.3 0.935901
5.5 0.936771
5.7 0.937614
5.9 0.938512
6.1 0.939348
6.3 0.940167
6.5 0.940978
6.7 0.941765
6.9 0.942637
7.1 0.943453
7.3 0.94428
7.5 0.945154
7.7 0.945983
7.9 0.946816
8.1 0.947667
8.3 0.948537
8.5 0.949382
8.7 0.950215
8.9 0.951004
9.1 0.951812
9.3 0.952532
9.5 0.953354
9.7 0.954108
9.9 0.954969
10.1 0.955767
10.3 0.956619
10.5 0.957407
10.7 0.958192
10.9 0.958976
11.1 0.959743
11.3 0.960455
11.5 0.961291
11.7 0.962051
11.9 0.962823
12.1 0.963565
12.3 0.964334
12.5 0.965087
12.7 0.965808
12.9 0.966561
13.1 0.967257
13.3 0.968009
13.5 0.968699
13.7 0.969453
13.9 0.970128
14.1 0.970824
14.3 0.971506
14.5 0.972142
14.7 0.972796
14.9 0.973441
15.1 0.974095
15.3 0.974742
15.5 0.975388
15.7 0.976047
15.9 0.976703
16.1 0.977348
16.3 0.977923
16.5 0.978514
16.7 0.979116
16.9 0.979654
17.1 0.98025
17.3 0.980798
17.5 0.98134
17.7 0.981855
17.9 0.982388
18.1 0.982871
18.3 0.983374
18.5 0.983878
18.7 0.984331
18.9 0.984783
19.1 0.985219
19.3 0.985696
19.5 0.986136
19.7 0.98657
19.9 0.987004
20.1 0.98747
20.3 0.987926
20.5 0.988378
20.7 0.98879
20.9 0.989168
21.1 0.989525
21.3 0.989888
21.5 0.990247
21.7 0.990592
21.9 0.990936
22.1 0.991244
22.3 0.9916
22.5 0.991955
22.7 0.992292
22.9 0.992574
23.1 0.992899
23.3 0.993193
23.5 0.993497
23.7 0.993789
23.9 0.994069
24.1 0.994315
24.3 0.994589
24.5 0.994846
24.7 0.995039
24.9 0.995246
25.1 0.995417
25.3 0.995636
25.5 0.995824
25.7 0.996008
25.9 0.996191
26.1 0.99638
26.3 0.996558
26.5 0.996714
26.7 0.996881
26.9 0.997039
27.1 0.99718
27.3 0.997346
27.5 0.99751
27.7 0.997613
27.9 0.997751
28.1 0.997879
28.3 0.997988
28.5 0.998076
28.7 0.998184
28.9 0.998287
29.1 0.99838
29.3 0.998476
29.5 0.998556
29.7 0.998642
29.9 0.998742
30.1 0.998817
30.3 0.998896
30.5 0.998968
30.7 0.999027
30.9 0.999089
31.1 0.999149
31.3 0.9992
31.5 0.999248
31.7 0.999296
31.9 0.999336
32.1 0.999381
32.3 0.999432
32.5 0.999477
32.7 0.999512
32.9 0.999547
33.1 0.999587
33.3 0.999597
33.5 0.999633
33.7 0.999653
33.9 0.999683
34.1 0.999695
34.3 0.999711
34.5 0.999736
34.7 0.999751
34.9 0.999761
35.1 0.999771
35.3 0.999779
35.5 0.999793
35.7 0.999809
35.9 0.999817
36.1 0.999829
36.3 0.999841
36.5 0.999844
36.7 0.999852
36.9 0.999859
37.1 0.999869
37.3 0.99988
37.5 0.999887
37.7 0.999889
37.9 0.999895
38.1 0.999902
38.3 0.999912
38.5 0.999917
38.7 0.99992
38.9 0.999924
39.1 0.999925
39.3 0.999927
39.5 0.99993
39.7 0.999937
39.9 0.99994
40.1 0.999944
40.3 0.999944
40.5 0.999945
40.7 0.999945
40.9 0.999949
41.1 0.999949
41.3 0.99995
41.5 0.999954
41.7 0.999954
41.9 0.999954
42.1 0.999954
42.3 0.999955
42.5 0.999955
42.7 0.999955
42.9 0.999959
43.1 0.999959
43.3 0.99996
43.5 0.999962
43.7 0.999963
43.9 0.999965
44.1 0.999967
44.3 0.999967
44.5 0.999967
44.7 0.999968
44.9 0.999972
45.1 0.999973
45.3 0.999973
45.5 0.999978
45.7 0.99998
45.9 0.999982
46.1 0.999983
46.3 0.999983
46.5 0.999983
46.7 0.999985
46.9 0.999987
47.1 0.999987
47.3 0.999988
47.5 0.999988
47.7 0.999988
47.9 0.99999
48.1 0.99999
48.3 0.99999
48.5 0.999992
48.7 0.999993
48.9 0.999993
49.1 0.999993
49.3 0.999993
49.5 0.999998
49.7 0.999998
49.9 1
