1749
100.3 0.000243665
100.5 0.000243665
100.7 0.000487329
100.9 0.000487329
101.1 0.000974659
101.3 0.00170565
101.5 0.00219298
101.7 0.00243665
101.9 0.00243665
102.1 0.00316764
102.3 0.00316764
102.5 0.00316764
102.7 0.00341131
102.9 0.00389864
103.1 0.00389864
103.3 0.00389864
103.5 0.00389864
103.7 0.0041423
103.9 0.0041423
104.1 0.00462963
104.3 0.00487329
104.5 0.00487329
104.7 0.00536062
104.9 0.00536062
105.1 0.00560429
105.3 0.00609162
105.5 0.00633528
105.7 0.00657895
105.9 0.00682261
106.1 0.00682261
106.3 0.00730994
106.5 0.00755361
106.7 0.00779727
106.9 0.00804094
107.1 0.00804094
107.3 0.0082846
107.5 0.0082846
107.7 0.0082846
107.9 0.00877193
108.1 0.00877193
108.3 0.00877193
108.5 0.00877193
108.7 0.00901559
108.9 0.00901559
109.1 0.00901559
109.3 0.00925926
109.5 0.00950292
109.7 0.00950292
109.9 0.00974659
110.1 0.0102339
110.3 0.0102339
110.5 0.0104776
110.7 0.0104776
110.9 0.0104776
111.1 0.0109649
111.3 0.0116959
111.5 0.0121832
111.7 0.0124269
111.9 0.0124269
112.1 0.0124269
112.3 0.0126706
112.5 0.0129142
112.7 0.0131579
112.9 0.0134016
113.1 0.0136452
113.3 0.0136452
113.5 0.0138889
113.7 0.0143762
113.9 0.0148635
114.1 0.0153509
114.3 0.0160819
114.5 0.0160819
114.7 0.0160819
114.9 0.0165692
115.1 0.0165692
115.3 0.0168129
115.5 0.0173002
115.7 0.0180312
115.9 0.0187622
116.1 0.0190058
116.3 0.0190058
116.5 0.0194932
116.7 0.0194932
116.9 0.0194932
117.1 0.0194932
117.3 0.0197368
117.5 0.0199805
117.7 0.0199805
117.9 0.0199805
118.1 0.0199805
118.3 0.0204678
118.5 0.0209552
118.7 0.0209552
118.9 0.0216862
119.1 0.0224172
119.3 0.0229045
119.5 0.0238791
119.7 0.0243665
119.9 0.0253411
120.1 0.0253411
120.3 0.0255848
120.5 0.0255848
120.7 0.0258285
120.9 0.0260721
121.1 0.0263158
121.3 0.0265595
121.5 0.0268031
121.7 0.0272904
121.9 0.0272904
122.1 0.0272904
122.3 0.0275341
122.5 0.0280214
122.7 0.0282651
122.9 0.0287524
123.1 0.0289961
123.3 0.0289961
123.5 0.0297271
123.7 0.0297271
123.9 0.0297271
124.1 0.0297271
124.3 0.0297271
124.5 0.0299708
124.7 0.0299708
124.9 0.0302144
125.1 0.0304581
125.3 0.0309454
125.5 0.0316764
125.7 0.0316764
125.9 0.0319201
126.1 0.0321637
126.3 0.0326511
126.5 0.0331384
126.7 0.0331384
126.9 0.0333821
127.1 0.0338694
127.3 0.0338694
127.5 0.0341131
127.7 0.0346004
127.9 0.0348441
128.1 0.0350877
128.3 0.035575
128.5 0.0358187
128.7 0.0360624
128.9 0.0360624
129.1 0.0365497
129.3 0.0365497
129.5 0.0367934
129.7 0.0372807
129.9 0.0375244
130.1 0.037768
130.3 0.037768
130.5 0.037768
130.7 0.037768
130.9 0.0382554
131.1 0.0387427
131.3 0.0387427
131.5 0.0387427
131.7 0.0387427
131.9 0.0394737
132.1 0.0397173
132.3 0.0397173
132.5 0.0397173
132.7 0.0397173
132.9 0.0404483
133.1 0.040692
133.3 0.040692
133.5 0.0411793
133.7 0.041423
133.9 0.042154
134.1 0.0423977
134.3 0.0423977
134.5 0.0426413
134.7 0.0426413
134.9 0.0426413
135.1 0.0431287
135.3 0.0431287
135.5 0.0433723
135.7 0.0433723
135.9 0.043616
136.1 0.043616
136.3 0.0441033
136.5 0.0445906
136.7 0.0448343
136.9 0.0453216
137.1 0.0453216
137.3 0.045809
137.5 0.0462963
137.7 0.04654
137.9 0.04654
138.1 0.047271
138.3 0.047271
138.5 0.0477583
138.7 0.0482456
138.9 0.0487329
139.1 0.0492203
139.3 0.0492203
139.5 0.0497076
139.7 0.0497076
139.9 0.0499513
140.1 0.0504386
140.3 0.0516569
140.5 0.0523879
140.7 0.0526316
140.9 0.0531189
141.1 0.0536062
141.3 0.0548246
141.5 0.0553119
141.7 0.0555556
141.9 0.0560429
142.1 0.0570175
142.3 0.0570175
142.5 0.0570175
142.7 0.0572612
142.9 0.0582359
143.1 0.0589669
143.3 0.0599415
143.5 0.0599415
143.7 0.0611598
143.9 0.0616472
144.1 0.0621345
144.3 0.0631092
144.5 0.0638402
144.7 0.0648148
144.9 0.0657895
145.1 0.0667641
145.3 0.0679825
145.5 0.0687135
145.7 0.0694444
145.9 0.0701754
146.1 0.0706628
146.3 0.0713938
146.5 0.0723684
146.7 0.0738304
146.9 0.0745614
147.1 0.0748051
147.3 0.0772417
147.5 0.0774854
147.7 0.079191
147.9 0.081384
148.1 0.081384
148.3 0.0823587
148.5 0.0833333
148.7 0.084308
148.9 0.0852827
149.1 0.086501
149.3 0.0884503
149.5 0.0911306
149.7 0.0921053
149.9 0.0935673
150.1 0.0947856
150.3 0.0957602
150.5 0.0977096
150.7 0.0996589
150.9 0.101121
151.1 0.102096
151.3 0.10307
151.5 0.104288
151.7 0.105994
151.9 0.106969
152.1 0.109162
152.3 0.110624
152.5 0.112086
152.7 0.11501
152.9 0.116472
153.1 0.117446
153.3 0.118177
153.5 0.120127
153.7 0.122563
153.9 0.124025
154.1 0.124269
154.3 0.125244
154.5 0.126218
154.7 0.128168
154.9 0.129873
155.1 0.130848
155.3 0.13231
155.5 0.133285
155.7 0.134259
155.9 0.135478
156.1 0.135965
156.3 0.137914
156.5 0.139133
156.7 0.141326
156.9 0.142057
157.1 0.143031
157.3 0.14425
157.5 0.145955
157.7 0.147173
157.9 0.148392
158.1 0.149366
158.3 0.151559
158.5 0.152778
158.7 0.153996
158.9 0.155214
159.1 0.157407
159.3 0.158626
159.5 0.160819
159.7 0.162281
159.9 0.163255
160.1 0.164961
160.3 0.165205
160.5 0.165936
160.7 0.166179
160.9 0.168129
161.1 0.169103
161.3 0.169591
161.5 0.171053
161.7 0.173002
161.9 0.174464
162.1 0.17617
162.3 0.176657
162.5 0.177632
162.7 0.178606
162.9 0.179581
163.1 0.180799
163.3 0.180799
163.5 0.181774
163.7 0.183236
163.9 0.185185
164.1 0.18616
164.3 0.187378
164.5 0.188109
164.7 0.18884
164.9 0.189084
165.1 0.189815
165.3 0.191033
165.5 0.191277
165.7 0.19152
165.9 0.192008
166.1 0.192251
166.3 0.192251
166.5 0.193226
166.7 0.194201
166.9 0.195419
167.1 0.195663
167.3 0.197612
167.5 0.198587
167.7 0.199561
167.9 0.200292
168.1 0.201267
168.3 0.202242
168.5 0.204191
168.7 0.204678
168.9 0.20614
169.1 0.207359
169.3 0.208333
169.5 0.209064
169.7 0.209795
169.9 0.210526
170.1 0.211745
170.3 0.212232
170.5 0.21345
170.7 0.213938
170.9 0.214181
171.1 0.215156
171.3 0.215643
171.5 0.216131
171.7 0.216862
171.9 0.217836
172.1 0.218811
172.3 0.220029
172.5 0.221004
172.7 0.221735
172.9 0.22271
173.1 0.223197
173.3 0.223928
173.5 0.224415
173.7 0.22539
173.9 0.225877
174.1 0.227096
174.3 0.22807
174.5 0.229288
174.7 0.230263
174.9 0.231238
175.1 0.231725
175.3 0.2327
175.5 0.233674
175.7 0.233918
175.9 0.234405
176.1 0.235867
176.3 0.236842
176.5 0.237573
176.7 0.238304
176.9 0.238791
177.1 0.24001
177.3 0.241228
177.5 0.241959
177.7 0.242934
177.9 0.243908
178.1 0.244639
178.3 0.24537
178.5 0.246345
178.7 0.24732
178.9 0.247807
179.1 0.249513
179.3 0.25
179.5 0.250487
179.7 0.251218
179.9 0.251462
180.1 0.253168
180.3 0.253899
180.5 0.255361
180.7 0.256335
180.9 0.25731
181.1 0.257797
181.3 0.258772
181.5 0.259503
181.7 0.259747
181.9 0.260478
182.1 0.261452
182.3 0.262914
182.5 0.264133
182.7 0.264376
182.9 0.26462
183.1 0.264864
183.3 0.265351
183.5 0.266326
183.7 0.267057
183.9 0.268519
184.1 0.269493
184.3 0.269737
184.5 0.270468
184.7 0.270468
184.9 0.271199
185.1 0.272173
185.3 0.272904
185.5 0.273635
185.7 0.275097
185.9 0.276072
186.1 0.277047
186.3 0.27729
186.5 0.277534
186.7 0.278021
186.9 0.279483
187.1 0.279727
187.3 0.280214
187.5 0.280458
187.7 0.281189
187.9 0.281676
188.1 0.282164
188.3 0.282651
188.5 0.283138
188.7 0.2846
188.9 0.2846
189.1 0.286062
189.3 0.287281
189.5 0.287281
189.7 0.288012
189.9 0.288255
190.1 0.28923
190.3 0.289717
190.5 0.290205
190.7 0.291423
190.9 0.292398
191.1 0.292641
191.3 0.292885
191.5 0.293129
191.7 0.29386
191.9 0.294103
192.1 0.294834
192.3 0.295322
192.5 0.295809
192.7 0.296053
192.9 0.29654
193.1 0.297515
193.3 0.297758
193.5 0.298002
193.7 0.298977
193.9 0.300195
194.1 0.300682
194.3 0.30117
194.5 0.301657
194.7 0.301901
194.9 0.302632
195.1 0.302875
195.3 0.302875
195.5 0.304094
195.7 0.304581
195.9 0.305312
196.1 0.306043
196.3 0.307018
196.5 0.307749
196.7 0.308967
196.9 0.310429
197.1 0.31116
197.3 0.311404
197.5 0.311891
197.7 0.313109
197.9 0.31384
198.1 0.315302
198.3 0.316033
198.5 0.31652
198.7 0.31652
198.9 0.317008
199.1 0.31847
199.3 0.319932
199.5 0.320419
199.7 0.320906
199.9 0.321881
200.1 0.323099
200.3 0.32383
200.5 0.325292
200.7 0.326023
200.9 0.327242
201.1 0.327973
201.3 0.328947
201.5 0.329435
201.7 0.329922
201.9 0.330166
202.1 0.330409
202.3 0.33114
202.5 0.331384
202.7 0.332115
202.9 0.332846
203.1 0.33309
203.3 0.333821
203.5 0.334795
203.7 0.335526
203.9 0.336501
204.1 0.336745
204.3 0.336988
204.5 0.338207
204.7 0.338207
204.9 0.338938
205.1 0.339669
205.3 0.339912
205.5 0.3404
205.7 0.341374
205.9 0.341862
206.1 0.343324
206.3 0.344542
206.5 0.346004
206.7 0.346979
206.9 0.347222
207.1 0.348441
207.3 0.349659
207.5 0.350146
207.7 0.350634
207.9 0.351121
208.1 0.352583
208.3 0.35307
208.5 0.353801
208.7 0.353801
208.9 0.354776
209.1 0.355994
209.3 0.356481
209.5 0.356725
209.7 0.356725
209.9 0.3577
210.1 0.358431
210.3 0.358674
210.5 0.360136
210.7 0.360867
210.9 0.362573
211.1 0.362817
211.3 0.364035
211.5 0.364766
211.7 0.365984
211.9 0.365984
212.1 0.366228
212.3 0.366472
212.5 0.367203
212.7 0.368177
212.9 0.368665
213.1 0.369883
213.3 0.371589
213.5 0.372807
213.7 0.373294
213.9 0.373782
214.1 0.373782
214.3 0.374756
214.5 0.375975
214.7 0.376949
214.9 0.377437
215.1 0.377924
215.3 0.378168
215.5 0.378899
215.7 0.379386
215.9 0.381335
216.1 0.381579
216.3 0.382066
216.5 0.383772
216.7 0.384259
216.9 0.384259
217.1 0.384747
217.3 0.385721
217.5 0.386696
217.7 0.387427
217.9 0.387427
218.1 0.388158
218.3 0.38962
218.5 0.389864
218.7 0.390351
218.9 0.390838
219.1 0.391326
219.3 0.391569
219.5 0.392057
219.7 0.393031
219.9 0.393762
220.1 0.395224
220.3 0.395955
220.5 0.396199
220.7 0.397661
220.9 0.398635
221.1 0.399366
221.3 0.400585
221.5 0.401072
221.7 0.401316
221.9 0.402534
222.1 0.403752
222.3 0.403996
222.5 0.404483
222.7 0.406433
222.9 0.407407
223.1 0.408138
223.3 0.408626
223.5 0.408869
223.7 0.409844
223.9 0.411793
224.1 0.412768
224.3 0.413743
224.5 0.41423
224.7 0.414961
224.9 0.415448
225.1 0.416667
225.3 0.417154
225.5 0.417641
225.7 0.418129
225.9 0.41886
226.1 0.419591
226.3 0.420322
226.5 0.421053
226.7 0.421296
226.9 0.421296
227.1 0.421784
227.3 0.422027
227.5 0.423246
227.7 0.423489
227.9 0.424951
228.1 0.425439
228.3 0.426657
228.5 0.428119
228.7 0.428119
228.9 0.429337
229.1 0.429825
229.3 0.430312
229.5 0.430556
229.7 0.432505
229.9 0.43348
230.1 0.433967
230.3 0.434454
230.5 0.434942
230.7 0.435916
230.9 0.436647
231.1 0.436647
231.3 0.437622
231.5 0.438353
231.7 0.438353
231.9 0.43884
232.1 0.439084
232.3 0.439815
232.5 0.441033
232.7 0.441764
232.9 0.442495
233.1 0.443957
233.3 0.444932
233.5 0.445419
233.7 0.44615
233.9 0.446881
234.1 0.447125
234.3 0.448099
234.5 0.449318
234.7 0.450292
234.9 0.451023
235.1 0.451754
235.3 0.452729
235.5 0.453216
235.7 0.453947
235.9 0.454435
236.1 0.454435
236.3 0.454922
236.5 0.455653
236.7 0.456871
236.9 0.458333
237.1 0.458821
237.3 0.460039
237.5 0.461014
237.7 0.461501
237.9 0.461745
238.1 0.462232
238.3 0.462963
238.5 0.46345
238.7 0.464912
238.9 0.465887
239.1 0.467105
239.3 0.467593
239.5 0.467593
239.7 0.467836
239.9 0.46808
240.1 0.468567
240.3 0.469298
240.5 0.470517
240.7 0.471248
240.9 0.471735
241.1 0.471735
241.3 0.472466
241.5 0.474415
241.7 0.475634
241.9 0.476121
242.1 0.477583
242.3 0.47807
242.5 0.478801
242.7 0.479776
242.9 0.480507
243.1 0.48075
243.3 0.480994
243.5 0.482456
243.7 0.4827
243.9 0.4827
244.1 0.482943
244.3 0.483187
244.5 0.483187
244.7 0.483674
244.9 0.484893
245.1 0.485136
245.3 0.486355
245.5 0.487573
245.7 0.488304
245.9 0.489522
246.1 0.490741
246.3 0.491228
246.5 0.491715
246.7 0.492446
246.9 0.493665
247.1 0.494883
247.3 0.494883
247.5 0.496101
247.7 0.497076
247.9 0.49732
248.1 0.497563
248.3 0.497807
248.5 0.5
248.7 0.501218
248.9 0.502193
249.1 0.502193
249.3 0.502924
249.5 0.503411
249.7 0.504142
249.9 0.505604
250.1 0.505848
250.3 0.506335
250.5 0.50731
250.7 0.508772
250.9 0.509259
251.1 0.509747
251.3 0.510478
251.5 0.510965
251.7 0.513158
251.9 0.513889
252.1 0.514376
252.3 0.515107
252.5 0.515595
252.7 0.516569
252.9 0.516569
253.1 0.517544
253.3 0.518519
253.5 0.519006
253.7 0.519981
253.9 0.520955
254.1 0.521442
254.3 0.522661
254.5 0.523635
254.7 0.524366
254.9 0.525341
255.1 0.525828
255.3 0.52729
255.5 0.527778
255.7 0.528021
255.9 0.52924
256.1 0.530702
256.3 0.531676
256.5 0.532407
256.7 0.532895
256.9 0.534113
257.1 0.535331
257.3 0.535575
257.5 0.536306
257.7 0.536793
257.9 0.537524
258.1 0.538255
258.3 0.538743
258.5 0.539474
258.7 0.539961
258.9 0.540692
259.1 0.54191
259.3 0.542641
259.5 0.54386
259.7 0.544591
259.9 0.545565
260.1 0.54654
260.3 0.547027
260.5 0.548733
260.7 0.549464
260.9 0.550439
261.1 0.551413
261.3 0.551413
261.5 0.552144
261.7 0.553119
261.9 0.553606
262.1 0.554094
262.3 0.554581
262.5 0.555068
262.7 0.555312
262.9 0.555799
263.1 0.556287
263.3 0.557261
263.5 0.557992
263.7 0.557992
263.9 0.55848
264.1 0.559211
264.3 0.560916
264.5 0.561647
264.7 0.562378
264.9 0.56384
265.1 0.564571
265.3 0.564571
265.5 0.565302
265.7 0.565789
265.9 0.565789
266.1 0.567251
266.3 0.56847
266.5 0.569688
266.7 0.570175
266.9 0.570906
267.1 0.57115
267.3 0.571881
267.5 0.572856
267.7 0.57383
267.9 0.574318
268.1 0.575536
268.3 0.576511
268.5 0.577485
268.7 0.577485
268.9 0.578216
269.1 0.578704
269.3 0.579922
269.5 0.580897
269.7 0.581871
269.9 0.582115
270.1 0.58309
270.3 0.584552
270.5 0.584795
270.7 0.585526
270.9 0.586988
271.1 0.587719
271.3 0.588207
271.5 0.589181
271.7 0.589425
271.9 0.590156
272.1 0.590643
272.3 0.591131
272.5 0.591618
272.7 0.591618
272.9 0.592349
273.1 0.59308
273.3 0.593567
273.5 0.594055
273.7 0.594055
273.9 0.594542
274.1 0.596248
274.3 0.596735
274.5 0.597222
274.7 0.597953
274.9 0.599659
275.1 0.600877
275.3 0.601121
275.5 0.601365
275.7 0.601852
275.9 0.602096
276.1 0.602827
276.3 0.603314
276.5 0.603558
276.7 0.604045
276.9 0.604532
277.1 0.605994
277.3 0.606238
277.5 0.606481
277.7 0.6077
277.9 0.608187
278.1 0.608431
278.3 0.609405
278.5 0.609649
278.7 0.61038
278.9 0.610624
279.1 0.610867
279.3 0.611842
279.5 0.612086
279.7 0.612573
279.9 0.613304
280.1 0.613791
280.3 0.614766
280.5 0.615741
280.7 0.616228
280.9 0.616472
281.1 0.617446
281.3 0.617934
281.5 0.618665
281.7 0.619639
281.9 0.62037
282.1 0.620858
282.3 0.621345
282.5 0.622076
282.7 0.622563
282.9 0.624025
283.1 0.624513
283.3 0.625244
283.5 0.626218
283.7 0.626706
283.9 0.627437
284.1 0.628411
284.3 0.628411
284.5 0.628655
284.7 0.629142
284.9 0.629386
285.1 0.629386
285.3 0.630604
285.5 0.631092
285.7 0.632066
285.9 0.632797
286.1 0.633041
286.3 0.634259
286.5 0.634503
286.7 0.635234
286.9 0.636209
287.1 0.636452
287.3 0.637671
287.5 0.638402
287.7 0.638889
287.9 0.638889
288.1 0.63962
288.3 0.640107
288.5 0.640838
288.7 0.641326
288.9 0.641813
289.1 0.6423
289.3 0.643762
289.5 0.644493
289.7 0.645224
289.9 0.647417
290.1 0.648879
290.3 0.649366
290.5 0.650341
290.7 0.650341
290.9 0.651072
291.1 0.651559
291.3 0.652047
291.5 0.652534
291.7 0.652778
291.9 0.652778
292.1 0.653752
292.3 0.655458
292.5 0.655458
292.7 0.656189
292.9 0.656676
293.1 0.657164
293.3 0.658382
293.5 0.658626
293.7 0.659113
293.9 0.660088
294.1 0.660575
294.3 0.661062
294.5 0.661793
294.7 0.663255
294.9 0.663986
295.1 0.66423
295.3 0.664474
295.5 0.665448
295.7 0.667398
295.9 0.667885
296.1 0.668372
296.3 0.669347
296.5 0.670078
296.7 0.670565
296.9 0.671053
297.1 0.671784
297.3 0.672271
297.5 0.673002
297.7 0.673977
297.9 0.674464
298.1 0.674951
298.3 0.675439
298.5 0.67617
298.7 0.677144
298.9 0.677632
299.1 0.67885
299.3 0.679094
299.5 0.680799
299.7 0.68153
299.9 0.68153
300.1 0.682749
300.3 0.683236
300.5 0.683236
300.7 0.683723
300.9 0.684698
301.1 0.684942
301.3 0.685429
301.5 0.685673
301.7 0.686647
301.9 0.687135
302.1 0.688596
302.3 0.689084
302.5 0.689571
302.7 0.691033
302.9 0.69152
303.1 0.692739
303.3 0.693713
303.5 0.694444
303.7 0.695663
303.9 0.696881
304.1 0.697368
304.3 0.698587
304.5 0.699561
304.7 0.700049
304.9 0.70078
305.1 0.701511
305.3 0.703216
305.5 0.703704
305.7 0.704435
305.9 0.704922
306.1 0.705166
306.3 0.705653
306.5 0.705897
306.7 0.706384
306.9 0.706384
307.1 0.707115
307.3 0.707846
307.5 0.70809
307.7 0.709064
307.9 0.710526
308.1 0.711988
308.3 0.712719
308.5 0.71345
308.7 0.714181
308.9 0.714669
309.1 0.715887
309.3 0.716131
309.5 0.716862
309.7 0.717349
309.9 0.718811
310.1 0.719055
310.3 0.72076
310.5 0.721004
310.7 0.721735
310.9 0.722222
311.1 0.723197
311.3 0.724659
311.5 0.725146
311.7 0.726121
311.9 0.728558
312.1 0.729045
312.3 0.729045
312.5 0.730263
312.7 0.731238
312.9 0.731725
313.1 0.731969
313.3 0.7327
313.5 0.733431
313.7 0.733918
313.9 0.734405
314.1 0.734649
314.3 0.734893
314.5 0.735136
314.7 0.73538
314.9 0.735867
315.1 0.736355
315.3 0.736598
315.5 0.737329
315.7 0.737817
315.9 0.738791
316.1 0.739279
316.3 0.740741
316.5 0.741472
316.7 0.741959
316.9 0.742446
317.1 0.743421
317.3 0.744396
317.5 0.745127
317.7 0.746101
317.9 0.747563
318.1 0.747807
318.3 0.748538
318.5 0.748538
318.7 0.749269
318.9 0.749513
319.1 0.750731
319.3 0.751706
319.5 0.751949
319.7 0.752437
319.9 0.752924
320.1 0.753411
320.3 0.754386
320.5 0.755848
320.7 0.755848
320.9 0.756579
321.1 0.757797
321.3 0.758772
321.5 0.758772
321.7 0.759503
321.9 0.760234
322.1 0.760234
322.3 0.760965
322.5 0.761209
322.7 0.761209
322.9 0.762183
323.1 0.763402
323.3 0.763402
323.5 0.764864
323.7 0.765107
323.9 0.765838
324.1 0.767057
324.3 0.767788
324.5 0.768031
324.7 0.769006
324.9 0.769493
325.1 0.770224
325.3 0.771442
325.5 0.772417
325.7 0.772904
325.9 0.773879
326.1 0.774123
326.3 0.774366
326.5 0.774854
326.7 0.775097
326.9 0.775341
327.1 0.776316
327.3 0.777047
327.5 0.777778
327.7 0.778021
327.9 0.778509
328.1 0.778996
328.3 0.780945
328.5 0.781433
328.7 0.782164
328.9 0.783382
329.1 0.783626
329.3 0.784113
329.5 0.7846
329.7 0.784844
329.9 0.785575
330.1 0.785819
330.3 0.78655
330.5 0.787281
330.7 0.787281
330.9 0.788255
331.1 0.78923
331.3 0.789961
331.5 0.791179
331.7 0.791667
331.9 0.793129
332.1 0.794591
332.3 0.796053
332.5 0.797271
332.7 0.798489
332.9 0.798733
333.1 0.799708
333.3 0.800926
333.5 0.801657
333.7 0.802388
333.9 0.802875
334.1 0.804094
334.3 0.805556
334.5 0.806043
334.7 0.807018
334.9 0.807505
335.1 0.807992
335.3 0.809211
335.5 0.809698
335.7 0.810916
335.9 0.811404
336.1 0.812135
336.3 0.812622
336.5 0.813596
336.7 0.814571
336.9 0.814571
337.1 0.814571
337.3 0.814815
337.5 0.815789
337.7 0.817008
337.9 0.817739
338.1 0.81847
338.3 0.818957
338.5 0.819688
338.7 0.821637
338.9 0.822368
339.1 0.822856
339.3 0.82383
339.5 0.825049
339.7 0.825292
339.9 0.82578
340.1 0.826754
340.3 0.826754
340.5 0.827485
340.7 0.827973
340.9 0.830166
341.1 0.831871
341.3 0.833333
341.5 0.834064
341.7 0.834795
341.9 0.835039
342.1 0.83577
342.3 0.836014
342.5 0.836257
342.7 0.836501
342.9 0.837719
343.1 0.838694
343.3 0.839181
343.5 0.840156
343.7 0.840887
343.9 0.841374
344.1 0.842593
344.3 0.842836
344.5 0.84308
344.7 0.844055
344.9 0.844786
345.1 0.846004
345.3 0.846979
345.5 0.84771
345.7 0.848197
345.9 0.848928
346.1 0.849903
346.3 0.850634
346.5 0.850877
346.7 0.851365
346.9 0.852583
347.1 0.853314
347.3 0.853801
347.5 0.854045
347.7 0.854776
347.9 0.855019
348.1 0.855263
348.3 0.856969
348.5 0.8577
348.7 0.858431
348.9 0.858918
349.1 0.859405
349.3 0.860136
349.5 0.861111
349.7 0.861842
349.9 0.862086
350.1 0.86306
350.3 0.863791
350.5 0.864279
350.7 0.864766
350.9 0.866472
351.1 0.866959
351.3 0.86769
351.5 0.868908
351.7 0.869639
351.9 0.870127
352.1 0.870614
352.3 0.870858
352.5 0.871832
352.7 0.872076
352.9 0.87232
353.1 0.872563
353.3 0.873294
353.5 0.873782
353.7 0.874513
353.9 0.875
354.1 0.875487
354.3 0.876462
354.5 0.876706
354.7 0.87768
354.9 0.879142
355.1 0.880604
355.3 0.881092
355.5 0.881335
355.7 0.882066
355.9 0.88231
356.1 0.884259
356.3 0.884503
356.5 0.885234
356.7 0.885478
356.9 0.886209
357.1 0.886452
357.3 0.887671
357.5 0.888158
357.7 0.888402
357.9 0.888645
358.1 0.889376
358.3 0.890351
358.5 0.891569
358.7 0.891813
358.9 0.892057
359.1 0.892544
359.3 0.892544
359.5 0.892544
359.7 0.893031
359.9 0.893275
360.1 0.893275
360.3 0.893519
360.5 0.893762
360.7 0.894737
360.9 0.895224
361.1 0.895712
361.3 0.895712
361.5 0.895712
361.7 0.896442
361.9 0.89693
362.1 0.897173
362.3 0.897661
362.5 0.897904
362.7 0.898635
362.9 0.898879
363.1 0.899366
363.3 0.89961
363.5 0.89961
363.7 0.900097
363.9 0.900828
364.1 0.901559
364.3 0.90229
364.5 0.903021
364.7 0.903021
364.9 0.903021
365.1 0.903509
365.3 0.90424
365.5 0.904971
365.7 0.905458
365.9 0.906433
366.1 0.90692
366.3 0.90692
366.5 0.907164
366.7 0.907407
366.9 0.907651
367.1 0.907651
367.3 0.908138
367.5 0.908138
367.7 0.908382
367.9 0.908626
368.1 0.908869
368.3 0.9096
368.5 0.909844
368.7 0.909844
368.9 0.909844
369.1 0.910088
369.3 0.910819
369.5 0.911306
369.7 0.91155
369.9 0.91155
370.1 0.912281
370.3 0.912768
370.5 0.912768
370.7 0.912768
370.9 0.913255
371.1 0.913986
371.3 0.913986
371.5 0.91423
371.7 0.914717
371.9 0.914961
372.1 0.914961
372.3 0.915205
372.5 0.915692
372.7 0.916179
372.9 0.916423
373.1 0.916667
373.3 0.91691
373.5 0.91691
373.7 0.917154
373.9 0.917154
374.1 0.917154
374.3 0.917398
374.5 0.917398
374.7 0.917641
374.9 0.917641
375.1 0.917885
375.3 0.918129
375.5 0.918372
375.7 0.918372
375.9 0.91886
376.1 0.91886
376.3 0.919591
376.5 0.919591
376.7 0.919591
376.9 0.919591
377.1 0.919591
377.3 0.920322
377.5 0.920322
377.7 0.920809
377.9 0.921296
378.1 0.92154
378.3 0.921784
378.5 0.922271
378.7 0.922271
378.9 0.922515
379.1 0.923489
379.3 0.923733
379.5 0.923977
379.7 0.923977
379.9 0.923977
380.1 0.923977
380.3 0.92422
380.5 0.924708
380.7 0.924708
380.9 0.924708
381.1 0.924951
381.3 0.924951
381.5 0.924951
381.7 0.924951
381.9 0.924951
382.1 0.925195
382.3 0.925439
382.5 0.925926
382.7 0.92617
382.9 0.92617
383.1 0.926901
383.3 0.927144
383.5 0.927632
383.7 0.927875
383.9 0.928119
384.1 0.928119
384.3 0.928119
384.5 0.928363
384.7 0.928363
384.9 0.928606
385.1 0.928606
385.3 0.929094
385.5 0.929337
385.7 0.929581
385.9 0.930068
386.1 0.930312
386.3 0.930312
386.5 0.930556
386.7 0.930556
386.9 0.930556
387.1 0.930799
387.3 0.93153
387.5 0.93153
387.7 0.93153
387.9 0.93153
388.1 0.93153
388.3 0.931774
388.5 0.932018
388.7 0.932261
388.9 0.932505
389.1 0.932505
389.3 0.932749
389.5 0.932749
389.7 0.932749
389.9 0.932749
390.1 0.932749
390.3 0.932749
390.5 0.932749
390.7 0.933236
390.9 0.933236
391.1 0.933236
391.3 0.933967
391.5 0.934211
391.7 0.934211
391.9 0.934454
392.1 0.935185
392.3 0.935429
392.5 0.935673
392.7 0.935916
392.9 0.935916
393.1 0.935916
393.3 0.936404
393.5 0.936404
393.7 0.936891
393.9 0.936891
394.1 0.936891
394.3 0.936891
394.5 0.936891
394.7 0.936891
394.9 0.937135
395.1 0.937135
395.3 0.937135
395.5 0.937378
395.7 0.937378
395.9 0.937622
396.1 0.938109
396.3 0.938596
396.5 0.93884
396.7 0.939327
396.9 0.939327
397.1 0.939815
397.3 0.939815
397.5 0.940302
397.7 0.940789
397.9 0.940789
398.1 0.940789
398.3 0.940789
398.5 0.940789
398.7 0.940789
398.9 0.941277
399.1 0.941764
399.3 0.941764
399.5 0.941764
399.7 0.941764
399.9 0.942251
400.1 0.942495
400.3 0.942739
400.5 0.942739
400.7 0.942739
400.9 0.942739
401.1 0.942739
401.3 0.943713
401.5 0.943713
401.7 0.943957
401.9 0.944201
402.1 0.944444
402.3 0.944932
402.5 0.945419
402.7 0.945663
402.9 0.945663
403.1 0.945906
403.3 0.94615
403.5 0.94615
403.7 0.946637
403.9 0.946881
404.1 0.946881
404.3 0.947368
404.5 0.947856
404.7 0.948099
404.9 0.94883
405.1 0.94883
405.3 0.949074
405.5 0.949318
405.7 0.949561
405.9 0.949805
406.1 0.950049
406.3 0.950536
406.5 0.950536
406.7 0.95078
406.9 0.95078
407.1 0.95078
407.3 0.95078
407.5 0.951023
407.7 0.951023
407.9 0.951267
408.1 0.952242
408.3 0.952242
408.5 0.953216
408.7 0.953216
408.9 0.953216
409.1 0.953704
409.3 0.953947
409.5 0.953947
409.7 0.954191
409.9 0.954435
410.1 0.955166
410.3 0.955653
410.5 0.955653
410.7 0.955897
410.9 0.95614
411.1 0.95614
411.3 0.956384
411.5 0.956384
411.7 0.956384
411.9 0.956628
412.1 0.956628
412.3 0.957359
412.5 0.957359
412.7 0.957359
412.9 0.957846
413.1 0.957846
413.3 0.95809
413.5 0.958333
413.7 0.958577
413.9 0.958821
414.1 0.958821
414.3 0.958821
414.5 0.959064
414.7 0.959552
414.9 0.959795
415.1 0.959795
415.3 0.960039
415.5 0.96077
415.7 0.961014
415.9 0.961745
416.1 0.961745
416.3 0.962232
416.5 0.962232
416.7 0.962963
416.9 0.96345
417.1 0.96345
417.3 0.963938
417.5 0.964181
417.7 0.964669
417.9 0.964912
418.1 0.965156
418.3 0.9654
418.5 0.965643
418.7 0.965887
418.9 0.965887
419.1 0.966374
419.3 0.966374
419.5 0.966374
419.7 0.966618
419.9 0.966618
420.1 0.966618
420.3 0.966618
420.5 0.967349
420.7 0.967593
420.9 0.967836
421.1 0.967836
421.3 0.967836
421.5 0.967836
421.7 0.967836
421.9 0.967836
422.1 0.96808
422.3 0.96808
422.5 0.968324
422.7 0.969055
422.9 0.969298
423.1 0.969298
423.3 0.969298
423.5 0.969298
423.7 0.969298
423.9 0.969298
424.1 0.969298
424.3 0.969542
424.5 0.970517
424.7 0.97076
424.9 0.971004
425.1 0.971735
425.3 0.971979
425.5 0.972466
425.7 0.972953
425.9 0.973197
426.1 0.973197
426.3 0.973197
426.5 0.973197
426.7 0.973197
426.9 0.973197
427.1 0.973441
427.3 0.973441
427.5 0.973441
427.7 0.973684
427.9 0.973928
428.1 0.973928
428.3 0.974659
428.5 0.975146
428.7 0.97539
428.9 0.975634
429.1 0.975877
429.3 0.976121
429.5 0.976121
429.7 0.976121
429.9 0.976608
430.1 0.976852
430.3 0.976852
430.5 0.976852
430.7 0.977339
430.9 0.97807
431.1 0.978314
431.3 0.978558
431.5 0.978558
431.7 0.978801
431.9 0.979045
432.1 0.979532
432.3 0.980019
432.5 0.980019
432.7 0.980507
432.9 0.98075
433.1 0.981238
433.3 0.981238
433.5 0.981481
433.7 0.981481
433.9 0.981725
434.1 0.982943
434.3 0.983431
434.5 0.983674
434.7 0.983918
434.9 0.983918
435.1 0.983918
435.3 0.983918
435.5 0.983918
435.7 0.983918
435.9 0.983918
436.1 0.984162
436.3 0.984405
436.5 0.984893
436.7 0.98538
436.9 0.98538
437.1 0.98538
437.3 0.985867
437.5 0.986111
437.7 0.986111
437.9 0.986355
438.1 0.986598
438.3 0.986598
438.5 0.986598
438.7 0.987329
438.9 0.987817
439.1 0.98806
439.3 0.988304
439.5 0.988304
439.7 0.989035
439.9 0.989522
440.1 0.989522
440.3 0.989522
440.5 0.989522
440.7 0.989766
440.9 0.990253
441.1 0.990497
441.3 0.990741
441.5 0.990741
441.7 0.991472
441.9 0.991959
442.1 0.991959
442.3 0.991959
442.5 0.992446
442.7 0.992446
442.9 0.992446
443.1 0.992446
443.3 0.992446
443.5 0.99269
443.7 0.99269
443.9 0.993421
444.1 0.993665
444.3 0.994152
444.5 0.994396
444.7 0.994396
444.9 0.995127
445.1 0.99537
445.3 0.99537
445.5 0.995614
445.7 0.996101
445.9 0.996101
446.1 0.996101
446.3 0.996589
446.5 0.996589
446.7 0.996832
446.9 0.996832
447.1 0.996832
447.3 0.99732
447.5 0.997807
447.7 0.998294
447.9 0.998782
448.1 0.998782
448.3 0.999269
448.5 0.999269
448.7 0.999269
448.9 0.999513
449.1 0.999756
449.3 0.999756
449.5 0.999756
449.7 0.999756
449.9 1
