-209.9 0
-209.7 0
-209.5 1
-209.3 0
-209.1 1
-208.9 0
-208.7 0
-208.5 1
-208.3 2
-208.1 0
-207.9 2
-207.7 1
-207.5 0
-207.3 0
-207.1 1
-206.9 1
-206.7 1
-206.5 0
-206.3 0
-206.1 0
-205.9 0
-205.7 1
-205.5 0
-205.3 0
-205.1 0
-204.9 1
-204.7 0
-204.5 1
-204.3 0
-204.1 1
-203.9 0
-203.7 0
-203.5 0
-203.3 2
-203.1 0
-202.9 0
-202.7 0
-202.5 0
-202.3 0
-202.1 1
-201.9 0
-201.7 2
-201.5 0
-201.3 0
-201.1 0
-200.9 1
-200.7 1
-200.5 0
-200.3 0
-200.1 0
-199.9 1
-199.7 0
-199.5 0
-199.3 1
-199.1 1
-198.9 2
-198.7 4
-198.5 6
-198.3 7
-198.1 11
-197.9 32
-197.7 46
-197.5 71
-197.3 116
-197.1 171
-196.9 265
-196.7 385
-196.5 492
-196.3 685
-196.1 877
-195.9 1175
-195.7 1467
-195.5 1838
-195.3 2362
-195.1 2858
-194.9 3292
-194.7 3796
-194.5 4171
-194.3 4641
-194.1 5064
-193.9 5206
-193.7 5289
-193.5 5381
-193.3 5536
-193.1 5468
-192.9 5368
-192.7 5332
-192.5 5298
-192.3 5255
-192.1 5066
-191.9 4987
-191.7 4990
-191.5 4832
-191.3 4733
-191.1 4702
-190.9 4728
-190.7 4486
-190.5 4518
-190.3 4491
-190.1 4466
-189.9 4475
-189.7 4271
-189.5 4128
-189.3 4330
-189.1 4215
-188.9 4160
-188.7 4047
-188.5 4029
-188.3 4042
-188.1 4136
-187.9 4068
-187.7 3921
-187.5 3993
-187.3 3876
-187.1 3868
-186.9 3860
-186.7 3844
-186.5 3917
-186.3 3885
-186.1 3712
-185.9 3777
-185.7 3719
-185.5 3795
-185.3 3831
-185.1 3854
-184.9 3763
-184.7 3631
-184.5 3753
-184.3 3700
-184.1 3740
-183.9 3671
-183.7 3632
-183.5 3508
-183.3 3678
-183.1 3651
-182.9 3501
-182.7 3571
-182.5 3574
-182.3 3432
-182.1 3534
-181.9 3380
-181.7 3370
-181.5 3403
-181.3 3360
-181.1 3412
-180.9 3331
-180.7 3192
-180.5 3248
-180.3 3144
-180.1 3192
-179.9 3183
-179.7 3023
-179.5 2953
-179.3 2987
-179.1 2954
-178.9 2928
-178.7 2918
-178.5 2910
-178.3 2795
-178.1 2813
-177.9 2706
-177.7 2711
-177.5 2689
-177.3 2676
-177.1 2643
-176.9 2607
-176.7 2529
-176.5 2631
-176.3 2555
-176.1 2490
-175.9 2530
-175.7 2582
-175.5 2548
-175.3 2493
-175.1 2446
-174.9 2431
-174.7 2436
-174.5 2431
-174.3 2329
-174.1 2342
-173.9 2366
-173.7 2322
-173.5 2392
-173.3 2347
-173.1 2412
-172.9 2247
-172.7 2328
-172.5 2257
-172.3 2241
-172.1 2284
-171.9 2154
-171.7 2352
-171.5 2213
-171.3 2134
-171.1 2173
-170.9 2237
-170.7 2235
-170.5 2174
-170.3 2196
-170.1 2217
-169.9 2167
-169.7 2208
-169.5 2233
-169.3 2164
-169.1 2237
-168.9 2072
-168.7 2115
-168.5 2202
-168.3 2077
-168.1 2097
-167.9 2186
-167.7 2143
-167.5 2057
-167.3 2103
-167.1 2200
-166.9 2089
-166.7 2120
-166.5 2079
-166.3 2069
-166.1 2144
-165.9 2097
-165.7 2030
-165.5 2161
-165.3 2058
-165.1 2024
-164.9 2089
-164.7 2039
-164.5 2034
-164.3 2159
-164.1 2102
-163.9 2073
-163.7 2118
-163.5 2090
-163.3 2081
-163.1 2019
-162.9 2036
-162.7 1945
-162.5 2098
-162.3 2089
-162.1 2074
-161.9 2120
-161.7 2043
-161.5 1966
-161.3 2096
-161.1 1992
-160.9 2012
-160.7 2054
-160.5 1952
-160.3 2081
-160.1 1965
-159.9 2015
-159.7 2067
-159.5 2035
-159.3 2022
-159.1 1994
-158.9 2053
-158.7 2041
-158.5 1965
-158.3 2016
-158.1 2062
-157.9 1983
-157.7 2007
-157.5 2035
-157.3 2009
-157.1 1958
-156.9 1969
-156.7 2045
-156.5 2019
-156.3 2038
-156.1 2038
-155.9 1939
-155.7 2054
-155.5 1934
-155.3 1933
-155.1 1899
-154.9 1980
-154.7 1937
-154.5 1965
-154.3 1900
-154.1 1858
-153.9 1912
-153.7 1854
-153.5 1869
-153.3 1845
-153.1 1849
-152.9 1849
-152.7 1864
-152.5 1864
-152.3 1832
-152.1 1835
-151.9 1826
-151.7 1832
-151.5 1809
-151.3 1842
-151.1 1835
-150.9 1823
-150.7 1806
-150.5 1836
-150.3 1881
-150.1 1798
-149.9 1874
-149.7 1817
-149.5 1745
-149.3 1767
-149.1 1763
-148.9 1798
-148.7 1741
-148.5 1842
-148.3 1822
-148.1 1831
-147.9 1866
-147.7 1831
-147.5 1812
-147.3 1822
-147.1 1788
-146.9 1820
-146.7 1786
-146.5 1869
-146.3 1742
-146.1 1847
-145.9 1888
-145.7 1828
-145.5 1864
-145.3 1991
-145.1 1816
-144.9 1857
-144.7 1902
-144.5 1921
-144.3 1900
-144.1 2011
-143.9 1935
-143.7 1904
-143.5 1911
-143.3 1969
-143.1 1954
-142.9 1891
-142.7 1986
-142.5 1939
-142.3 1966
-142.1 2014
-141.9 2001
-141.7 1974
-141.5 1968
-141.3 2019
-141.1 1953
-140.9 2042
-140.7 2012
-140.5 1937
-140.3 1995
-140.1 2037
-139.9 1990
-139.7 2036
-139.5 2041
-139.3 2064
-139.1 2039
-138.9 2038
-138.7 1994
-138.5 1993
-138.3 2074
-138.1 2039
-137.9 2005
-137.7 2057
-137.5 2076
-137.3 2038
-137.1 2131
-136.9 2099
-136.7 2063
-136.5 2094
-136.3 2135
-136.1 2057
-135.9 2047
-135.7 2035
-135.5 1929
-135.3 2016
-135.1 2148
-134.9 2017
-134.7 2143
-134.5 2105
-134.3 2074
-134.1 2098
-133.9 2064
-133.7 2130
-133.5 2101
-133.3 2088
-133.1 2082
-132.9 2085
-132.7 2020
-132.5 2139
-132.3 2049
-132.1 2093
-131.9 2064
-131.7 2061
-131.5 2103
-131.3 2112
-131.1 1948
-130.9 2095
-130.7 2029
-130.5 2014
-130.3 2123
-130.1 2121
-129.9 2127
-129.7 2082
-129.5 2077
-129.3 2109
-129.1 2040
-128.9 2112
-128.7 2076
-128.5 2046
-128.3 2057
-128.1 2094
-127.9 2014
-127.7 2049
-127.5 2012
-127.3 2104
-127.1 2021
-126.9 2050
-126.7 2049
-126.5 2017
-126.3 2101
-126.1 1989
-125.9 2077
-125.7 2028
-125.5 2017
-125.3 1969
-125.1 2067
-124.9 2022
-124.7 2103
-124.5 2140
-124.3 2035
-124.1 2029
-123.9 1946
-123.7 2063
-123.5 1936
-123.3 1980
-123.1 1960
-122.9 2084
-122.7 1986
-122.5 2013
-122.3 1963
-122.1 2064
-121.9 2028
-121.7 1950
-121.5 2047
-121.3 2053
-121.1 2026
-120.9 1974
-120.7 1914
-120.5 1928
-120.3 1976
-120.1 2077
-119.9 2011
-119.7 1989
-119.5 2000
-119.3 1967
-119.1 2071
-118.9 1958
-118.7 1992
-118.5 2043
-118.3 1993
-118.1 1980
-117.9 2055
-117.7 1996
-117.5 1966
-117.3 1993
-117.1 1984
-116.9 2004
-116.7 1975
-116.5 1933
-116.3 1983
-116.1 1950
-115.9 1968
-115.7 2103
-115.5 2038
-115.3 1981
-115.1 2021
-114.9 2024
-114.7 2062
-114.5 1975
-114.3 1945
-114.1 1992
-113.9 1960
-113.7 1953
-113.5 1885
-113.3 1993
-113.1 2002
-112.9 2012
-112.7 1976
-112.5 1960
-112.3 1944
-112.1 2011
-111.9 2032
-111.7 2003
-111.5 1981
-111.3 1979
-111.1 1950
-110.9 1992
-110.7 1965
-110.5 1897
-110.3 2006
-110.1 1927
-109.9 1877
-109.7 1896
-109.5 1976
-109.3 1953
-109.1 1933
-108.9 1987
-108.7 1851
-108.5 1984
-108.3 1967
-108.1 1949
-107.9 1901
-107.7 1960
-107.5 1925
-107.3 1918
-107.1 1965
-106.9 1905
-106.7 1973
-106.5 1864
-106.3 1964
-106.1 1929
-105.9 1993
-105.7 1959
-105.5 1984
-105.3 1947
-105.1 1893
-104.9 1831
-104.7 2010
-104.5 1918
-104.3 2007
-104.1 1898
-103.9 1952
-103.7 1921
-103.5 1935
-103.3 1927
-103.1 1951
-102.9 1939
-102.7 1900
-102.5 1997
-102.3 1975
-102.1 1880
-101.9 1881
-101.7 1963
-101.5 1934
-101.3 1915
-101.1 1979
-100.9 1878
-100.7 1920
-100.5 1984
-100.3 1946
-100.1 1854
-99.9 1906
-99.7 1937
-99.5 1981
-99.3 1862
-99.1 1981
-98.9 1940
-98.7 1882
-98.5 2005
-98.3 1889
-98.1 1926
-97.9 1902
-97.7 1905
-97.5 1902
-97.3 1906
-97.1 1892
-96.9 1948
-96.7 1860
-96.5 1952
-96.3 1983
-96.1 1888
-95.9 1882
-95.7 1841
-95.5 1936
-95.3 1982
-95.1 1973
-94.9 1893
-94.7 1851
-94.5 1956
-94.3 1872
-94.1 1884
-93.9 1913
-93.7 1910
-93.5 1960
-93.3 1988
-93.1 1912
-92.9 1934
-92.7 1912
-92.5 1957
-92.3 1974
-92.1 1850
-91.9 1915
-91.7 1962
-91.5 1912
-91.3 1893
-91.1 1865
-90.9 1943
-90.7 1903
-90.5 1889
-90.3 1881
-90.1 1990
-89.9 1879
-89.7 1919
-89.5 1859
-89.3 1881
-89.1 1882
-88.9 1877
-88.7 1905
-88.5 1889
-88.3 1901
-88.1 1859
-87.9 1844
-87.7 1876
-87.5 1913
-87.3 1860
-87.1 1880
-86.9 1854
-86.7 1842
-86.5 1946
-86.3 1815
-86.1 1906
-85.9 1887
-85.7 1889
-85.5 1926
-85.3 1927
-85.1 1867
-84.9 1848
-84.7 1903
-84.5 1933
-84.3 1927
-84.1 1878
-83.9 1873
-83.7 1880
-83.5 1909
-83.3 1945
-83.1 1857
-82.9 1921
-82.7 1795
-82.5 1913
-82.3 1946
-82.1 1872
-81.9 1926
-81.7 1926
-81.5 1859
-81.3 1892
-81.1 2007
-80.9 1867
-80.7 1957
-80.5 1938
-80.3 1984
-80.1 1888
-79.9 1906
-79.7 1852
-79.5 1894
-79.3 1853
-79.1 2017
-78.9 1922
-78.7 1855
-78.5 1955
-78.3 1956
-78.1 1926
-77.9 1933
-77.7 1901
-77.5 1968
-77.3 1958
-77.1 1966
-76.9 1865
-76.7 1926
-76.5 1925
-76.3 1896
-76.1 1950
-75.9 1896
-75.7 1960
-75.5 1925
-75.3 1940
-75.1 1942
-74.9 1941
-74.7 2003
-74.5 1934
-74.3 1987
-74.1 1957
-73.9 1975
-73.7 2001
-73.5 1937
-73.3 1915
-73.1 1983
-72.9 1950
-72.7 1990
-72.5 1937
-72.3 1931
-72.1 1938
-71.9 1941
-71.7 1914
-71.5 1966
-71.3 1990
-71.1 1964
-70.9 2088
-70.7 1949
-70.5 1892
-70.3 1945
-70.1 1947
-69.9 1964
-69.7 2008
-69.5 1947
-69.3 1963
-69.1 1888
-68.9 1868
-68.7 1985
-68.5 1902
-68.3 1963
-68.1 1966
-67.9 1927
-67.7 1963
-67.5 2045
-67.3 1895
-67.1 1847
-66.9 1871
-66.7 1977
-66.5 1985
-66.3 1935
-66.1 1930
-65.9 1968
-65.7 1970
-65.5 1940
-65.3 1970
-65.1 1993
-64.9 1965
-64.7 2054
-64.5 1883
-64.3 1838
-64.1 1986
-63.9 1920
-63.7 1972
-63.5 1851
-63.3 1932
-63.1 1948
-62.9 1974
-62.7 2002
-62.5 1923
-62.3 1889
-62.1 1977
-61.9 2007
-61.7 1959
-61.5 1900
-61.3 1910
-61.1 1910
-60.9 1986
-60.7 1877
-60.5 2013
-60.3 1922
-60.1 1935
-59.9 1953
-59.7 1961
-59.5 1986
-59.3 1950
-59.1 1894
-58.9 1842
-58.7 1905
-58.5 1852
-58.3 1915
-58.1 1986
-57.9 1914
-57.7 1971
-57.5 1949
-57.3 1904
-57.1 1859
-56.9 1951
-56.7 1970
-56.5 1933
-56.3 1932
-56.1 1945
-55.9 1944
-55.7 1903
-55.5 1896
-55.3 1923
-55.1 1940
-54.9 1888
-54.7 1949
-54.5 1906
-54.3 1983
-54.1 1874
-53.9 1923
-53.7 1977
-53.5 1894
-53.3 1932
-53.1 1870
-52.9 1909
-52.7 1886
-52.5 1887
-52.3 1910
-52.1 1912
-51.9 1925
-51.7 1946
-51.5 1888
-51.3 1919
-51.1 1898
-50.9 1996
-50.7 1904
-50.5 1905
-50.3 1981
-50.1 1950
-49.9 1842
-49.7 1867
-49.5 1940
-49.3 1940
-49.1 1878
-48.9 1903
-48.7 1966
-48.5 2014
-48.3 1957
-48.1 1971
-47.9 2044
-47.7 1883
-47.5 1993
-47.3 1989
-47.1 1952
-46.9 1886
-46.7 1953
-46.5 1894
-46.3 1965
-46.1 1912
-45.9 1931
-45.7 1972
-45.5 1891
-45.3 1909
-45.1 1960
-44.9 1892
-44.7 1995
-44.5 1948
-44.3 1967
-44.1 1847
-43.9 1972
-43.7 1886
-43.5 1856
-43.3 1844
-43.1 1885
-42.9 1927
-42.7 1913
-42.5 1961
-42.3 1911
-42.1 1921
-41.9 1872
-41.7 1899
-41.5 1999
-41.3 1927
-41.1 1930
-40.9 1891
-40.7 1913
-40.5 1846
-40.3 2034
-40.1 1875
-39.9 1930
-39.7 2042
-39.5 1885
-39.3 1941
-39.1 1949
-38.9 1884
-38.7 1905
-38.5 1905
-38.3 1937
-38.1 1967
-37.9 1868
-37.7 1929
-37.5 1950
-37.3 1911
-37.1 1986
-36.9 1857
-36.7 1950
-36.5 1945
-36.3 1895
-36.1 1895
-35.9 1914
-35.7 1945
-35.5 1915
-35.3 1983
-35.1 1879
-34.9 1940
-34.7 1954
-34.5 1879
-34.3 1941
-34.1 1947
-33.9 1893
-33.7 1945
-33.5 1913
-33.3 1882
-33.1 1839
-32.9 1917
-32.7 1983
-32.5 1849
-32.3 1831
-32.1 1848
-31.9 1861
-31.7 1835
-31.5 1916
-31.3 1834
-31.1 1855
-30.9 1905
-30.7 1873
-30.5 1891
-30.3 1850
-30.1 1844
-29.9 1921
-29.7 1876
-29.5 1840
-29.3 1939
-29.1 1856
-28.9 1926
-28.7 1886
-28.5 1873
-28.3 1954
-28.1 1953
-27.9 1895
-27.7 1917
-27.5 1824
-27.3 1976
-27.1 1934
-26.9 1941
-26.7 1946
-26.5 1883
-26.3 1857
-26.1 1958
-25.9 1943
-25.7 1876
-25.5 1855
-25.3 1872
-25.1 1889
-24.9 1776
-24.7 1926
-24.5 1831
-24.3 1895
-24.1 1893
-23.9 1890
-23.7 1939
-23.5 1879
-23.3 1961
-23.1 1928
-22.9 1880
-22.7 1972
-22.5 1929
-22.3 1881
-22.1 1793
-21.9 1939
-21.7 1872
-21.5 1867
-21.3 1904
-21.1 1869
-20.9 1889
-20.7 1843
-20.5 1921
-20.3 1860
-20.1 1861
-19.9 1839
-19.7 1859
-19.5 1856
-19.3 1882
-19.1 1949
-18.9 1868
-18.7 1903
-18.5 1905
-18.3 1804
-18.1 1906
-17.9 1849
-17.7 1867
-17.5 1849
-17.3 1947
-17.1 1921
-16.9 1898
-16.7 1919
-16.5 1853
-16.3 1910
-16.1 1913
-15.9 1866
-15.7 1822
-15.5 1878
-15.3 1925
-15.1 1881
-14.9 1868
-14.7 1944
-14.5 1859
-14.3 1903
-14.1 1861
-13.9 1955
-13.7 1943
-13.5 1953
-13.3 1985
-13.1 1882
-12.9 1864
-12.7 1911
-12.5 1891
-12.3 1940
-12.1 1848
-11.9 1869
-11.7 1835
-11.5 1907
-11.3 1884
-11.1 1868
-10.9 1958
-10.7 1928
-10.5 1869
-10.3 1837
-10.1 1872
-9.9 1955
-9.7 1879
-9.5 1870
-9.3 1884
-9.1 1906
-8.9 1880
-8.7 1869
-8.5 1947
-8.3 1917
-8.1 1890
-7.9 1918
-7.7 1941
-7.5 1848
-7.3 1894
-7.1 1854
-6.9 1860
-6.7 1869
-6.5 1892
-6.3 1848
-6.1 1959
-5.9 1921
-5.7 1912
-5.5 1850
-5.3 1897
-5.1 1835
-4.9 1880
-4.7 1828
-4.5 1853
-4.3 1875
-4.1 1971
-3.9 1903
-3.7 1970
-3.5 1828
-3.3 1965
-3.1 1912
-2.9 1835
-2.7 1950
-2.5 1876
-2.3 1867
-2.1 1917
-1.9 1864
-1.7 1816
-1.5 1907
-1.3 1884
-1.1 1907
-0.9 1962
-0.7 1880
-0.5 1837
-0.3 1914
-0.1 1926
0.1 1907
0.3 1950
0.5 1814
0.7 1988
0.9 1862
1.1 1857
1.3 1984
1.5 1840
1.7 1841
1.9 1897
2.1 1885
2.3 1811
2.5 1896
2.7 1786
2.9 1869
3.1 1924
3.3 1969
3.5 1851
3.7 1994
3.9 1848
4.1 1947
4.3 1896
4.5 1888
4.7 1915
4.9 1907
5.1 1903
5.3 1852
5.5 1860
5.7 1837
5.9 1846
6.1 1930
6.3 1892
6.5 1862
6.7 1897
6.9 1908
7.1 1909
7.3 1875
7.5 1824
7.7 1822
7.9 1924
8.1 1840
8.3 1884
8.5 1806
8.7 1864
8.9 1852
9.1 1845
9.3 1861
9.5 1841
9.7 1936
9.9 1858
10.1 1834
10.3 1827
10.5 1831
10.7 1791
10.9 1842
11.1 1750
11.3 1737
11.5 1746
11.7 1739
11.9 1829
12.1 1716
12.3 1675
12.5 1815
12.7 1726
12.9 1738
13.1 1595
13.3 1696
13.5 1606
13.7 1673
13.9 1574
14.1 1608
14.3 1546
14.5 1615
14.7 1555
14.9 1617
15.1 1561
15.3 1498
15.5 1472
15.7 1474
15.9 1486
16.1 1465
16.3 1378
16.5 1437
16.7 1457
16.9 1389
17.1 1365
17.3 1346
17.5 1303
17.7 1314
17.9 1292
18.1 1319
18.3 1243
18.5 1215
18.7 1266
18.9 1283
19.1 1185
19.3 1119
19.5 1192
19.7 1070
19.9 1187
20.1 1043
20.3 1064
20.5 1047
20.7 1007
20.9 1006
21.1 1034
21.3 945
21.5 885
21.7 911
21.9 910
22.1 903
22.3 868
22.5 863
22.7 858
22.9 825
23.1 736
23.3 763
23.5 735
23.7 673
23.9 707
24.1 722
24.3 675
24.5 706
24.7 654
24.9 643
25.1 589
25.3 633
25.5 572
25.7 557
25.9 501
26.1 507
26.3 486
26.5 489
26.7 460
26.9 446
27.1 402
27.3 384
27.5 427
27.7 402
27.9 375
28.1 375
28.3 295
28.5 315
28.7 294
28.9 295
29.1 296
29.3 260
29.5 272
29.7 248
29.9 212
30.1 235
30.3 249
30.5 216
30.7 199
30.9 161
31.1 176
31.3 166
31.5 192
31.7 158
31.9 138
32.1 142
32.3 155
32.5 104
32.7 137
32.9 104
33.1 100
33.3 91
33.5 91
33.7 86
33.9 80
34.1 74
34.3 65
34.5 79
34.7 59
34.9 63
35.1 61
35.3 47
35.5 48
35.7 47
35.9 49
36.1 29
36.3 43
36.5 36
36.7 49
36.9 38
37.1 30
37.3 33
37.5 19
37.7 25
37.9 24
38.1 26
38.3 24
38.5 15
38.7 23
38.9 11
39.1 25
39.3 16
39.5 6
39.7 18
39.9 15
40.1 10
40.3 13
40.5 12
40.7 10
40.9 9
41.1 11
41.3 11
41.5 7
41.7 7
41.9 4
42.1 7
42.3 7
42.5 5
42.7 6
42.9 5
43.1 3
43.3 3
43.5 3
43.7 5
43.9 1
44.1 7
44.3 6
44.5 6
44.7 3
44.9 4
45.1 5
45.3 5
45.5 3
45.7 3
45.9 5
46.1 5
46.3 4
46.5 4
46.7 3
46.9 1
47.1 3
47.3 2
47.5 4
47.7 6
47.9 2
48.1 5
48.3 2
48.5 1
48.7 1
48.9 3
49.1 2
49.3 5
49.5 2
49.7 3
49.9 5
