1298
-209.3 8.6753e-07
-209.1 1.3013e-06
-208.9 1.73506e-06
-208.7 2.16883e-06
-208.5 2.16883e-06
-208.3 2.16883e-06
-208.1 4.33765e-06
-207.9 4.33765e-06
-207.7 4.33765e-06
-207.5 4.33765e-06
-207.3 4.77142e-06
-207.1 4.77142e-06
-206.9 5.20518e-06
-206.7 5.63895e-06
-206.5 5.63895e-06
-206.3 6.50648e-06
-206.1 6.94024e-06
-205.9 7.37401e-06
-205.7 8.6753e-06
-205.5 9.10907e-06
-205.3 9.54283e-06
-205.1 9.9766e-06
-204.9 1.12779e-05
-204.7 1.34467e-05
-204.5 1.69168e-05
-204.3 1.86519e-05
-204.1 2.08207e-05
-203.9 2.2122e-05
-203.7 2.38571e-05
-203.5 2.51584e-05
-203.3 2.68934e-05
-203.1 2.99298e-05
-202.9 3.12311e-05
-202.7 3.25324e-05
-202.5 3.55687e-05
-202.3 3.77376e-05
-202.1 3.81713e-05
-201.9 4.03402e-05
-201.7 4.12077e-05
-201.5 4.33765e-05
-201.3 4.59791e-05
-201.1 4.77142e-05
-200.9 4.90155e-05
-200.7 5.29193e-05
-200.5 5.81245e-05
-200.3 6.28959e-05
-200.1 6.67998e-05
-199.9 7.72102e-05
-199.7 9.02232e-05
-199.5 0.000109309
-199.3 0.000128394
-199.1 0.000170036
-198.9 0.000227293
-198.7 0.000293659
-198.5 0.00038128
-198.3 0.000500999
-198.1 0.000648913
-197.9 0.000866663
-197.7 0.00112085
-197.5 0.0014427
-197.3 0.00186389
-197.1 0.00237877
-196.9 0.00297563
-196.7 0.00371823
-196.5 0.0045541
-196.3 0.00551619
-196.1 0.00661665
-195.9 0.00782773
-195.7 0.00915938
-195.5 0.0105067
-195.3 0.0120209
-195.1 0.0135821
-194.9 0.0152377
-194.7 0.0169151
-194.5 0.0185951
-194.3 0.0203523
-194.1 0.0221342
-193.9 0.0238684
-193.7 0.0256511
-193.5 0.0274161
-193.3 0.0291959
-193.1 0.030989
-192.9 0.0327913
-192.7 0.0345034
-192.5 0.0362155
-192.3 0.0379384
-192.1 0.0396192
-191.9 0.0412749
-191.7 0.0429297
-191.5 0.0445637
-191.3 0.0462094
-191.1 0.0477948
-190.9 0.0493764
-190.7 0.0509965
-190.5 0.0525897
-190.3 0.0541851
-190.1 0.0557167
-189.9 0.0572262
-189.7 0.0587175
-189.5 0.0602127
-189.3 0.0616732
-189.1 0.0631605
-188.9 0.0646353
-188.7 0.0661193
-188.5 0.0676001
-188.3 0.0691335
-188.1 0.070548
-187.9 0.0720059
-187.7 0.0734221
-187.5 0.0748032
-187.3 0.0762342
-187.1 0.0776231
-186.9 0.0790316
-186.7 0.0804387
-186.5 0.0818406
-186.3 0.0832161
-186.1 0.0845595
-185.9 0.0859562
-185.7 0.0873191
-185.5 0.0886872
-185.3 0.0900223
-185.1 0.0913475
-184.9 0.092657
-184.7 0.0939414
-184.5 0.0952292
-184.3 0.0965357
-184.1 0.0978223
-183.9 0.0991019
-183.7 0.100398
-183.5 0.101647
-183.3 0.102939
-183.1 0.10419
-182.9 0.105464
-182.7 0.106708
-182.5 0.107923
-182.3 0.109136
-182.1 0.110348
-181.9 0.111541
-181.7 0.112745
-181.5 0.113925
-181.3 0.115087
-181.1 0.116219
-180.9 0.117367
-180.7 0.118527
-180.5 0.119694
-180.3 0.120803
-180.1 0.121921
-179.9 0.123021
-179.7 0.124086
-179.5 0.125201
-179.3 0.126286
-179.1 0.127325
-178.9 0.128411
-178.7 0.129462
-178.5 0.130539
-178.3 0.131593
-178.1 0.132629
-177.9 0.133679
-177.7 0.134702
-177.5 0.135747
-177.3 0.13677
-177.1 0.137788
-176.9 0.138856
-176.7 0.139878
-176.5 0.140918
-176.3 0.141916
-176.1 0.142927
-175.9 0.143909
-175.7 0.144896
-175.5 0.145911
-175.3 0.146945
-175.1 0.14793
-174.9 0.148931
-174.7 0.1499
-174.5 0.150888
-174.3 0.15188
-174.1 0.15284
-173.9 0.153801
-173.7 0.154752
-173.5 0.155716
-173.3 0.156661
-173.1 0.157624
-172.9 0.158582
-172.7 0.15956
-172.5 0.160515
-172.3 0.161462
-172.1 0.162425
-171.9 0.16342
-171.7 0.164369
-171.5 0.165301
-171.3 0.166245
-171.1 0.16718
-170.9 0.168127
-170.7 0.169052
-170.5 0.170008
-170.3 0.170988
-170.1 0.171931
-169.9 0.172868
-169.7 0.173763
-169.5 0.174679
-169.3 0.175628
-169.1 0.176526
-168.9 0.177478
-168.7 0.178392
-168.5 0.179322
-168.3 0.180244
-168.1 0.181142
-167.9 0.182036
-167.7 0.182955
-167.5 0.183851
-167.3 0.184766
-167.1 0.18573
-166.9 0.186653
-166.7 0.187591
-166.5 0.188531
-166.3 0.189454
-166.1 0.190373
-165.9 0.191271
-165.7 0.192181
-165.5 0.193089
-165.3 0.193975
-165.1 0.194861
-164.9 0.195756
-164.7 0.196665
-164.5 0.19758
-164.3 0.198491
-164.1 0.199425
-163.9 0.200347
-163.7 0.201265
-163.5 0.202151
-163.3 0.203042
-163.1 0.20396
-162.9 0.204852
-162.7 0.20578
-162.5 0.206664
-162.3 0.207544
-162.1 0.208449
-161.9 0.209397
-161.7 0.210276
-161.5 0.211165
-161.3 0.212076
-161.1 0.21298
-160.9 0.213897
-160.7 0.21476
-160.5 0.215605
-160.3 0.216505
-160.1 0.217374
-159.9 0.218308
-159.7 0.2192
-159.5 0.220086
-159.3 0.220971
-159.1 0.2219
-158.9 0.222789
-158.7 0.2237
-158.5 0.224615
-158.3 0.225505
-158.1 0.226399
-157.9 0.227302
-157.7 0.228207
-157.5 0.229086
-157.3 0.229981
-157.1 0.2309
-156.9 0.231806
-156.7 0.23269
-156.5 0.233567
-156.3 0.234456
-156.1 0.235357
-155.9 0.236248
-155.7 0.237138
-155.5 0.238039
-155.3 0.238896
-155.1 0.239773
-154.9 0.240662
-154.7 0.24157
-154.5 0.242466
-154.3 0.24337
-154.1 0.244291
-153.9 0.245172
-153.7 0.246058
-153.5 0.246961
-153.3 0.247858
-153.1 0.24875
-152.9 0.249588
-152.7 0.250471
-152.5 0.251348
-152.3 0.252202
-152.1 0.253082
-151.9 0.253979
-151.7 0.254867
-151.5 0.255752
-151.3 0.256641
-151.1 0.257503
-150.9 0.258384
-150.7 0.259258
-150.5 0.260126
-150.3 0.261043
-150.1 0.2619
-149.9 0.262781
-149.7 0.263661
-149.5 0.264533
-149.3 0.265415
-149.1 0.266263
-148.9 0.267142
-148.7 0.268002
-148.5 0.268891
-148.3 0.269779
-148.1 0.270656
-147.9 0.271514
-147.7 0.272368
-147.5 0.273272
-147.3 0.274137
-147.1 0.275005
-146.9 0.27583
-146.7 0.276707
-146.5 0.277606
-146.3 0.278505
-146.1 0.279344
-145.9 0.280167
-145.7 0.281003
-145.5 0.281863
-145.3 0.282708
-145.1 0.283534
-144.9 0.284379
-144.7 0.285236
-144.5 0.286097
-144.3 0.286956
-144.1 0.287804
-143.9 0.288611
-143.7 0.289472
-143.5 0.290319
-143.3 0.291225
-143.1 0.292078
-142.9 0.292947
-142.7 0.293803
-142.5 0.294663
-142.3 0.295529
-142.1 0.296351
-141.9 0.297188
-141.7 0.298057
-141.5 0.298914
-141.3 0.299735
-141.1 0.300581
-140.9 0.301485
-140.7 0.30236
-140.5 0.30325
-140.3 0.304127
-140.1 0.304989
-139.9 0.30584
-139.7 0.30667
-139.5 0.307541
-139.3 0.30843
-139.1 0.309275
-138.9 0.310182
-138.7 0.311022
-138.5 0.311897
-138.3 0.312782
-138.1 0.31367
-137.9 0.314545
-137.7 0.31544
-137.5 0.31631
-137.3 0.31719
-137.1 0.31809
-136.9 0.318959
-136.7 0.319837
-136.5 0.320721
-136.3 0.321623
-136.1 0.3225
-135.9 0.323383
-135.7 0.324291
-135.5 0.325196
-135.3 0.326124
-135.1 0.327026
-134.9 0.327916
-134.7 0.32883
-134.5 0.329748
-134.3 0.330666
-134.1 0.331561
-133.9 0.332447
-133.7 0.333338
-133.5 0.334272
-133.3 0.335184
-133.1 0.336064
-132.9 0.336979
-132.7 0.337886
-132.5 0.338788
-132.3 0.339701
-132.1 0.340607
-131.9 0.341523
-131.7 0.342393
-131.5 0.3433
-131.3 0.344222
-131.1 0.345127
-130.9 0.346038
-130.7 0.346968
-130.5 0.347871
-130.3 0.348781
-130.1 0.349723
-129.9 0.350628
-129.7 0.351515
-129.5 0.352391
-129.3 0.353304
-129.1 0.354202
-128.9 0.355128
-128.7 0.356012
-128.5 0.3569
-128.3 0.357793
-128.1 0.358699
-127.9 0.359593
-127.7 0.360476
-127.5 0.361368
-127.3 0.362246
-127.1 0.363144
-126.9 0.364046
-126.7 0.364929
-126.5 0.365812
-126.3 0.366719
-126.1 0.367627
-125.9 0.36851
-125.7 0.369396
-125.5 0.370271
-125.3 0.371162
-125.1 0.372085
-124.9 0.372948
-124.7 0.373823
-124.5 0.374715
-124.3 0.375587
-124.1 0.376476
-123.9 0.377352
-123.7 0.37821
-123.5 0.379095
-123.3 0.379989
-123.1 0.380892
-122.9 0.381754
-122.7 0.382641
-122.5 0.383526
-122.3 0.384387
-122.1 0.385267
-121.9 0.386129
-121.7 0.386987
-121.5 0.387878
-121.3 0.388747
-121.1 0.389636
-120.9 0.390507
-120.7 0.391401
-120.5 0.392259
-120.3 0.393154
-120.1 0.394038
-119.9 0.394926
-119.7 0.395808
-119.5 0.396652
-119.3 0.397496
-119.1 0.398384
-118.9 0.399269
-118.7 0.400137
-118.5 0.400996
-118.3 0.401866
-118.1 0.402722
-117.9 0.40361
-117.7 0.404496
-117.5 0.405328
-117.3 0.406231
-117.1 0.407067
-116.9 0.407902
-116.7 0.408778
-116.5 0.409643
-116.3 0.410495
-116.1 0.411325
-115.9 0.412204
-115.7 0.413059
-115.5 0.413934
-115.3 0.414797
-115.1 0.415666
-114.9 0.416556
-114.7 0.417436
-114.5 0.418339
-114.3 0.419185
-114.1 0.420063
-113.9 0.420984
-113.7 0.421805
-113.5 0.422665
-113.3 0.42353
-113.1 0.424391
-112.9 0.425243
-112.7 0.426096
-112.5 0.42699
-112.3 0.427852
-112.1 0.428744
-111.9 0.42963
-111.7 0.430493
-111.5 0.431397
-111.3 0.43226
-111.1 0.433145
-110.9 0.434016
-110.7 0.434857
-110.5 0.435745
-110.3 0.4366
-110.1 0.437479
-109.9 0.438382
-109.7 0.439274
-109.5 0.440172
-109.3 0.441032
-109.1 0.441907
-108.9 0.442767
-108.7 0.443648
-108.5 0.444524
-108.3 0.445359
-108.1 0.446199
-107.9 0.447045
-107.7 0.447931
-107.5 0.448801
-107.3 0.449658
-107.1 0.45052
-106.9 0.451384
-106.7 0.452277
-106.5 0.453176
-106.3 0.454091
-106.1 0.45496
-105.9 0.455849
-105.7 0.456736
-105.5 0.45762
-105.3 0.458503
-105.1 0.459362
-104.9 0.460222
-104.7 0.461104
-104.5 0.461961
-104.3 0.462794
-104.1 0.463677
-103.9 0.464551
-103.7 0.465437
-103.5 0.466313
-103.3 0.467201
-103.1 0.468089
-102.9 0.468937
-102.7 0.469808
-102.5 0.470689
-102.3 0.471541
-102.1 0.472427
-101.9 0.47329
-101.7 0.474159
-101.5 0.475027
-101.3 0.475905
-101.1 0.476752
-100.9 0.477607
-100.7 0.478472
-100.5 0.479357
-100.3 0.480236
-100.1 0.481094
-99.9 0.481951
-99.7 0.482784
-99.5 0.483649
-99.3 0.484528
-99.1 0.485411
-98.9 0.486306
-98.7 0.487182
-98.5 0.488069
-98.3 0.488931
-98.1 0.489802
-97.9 0.490686
-97.7 0.491558
-97.5 0.492415
-97.3 0.493312
-97.1 0.494179
-96.9 0.495075
-96.7 0.495955
-96.5 0.496824
-96.3 0.497691
-96.1 0.498553
-95.9 0.499436
-95.7 0.500302
-95.5 0.501169
-95.3 0.502033
-95.1 0.502929
-94.9 0.503819
-94.7 0.504705
-94.5 0.505604
-94.3 0.506465
-94.1 0.507324
-93.9 0.508216
-93.7 0.509072
-93.5 0.509938
-93.3 0.510821
-93.1 0.511692
-92.9 0.512571
-92.7 0.513413
-92.5 0.514275
-92.3 0.515171
-92.1 0.516042
-91.9 0.516924
-91.7 0.517795
-91.5 0.518664
-91.3 0.519525
-91.1 0.520394
-90.9 0.521265
-90.7 0.52212
-90.5 0.522997
-90.3 0.523867
-90.1 0.524743
-89.9 0.525623
-89.7 0.526505
-89.5 0.527381
-89.3 0.528243
-89.1 0.529098
-88.9 0.529993
-88.7 0.530869
-88.5 0.531745
-88.3 0.532605
-88.1 0.533445
-87.9 0.534329
-87.7 0.535153
-87.5 0.536002
-87.3 0.536873
-87.1 0.537731
-86.9 0.538598
-86.7 0.539483
-86.5 0.540346
-86.3 0.541247
-86.1 0.542085
-85.9 0.542905
-85.7 0.543755
-85.5 0.544622
-85.3 0.545491
-85.1 0.546372
-84.9 0.547223
-84.7 0.548091
-84.5 0.548954
-84.3 0.549799
-84.1 0.550673
-83.9 0.55153
-83.7 0.552386
-83.5 0.553265
-83.3 0.554118
-83.1 0.554974
-82.9 0.555859
-82.7 0.556726
-82.5 0.557614
-82.3 0.55846
-82.1 0.559323
-81.9 0.560153
-81.7 0.561006
-81.5 0.561862
-81.3 0.562722
-81.1 0.563591
-80.9 0.56444
-80.7 0.565266
-80.5 0.566101
-80.3 0.566961
-80.1 0.567837
-79.9 0.568708
-79.7 0.569544
-79.5 0.570422
-79.3 0.571267
-79.1 0.572126
-78.9 0.573007
-78.7 0.573886
-78.5 0.574737
-78.3 0.575608
-78.1 0.576491
-77.9 0.577396
-77.7 0.578269
-77.5 0.579098
-77.3 0.579941
-77.1 0.580792
-76.9 0.581653
-76.7 0.582524
-76.5 0.583382
-76.3 0.584224
-76.1 0.585079
-75.9 0.585946
-75.7 0.586853
-75.5 0.587735
-75.3 0.588571
-75.1 0.589427
-74.9 0.590313
-74.7 0.591192
-74.5 0.59205
-74.3 0.592946
-74.1 0.593771
-73.9 0.594627
-73.7 0.59547
-73.5 0.596341
-73.3 0.597204
-73.1 0.598084
-72.9 0.598954
-72.7 0.599832
-72.5 0.600727
-72.3 0.601619
-72.1 0.602495
-71.9 0.603367
-71.7 0.604204
-71.5 0.605092
-71.3 0.605939
-71.1 0.606811
-70.9 0.6077
-70.7 0.608563
-70.5 0.609459
-70.3 0.610295
-70.1 0.611173
-69.9 0.612059
-69.7 0.612955
-69.5 0.613866
-69.3 0.614726
-69.1 0.615563
-68.9 0.616435
-68.7 0.617314
-68.5 0.618144
-68.3 0.61903
-68.1 0.619921
-67.9 0.620753
-67.7 0.621625
-67.5 0.622519
-67.3 0.623407
-67.1 0.624291
-66.9 0.625149
-66.7 0.62603
-66.5 0.626905
-66.3 0.627747
-66.1 0.628597
-65.9 0.629482
-65.7 0.630318
-65.5 0.631193
-65.3 0.632069
-65.1 0.632912
-64.9 0.633831
-64.7 0.634678
-64.5 0.635555
-64.3 0.636394
-64.1 0.63726
-63.9 0.638088
-63.7 0.638962
-63.5 0.639853
-63.3 0.640769
-63.1 0.641629
-62.9 0.642494
-62.7 0.643396
-62.5 0.64426
-62.3 0.645127
-62.1 0.646017
-61.9 0.646904
-61.7 0.647778
-61.5 0.648656
-61.3 0.649526
-61.1 0.650403
-60.9 0.651244
-60.7 0.652129
-60.5 0.652999
-60.3 0.653848
-60.1 0.654745
-59.9 0.655597
-59.7 0.65645
-59.5 0.657322
-59.3 0.658203
-59.1 0.65909
-58.9 0.659923
-58.7 0.660778
-58.5 0.661669
-58.3 0.662551
-58.1 0.663434
-57.9 0.664278
-57.7 0.665182
-57.5 0.66604
-57.3 0.666902
-57.1 0.667755
-56.9 0.66861
-56.7 0.669472
-56.5 0.670341
-56.3 0.671227
-56.1 0.672101
-55.9 0.672995
-55.7 0.673873
-55.5 0.674746
-55.3 0.67561
-55.1 0.676464
-54.9 0.677343
-54.7 0.678216
-54.5 0.679056
-54.3 0.679927
-54.1 0.680829
-53.9 0.681657
-53.7 0.682513
-53.5 0.683381
-53.3 0.684272
-53.1 0.685157
-52.9 0.686002
-52.7 0.686867
-52.5 0.687709
-52.3 0.688599
-52.1 0.689481
-51.9 0.690309
-51.7 0.691162
-51.5 0.69203
-51.3 0.692911
-51.1 0.693786
-50.9 0.694667
-50.7 0.695543
-50.5 0.696417
-50.3 0.697296
-50.1 0.698204
-49.9 0.699081
-49.7 0.699911
-49.5 0.70079
-49.3 0.701689
-49.1 0.70254
-48.9 0.703411
-48.7 0.704314
-48.5 0.705193
-48.3 0.706048
-48.1 0.706907
-47.9 0.707759
-47.7 0.708604
-47.5 0.709468
-47.3 0.710334
-47.1 0.711191
-46.9 0.712073
-46.7 0.712966
-46.5 0.713837
-46.3 0.714697
-46.1 0.715584
-45.9 0.716445
-45.7 0.717312
-45.5 0.718168
-45.3 0.719042
-45.1 0.719901
-44.9 0.720788
-44.7 0.72169
-44.5 0.72256
-44.3 0.723452
-44.1 0.724315
-43.9 0.725198
-43.7 0.726063
-43.5 0.726919
-43.3 0.727802
-43.1 0.728689
-42.9 0.729522
-42.7 0.730368
-42.5 0.731256
-42.3 0.732083
-42.1 0.732975
-41.9 0.733825
-41.7 0.734679
-41.5 0.735523
-41.3 0.736371
-41.1 0.737253
-40.9 0.738126
-40.7 0.739012
-40.5 0.739862
-40.3 0.740738
-40.1 0.741613
-39.9 0.742491
-39.7 0.743382
-39.5 0.744261
-39.3 0.745139
-39.1 0.746017
-38.9 0.746871
-38.7 0.747757
-38.5 0.748595
-38.3 0.749441
-38.1 0.750323
-37.9 0.751181
-37.7 0.752046
-37.5 0.752883
-37.3 0.753732
-37.1 0.754583
-36.9 0.755445
-36.7 0.756312
-36.5 0.757209
-36.3 0.758042
-36.1 0.758919
-35.9 0.759768
-35.7 0.760664
-35.5 0.761517
-35.3 0.762357
-35.1 0.763221
-34.9 0.764082
-34.7 0.764976
-34.5 0.765821
-34.3 0.766692
-34.1 0.767566
-33.9 0.768445
-33.7 0.769312
-33.5 0.770167
-33.3 0.771031
-33.1 0.771877
-32.9 0.772774
-32.7 0.773659
-32.5 0.774536
-32.3 0.775394
-32.1 0.776224
-31.9 0.777121
-31.7 0.777956
-31.5 0.778807
-31.3 0.779678
-31.1 0.780534
-30.9 0.781396
-30.7 0.782267
-30.5 0.783127
-30.3 0.78399
-30.1 0.784877
-29.9 0.785714
-29.7 0.786595
-29.5 0.787458
-29.3 0.788356
-29.1 0.789201
-28.9 0.790084
-28.7 0.790967
-28.5 0.791836
-28.3 0.792728
-28.1 0.793605
-27.9 0.794435
-27.7 0.795314
-27.5 0.796176
-27.3 0.797005
-27.1 0.797875
-26.9 0.798755
-26.7 0.799613
-26.5 0.800413
-26.3 0.801263
-26.1 0.802102
-25.9 0.802968
-25.7 0.803835
-25.5 0.804721
-25.3 0.80558
-25.1 0.806444
-24.9 0.807312
-24.7 0.808174
-24.5 0.809026
-24.3 0.809862
-24.1 0.810708
-23.9 0.811562
-23.7 0.812449
-23.5 0.813309
-23.3 0.814197
-23.1 0.815047
-22.9 0.815936
-22.7 0.816794
-22.5 0.817621
-22.3 0.818486
-22.1 0.81933
-21.9 0.820179
-21.7 0.821041
-21.5 0.821907
-21.3 0.822743
-21.1 0.823585
-20.9 0.824472
-20.7 0.825316
-20.5 0.826182
-20.3 0.827077
-20.1 0.827938
-19.9 0.828835
-19.7 0.829676
-19.5 0.830542
-19.3 0.831392
-19.1 0.83227
-18.9 0.833111
-18.7 0.833979
-18.5 0.834861
-18.3 0.835727
-18.1 0.836599
-17.9 0.83746
-17.7 0.838314
-17.5 0.839198
-17.3 0.84005
-17.1 0.840918
-16.9 0.84181
-16.7 0.842655
-16.5 0.843525
-16.3 0.844391
-16.1 0.845261
-15.9 0.846151
-15.7 0.847015
-15.5 0.847895
-15.3 0.848738
-15.1 0.849603
-14.9 0.850434
-14.7 0.851307
-14.5 0.852165
-14.3 0.853018
-14.1 0.853874
-13.9 0.854716
-13.7 0.855571
-13.5 0.856463
-13.3 0.857319
-13.1 0.858177
-12.9 0.859042
-12.7 0.859871
-12.5 0.860728
-12.3 0.861589
-12.1 0.862461
-11.9 0.863335
-11.7 0.864203
-11.5 0.865057
-11.3 0.865893
-11.1 0.866763
-10.9 0.867612
-10.7 0.868425
-10.5 0.869279
-10.3 0.870154
-10.1 0.871023
-9.9 0.871883
-9.7 0.872732
-9.5 0.873587
-9.3 0.874468
-9.1 0.875304
-8.9 0.876183
-8.7 0.877021
-8.5 0.877906
-8.3 0.878758
-8.1 0.879614
-7.9 0.880482
-7.7 0.881331
-7.5 0.882207
-7.3 0.883095
-7.1 0.883983
-6.9 0.884824
-6.7 0.885699
-6.5 0.886576
-6.3 0.887444
-6.1 0.888278
-5.9 0.889111
-5.7 0.88997
-5.5 0.890834
-5.3 0.891711
-5.1 0.892549
-4.9 0.89342
-4.7 0.894268
-4.5 0.895137
-4.3 0.896008
-4.1 0.896842
-3.9 0.897701
-3.7 0.898542
-3.5 0.899423
-3.3 0.90029
-3.1 0.901149
-2.9 0.902017
-2.7 0.902893
-2.5 0.903778
-2.3 0.904593
-2.1 0.905456
-1.9 0.906343
-1.7 0.907174
-1.5 0.908047
-1.3 0.908938
-1.1 0.909786
-0.899999 0.910651
-0.699999 0.911534
-0.499999 0.912368
-0.299999 0.913216
-0.0999994 0.914079
0.100001 0.914936
0.300001 0.915762
0.500001 0.916606
0.700001 0.917456
0.900001 0.91833
1.1 0.919193
1.3 0.920038
1.5 0.92091
1.7 0.921766
1.9 0.922648
2.1 0.92351
2.3 0.924377
2.5 0.925227
2.7 0.926078
2.9 0.926908
3.1 0.927747
3.3 0.928614
3.5 0.929481
3.7 0.930364
3.9 0.931253
4.1 0.932092
4.3 0.932913
4.5 0.93377
4.7 0.934608
4.9 0.935458
5.1 0.936242
5.3 0.937104
5.5 0.937964
5.7 0.938797
5.9 0.939647
6.1 0.940507
6.3 0.941334
6.5 0.942157
6.7 0.942988
6.9 0.943807
7.1 0.944675
7.3 0.945527
7.5 0.946397
7.7 0.947215
7.9 0.948026
8.1 0.948811
8.3 0.949642
8.5 0.950485
8.7 0.951293
8.9 0.952122
9.1 0.952959
9.3 0.953774
9.5 0.954551
9.7 0.955323
9.9 0.956152
10.1 0.956951
10.3 0.957774
10.5 0.958565
10.7 0.959378
10.9 0.960146
11.1 0.960905
11.3 0.96169
11.5 0.962449
11.7 0.963218
11.9 0.963992
12.1 0.964754
12.3 0.965486
12.5 0.966242
12.7 0.966974
12.9 0.967686
13.1 0.968387
13.3 0.969111
13.5 0.969831
13.7 0.97054
13.9 0.971238
14.1 0.971926
14.3 0.972584
14.5 0.973243
14.7 0.973882
14.9 0.974528
15.1 0.975192
15.3 0.97581
15.5 0.976435
15.7 0.977026
15.9 0.977627
16.1 0.978203
16.3 0.978788
16.5 0.979365
16.7 0.979906
16.9 0.980464
17.1 0.981025
17.3 0.981549
17.5 0.982102
17.7 0.982649
17.9 0.983169
18.1 0.983657
18.3 0.984148
18.5 0.984636
18.7 0.985088
18.9 0.985545
19.1 0.985995
19.3 0.986461
19.5 0.986918
19.7 0.98735
19.9 0.987755
20.1 0.988146
20.3 0.988572
20.5 0.988986
20.7 0.989373
20.9 0.989762
21.1 0.990134
21.3 0.990483
21.5 0.990827
21.7 0.991165
21.9 0.991502
22.1 0.991812
22.3 0.992133
22.5 0.992446
22.7 0.992741
22.9 0.993048
23.1 0.993343
23.3 0.993614
23.5 0.993872
23.7 0.994116
23.9 0.994382
24.1 0.994618
24.3 0.994857
24.5 0.995074
24.7 0.9953
24.9 0.995507
25.1 0.995709
25.3 0.995911
25.5 0.996086
25.7 0.996253
25.9 0.996447
26.1 0.996613
26.3 0.996788
26.5 0.996948
26.7 0.997103
26.9 0.997237
27.1 0.997376
27.3 0.997516
27.5 0.997645
27.7 0.997772
27.9 0.997879
28.1 0.998
28.3 0.998097
28.5 0.998215
28.7 0.998314
28.9 0.998405
29.1 0.998496
29.3 0.998586
29.5 0.998668
29.7 0.998746
29.9 0.998824
30.1 0.998903
30.3 0.998967
30.5 0.999034
30.7 0.99909
30.9 0.99914
31.1 0.999196
31.3 0.999243
31.5 0.999293
31.7 0.999338
31.9 0.999377
32.1 0.999414
32.3 0.999449
32.5 0.999485
32.7 0.999517
32.9 0.999548
33.1 0.999577
33.3 0.999602
33.5 0.999623
33.7 0.999645
33.9 0.999669
34.1 0.99969
34.3 0.999704
34.5 0.99972
34.7 0.999733
34.9 0.999746
35.1 0.99976
35.3 0.999771
35.5 0.999778
35.7 0.999787
35.9 0.999796
36.1 0.999803
36.3 0.999811
36.5 0.999818
36.7 0.999825
36.9 0.999833
37.1 0.999841
37.3 0.999847
37.5 0.999851
37.7 0.999856
37.9 0.999859
38.1 0.999863
38.3 0.999866
38.5 0.999872
38.7 0.999875
38.9 0.999879
39.1 0.999884
39.3 0.999887
39.5 0.999889
39.7 0.999894
39.9 0.999896
40.1 0.999898
40.3 0.999901
40.5 0.999902
40.7 0.999904
40.9 0.999906
41.1 0.999908
41.3 0.999912
41.5 0.999912
41.7 0.999915
41.9 0.999919
42.1 0.999921
42.3 0.999923
42.5 0.999925
42.7 0.999928
42.9 0.99993
43.1 0.999932
43.3 0.999933
43.5 0.999935
43.7 0.999937
43.9 0.999939
44.1 0.999941
44.3 0.999942
44.5 0.999944
44.7 0.999945
44.9 0.999948
45.1 0.999951
45.3 0.999954
45.5 0.999956
45.7 0.999957
45.9 0.999958
46.1 0.999961
46.3 0.999964
46.5 0.999966
46.7 0.999969
46.9 0.99997
47.1 0.999971
47.3 0.999972
47.5 0.999975
47.7 0.99998
47.9 0.999981
48.1 0.999983
48.3 0.999985
48.5 0.999988
48.7 0.999989
48.9 0.999992
49.1 0.999993
49.3 0.999994
49.5 0.999996
49.7 0.999997
49.9 0.999999
50.1 1
