-1599.9 0
-1599.7 1
-1599.5 2
-1599.3 0
-1599.1 0
-1598.9 0
-1598.7 0
-1598.5 0
-1598.3 0
-1598.1 0
-1597.9 0
-1597.7 0
-1597.5 0
-1597.3 0
-1597.1 0
-1596.9 0
-1596.7 0
-1596.5 0
-1596.3 0
-1596.1 0
-1595.9 0
-1595.7 0
-1595.5 0
-1595.3 0
-1595.1 1
-1594.9 0
-1594.7 1
-1594.5 0
-1594.3 0
-1594.1 0
-1593.9 1
-1593.7 1
-1593.5 0
-1593.3 0
-1593.1 0
-1592.9 0
-1592.7 0
-1592.5 0
-1592.3 1
-1592.1 0
-1591.9 0
-1591.7 0
-1591.5 0
-1591.3 0
-1591.1 0
-1590.9 1
-1590.7 0
-1590.5 0
-1590.3 0
-1590.1 1
-1589.9 0
-1589.7 4
-1589.5 1
-1589.3 0
-1589.1 1
-1588.9 1
-1588.7 1
-1588.5 4
-1588.3 2
-1588.1 6
-1587.9 6
-1587.7 5
-1587.5 2
-1587.3 4
-1587.1 8
-1586.9 6
-1586.7 10
-1586.5 12
-1586.3 21
-1586.1 10
-1585.9 24
-1585.7 24
-1585.5 21
-1585.3 30
-1585.1 32
-1584.9 45
-1584.7 42
-1584.5 56
-1584.3 49
-1584.1 78
-1583.9 103
-1583.7 98
-1583.5 105
-1583.3 116
-1583.1 125
-1582.9 124
-1582.7 150
-1582.5 179
-1582.3 179
-1582.1 147
-1581.9 195
-1581.7 201
-1581.5 206
-1581.3 207
-1581.1 223
-1580.9 221
-1580.7 240
-1580.5 251
-1580.3 246
-1580.1 262
-1579.9 246
-1579.7 266
-1579.5 280
-1579.3 254
-1579.1 280
-1578.9 286
-1578.7 273
-1578.5 259
-1578.3 288
-1578.1 319
-1577.9 327
-1577.7 290
-1577.5 323
-1577.3 328
-1577.1 335
-1576.9 305
-1576.7 320
-1576.5 342
-1576.3 375
-1576.1 352
-1575.9 398
-1575.7 345
-1575.5 378
-1575.3 402
-1575.1 389
-1574.9 418
-1574.7 414
-1574.5 419
-1574.3 401
-1574.1 478
-1573.9 453
-1573.7 480
-1573.5 452
-1573.3 520
-1573.1 499
-1572.9 493
-1572.7 531
-1572.5 510
-1572.3 528
-1572.1 538
-1571.9 578
-1571.7 552
-1571.5 587
-1571.3 561
-1571.1 600
-1570.9 619
-1570.7 665
-1570.5 641
-1570.3 612
-1570.1 680
-1569.9 699
-1569.7 686
-1569.5 719
-1569.3 730
-1569.1 720
-1568.9 750
-1568.7 766
-1568.5 759
-1568.3 741
-1568.1 773
-1567.9 805
-1567.7 760
-1567.5 805
-1567.3 768
-1567.1 753
-1566.9 821
-1566.7 821
-1566.5 791
-1566.3 827
-1566.1 837
-1565.9 810
-1565.7 791
-1565.5 788
-1565.3 785
-1565.1 781
-1564.9 848
-1564.7 847
-1564.5 797
-1564.3 821
-1564.1 837
-1563.9 796
-1563.7 765
-1563.5 777
-1563.3 791
-1563.1 800
-1562.9 806
-1562.7 847
-1562.5 787
-1562.3 765
-1562.1 778
-1561.9 825
-1561.7 750
-1561.5 749
-1561.3 771
-1561.1 769
-1560.9 731
-1560.7 743
-1560.5 697
-1560.3 717
-1560.1 775
-1559.9 733
-1559.7 706
-1559.5 715
-1559.3 707
-1559.1 677
-1558.9 705
-1558.7 674
-1558.5 702
-1558.3 676
-1558.1 746
-1557.9 677
-1557.7 743
-1557.5 666
-1557.3 654
-1557.1 672
-1556.9 706
-1556.7 669
-1556.5 636
-1556.3 640
-1556.1 678
-1555.9 682
-1555.7 671
-1555.5 652
-1555.3 648
-1555.1 677
-1554.9 681
-1554.7 680
-1554.5 657
-1554.3 636
-1554.1 677
-1553.9 669
-1553.7 698
-1553.5 675
-1553.3 638
-1553.1 649
-1552.9 687
-1552.7 657
-1552.5 673
-1552.3 658
-1552.1 679
-1551.9 625
-1551.7 686
-1551.5 610
-1551.3 634
-1551.1 619
-1550.9 625
-1550.7 672
-1550.5 636
-1550.3 620
-1550.1 591
-1549.9 651
-1549.7 600
-1549.5 609
-1549.3 626
-1549.1 569
-1548.9 580
-1548.7 623
-1548.5 609
-1548.3 633
-1548.1 583
-1547.9 634
-1547.7 629
-1547.5 643
-1547.3 588
-1547.1 637
-1546.9 603
-1546.7 561
-1546.5 602
-1546.3 621
-1546.1 636
-1545.9 578
-1545.7 603
-1545.5 614
-1545.3 636
-1545.1 599
-1544.9 600
-1544.7 594
-1544.5 608
-1544.3 591
-1544.1 618
-1543.9 632
-1543.7 628
-1543.5 611
-1543.3 615
-1543.1 587
-1542.9 577
-1542.7 662
-1542.5 612
-1542.3 588
-1542.1 590
-1541.9 609
-1541.7 609
-1541.5 602
-1541.3 634
-1541.1 586
-1540.9 572
-1540.7 571
-1540.5 529
-1540.3 581
-1540.1 578
-1539.9 571
-1539.7 644
-1539.5 537
-1539.3 533
-1539.1 545
-1538.9 578
-1538.7 583
-1538.5 568
-1538.3 556
-1538.1 527
-1537.9 554
-1537.7 511
-1537.5 535
-1537.3 565
-1537.1 530
-1536.9 563
-1536.7 571
-1536.5 530
-1536.3 534
-1536.1 525
-1535.9 495
-1535.7 530
-1535.5 564
-1535.3 544
-1535.1 533
-1534.9 574
-1534.7 549
-1534.5 596
-1534.3 566
-1534.1 572
-1533.9 526
-1533.7 537
-1533.5 564
-1533.3 519
-1533.1 522
-1532.9 531
-1532.7 572
-1532.5 550
-1532.3 569
-1532.1 485
-1531.9 532
-1531.7 550
-1531.5 534
-1531.3 545
-1531.1 529
-1530.9 564
-1530.7 564
-1530.5 555
-1530.3 544
-1530.1 555
-1529.9 559
-1529.7 550
-1529.5 573
-1529.3 592
-1529.1 572
-1528.9 573
-1528.7 578
-1528.5 538
-1528.3 628
-1528.1 532
-1527.9 579
-1527.7 577
-1527.5 571
-1527.3 544
-1527.1 550
-1526.9 600
-1526.7 538
-1526.5 534
-1526.3 520
-1526.1 522
-1525.9 567
-1525.7 610
-1525.5 556
-1525.3 528
-1525.1 556
-1524.9 531
-1524.7 512
-1524.5 509
-1524.3 538
-1524.1 550
-1523.9 522
-1523.7 527
-1523.5 566
-1523.3 499
-1523.1 503
-1522.9 535
-1522.7 512
-1522.5 509
-1522.3 521
-1522.1 467
-1521.9 484
-1521.7 505
-1521.5 501
-1521.3 517
-1521.1 522
-1520.9 512
-1520.7 495
-1520.5 474
-1520.3 496
-1520.1 512
-1519.9 483
-1519.7 510
-1519.5 517
-1519.3 481
-1519.1 492
-1518.9 552
-1518.7 459
-1518.5 467
-1518.3 528
-1518.1 501
-1517.9 541
-1517.7 456
-1517.5 501
-1517.3 495
-1517.1 500
-1516.9 490
-1516.7 540
-1516.5 573
-1516.3 518
-1516.1 495
-1515.9 504
-1515.7 511
-1515.5 515
-1515.3 568
-1515.1 531
-1514.9 577
-1514.7 567
-1514.5 556
-1514.3 533
-1514.1 547
-1513.9 569
-1513.7 562
-1513.5 552
-1513.3 549
-1513.1 568
-1512.9 563
-1512.7 539
-1512.5 555
-1512.3 623
-1512.1 625
-1511.9 590
-1511.7 597
-1511.5 570
-1511.3 549
-1511.1 540
-1510.9 582
-1510.7 603
-1510.5 515
-1510.3 513
-1510.1 553
-1509.9 625
-1509.7 580
-1509.5 540
-1509.3 585
-1509.1 550
-1508.9 541
-1508.7 515
-1508.5 551
-1508.3 522
-1508.1 562
-1507.9 517
-1507.7 523
-1507.5 488
-1507.3 500
-1507.1 542
-1506.9 526
-1506.7 498
-1506.5 498
-1506.3 507
-1506.1 473
-1505.9 491
-1505.7 520
-1505.5 503
-1505.3 492
-1505.1 526
-1504.9 532
-1504.7 469
-1504.5 497
-1504.3 498
-1504.1 476
-1503.9 507
-1503.7 468
-1503.5 466
-1503.3 452
-1503.1 530
-1502.9 480
-1502.7 491
-1502.5 509
-1502.3 497
-1502.1 476
-1501.9 477
-1501.7 487
-1501.5 500
-1501.3 479
-1501.1 484
-1500.9 529
-1500.7 540
-1500.5 507
-1500.3 496
-1500.1 530
-1499.9 486
-1499.7 537
-1499.5 497
-1499.3 490
-1499.1 506
-1498.9 497
-1498.7 504
-1498.5 584
-1498.3 550
-1498.1 535
-1497.9 519
-1497.7 532
-1497.5 568
-1497.3 559
-1497.1 494
-1496.9 564
-1496.7 554
-1496.5 587
-1496.3 602
-1496.1 641
-1495.9 611
-1495.7 583
-1495.5 606
-1495.3 605
-1495.1 588
-1494.9 615
-1494.7 626
-1494.5 614
-1494.3 647
-1494.1 621
-1493.9 603
-1493.7 600
-1493.5 595
-1493.3 578
-1493.1 585
-1492.9 579
-1492.7 614
-1492.5 599
-1492.3 587
-1492.1 570
-1491.9 597
-1491.7 573
-1491.5 611
-1491.3 579
-1491.1 583
-1490.9 555
-1490.7 589
-1490.5 575
-1490.3 617
-1490.1 569
-1489.9 583
-1489.7 530
-1489.5 541
-1489.3 545
-1489.1 559
-1488.9 554
-1488.7 561
-1488.5 556
-1488.3 534
-1488.1 584
-1487.9 537
-1487.7 557
-1487.5 521
-1487.3 532
-1487.1 524
-1486.9 557
-1486.7 540
-1486.5 553
-1486.3 526
-1486.1 581
-1485.9 541
-1485.7 601
-1485.5 569
-1485.3 591
-1485.1 550
-1484.9 594
-1484.7 566
-1484.5 493
-1484.3 545
-1484.1 516
-1483.9 538
-1483.7 570
-1483.5 563
-1483.3 585
-1483.1 577
-1482.9 578
-1482.7 555
-1482.5 595
-1482.3 610
-1482.1 591
-1481.9 564
-1481.7 560
-1481.5 605
-1481.3 572
-1481.1 651
-1480.9 572
-1480.7 551
-1480.5 592
-1480.3 589
-1480.1 573
-1479.9 606
-1479.7 565
-1479.5 576
-1479.3 557
-1479.1 617
-1478.9 573
-1478.7 585
-1478.5 551
-1478.3 583
-1478.1 598
-1477.9 578
-1477.7 623
-1477.5 610
-1477.3 609
-1477.1 604
-1476.9 586
-1476.7 599
-1476.5 612
-1476.3 557
-1476.1 557
-1475.9 588
-1475.7 571
-1475.5 587
-1475.3 576
-1475.1 567
-1474.9 555
-1474.7 578
-1474.5 589
-1474.3 566
-1474.1 623
-1473.9 530
-1473.7 599
-1473.5 580
-1473.3 606
-1473.1 580
-1472.9 590
-1472.7 566
-1472.5 564
-1472.3 660
-1472.1 590
-1471.9 605
-1471.7 572
-1471.5 547
-1471.3 548
-1471.1 543
-1470.9 575
-1470.7 566
-1470.5 547
-1470.3 570
-1470.1 539
-1469.9 582
-1469.7 575
-1469.5 550
-1469.3 558
-1469.1 570
-1468.9 548
-1468.7 615
-1468.5 568
-1468.3 512
-1468.1 579
-1467.9 552
-1467.7 546
-1467.5 542
-1467.3 504
-1467.1 553
-1466.9 526
-1466.7 556
-1466.5 583
-1466.3 533
-1466.1 570
-1465.9 566
-1465.7 540
-1465.5 580
-1465.3 540
-1465.1 515
-1464.9 583
-1464.7 549
-1464.5 582
-1464.3 555
-1464.1 610
-1463.9 549
-1463.7 546
-1463.5 580
-1463.3 541
-1463.1 611
-1462.9 558
-1462.7 563
-1462.5 581
-1462.3 586
-1462.1 635
-1461.9 534
-1461.7 580
-1461.5 584
-1461.3 555
-1461.1 528
-1460.9 607
-1460.7 572
-1460.5 569
-1460.3 571
-1460.1 525
-1459.9 537
-1459.7 547
-1459.5 594
-1459.3 550
-1459.1 554
-1458.9 535
-1458.7 595
-1458.5 591
-1458.3 584
-1458.1 543
-1457.9 572
-1457.7 555
-1457.5 541
-1457.3 583
-1457.1 545
-1456.9 553
-1456.7 547
-1456.5 544
-1456.3 560
-1456.1 588
-1455.9 522
-1455.7 549
-1455.5 559
-1455.3 600
-1455.1 569
-1454.9 523
-1454.7 538
-1454.5 555
-1454.3 557
-1454.1 537
-1453.9 580
-1453.7 579
-1453.5 515
-1453.3 554
-1453.1 562
-1452.9 540
-1452.7 523
-1452.5 546
-1452.3 518
-1452.1 565
-1451.9 547
-1451.7 513
-1451.5 519
-1451.3 545
-1451.1 540
-1450.9 516
-1450.7 489
-1450.5 522
-1450.3 550
-1450.1 549
-1449.9 497
-1449.7 539
-1449.5 555
-1449.3 568
-1449.1 550
-1448.9 545
-1448.7 540
-1448.5 529
-1448.3 525
-1448.1 527
-1447.9 574
-1447.7 536
-1447.5 552
-1447.3 524
-1447.1 527
-1446.9 556
-1446.7 558
-1446.5 554
-1446.3 503
-1446.1 520
-1445.9 485
-1445.7 512
-1445.5 515
-1445.3 541
-1445.1 549
-1444.9 562
-1444.7 523
-1444.5 519
-1444.3 527
-1444.1 546
-1443.9 533
-1443.7 560
-1443.5 536
-1443.3 552
-1443.1 527
-1442.9 511
-1442.7 552
-1442.5 552
-1442.3 515
-1442.1 490
-1441.9 504
-1441.7 545
-1441.5 547
-1441.3 506
-1441.1 529
-1440.9 545
-1440.7 552
-1440.5 492
-1440.3 525
-1440.1 514
-1439.9 525
-1439.7 495
-1439.5 536
-1439.3 538
-1439.1 583
-1438.9 540
-1438.7 523
-1438.5 515
-1438.3 514
-1438.1 473
-1437.9 530
-1437.7 490
-1437.5 489
-1437.3 550
-1437.1 494
-1436.9 508
-1436.7 491
-1436.5 488
-1436.3 517
-1436.1 526
-1435.9 505
-1435.7 498
-1435.5 484
-1435.3 478
-1435.1 523
-1434.9 543
-1434.7 535
-1434.5 525
-1434.3 504
-1434.1 540
-1433.9 505
-1433.7 558
-1433.5 554
-1433.3 465
-1433.1 487
-1432.9 505
-1432.7 477
-1432.5 529
-1432.3 495
-1432.1 508
-1431.9 540
-1431.7 513
-1431.5 521
-1431.3 507
-1431.1 489
-1430.9 514
-1430.7 524
-1430.5 556
-1430.3 518
-1430.1 558
-1429.9 599
-1429.7 575
-1429.5 534
-1429.3 487
-1429.1 553
-1428.9 540
-1428.7 509
-1428.5 523
-1428.3 541
-1428.1 555
-1427.9 514
-1427.7 510
-1427.5 529
-1427.3 546
-1427.1 537
-1426.9 515
-1426.7 523
-1426.5 569
-1426.3 548
-1426.1 538
-1425.9 574
-1425.7 532
-1425.5 557
-1425.3 493
-1425.1 528
-1424.9 509
-1424.7 513
-1424.5 574
-1424.3 566
-1424.1 542
-1423.9 619
-1423.7 559
-1423.5 560
-1423.3 572
-1423.1 559
-1422.9 546
-1422.7 532
-1422.5 516
-1422.3 573
-1422.1 578
-1421.9 541
-1421.7 534
-1421.5 580
-1421.3 564
-1421.1 565
-1420.9 602
-1420.7 588
-1420.5 586
-1420.3 590
-1420.1 580
-1419.9 561
-1419.7 561
-1419.5 572
-1419.3 522
-1419.1 565
-1418.9 582
-1418.7 590
-1418.5 556
-1418.3 605
-1418.1 564
-1417.9 612
-1417.7 601
-1417.5 540
-1417.3 546
-1417.1 559
-1416.9 559
-1416.7 540
-1416.5 570
-1416.3 594
-1416.1 586
-1415.9 579
-1415.7 571
-1415.5 562
-1415.3 608
-1415.1 555
-1414.9 601
-1414.7 599
-1414.5 545
-1414.3 544
-1414.1 553
-1413.9 541
-1413.7 534
-1413.5 572
-1413.3 579
-1413.1 556
-1412.9 556
-1412.7 600
-1412.5 579
-1412.3 603
-1412.1 598
-1411.9 550
-1411.7 574
-1411.5 604
-1411.3 524
-1411.1 580
-1410.9 611
-1410.7 575
-1410.5 590
-1410.3 555
-1410.1 584
-1409.9 584
-1409.7 529
-1409.5 543
-1409.3 524
-1409.1 549
-1408.9 575
-1408.7 540
-1408.5 499
-1408.3 573
-1408.1 546
-1407.9 544
-1407.7 583
-1407.5 570
-1407.3 576
-1407.1 549
-1406.9 605
-1406.7 580
-1406.5 601
-1406.3 555
-1406.1 595
-1405.9 590
-1405.7 533
-1405.5 557
-1405.3 570
-1405.1 591
-1404.9 567
-1404.7 575
-1404.5 563
-1404.3 596
-1404.1 564
-1403.9 555
-1403.7 591
-1403.5 551
-1403.3 628
-1403.1 554
-1402.9 564
-1402.7 602
-1402.5 552
-1402.3 608
-1402.1 572
-1401.9 560
-1401.7 564
-1401.5 559
-1401.3 560
-1401.1 540
-1400.9 580
-1400.7 580
-1400.5 581
-1400.3 527
-1400.1 571
-1399.9 568
-1399.7 579
-1399.5 564
-1399.3 615
-1399.1 607
-1398.9 569
-1398.7 586
-1398.5 585
-1398.3 578
-1398.1 610
-1397.9 567
-1397.7 577
-1397.5 580
-1397.3 533
-1397.1 633
-1396.9 548
-1396.7 543
-1396.5 561
-1396.3 526
-1396.1 582
-1395.9 551
-1395.7 608
-1395.5 541
-1395.3 523
-1395.1 557
-1394.9 549
-1394.7 542
-1394.5 581
-1394.3 527
-1394.1 543
-1393.9 547
-1393.7 552
-1393.5 587
-1393.3 571
-1393.1 565
-1392.9 545
-1392.7 538
-1392.5 551
-1392.3 561
-1392.1 586
-1391.9 550
-1391.7 597
-1391.5 574
-1391.3 536
-1391.1 547
-1390.9 563
-1390.7 530
-1390.5 546
-1390.3 518
-1390.1 559
-1389.9 545
-1389.7 570
-1389.5 553
-1389.3 612
-1389.1 580
-1388.9 599
-1388.7 565
-1388.5 559
-1388.3 550
-1388.1 515
-1387.9 567
-1387.7 564
-1387.5 536
-1387.3 566
-1387.1 558
-1386.9 533
-1386.7 570
-1386.5 575
-1386.3 537
-1386.1 575
-1385.9 553
-1385.7 512
-1385.5 520
-1385.3 561
-1385.1 520
-1384.9 550
-1384.7 508
-1384.5 506
-1384.3 567
-1384.1 525
-1383.9 540
-1383.7 577
-1383.5 536
-1383.3 548
-1383.1 529
-1382.9 529
-1382.7 542
-1382.5 573
-1382.3 574
-1382.1 545
-1381.9 548
-1381.7 573
-1381.5 524
-1381.3 560
-1381.1 517
-1380.9 509
-1380.7 562
-1380.5 528
-1380.3 531
-1380.1 573
-1379.9 529
-1379.7 529
-1379.5 531
-1379.3 531
-1379.1 539
-1378.9 540
-1378.7 547
-1378.5 524
-1378.3 539
-1378.1 510
-1377.9 520
-1377.7 517
-1377.5 559
-1377.3 506
-1377.1 530
-1376.9 522
-1376.7 538
-1376.5 514
-1376.3 539
-1376.1 495
-1375.9 526
-1375.7 525
-1375.5 560
-1375.3 503
-1375.1 529
-1374.9 510
-1374.7 480
-1374.5 509
-1374.3 506
-1374.1 554
-1373.9 515
-1373.7 513
-1373.5 505
-1373.3 549
-1373.1 447
-1372.9 502
-1372.7 506
-1372.5 527
-1372.3 523
-1372.1 520
-1371.9 488
-1371.7 494
-1371.5 528
-1371.3 518
-1371.1 487
-1370.9 528
-1370.7 486
-1370.5 506
-1370.3 472
-1370.1 476
-1369.9 501
-1369.7 499
-1369.5 503
-1369.3 507
-1369.1 522
-1368.9 490
-1368.7 475
-1368.5 513
-1368.3 513
-1368.1 524
-1367.9 468
-1367.7 518
-1367.5 516
-1367.3 497
-1367.1 464
-1366.9 489
-1366.7 450
-1366.5 449
-1366.3 502
-1366.1 463
-1365.9 446
-1365.7 481
-1365.5 474
-1365.3 482
-1365.1 473
-1364.9 515
-1364.7 427
-1364.5 449
-1364.3 426
-1364.1 453
-1363.9 471
-1363.7 454
-1363.5 425
-1363.3 452
-1363.1 414
-1362.9 471
-1362.7 431
-1362.5 419
-1362.3 440
-1362.1 395
-1361.9 420
-1361.7 413
-1361.5 424
-1361.3 410
-1361.1 423
-1360.9 383
-1360.7 383
-1360.5 386
-1360.3 395
-1360.1 379
-1359.9 390
-1359.7 395
-1359.5 363
-1359.3 380
-1359.1 344
-1358.9 359
-1358.7 344
-1358.5 353
-1358.3 340
-1358.1 354
-1357.9 351
-1357.7 345
-1357.5 356
-1357.3 366
-1357.1 327
-1356.9 309
-1356.7 303
-1356.5 295
-1356.3 302
-1356.1 276
-1355.9 276
-1355.7 277
-1355.5 275
-1355.3 249
-1355.1 251
-1354.9 260
-1354.7 261
-1354.5 260
-1354.3 269
-1354.1 284
-1353.9 263
-1353.7 246
-1353.5 239
-1353.3 236
-1353.1 226
-1352.9 230
-1352.7 248
-1352.5 232
-1352.3 225
-1352.1 219
-1351.9 223
-1351.7 215
-1351.5 180
-1351.3 213
-1351.1 194
-1350.9 202
-1350.7 191
-1350.5 196
-1350.3 169
-1350.1 172
-1349.9 159
-1349.7 178
-1349.5 194
-1349.3 177
-1349.1 160
-1348.9 177
-1348.7 172
-1348.5 150
-1348.3 158
-1348.1 143
-1347.9 156
-1347.7 137
-1347.5 145
-1347.3 152
-1347.1 152
-1346.9 140
-1346.7 145
-1346.5 138
-1346.3 125
-1346.1 107
-1345.9 141
-1345.7 121
-1345.5 100
-1345.3 108
-1345.1 123
-1344.9 100
-1344.7 115
-1344.5 98
-1344.3 93
-1344.1 103
-1343.9 83
-1343.7 80
-1343.5 101
-1343.3 76
-1343.1 80
-1342.9 89
-1342.7 92
-1342.5 84
-1342.3 90
-1342.1 70
-1341.9 59
-1341.7 68
-1341.5 71
-1341.3 68
-1341.1 70
-1340.9 47
-1340.7 67
-1340.5 64
-1340.3 54
-1340.1 66
-1339.9 58
-1339.7 50
-1339.5 41
-1339.3 38
-1339.1 61
-1338.9 43
-1338.7 51
-1338.5 47
-1338.3 48
-1338.1 47
-1337.9 46
-1337.7 38
-1337.5 28
-1337.3 33
-1337.1 32
-1336.9 37
-1336.7 28
-1336.5 31
-1336.3 34
-1336.1 19
-1335.9 34
-1335.7 24
-1335.5 19
-1335.3 18
-1335.1 26
-1334.9 20
-1334.7 24
-1334.5 19
-1334.3 13
-1334.1 15
-1333.9 12
-1333.7 10
-1333.5 20
-1333.3 10
-1333.1 21
-1332.9 17
-1332.7 15
-1332.5 11
-1332.3 16
-1332.1 15
-1331.9 13
-1331.7 12
-1331.5 19
-1331.3 10
-1331.1 9
-1330.9 9
-1330.7 8
-1330.5 5
-1330.3 7
-1330.1 13
-1329.9 10
-1329.7 15
-1329.5 12
-1329.3 8
-1329.1 5
-1328.9 7
-1328.7 8
-1328.5 6
-1328.3 6
-1328.1 5
-1327.9 3
-1327.7 3
-1327.5 7
-1327.3 8
-1327.1 4
-1326.9 6
-1326.7 4
-1326.5 4
-1326.3 4
-1326.1 1
-1325.9 3
-1325.7 7
-1325.5 5
-1325.3 4
-1325.1 2
-1324.9 4
-1324.7 1
-1324.5 3
-1324.3 4
-1324.1 1
-1323.9 2
-1323.7 4
-1323.5 3
-1323.3 0
-1323.1 3
-1322.9 0
-1322.7 4
-1322.5 0
-1322.3 3
-1322.1 1
-1321.9 1
-1321.7 1
-1321.5 1
-1321.3 0
-1321.1 0
-1320.9 0
-1320.7 3
-1320.5 2
-1320.3 2
-1320.1 0
-1319.9 1
-1319.7 2
-1319.5 2
-1319.3 1
-1319.1 0
-1318.9 0
-1318.7 1
-1318.5 0
-1318.3 2
-1318.1 1
-1317.9 0
-1317.7 0
-1317.5 0
-1317.3 2
-1317.1 0
-1316.9 2
-1316.7 0
-1316.5 0
-1316.3 1
-1316.1 0
-1315.9 2
-1315.7 0
-1315.5 2
-1315.3 0
-1315.1 0
-1314.9 1
-1314.7 1
-1314.5 0
-1314.3 1
-1314.1 0
-1313.9 0
-1313.7 1
-1313.5 0
-1313.3 0
-1313.1 3
-1312.9 1
-1312.7 0
-1312.5 1
-1312.3 1
-1312.1 1
-1311.9 1
-1311.7 2
-1311.5 0
-1311.3 0
-1311.1 0
-1310.9 0
-1310.7 3
-1310.5 0
-1310.3 1
-1310.1 1
-1309.9 0
-1309.7 0
-1309.5 0
-1309.3 1
-1309.1 1
-1308.9 2
-1308.7 0
-1308.5 0
-1308.3 0
-1308.1 0
-1307.9 0
-1307.7 0
-1307.5 0
-1307.3 0
-1307.1 1
-1306.9 1
-1306.7 2
-1306.5 1
-1306.3 0
-1306.1 1
-1305.9 0
-1305.7 3
-1305.5 0
-1305.3 0
-1305.1 0
-1304.9 0
-1304.7 0
-1304.5 0
-1304.3 0
-1304.1 3
-1303.9 0
-1303.7 1
-1303.5 1
-1303.3 0
-1303.1 1
-1302.9 1
-1302.7 0
-1302.5 0
-1302.3 1
-1302.1 0
-1301.9 1
-1301.7 1
-1301.5 2
-1301.3 0
-1301.1 0
-1300.9 0
-1300.7 0
-1300.5 0
-1300.3 1
-1300.1 1
