-1599.9 0
-1599.7 0
-1599.5 0
-1599.3 0
-1599.1 1
-1598.9 0
-1598.7 0
-1598.5 1
-1598.3 0
-1598.1 0
-1597.9 0
-1597.7 0
-1597.5 0
-1597.3 0
-1597.1 0
-1596.9 0
-1596.7 0
-1596.5 0
-1596.3 0
-1596.1 0
-1595.9 0
-1595.7 0
-1595.5 0
-1595.3 0
-1595.1 0
-1594.9 0
-1594.7 0
-1594.5 0
-1594.3 0
-1594.1 0
-1593.9 0
-1593.7 0
-1593.5 0
-1593.3 0
-1593.1 1
-1592.9 0
-1592.7 1
-1592.5 0
-1592.3 1
-1592.1 0
-1591.9 1
-1591.7 0
-1591.5 0
-1591.3 0
-1591.1 0
-1590.9 1
-1590.7 1
-1590.5 0
-1590.3 1
-1590.1 2
-1589.9 0
-1589.7 1
-1589.5 0
-1589.3 0
-1589.1 3
-1588.9 1
-1588.7 1
-1588.5 2
-1588.3 5
-1588.1 6
-1587.9 8
-1587.7 5
-1587.5 8
-1587.3 7
-1587.1 5
-1586.9 6
-1586.7 10
-1586.5 7
-1586.3 12
-1586.1 13
-1585.9 16
-1585.7 21
-1585.5 24
-1585.3 25
-1585.1 21
-1584.9 23
-1584.7 39
-1584.5 38
-1584.3 46
-1584.1 52
-1583.9 56
-1583.7 47
-1583.5 66
-1583.3 55
-1583.1 73
-1582.9 84
-1582.7 98
-1582.5 90
-1582.3 92
-1582.1 124
-1581.9 120
-1581.7 122
-1581.5 124
-1581.3 149
-1581.1 154
-1580.9 166
-1580.7 160
-1580.5 171
-1580.3 210
-1580.1 198
-1579.9 210
-1579.7 219
-1579.5 225
-1579.3 211
-1579.1 223
-1578.9 250
-1578.7 223
-1578.5 251
-1578.3 266
-1578.1 272
-1577.9 264
-1577.7 255
-1577.5 316
-1577.3 310
-1577.1 273
-1576.9 281
-1576.7 299
-1576.5 310
-1576.3 298
-1576.1 283
-1575.9 302
-1575.7 312
-1575.5 343
-1575.3 343
-1575.1 311
-1574.9 348
-1574.7 369
-1574.5 333
-1574.3 346
-1574.1 368
-1573.9 366
-1573.7 372
-1573.5 380
-1573.3 366
-1573.1 375
-1572.9 416
-1572.7 394
-1572.5 409
-1572.3 395
-1572.1 450
-1571.9 415
-1571.7 419
-1571.5 442
-1571.3 418
-1571.1 474
-1570.9 492
-1570.7 417
-1570.5 502
-1570.3 453
-1570.1 521
-1569.9 547
-1569.7 521
-1569.5 526
-1569.3 561
-1569.1 525
-1568.9 624
-1568.7 575
-1568.5 552
-1568.3 629
-1568.1 569
-1567.9 641
-1567.7 628
-1567.5 555
-1567.3 631
-1567.1 653
-1566.9 652
-1566.7 698
-1566.5 686
-1566.3 673
-1566.1 675
-1565.9 683
-1565.7 681
-1565.5 695
-1565.3 753
-1565.1 740
-1564.9 688
-1564.7 746
-1564.5 694
-1564.3 705
-1564.1 756
-1563.9 732
-1563.7 727
-1563.5 760
-1563.3 767
-1563.1 776
-1562.9 787
-1562.7 744
-1562.5 772
-1562.3 765
-1562.1 717
-1561.9 770
-1561.7 719
-1561.5 764
-1561.3 739
-1561.1 754
-1560.9 765
-1560.7 762
-1560.5 775
-1560.3 729
-1560.1 718
-1559.9 730
-1559.7 758
-1559.5 750
-1559.3 689
-1559.1 769
-1558.9 736
-1558.7 736
-1558.5 730
-1558.3 715
-1558.1 691
-1557.9 695
-1557.7 762
-1557.5 684
-1557.3 705
-1557.1 750
-1556.9 718
-1556.7 725
-1556.5 760
-1556.3 702
-1556.1 698
-1555.9 723
-1555.7 678
-1555.5 725
-1555.3 686
-1555.1 740
-1554.9 700
-1554.7 681
-1554.5 675
-1554.3 695
-1554.1 672
-1553.9 685
-1553.7 661
-1553.5 645
-1553.3 683
-1553.1 656
-1552.9 668
-1552.7 680
-1552.5 666
-1552.3 703
-1552.1 681
-1551.9 657
-1551.7 613
-1551.5 652
-1551.3 653
-1551.1 650
-1550.9 602
-1550.7 655
-1550.5 640
-1550.3 640
-1550.1 618
-1549.9 621
-1549.7 637
-1549.5 646
-1549.3 624
-1549.1 646
-1548.9 638
-1548.7 642
-1548.5 664
-1548.3 679
-1548.1 680
-1547.9 636
-1547.7 611
-1547.5 625
-1547.3 638
-1547.1 620
-1546.9 585
-1546.7 636
-1546.5 622
-1546.3 652
-1546.1 604
-1545.9 618
-1545.7 616
-1545.5 615
-1545.3 627
-1545.1 603
-1544.9 631
-1544.7 611
-1544.5 553
-1544.3 632
-1544.1 576
-1543.9 597
-1543.7 606
-1543.5 589
-1543.3 580
-1543.1 648
-1542.9 627
-1542.7 606
-1542.5 609
-1542.3 616
-1542.1 627
-1541.9 596
-1541.7 613
-1541.5 570
-1541.3 593
-1541.1 605
-1540.9 615
-1540.7 633
-1540.5 617
-1540.3 547
-1540.1 533
-1539.9 559
-1539.7 550
-1539.5 629
-1539.3 581
-1539.1 576
-1538.9 546
-1538.7 584
-1538.5 585
-1538.3 578
-1538.1 579
-1537.9 558
-1537.7 607
-1537.5 590
-1537.3 617
-1537.1 600
-1536.9 589
-1536.7 562
-1536.5 593
-1536.3 613
-1536.1 600
-1535.9 557
-1535.7 573
-1535.5 583
-1535.3 553
-1535.1 568
-1534.9 596
-1534.7 581
-1534.5 579
-1534.3 545
-1534.1 532
-1533.9 608
-1533.7 570
-1533.5 568
-1533.3 597
-1533.1 576
-1532.9 560
-1532.7 532
-1532.5 581
-1532.3 560
-1532.1 518
-1531.9 540
-1531.7 530
-1531.5 526
-1531.3 576
-1531.1 553
-1530.9 577
-1530.7 562
-1530.5 568
-1530.3 573
-1530.1 576
-1529.9 508
-1529.7 570
-1529.5 560
-1529.3 528
-1529.1 560
-1528.9 544
-1528.7 538
-1528.5 543
-1528.3 577
-1528.1 581
-1527.9 558
-1527.7 560
-1527.5 561
-1527.3 578
-1527.1 540
-1526.9 597
-1526.7 563
-1526.5 557
-1526.3 550
-1526.1 552
-1525.9 540
-1525.7 529
-1525.5 574
-1525.3 564
-1525.1 542
-1524.9 598
-1524.7 555
-1524.5 602
-1524.3 566
-1524.1 582
-1523.9 539
-1523.7 552
-1523.5 529
-1523.3 540
-1523.1 541
-1522.9 590
-1522.7 538
-1522.5 510
-1522.3 569
-1522.1 541
-1521.9 607
-1521.7 508
-1521.5 541
-1521.3 541
-1521.1 547
-1520.9 540
-1520.7 518
-1520.5 507
-1520.3 567
-1520.1 558
-1519.9 532
-1519.7 523
-1519.5 473
-1519.3 521
-1519.1 497
-1518.9 589
-1518.7 557
-1518.5 511
-1518.3 540
-1518.1 560
-1517.9 561
-1517.7 506
-1517.5 554
-1517.3 511
-1517.1 487
-1516.9 521
-1516.7 556
-1516.5 517
-1516.3 538
-1516.1 554
-1515.9 499
-1515.7 543
-1515.5 591
-1515.3 538
-1515.1 525
-1514.9 557
-1514.7 544
-1514.5 556
-1514.3 565
-1514.1 585
-1513.9 547
-1513.7 558
-1513.5 534
-1513.3 571
-1513.1 525
-1512.9 571
-1512.7 553
-1512.5 537
-1512.3 562
-1512.1 540
-1511.9 552
-1511.7 577
-1511.5 541
-1511.3 532
-1511.1 560
-1510.9 521
-1510.7 596
-1510.5 550
-1510.3 507
-1510.1 491
-1509.9 519
-1509.7 568
-1509.5 569
-1509.3 573
-1509.1 531
-1508.9 552
-1508.7 545
-1508.5 546
-1508.3 599
-1508.1 598
-1507.9 595
-1507.7 575
-1507.5 548
-1507.3 529
-1507.1 523
-1506.9 531
-1506.7 595
-1506.5 619
-1506.3 512
-1506.1 565
-1505.9 571
-1505.7 578
-1505.5 581
-1505.3 535
-1505.1 547
-1504.9 584
-1504.7 570
-1504.5 534
-1504.3 595
-1504.1 582
-1503.9 547
-1503.7 578
-1503.5 557
-1503.3 608
-1503.1 599
-1502.9 611
-1502.7 563
-1502.5 554
-1502.3 578
-1502.1 585
-1501.9 632
-1501.7 547
-1501.5 550
-1501.3 562
-1501.1 574
-1500.9 557
-1500.7 527
-1500.5 558
-1500.3 577
-1500.1 574
-1499.9 596
-1499.7 549
-1499.5 550
-1499.3 569
-1499.1 550
-1498.9 592
-1498.7 579
-1498.5 559
-1498.3 586
-1498.1 533
-1497.9 585
-1497.7 587
-1497.5 572
-1497.3 582
-1497.1 556
-1496.9 610
-1496.7 562
-1496.5 588
-1496.3 574
-1496.1 567
-1495.9 563
-1495.7 546
-1495.5 557
-1495.3 592
-1495.1 591
-1494.9 551
-1494.7 523
-1494.5 550
-1494.3 532
-1494.1 553
-1493.9 594
-1493.7 563
-1493.5 599
-1493.3 551
-1493.1 525
-1492.9 544
-1492.7 608
-1492.5 580
-1492.3 531
-1492.1 567
-1491.9 572
-1491.7 546
-1491.5 527
-1491.3 579
-1491.1 550
-1490.9 580
-1490.7 599
-1490.5 542
-1490.3 645
-1490.1 564
-1489.9 570
-1489.7 544
-1489.5 599
-1489.3 597
-1489.1 558
-1488.9 617
-1488.7 572
-1488.5 579
-1488.3 602
-1488.1 586
-1487.9 596
-1487.7 582
-1487.5 614
-1487.3 577
-1487.1 576
-1486.9 592
-1486.7 540
-1486.5 603
-1486.3 599
-1486.1 538
-1485.9 580
-1485.7 596
-1485.5 580
-1485.3 569
-1485.1 586
-1484.9 563
-1484.7 557
-1484.5 584
-1484.3 539
-1484.1 608
-1483.9 608
-1483.7 540
-1483.5 537
-1483.3 579
-1483.1 584
-1482.9 568
-1482.7 584
-1482.5 563
-1482.3 570
-1482.1 552
-1481.9 581
-1481.7 642
-1481.5 586
-1481.3 561
-1481.1 554
-1480.9 550
-1480.7 610
-1480.5 592
-1480.3 566
-1480.1 615
-1479.9 584
-1479.7 543
-1479.5 578
-1479.3 572
-1479.1 549
-1478.9 612
-1478.7 587
-1478.5 511
-1478.3 583
-1478.1 559
-1477.9 562
-1477.7 576
-1477.5 556
-1477.3 556
-1477.1 551
-1476.9 545
-1476.7 577
-1476.5 592
-1476.3 586
-1476.1 578
-1475.9 547
-1475.7 569
-1475.5 582
-1475.3 606
-1475.1 535
-1474.9 559
-1474.7 605
-1474.5 590
-1474.3 603
-1474.1 589
-1473.9 566
-1473.7 560
-1473.5 582
-1473.3 575
-1473.1 588
-1472.9 563
-1472.7 564
-1472.5 576
-1472.3 565
-1472.1 572
-1471.9 580
-1471.7 532
-1471.5 557
-1471.3 590
-1471.1 563
-1470.9 578
-1470.7 580
-1470.5 593
-1470.3 601
-1470.1 584
-1469.9 588
-1469.7 596
-1469.5 555
-1469.3 559
-1469.1 592
-1468.9 571
-1468.7 617
-1468.5 562
-1468.3 536
-1468.1 573
-1467.9 577
-1467.7 558
-1467.5 561
-1467.3 549
-1467.1 581
-1466.9 569
-1466.7 590
-1466.5 560
-1466.3 520
-1466.1 581
-1465.9 544
-1465.7 562
-1465.5 534
-1465.3 583
-1465.1 582
-1464.9 543
-1464.7 548
-1464.5 549
-1464.3 605
-1464.1 570
-1463.9 552
-1463.7 585
-1463.5 600
-1463.3 586
-1463.1 568
-1462.9 606
-1462.7 516
-1462.5 546
-1462.3 598
-1462.1 564
-1461.9 557
-1461.7 570
-1461.5 573
-1461.3 567
-1461.1 558
-1460.9 569
-1460.7 571
-1460.5 548
-1460.3 574
-1460.1 538
-1459.9 548
-1459.7 579
-1459.5 557
-1459.3 557
-1459.1 548
-1458.9 525
-1458.7 596
-1458.5 513
-1458.3 554
-1458.1 579
-1457.9 578
-1457.7 539
-1457.5 540
-1457.3 530
-1457.1 577
-1456.9 571
-1456.7 583
-1456.5 559
-1456.3 526
-1456.1 577
-1455.9 558
-1455.7 561
-1455.5 570
-1455.3 517
-1455.1 558
-1454.9 582
-1454.7 602
-1454.5 504
-1454.3 518
-1454.1 573
-1453.9 536
-1453.7 576
-1453.5 572
-1453.3 541
-1453.1 540
-1452.9 572
-1452.7 559
-1452.5 545
-1452.3 567
-1452.1 546
-1451.9 532
-1451.7 529
-1451.5 490
-1451.3 526
-1451.1 583
-1450.9 525
-1450.7 577
-1450.5 514
-1450.3 571
-1450.1 537
-1449.9 506
-1449.7 536
-1449.5 561
-1449.3 527
-1449.1 546
-1448.9 529
-1448.7 527
-1448.5 543
-1448.3 533
-1448.1 518
-1447.9 554
-1447.7 547
-1447.5 579
-1447.3 537
-1447.1 571
-1446.9 583
-1446.7 551
-1446.5 531
-1446.3 511
-1446.1 546
-1445.9 524
-1445.7 556
-1445.5 556
-1445.3 521
-1445.1 539
-1444.9 541
-1444.7 591
-1444.5 541
-1444.3 577
-1444.1 568
-1443.9 592
-1443.7 551
-1443.5 530
-1443.3 562
-1443.1 570
-1442.9 522
-1442.7 573
-1442.5 557
-1442.3 534
-1442.1 584
-1441.9 562
-1441.7 508
-1441.5 556
-1441.3 579
-1441.1 536
-1440.9 541
-1440.7 526
-1440.5 537
-1440.3 517
-1440.1 570
-1439.9 523
-1439.7 550
-1439.5 602
-1439.3 535
-1439.1 599
-1438.9 535
-1438.7 545
-1438.5 550
-1438.3 573
-1438.1 579
-1437.9 544
-1437.7 580
-1437.5 530
-1437.3 519
-1437.1 557
-1436.9 570
-1436.7 553
-1436.5 549
-1436.3 547
-1436.1 604
-1435.9 569
-1435.7 567
-1435.5 548
-1435.3 523
-1435.1 555
-1434.9 569
-1434.7 578
-1434.5 573
-1434.3 565
-1434.1 558
-1433.9 522
-1433.7 593
-1433.5 568
-1433.3 571
-1433.1 537
-1432.9 583
-1432.7 567
-1432.5 570
-1432.3 540
-1432.1 550
-1431.9 541
-1431.7 569
-1431.5 579
-1431.3 556
-1431.1 598
-1430.9 572
-1430.7 524
-1430.5 596
-1430.3 558
-1430.1 611
-1429.9 564
-1429.7 534
-1429.5 568
-1429.3 537
-1429.1 555
-1428.9 553
-1428.7 568
-1428.5 574
-1428.3 531
-1428.1 563
-1427.9 567
-1427.7 580
-1427.5 574
-1427.3 596
-1427.1 574
-1426.9 565
-1426.7 593
-1426.5 575
-1426.3 608
-1426.1 580
-1425.9 581
-1425.7 526
-1425.5 541
-1425.3 575
-1425.1 584
-1424.9 566
-1424.7 522
-1424.5 556
-1424.3 597
-1424.1 548
-1423.9 551
-1423.7 560
-1423.5 564
-1423.3 527
-1423.1 585
-1422.9 615
-1422.7 512
-1422.5 554
-1422.3 560
-1422.1 530
-1421.9 558
-1421.7 592
-1421.5 580
-1421.3 558
-1421.1 576
-1420.9 542
-1420.7 592
-1420.5 540
-1420.3 588
-1420.1 558
-1419.9 573
-1419.7 555
-1419.5 543
-1419.3 556
-1419.1 600
-1418.9 580
-1418.7 568
-1418.5 600
-1418.3 547
-1418.1 577
-1417.9 583
-1417.7 551
-1417.5 566
-1417.3 508
-1417.1 547
-1416.9 546
-1416.7 549
-1416.5 548
-1416.3 569
-1416.1 609
-1415.9 582
-1415.7 569
-1415.5 565
-1415.3 590
-1415.1 565
-1414.9 581
-1414.7 578
-1414.5 606
-1414.3 596
-1414.1 580
-1413.9 568
-1413.7 577
-1413.5 562
-1413.3 562
-1413.1 608
-1412.9 600
-1412.7 570
-1412.5 542
-1412.3 597
-1412.1 581
-1411.9 541
-1411.7 599
-1411.5 579
-1411.3 572
-1411.1 583
-1410.9 546
-1410.7 605
-1410.5 563
-1410.3 627
-1410.1 592
-1409.9 547
-1409.7 608
-1409.5 599
-1409.3 547
-1409.1 562
-1408.9 553
-1408.7 575
-1408.5 525
-1408.3 588
-1408.1 547
-1407.9 552
-1407.7 592
-1407.5 535
-1407.3 588
-1407.1 583
-1406.9 552
-1406.7 545
-1406.5 581
-1406.3 575
-1406.1 574
-1405.9 571
-1405.7 556
-1405.5 559
-1405.3 577
-1405.1 564
-1404.9 564
-1404.7 567
-1404.5 577
-1404.3 542
-1404.1 603
-1403.9 537
-1403.7 566
-1403.5 572
-1403.3 555
-1403.1 559
-1402.9 546
-1402.7 605
-1402.5 553
-1402.3 577
-1402.1 545
-1401.9 529
-1401.7 568
-1401.5 577
-1401.3 564
-1401.1 506
-1400.9 604
-1400.7 586
-1400.5 568
-1400.3 545
-1400.1 586
-1399.9 591
-1399.7 532
-1399.5 576
-1399.3 530
-1399.1 542
-1398.9 595
-1398.7 565
-1398.5 602
-1398.3 547
-1398.1 560
-1397.9 592
-1397.7 555
-1397.5 548
-1397.3 569
-1397.1 560
-1396.9 585
-1396.7 581
-1396.5 584
-1396.3 557
-1396.1 541
-1395.9 564
-1395.7 548
-1395.5 591
-1395.3 581
-1395.1 583
-1394.9 573
-1394.7 553
-1394.5 597
-1394.3 547
-1394.1 570
-1393.9 568
-1393.7 572
-1393.5 574
-1393.3 608
-1393.1 585
-1392.9 555
-1392.7 572
-1392.5 555
-1392.3 527
-1392.1 543
-1391.9 521
-1391.7 515
-1391.5 523
-1391.3 547
-1391.1 610
-1390.9 586
-1390.7 536
-1390.5 527
-1390.3 571
-1390.1 508
-1389.9 528
-1389.7 524
-1389.5 527
-1389.3 601
-1389.1 589
-1388.9 501
-1388.7 546
-1388.5 554
-1388.3 555
-1388.1 538
-1387.9 520
-1387.7 550
-1387.5 580
-1387.3 536
-1387.1 560
-1386.9 535
-1386.7 541
-1386.5 604
-1386.3 584
-1386.1 563
-1385.9 525
-1385.7 523
-1385.5 561
-1385.3 535
-1385.1 540
-1384.9 548
-1384.7 516
-1384.5 568
-1384.3 555
-1384.1 540
-1383.9 573
-1383.7 558
-1383.5 556
-1383.3 572
-1383.1 517
-1382.9 532
-1382.7 537
-1382.5 522
-1382.3 534
-1382.1 504
-1381.9 535
-1381.7 564
-1381.5 515
-1381.3 518
-1381.1 533
-1380.9 531
-1380.7 564
-1380.5 500
-1380.3 555
-1380.1 563
-1379.9 522
-1379.7 536
-1379.5 515
-1379.3 496
-1379.1 585
-1378.9 548
-1378.7 584
-1378.5 489
-1378.3 509
-1378.1 529
-1377.9 522
-1377.7 493
-1377.5 477
-1377.3 512
-1377.1 537
-1376.9 463
-1376.7 519
-1376.5 503
-1376.3 499
-1376.1 467
-1375.9 526
-1375.7 509
-1375.5 465
-1375.3 439
-1375.1 469
-1374.9 523
-1374.7 507
-1374.5 446
-1374.3 470
-1374.1 472
-1373.9 471
-1373.7 448
-1373.5 455
-1373.3 484
-1373.1 443
-1372.9 420
-1372.7 446
-1372.5 447
-1372.3 465
-1372.1 440
-1371.9 433
-1371.7 460
-1371.5 458
-1371.3 412
-1371.1 391
-1370.9 436
-1370.7 377
-1370.5 425
-1370.3 407
-1370.1 405
-1369.9 381
-1369.7 393
-1369.5 396
-1369.3 416
-1369.1 377
-1368.9 324
-1368.7 388
-1368.5 362
-1368.3 367
-1368.1 362
-1367.9 384
-1367.7 364
-1367.5 342
-1367.3 332
-1367.1 358
-1366.9 337
-1366.7 333
-1366.5 342
-1366.3 292
-1366.1 294
-1365.9 305
-1365.7 327
-1365.5 282
-1365.3 318
-1365.1 318
-1364.9 274
-1364.7 273
-1364.5 303
-1364.3 320
-1364.1 267
-1363.9 283
-1363.7 255
-1363.5 245
-1363.3 262
-1363.1 249
-1362.9 261
-1362.7 248
-1362.5 248
-1362.3 243
-1362.1 230
-1361.9 230
-1361.7 211
-1361.5 222
-1361.3 226
-1361.1 199
-1360.9 207
-1360.7 205
-1360.5 189
-1360.3 185
-1360.1 194
-1359.9 178
-1359.7 172
-1359.5 159
-1359.3 184
-1359.1 177
-1358.9 163
-1358.7 155
-1358.5 156
-1358.3 139
-1358.1 169
-1357.9 154
-1357.7 164
-1357.5 143
-1357.3 140
-1357.1 145
-1356.9 128
-1356.7 128
-1356.5 135
-1356.3 119
-1356.1 119
-1355.9 122
-1355.7 129
-1355.5 116
-1355.3 91
-1355.1 101
-1354.9 113
-1354.7 112
-1354.5 90
-1354.3 92
-1354.1 98
-1353.9 110
-1353.7 103
-1353.5 90
-1353.3 82
-1353.1 86
-1352.9 82
-1352.7 81
-1352.5 79
-1352.3 79
-1352.1 71
-1351.9 74
-1351.7 68
-1351.5 75
-1351.3 65
-1351.1 86
-1350.9 63
-1350.7 67
-1350.5 54
-1350.3 71
-1350.1 55
-1349.9 61
-1349.7 59
-1349.5 49
-1349.3 33
-1349.1 49
-1348.9 54
-1348.7 47
-1348.5 42
-1348.3 41
-1348.1 44
-1347.9 47
-1347.7 24
-1347.5 37
-1347.3 33
-1347.1 30
-1346.9 39
-1346.7 28
-1346.5 36
-1346.3 26
-1346.1 24
-1345.9 18
-1345.7 33
-1345.5 24
-1345.3 36
-1345.1 25
-1344.9 18
-1344.7 25
-1344.5 25
-1344.3 22
-1344.1 24
-1343.9 13
-1343.7 12
-1343.5 13
-1343.3 14
-1343.1 22
-1342.9 15
-1342.7 17
-1342.5 13
-1342.3 16
-1342.1 14
-1341.9 10
-1341.7 9
-1341.5 21
-1341.3 6
-1341.1 12
-1340.9 15
-1340.7 7
-1340.5 11
-1340.3 5
-1340.1 13
-1339.9 5
-1339.7 7
-1339.5 6
-1339.3 9
-1339.1 10
-1338.9 4
-1338.7 4
-1338.5 6
-1338.3 8
-1338.1 6
-1337.9 3
-1337.7 8
-1337.5 2
-1337.3 5
-1337.1 5
-1336.9 8
-1336.7 8
-1336.5 3
-1336.3 7
-1336.1 5
-1335.9 2
-1335.7 5
-1335.5 4
-1335.3 3
-1335.1 2
-1334.9 6
-1334.7 7
-1334.5 4
-1334.3 4
-1334.1 3
-1333.9 3
-1333.7 4
-1333.5 2
-1333.3 4
-1333.1 1
-1332.9 3
-1332.7 0
-1332.5 0
-1332.3 4
-1332.1 4
-1331.9 3
-1331.7 2
-1331.5 3
-1331.3 8
-1331.1 1
-1330.9 1
-1330.7 1
-1330.5 0
-1330.3 3
-1330.1 4
-1329.9 2
-1329.7 2
-1329.5 1
-1329.3 1
-1329.1 1
-1328.9 1
-1328.7 6
-1328.5 2
-1328.3 1
-1328.1 2
-1327.9 2
-1327.7 2
-1327.5 3
-1327.3 1
-1327.1 0
-1326.9 1
-1326.7 0
-1326.5 3
-1326.3 1
-1326.1 0
-1325.9 2
-1325.7 4
-1325.5 0
-1325.3 2
-1325.1 1
-1324.9 1
-1324.7 0
-1324.5 0
-1324.3 0
-1324.1 1
-1323.9 3
-1323.7 1
-1323.5 1
-1323.3 1
-1323.1 5
-1322.9 1
-1322.7 0
-1322.5 3
-1322.3 0
-1322.1 2
-1321.9 1
-1321.7 0
-1321.5 2
-1321.3 0
-1321.1 0
-1320.9 0
-1320.7 0
-1320.5 2
-1320.3 2
-1320.1 0
-1319.9 0
-1319.7 1
-1319.5 0
-1319.3 0
-1319.1 0
-1318.9 1
-1318.7 0
-1318.5 1
-1318.3 1
-1318.1 1
-1317.9 0
-1317.7 0
-1317.5 1
-1317.3 2
-1317.1 1
-1316.9 0
-1316.7 0
-1316.5 0
-1316.3 1
-1316.1 1
-1315.9 0
-1315.7 1
-1315.5 0
-1315.3 2
-1315.1 2
-1314.9 4
-1314.7 2
-1314.5 1
-1314.3 5
-1314.1 1
-1313.9 2
-1313.7 0
-1313.5 1
-1313.3 1
-1313.1 1
-1312.9 1
-1312.7 0
-1312.5 0
-1312.3 0
-1312.1 0
-1311.9 0
-1311.7 0
-1311.5 0
-1311.3 1
-1311.1 1
-1310.9 1
-1310.7 2
-1310.5 0
-1310.3 0
-1310.1 2
-1309.9 2
-1309.7 1
-1309.5 0
-1309.3 1
-1309.1 0
-1308.9 0
-1308.7 0
-1308.5 0
-1308.3 3
-1308.1 0
-1307.9 3
-1307.7 2
-1307.5 2
-1307.3 0
-1307.1 1
-1306.9 0
-1306.7 2
-1306.5 0
-1306.3 0
-1306.1 2
-1305.9 0
-1305.7 0
-1305.5 2
-1305.3 0
-1305.1 2
-1304.9 1
-1304.7 4
-1304.5 2
-1304.3 1
-1304.1 0
-1303.9 0
-1303.7 1
-1303.5 1
-1303.3 0
-1303.1 0
-1302.9 1
-1302.7 0
-1302.5 1
-1302.3 0
-1302.1 0
-1301.9 2
-1301.7 1
-1301.5 0
-1301.3 1
-1301.1 0
-1300.9 2
-1300.7 2
-1300.5 2
-1300.3 1
-1300.1 4
