1497
-1599.1 6.51742e-06
-1598.9 6.51742e-06
-1598.7 6.51742e-06
-1598.5 6.51742e-06
-1598.3 6.51742e-06
-1598.1 6.51742e-06
-1597.9 6.51742e-06
-1597.7 6.51742e-06
-1597.5 6.51742e-06
-1597.3 6.51742e-06
-1597.1 6.51742e-06
-1596.9 6.51742e-06
-1596.7 6.51742e-06
-1596.5 6.51742e-06
-1596.3 6.51742e-06
-1596.1 6.51742e-06
-1595.9 6.51742e-06
-1595.7 6.51742e-06
-1595.5 6.51742e-06
-1595.3 6.51742e-06
-1595.1 6.51742e-06
-1594.9 1.30348e-05
-1594.7 1.30348e-05
-1594.5 1.30348e-05
-1594.3 1.30348e-05
-1594.1 1.95523e-05
-1593.9 1.95523e-05
-1593.7 1.95523e-05
-1593.5 1.95523e-05
-1593.3 1.95523e-05
-1593.1 1.95523e-05
-1592.9 1.95523e-05
-1592.7 1.95523e-05
-1592.5 3.25871e-05
-1592.3 3.25871e-05
-1592.1 3.91045e-05
-1591.9 3.91045e-05
-1591.7 4.56219e-05
-1591.5 4.56219e-05
-1591.3 5.86568e-05
-1591.1 5.86568e-05
-1590.9 5.86568e-05
-1590.7 6.51742e-05
-1590.5 6.51742e-05
-1590.3 6.51742e-05
-1590.1 6.51742e-05
-1589.9 6.51742e-05
-1589.7 7.16916e-05
-1589.5 9.77613e-05
-1589.3 9.77613e-05
-1589.1 0.000104279
-1588.9 0.000110796
-1588.7 0.000110796
-1588.5 0.000123831
-1588.3 0.000123831
-1588.1 0.000130348
-1587.9 0.000136866
-1587.7 0.000136866
-1587.5 0.000149901
-1587.3 0.000156418
-1587.1 0.000162935
-1586.9 0.000182488
-1586.7 0.000221592
-1586.5 0.000234627
-1586.3 0.000273732
-1586.1 0.000286766
-1585.9 0.000319353
-1585.7 0.000332388
-1585.5 0.000345423
-1585.3 0.000351941
-1585.1 0.000364975
-1584.9 0.00037801
-1584.7 0.00043015
-1584.5 0.000449702
-1584.3 0.000501841
-1584.1 0.000567015
-1583.9 0.000586568
-1583.7 0.000619155
-1583.5 0.000651742
-1583.3 0.000690846
-1583.1 0.000703881
-1582.9 0.000736468
-1582.7 0.000769055
-1582.5 0.000801642
-1582.3 0.000866817
-1582.1 0.000945026
-1581.9 0.000990648
-1581.7 0.00107537
-1581.5 0.00115358
-1581.3 0.00119269
-1581.1 0.00130348
-1580.9 0.00141428
-1580.7 0.00150552
-1580.5 0.00158373
-1580.3 0.00168149
-1580.1 0.00175319
-1579.9 0.00181836
-1579.7 0.00195523
-1579.5 0.00206602
-1579.3 0.0021703
-1579.1 0.00226806
-1578.9 0.00241796
-1578.7 0.00260697
-1578.5 0.00275687
-1578.3 0.00292632
-1578.1 0.00307622
-1577.9 0.0032196
-1577.7 0.00334344
-1577.5 0.00353896
-1577.3 0.003741
-1577.1 0.00398214
-1576.9 0.00416463
-1576.7 0.00436667
-1576.5 0.00466647
-1576.3 0.00492717
-1576.1 0.00512921
-1575.9 0.00542249
-1575.7 0.0056506
-1575.5 0.00598299
-1575.3 0.00631538
-1575.1 0.0066217
-1574.9 0.00698015
-1574.7 0.00739727
-1574.5 0.00776876
-1574.3 0.00814025
-1574.1 0.00853782
-1573.9 0.00894841
-1573.7 0.00940463
-1573.5 0.00988041
-1573.3 0.0103627
-1573.1 0.0108059
-1572.9 0.0113599
-1572.7 0.0118878
-1572.5 0.0124809
-1572.3 0.013087
-1572.1 0.013641
-1571.9 0.0141819
-1571.7 0.0149249
-1571.5 0.0155897
-1571.3 0.0164369
-1571.1 0.0172581
-1570.9 0.0180141
-1570.7 0.0186985
-1570.5 0.0194545
-1570.3 0.020217
-1570.1 0.0211881
-1569.9 0.0220615
-1569.7 0.0228761
-1569.5 0.0237755
-1569.3 0.0248053
-1569.1 0.0256265
-1568.9 0.0264998
-1568.7 0.0273341
-1568.5 0.0283051
-1568.3 0.0294327
-1568.1 0.0303386
-1567.9 0.0314531
-1567.7 0.0323459
-1567.5 0.0333496
-1567.3 0.0342686
-1567.1 0.0353309
-1566.9 0.0363542
-1566.7 0.0374556
-1566.5 0.0384397
-1566.3 0.0394825
-1566.1 0.0404536
-1565.9 0.0414247
-1565.7 0.042298
-1565.5 0.0430801
-1565.3 0.0442924
-1565.1 0.0454134
-1564.9 0.0464366
-1564.7 0.0475055
-1564.5 0.0485939
-1564.3 0.0498061
-1564.1 0.0508424
-1563.9 0.0517678
-1563.7 0.0528823
-1563.5 0.0539316
-1563.3 0.0549288
-1563.1 0.055926
-1562.9 0.0568254
-1562.7 0.0578356
-1562.5 0.0588392
-1562.3 0.0598103
-1562.1 0.0608857
-1561.9 0.0618242
-1561.7 0.0628409
-1561.5 0.0638316
-1561.3 0.064933
-1561.1 0.0659693
-1560.9 0.0670968
-1560.7 0.067918
-1560.5 0.0689412
-1560.3 0.0699319
-1560.1 0.0707987
-1559.9 0.0718024
-1559.7 0.072982
-1559.5 0.0738814
-1559.3 0.0749699
-1559.1 0.0758888
-1558.9 0.0768338
-1558.7 0.0777398
-1558.5 0.0785675
-1558.3 0.0794473
-1558.1 0.0803272
-1557.9 0.081207
-1557.7 0.0823215
-1557.5 0.0834099
-1557.3 0.0843224
-1557.1 0.0853391
-1556.9 0.0863493
-1556.7 0.0872682
-1556.5 0.0883501
-1556.3 0.0893408
-1556.1 0.0902532
-1555.9 0.0913937
-1555.7 0.0924431
-1555.5 0.0933685
-1555.3 0.0944765
-1555.1 0.0954345
-1554.9 0.0965164
-1554.7 0.0975853
-1554.5 0.0985499
-1554.3 0.0995405
-1554.1 0.100479
-1553.9 0.101378
-1553.7 0.102408
-1553.5 0.103516
-1553.3 0.104709
-1553.1 0.105778
-1552.9 0.10686
-1552.7 0.107922
-1552.5 0.108952
-1552.3 0.110014
-1552.1 0.111089
-1551.9 0.112204
-1551.7 0.113318
-1551.5 0.1144
-1551.3 0.115593
-1551.1 0.116701
-1550.9 0.117711
-1550.7 0.118786
-1550.5 0.119718
-1550.3 0.120716
-1550.1 0.12183
-1549.9 0.122847
-1549.7 0.123837
-1549.5 0.124796
-1549.3 0.125812
-1549.1 0.126803
-1548.9 0.127904
-1548.7 0.128901
-1548.5 0.129912
-1548.3 0.131098
-1548.1 0.132154
-1547.9 0.133333
-1547.7 0.134448
-1547.5 0.135497
-1547.3 0.136475
-1547.1 0.137504
-1546.9 0.138632
-1546.7 0.13959
-1546.5 0.140594
-1546.3 0.141708
-1546.1 0.142803
-1545.9 0.143813
-1545.7 0.144811
-1545.5 0.145795
-1545.3 0.146714
-1545.1 0.147809
-1544.9 0.14878
-1544.7 0.149777
-1544.5 0.150748
-1544.3 0.151921
-1544.1 0.152944
-1543.9 0.15402
-1543.7 0.155069
-1543.5 0.156118
-1543.3 0.157226
-1543.1 0.158341
-1542.9 0.159429
-1542.7 0.160531
-1542.5 0.161612
-1542.3 0.162642
-1542.1 0.163724
-1541.9 0.164669
-1541.7 0.165744
-1541.5 0.166794
-1541.3 0.16768
-1541.1 0.168736
-1540.9 0.169857
-1540.7 0.170965
-1540.5 0.172112
-1540.3 0.173161
-1540.1 0.174191
-1539.9 0.175169
-1539.7 0.17629
-1539.5 0.177248
-1539.3 0.178414
-1539.1 0.179398
-1538.9 0.180467
-1538.7 0.181484
-1538.5 0.182494
-1538.3 0.1834
-1538.1 0.184476
-1537.9 0.18546
-1537.7 0.186431
-1537.5 0.187337
-1537.3 0.188477
-1537.1 0.189546
-1536.9 0.190634
-1536.7 0.191606
-1536.5 0.192609
-1536.3 0.193548
-1536.1 0.19461
-1535.9 0.195685
-1535.7 0.196689
-1535.5 0.197523
-1535.3 0.198586
-1535.1 0.199635
-1534.9 0.20056
-1534.7 0.201532
-1534.5 0.202698
-1534.3 0.203656
-1534.1 0.204706
-1533.9 0.205481
-1533.7 0.206654
-1533.5 0.207697
-1533.3 0.208577
-1533.1 0.209502
-1532.9 0.210473
-1532.7 0.211471
-1532.5 0.212318
-1532.3 0.213217
-1532.1 0.214241
-1531.9 0.215153
-1531.7 0.216241
-1531.5 0.217349
-1531.3 0.21832
-1531.1 0.219344
-1530.9 0.220302
-1530.7 0.221332
-1530.5 0.222368
-1530.3 0.223345
-1530.1 0.224199
-1529.9 0.224994
-1529.7 0.225952
-1529.5 0.226891
-1529.3 0.227868
-1529.1 0.228905
-1528.9 0.229791
-1528.7 0.230743
-1528.5 0.231812
-1528.3 0.232717
-1528.1 0.233741
-1527.9 0.234699
-1527.7 0.235611
-1527.5 0.236602
-1527.3 0.237469
-1527.1 0.238388
-1526.9 0.239411
-1526.7 0.240291
-1526.5 0.241177
-1526.3 0.242226
-1526.1 0.243204
-1525.9 0.244077
-1525.7 0.245016
-1525.5 0.245928
-1525.3 0.246906
-1525.1 0.247851
-1524.9 0.248835
-1524.7 0.24978
-1524.5 0.250771
-1524.3 0.251585
-1524.1 0.252635
-1523.9 0.253651
-1523.7 0.254642
-1523.5 0.255665
-1523.3 0.256447
-1523.1 0.257373
-1522.9 0.258311
-1522.7 0.25925
-1522.5 0.260091
-1522.3 0.260853
-1522.1 0.261831
-1521.9 0.262724
-1521.7 0.263584
-1521.5 0.264594
-1521.3 0.265389
-1521.1 0.266256
-1520.9 0.26709
-1520.7 0.267925
-1520.5 0.268909
-1520.3 0.269756
-1520.1 0.270681
-1519.9 0.271568
-1519.7 0.272454
-1519.5 0.273308
-1519.3 0.274149
-1519.1 0.275009
-1518.9 0.275915
-1518.7 0.276853
-1518.5 0.277688
-1518.3 0.278626
-1518.1 0.279434
-1517.9 0.280373
-1517.7 0.28135
-1517.5 0.282224
-1517.3 0.283306
-1517.1 0.284205
-1516.9 0.285163
-1516.7 0.285906
-1516.5 0.286903
-1516.3 0.287796
-1516.1 0.288845
-1515.9 0.289784
-1515.7 0.290677
-1515.5 0.291622
-1515.3 0.292547
-1515.1 0.293453
-1514.9 0.294437
-1514.7 0.29535
-1514.5 0.296295
-1514.3 0.29724
-1514.1 0.298165
-1513.9 0.299136
-1513.7 0.300075
-1513.5 0.300981
-1513.3 0.301796
-1513.1 0.302832
-1512.9 0.303594
-1512.7 0.304389
-1512.5 0.305308
-1512.3 0.306123
-1512.1 0.307062
-1511.9 0.308078
-1511.7 0.308932
-1511.5 0.309877
-1511.3 0.310737
-1511.1 0.311689
-1510.9 0.312667
-1510.7 0.313501
-1510.5 0.314342
-1510.3 0.315345
-1510.1 0.316329
-1509.9 0.317138
-1509.7 0.318024
-1509.5 0.318936
-1509.3 0.31979
-1509.1 0.320618
-1508.9 0.321393
-1508.7 0.322319
-1508.5 0.323244
-1508.3 0.32417
-1508.1 0.325043
-1507.9 0.325773
-1507.7 0.326725
-1507.5 0.327689
-1507.3 0.328497
-1507.1 0.329423
-1506.9 0.330316
-1506.7 0.331228
-1506.5 0.332082
-1506.3 0.332942
-1506.1 0.333711
-1505.9 0.334656
-1505.7 0.335608
-1505.5 0.336449
-1505.3 0.337296
-1505.1 0.338202
-1504.9 0.339245
-1504.7 0.340092
-1504.5 0.34103
-1504.3 0.34193
-1504.1 0.342744
-1503.9 0.34365
-1503.7 0.344517
-1503.5 0.345449
-1503.3 0.34629
-1503.1 0.347124
-1502.9 0.347919
-1502.7 0.348819
-1502.5 0.349744
-1502.3 0.350709
-1502.1 0.351719
-1501.9 0.352749
-1501.7 0.353687
-1501.5 0.354665
-1501.3 0.355538
-1501.1 0.356353
-1500.9 0.35733
-1500.7 0.358491
-1500.5 0.359383
-1500.3 0.360289
-1500.1 0.361234
-1499.9 0.362205
-1499.7 0.363046
-1499.5 0.363985
-1499.3 0.364949
-1499.1 0.365901
-1498.9 0.366924
-1498.7 0.367908
-1498.5 0.368821
-1498.3 0.369727
-1498.1 0.370606
-1497.9 0.371584
-1497.7 0.372568
-1497.5 0.373448
-1497.3 0.374471
-1497.1 0.37539
-1496.9 0.376322
-1496.7 0.377215
-1496.5 0.378199
-1496.3 0.37917
-1496.1 0.380161
-1495.9 0.381275
-1495.7 0.382031
-1495.5 0.383009
-1495.3 0.384137
-1495.1 0.385147
-1494.9 0.386033
-1494.7 0.386959
-1494.5 0.387943
-1494.3 0.388927
-1494.1 0.389891
-1493.9 0.390869
-1493.7 0.391866
-1493.5 0.39274
-1493.3 0.393567
-1493.1 0.394564
-1492.9 0.395412
-1492.7 0.396298
-1492.5 0.397165
-1492.3 0.398071
-1492.1 0.398938
-1491.9 0.399831
-1491.7 0.400619
-1491.5 0.401434
-1491.3 0.402301
-1491.1 0.40305
-1490.9 0.403943
-1490.7 0.404855
-1490.5 0.40567
-1490.3 0.406596
-1490.1 0.407502
-1489.9 0.408499
-1489.7 0.409515
-1489.5 0.410382
-1489.3 0.411256
-1489.1 0.412214
-1488.9 0.413178
-1488.7 0.414117
-1488.5 0.41484
-1488.3 0.415746
-1488.1 0.416711
-1487.9 0.417591
-1487.7 0.418562
-1487.5 0.419428
-1487.3 0.420308
-1487.1 0.421292
-1486.9 0.422335
-1486.7 0.423306
-1486.5 0.424199
-1486.3 0.42517
-1486.1 0.426057
-1485.9 0.427008
-1485.7 0.428051
-1485.5 0.428898
-1485.3 0.429785
-1485.1 0.430612
-1484.9 0.431544
-1484.7 0.432509
-1484.5 0.43346
-1484.3 0.434432
-1484.1 0.435429
-1483.9 0.436387
-1483.7 0.437403
-1483.5 0.438225
-1483.3 0.439261
-1483.1 0.440232
-1482.9 0.441144
-1482.7 0.442246
-1482.5 0.443145
-1482.3 0.444071
-1482.1 0.444957
-1481.9 0.446059
-1481.7 0.446932
-1481.5 0.448014
-1481.3 0.448868
-1481.1 0.449637
-1480.9 0.450653
-1480.7 0.45154
-1480.5 0.45238
-1480.3 0.453273
-1480.1 0.454271
-1479.9 0.455378
-1479.7 0.45631
-1479.5 0.457236
-1479.3 0.458129
-1479.1 0.459022
-1478.9 0.460084
-1478.7 0.461049
-1478.5 0.462059
-1478.3 0.463036
-1478.1 0.463949
-1477.9 0.464751
-1477.7 0.465533
-1477.5 0.466549
-1477.3 0.467423
-1477.1 0.468368
-1476.9 0.469371
-1476.7 0.47018
-1476.5 0.471118
-1476.3 0.471868
-1476.1 0.472669
-1475.9 0.473692
-1475.7 0.474631
-1475.5 0.475452
-1475.3 0.476397
-1475.1 0.477329
-1474.9 0.478235
-1474.7 0.479095
-1474.5 0.479988
-1474.3 0.480757
-1474.1 0.481611
-1473.9 0.482426
-1473.7 0.483234
-1473.5 0.484238
-1473.3 0.485026
-1473.1 0.485769
-1472.9 0.486623
-1472.7 0.487568
-1472.5 0.488435
-1472.3 0.489347
-1472.1 0.49026
-1471.9 0.491198
-1471.7 0.492195
-1471.5 0.492997
-1471.3 0.493883
-1471.1 0.494854
-1470.9 0.495682
-1470.7 0.496699
-1470.5 0.497618
-1470.3 0.498609
-1470.1 0.49956
-1469.9 0.500557
-1469.7 0.50147
-1469.5 0.502402
-1469.3 0.503314
-1469.1 0.50422
-1468.9 0.505126
-1468.7 0.506064
-1468.5 0.507094
-1468.3 0.507981
-1468.1 0.508893
-1467.9 0.509871
-1467.7 0.510796
-1467.5 0.511885
-1467.3 0.512693
-1467.1 0.513566
-1466.9 0.514459
-1466.7 0.515521
-1466.5 0.516479
-1466.3 0.517411
-1466.1 0.518513
-1465.9 0.519549
-1465.7 0.520442
-1465.5 0.521433
-1465.3 0.522443
-1465.1 0.523368
-1464.9 0.524294
-1464.7 0.525349
-1464.5 0.526203
-1464.3 0.527116
-1464.1 0.528054
-1463.9 0.528934
-1463.7 0.529749
-1463.5 0.530655
-1463.3 0.531574
-1463.1 0.53246
-1462.9 0.533229
-1462.7 0.53422
-1462.5 0.535191
-1462.3 0.536221
-1462.1 0.537087
-1461.9 0.538052
-1461.7 0.538899
-1461.5 0.53976
-1461.3 0.540626
-1461.1 0.541454
-1460.9 0.542327
-1460.7 0.543207
-1460.5 0.544087
-1460.3 0.544915
-1460.1 0.545853
-1459.9 0.54687
-1459.7 0.547698
-1459.5 0.548447
-1459.3 0.549229
-1459.1 0.550116
-1458.9 0.55078
-1458.7 0.551595
-1458.5 0.552612
-1458.3 0.553381
-1458.1 0.554365
-1457.9 0.555186
-1457.7 0.556047
-1457.5 0.556952
-1457.3 0.557722
-1457.1 0.55866
-1456.9 0.559546
-1456.7 0.560407
-1456.5 0.561365
-1456.3 0.562238
-1456.1 0.563118
-1455.9 0.564017
-1455.7 0.564897
-1455.5 0.565836
-1455.3 0.566696
-1455.1 0.567537
-1454.9 0.568495
-1454.7 0.569362
-1454.5 0.570196
-1454.3 0.571186
-1454.1 0.572197
-1453.9 0.57309
-1453.7 0.574028
-1453.5 0.574954
-1453.3 0.575697
-1453.1 0.576576
-1452.9 0.577398
-1452.7 0.578375
-1452.5 0.579359
-1452.3 0.580259
-1452.1 0.581302
-1451.9 0.582292
-1451.7 0.583211
-1451.5 0.584091
-1451.3 0.585108
-1451.1 0.586033
-1450.9 0.586802
-1450.7 0.587773
-1450.5 0.588627
-1450.3 0.589481
-1450.1 0.590445
-1449.9 0.591267
-1449.7 0.592133
-1449.5 0.593072
-1449.3 0.594043
-1449.1 0.594884
-1448.9 0.595809
-1448.7 0.596859
-1448.5 0.597791
-1448.3 0.598742
-1448.1 0.599615
-1447.9 0.60056
-1447.7 0.60131
-1447.5 0.602183
-1447.3 0.60322
-1447.1 0.604139
-1446.9 0.605155
-1446.7 0.606074
-1446.5 0.607013
-1446.3 0.608003
-1446.1 0.608883
-1445.9 0.609744
-1445.7 0.610721
-1445.5 0.611653
-1445.3 0.612657
-1445.1 0.613543
-1444.9 0.614456
-1444.7 0.615401
-1444.5 0.616267
-1444.3 0.617102
-1444.1 0.617929
-1443.9 0.61892
-1443.7 0.619709
-1443.5 0.620589
-1443.3 0.621507
-1443.1 0.62225
-1442.9 0.623209
-1442.7 0.62403
-1442.5 0.624949
-1442.3 0.625829
-1442.1 0.626676
-1441.9 0.62751
-1441.7 0.628383
-1441.5 0.629283
-1441.3 0.630124
-1441.1 0.630945
-1440.9 0.631831
-1440.7 0.632594
-1440.5 0.633473
-1440.3 0.634334
-1440.1 0.635155
-1439.9 0.636054
-1439.7 0.637097
-1439.5 0.637977
-1439.3 0.638798
-1439.1 0.639808
-1438.9 0.640747
-1438.7 0.641659
-1438.5 0.642559
-1438.3 0.643641
-1438.1 0.644416
-1437.9 0.645322
-1437.7 0.646339
-1437.5 0.647349
-1437.3 0.648183
-1437.1 0.649037
-1436.9 0.649956
-1436.7 0.65079
-1436.5 0.651683
-1436.3 0.65255
-1436.1 0.653404
-1435.9 0.654231
-1435.7 0.654987
-1435.5 0.655952
-1435.3 0.656891
-1435.1 0.657744
-1434.9 0.65865
-1434.7 0.659576
-1434.5 0.660358
-1434.3 0.661361
-1434.1 0.662222
-1433.9 0.663108
-1433.7 0.664105
-1433.5 0.665018
-1433.3 0.665774
-1433.1 0.666504
-1432.9 0.66741
-1432.7 0.668335
-1432.5 0.66928
-1432.3 0.670121
-1432.1 0.670942
-1431.9 0.671959
-1431.7 0.672943
-1431.5 0.673979
-1431.3 0.674859
-1431.1 0.67583
-1430.9 0.676821
-1430.7 0.677779
-1430.5 0.678717
-1430.3 0.679675
-1430.1 0.680633
-1429.9 0.68152
-1429.7 0.682341
-1429.5 0.683201
-1429.3 0.684114
-1429.1 0.684876
-1428.9 0.685756
-1428.7 0.68659
-1428.5 0.68747
-1428.3 0.688259
-1428.1 0.689171
-1427.9 0.689921
-1427.7 0.690755
-1427.5 0.691667
-1427.3 0.69245
-1427.1 0.693382
-1426.9 0.694301
-1426.7 0.695246
-1426.5 0.696151
-1426.3 0.697129
-1426.1 0.698068
-1425.9 0.698895
-1425.7 0.69984
-1425.5 0.700785
-1425.3 0.701789
-1425.1 0.702754
-1424.9 0.70364
-1424.7 0.70452
-1424.5 0.705419
-1424.3 0.706188
-1424.1 0.707088
-1423.9 0.707935
-1423.7 0.708704
-1423.5 0.709688
-1423.3 0.710516
-1423.1 0.711415
-1422.9 0.712347
-1422.7 0.713129
-1422.5 0.713918
-1422.3 0.714772
-1422.1 0.715508
-1421.9 0.716342
-1421.7 0.71732
-1421.5 0.718285
-1421.3 0.719112
-1421.1 0.719947
-1420.9 0.720957
-1420.7 0.721863
-1420.5 0.722938
-1420.3 0.723798
-1420.1 0.724607
-1419.9 0.72548
-1419.7 0.726444
-1419.5 0.727311
-1419.3 0.728243
-1419.1 0.729208
-1418.9 0.730022
-1418.7 0.730928
-1418.5 0.731828
-1418.3 0.732669
-1418.1 0.733653
-1417.9 0.734578
-1417.7 0.735432
-1417.5 0.736123
-1417.3 0.737022
-1417.1 0.737843
-1416.9 0.738606
-1416.7 0.739473
-1416.5 0.740366
-1416.3 0.74135
-1416.1 0.74234
-1415.9 0.743155
-1415.7 0.743937
-1415.5 0.744837
-1415.3 0.745762
-1415.1 0.746577
-1414.9 0.747365
-1414.7 0.748056
-1414.5 0.74891
-1414.3 0.749835
-1414.1 0.750676
-1413.9 0.751387
-1413.7 0.75226
-1413.5 0.753166
-1413.3 0.754059
-1413.1 0.755062
-1412.9 0.756053
-1412.7 0.756868
-1412.5 0.757793
-1412.3 0.758693
-1412.1 0.759475
-1411.9 0.760205
-1411.7 0.761078
-1411.5 0.76203
-1411.3 0.762981
-1411.1 0.763815
-1410.9 0.764676
-1410.7 0.765705
-1410.5 0.766566
-1410.3 0.767432
-1410.1 0.768332
-1409.9 0.769244
-1409.7 0.770163
-1409.5 0.770926
-1409.3 0.771649
-1409.1 0.772523
-1408.9 0.773507
-1408.7 0.774478
-1408.5 0.775338
-1408.3 0.776251
-1408.1 0.777124
-1407.9 0.777952
-1407.7 0.778871
-1407.5 0.779829
-1407.3 0.780611
-1407.1 0.781517
-1406.9 0.782377
-1406.7 0.783355
-1406.5 0.78428
-1406.3 0.785166
-1406.1 0.785981
-1405.9 0.786874
-1405.7 0.787721
-1405.5 0.788764
-1405.3 0.789729
-1405.1 0.790739
-1404.9 0.791593
-1404.7 0.792635
-1404.5 0.793548
-1404.3 0.794486
-1404.1 0.795412
-1403.9 0.796311
-1403.7 0.797171
-1403.5 0.797927
-1403.3 0.798886
-1403.1 0.799785
-1402.9 0.800717
-1402.7 0.801525
-1402.5 0.80249
-1402.3 0.803317
-1402.1 0.80421
-1401.9 0.805168
-1401.7 0.80582
-1401.5 0.806726
-1401.3 0.807606
-1401.1 0.808362
-1400.9 0.809183
-1400.7 0.809861
-1400.5 0.810819
-1400.3 0.811829
-1400.1 0.812702
-1399.9 0.813687
-1399.7 0.814586
-1399.5 0.815479
-1399.3 0.816274
-1399.1 0.817206
-1398.9 0.818053
-1398.7 0.819037
-1398.5 0.819963
-1398.3 0.82081
-1398.1 0.82169
-1397.9 0.822615
-1397.7 0.82343
-1397.5 0.824212
-1397.3 0.825105
-1397.1 0.825985
-1396.9 0.826878
-1396.7 0.827758
-1396.5 0.828592
-1396.3 0.829485
-1396.1 0.830456
-1395.9 0.83129
-1395.7 0.832209
-1395.5 0.833095
-1395.3 0.833936
-1395.1 0.834875
-1394.9 0.835683
-1394.7 0.836641
-1394.5 0.837501
-1394.3 0.838355
-1394.1 0.839222
-1393.9 0.840128
-1393.7 0.841034
-1393.5 0.841907
-1393.3 0.842741
-1393.1 0.843647
-1392.9 0.844494
-1392.7 0.845368
-1392.5 0.846319
-1392.3 0.847193
-1392.1 0.848118
-1391.9 0.849044
-1391.7 0.849923
-1391.5 0.850966
-1391.3 0.851846
-1391.1 0.852798
-1390.9 0.853756
-1390.7 0.85474
-1390.5 0.855659
-1390.3 0.856689
-1390.1 0.857725
-1389.9 0.858657
-1389.7 0.859445
-1389.5 0.860201
-1389.3 0.861068
-1389.1 0.861909
-1388.9 0.862782
-1388.7 0.863695
-1388.5 0.864568
-1388.3 0.865383
-1388.1 0.866197
-1387.9 0.867142
-1387.7 0.868022
-1387.5 0.868843
-1387.3 0.869717
-1387.1 0.870636
-1386.9 0.871574
-1386.7 0.872382
-1386.5 0.873151
-1386.3 0.873999
-1386.1 0.874872
-1385.9 0.875713
-1385.7 0.876677
-1385.5 0.877629
-1385.3 0.878535
-1385.1 0.879428
-1384.9 0.880282
-1384.7 0.881096
-1384.5 0.881807
-1384.3 0.882634
-1384.1 0.883397
-1383.9 0.884159
-1383.7 0.885085
-1383.5 0.885867
-1383.3 0.886805
-1383.1 0.887672
-1382.9 0.888539
-1382.7 0.889399
-1382.5 0.890325
-1382.3 0.891166
-1382.1 0.892039
-1381.9 0.892991
-1381.7 0.893779
-1381.5 0.894613
-1381.3 0.89548
-1381.1 0.896399
-1380.9 0.897344
-1380.7 0.898055
-1380.5 0.898934
-1380.3 0.899788
-1380.1 0.900792
-1379.9 0.901633
-1379.7 0.902539
-1379.5 0.90334
-1379.3 0.904383
-1379.1 0.905191
-1378.9 0.906071
-1378.7 0.907036
-1378.5 0.907922
-1378.3 0.90873
-1378.1 0.909662
-1377.9 0.910601
-1377.7 0.911422
-1377.5 0.912328
-1377.3 0.913175
-1377.1 0.914029
-1376.9 0.914928
-1376.7 0.915697
-1376.5 0.916486
-1376.3 0.917444
-1376.1 0.918317
-1375.9 0.919191
-1375.7 0.920083
-1375.5 0.920983
-1375.3 0.921798
-1375.1 0.922795
-1374.9 0.923466
-1374.7 0.924431
-1374.5 0.925239
-1374.3 0.926027
-1374.1 0.926914
-1373.9 0.927722
-1373.7 0.928556
-1373.5 0.929371
-1373.3 0.930185
-1373.1 0.930876
-1372.9 0.931684
-1372.7 0.932584
-1372.5 0.933431
-1372.3 0.934187
-1372.1 0.934956
-1371.9 0.935836
-1371.7 0.936546
-1371.5 0.937276
-1371.3 0.938091
-1371.1 0.938964
-1370.9 0.93976
-1370.7 0.940463
-1370.5 0.941324
-1370.3 0.942132
-1370.1 0.942979
-1369.9 0.943761
-1369.7 0.944491
-1369.5 0.945234
-1369.3 0.946055
-1369.1 0.946811
-1368.9 0.947587
-1368.7 0.948402
-1368.5 0.949171
-1368.3 0.949946
-1368.1 0.950644
-1367.9 0.951321
-1367.7 0.951967
-1367.5 0.95269
-1367.3 0.953361
-1367.1 0.95413
-1366.9 0.954769
-1366.7 0.955532
-1366.5 0.956255
-1366.3 0.956933
-1366.1 0.957565
-1365.9 0.95823
-1365.7 0.958953
-1365.5 0.959559
-1365.3 0.960205
-1365.1 0.960915
-1364.9 0.961476
-1364.7 0.962095
-1364.5 0.962746
-1364.3 0.963444
-1364.1 0.964128
-1363.9 0.964858
-1363.7 0.965379
-1363.5 0.966129
-1363.3 0.966865
-1363.1 0.967517
-1362.9 0.968143
-1362.7 0.968723
-1362.5 0.969179
-1362.3 0.969746
-1362.1 0.970281
-1361.9 0.970782
-1361.7 0.971356
-1361.5 0.971923
-1361.3 0.972581
-1361.1 0.973096
-1360.9 0.97365
-1360.7 0.974152
-1360.5 0.974628
-1360.3 0.97511
-1360.1 0.975547
-1359.9 0.975964
-1359.7 0.97644
-1359.5 0.976909
-1359.3 0.977521
-1359.1 0.977971
-1358.9 0.978421
-1358.7 0.978864
-1358.5 0.979288
-1358.3 0.979698
-1358.1 0.980148
-1357.9 0.980572
-1357.7 0.980963
-1357.5 0.981367
-1357.3 0.981732
-1357.1 0.982142
-1356.9 0.98252
-1356.7 0.982853
-1356.5 0.983172
-1356.3 0.98357
-1356.1 0.983915
-1355.9 0.984287
-1355.7 0.98471
-1355.5 0.985108
-1355.3 0.985466
-1355.1 0.985831
-1354.9 0.986124
-1354.7 0.98647
-1354.5 0.986861
-1354.3 0.98733
-1354.1 0.987656
-1353.9 0.988001
-1353.7 0.988373
-1353.5 0.988705
-1353.3 0.988992
-1353.1 0.989344
-1352.9 0.989611
-1352.7 0.989859
-1352.5 0.990172
-1352.3 0.990367
-1352.1 0.990648
-1351.9 0.990902
-1351.7 0.991091
-1351.5 0.991364
-1351.3 0.991606
-1351.1 0.991827
-1350.9 0.992029
-1350.7 0.992264
-1350.5 0.99244
-1350.3 0.992642
-1350.1 0.992837
-1349.9 0.993118
-1349.7 0.993346
-1349.5 0.993522
-1349.3 0.99373
-1349.1 0.993926
-1348.9 0.994102
-1348.7 0.994278
-1348.5 0.99448
-1348.3 0.994649
-1348.1 0.994786
-1347.9 0.994949
-1347.7 0.995092
-1347.5 0.995171
-1347.3 0.995327
-1347.1 0.995451
-1346.9 0.99564
-1346.7 0.995809
-1346.5 0.995914
-1346.3 0.996018
-1346.1 0.996148
-1345.9 0.996252
-1345.7 0.99637
-1345.5 0.996474
-1345.3 0.996533
-1345.1 0.99663
-1344.9 0.996748
-1344.7 0.996898
-1344.5 0.996956
-1344.3 0.997054
-1344.1 0.997126
-1343.9 0.997204
-1343.7 0.997256
-1343.5 0.99736
-1343.3 0.997478
-1343.1 0.997569
-1342.9 0.99768
-1342.7 0.997751
-1342.5 0.997849
-1342.3 0.99796
-1342.1 0.998019
-1341.9 0.99813
-1341.7 0.998182
-1341.5 0.998227
-1341.3 0.998292
-1341.1 0.998332
-1340.9 0.998371
-1340.7 0.998442
-1340.5 0.998501
-1340.3 0.998566
-1340.1 0.998612
-1339.9 0.99867
-1339.7 0.998716
-1339.5 0.998794
-1339.3 0.998853
-1339.1 0.998905
-1338.9 0.998938
-1338.7 0.998951
-1338.5 0.99899
-1338.3 0.999009
-1338.1 0.999048
-1337.9 0.999088
-1337.7 0.999114
-1337.5 0.999133
-1337.3 0.999159
-1337.1 0.999172
-1336.9 0.999211
-1336.7 0.999231
-1336.5 0.999244
-1336.3 0.999264
-1336.1 0.999283
-1335.9 0.999296
-1335.7 0.999335
-1335.5 0.999374
-1335.3 0.999407
-1335.1 0.999433
-1334.9 0.99944
-1334.7 0.999453
-1334.5 0.999479
-1334.3 0.999485
-1334.1 0.999518
-1333.9 0.999531
-1333.7 0.999557
-1333.5 0.999576
-1333.3 0.999583
-1333.1 0.999589
-1332.9 0.999596
-1332.7 0.999609
-1332.5 0.999622
-1332.3 0.999629
-1332.1 0.999642
-1331.9 0.999655
-1331.7 0.999661
-1331.5 0.999661
-1331.3 0.999661
-1331.1 0.999661
-1330.9 0.999661
-1330.7 0.999674
-1330.5 0.999681
-1330.3 0.999681
-1330.1 0.999687
-1329.9 0.9997
-1329.7 0.999707
-1329.5 0.999707
-1329.3 0.999707
-1329.1 0.99972
-1328.9 0.999726
-1328.7 0.999746
-1328.5 0.999759
-1328.3 0.999759
-1328.1 0.999759
-1327.9 0.999772
-1327.7 0.999772
-1327.5 0.999772
-1327.3 0.999772
-1327.1 0.999772
-1326.9 0.999772
-1326.7 0.999785
-1326.5 0.999785
-1326.3 0.999798
-1326.1 0.999804
-1325.9 0.999811
-1325.7 0.999818
-1325.5 0.999818
-1325.3 0.999818
-1325.1 0.999824
-1324.9 0.999824
-1324.7 0.999831
-1324.5 0.999831
-1324.3 0.999831
-1324.1 0.999837
-1323.9 0.99985
-1323.7 0.99985
-1323.5 0.99985
-1323.3 0.99985
-1323.1 0.99985
-1322.9 0.999857
-1322.7 0.999857
-1322.5 0.999857
-1322.3 0.999857
-1322.1 0.999863
-1321.9 0.99987
-1321.7 0.999876
-1321.5 0.999876
-1321.3 0.999876
-1321.1 0.999876
-1320.9 0.999876
-1320.7 0.999876
-1320.5 0.999876
-1320.3 0.999876
-1320.1 0.999876
-1319.9 0.999876
-1319.7 0.999883
-1319.5 0.999896
-1319.3 0.999896
-1319.1 0.999896
-1318.9 0.999896
-1318.7 0.999896
-1318.5 0.999902
-1318.3 0.999902
-1318.1 0.999909
-1317.9 0.999909
-1317.7 0.999909
-1317.5 0.999915
-1317.3 0.999928
-1317.1 0.999928
-1316.9 0.999928
-1316.7 0.999935
-1316.5 0.999941
-1316.3 0.999941
-1316.1 0.999948
-1315.9 0.999948
-1315.7 0.999948
-1315.5 0.999948
-1315.3 0.999948
-1315.1 0.999948
-1314.9 0.999948
-1314.7 0.999948
-1314.5 0.999948
-1314.3 0.999948
-1314.1 0.999948
-1313.9 0.999948
-1313.7 0.999948
-1313.5 0.999948
-1313.3 0.999948
-1313.1 0.999948
-1312.9 0.999948
-1312.7 0.999948
-1312.5 0.999948
-1312.3 0.999948
-1312.1 0.999948
-1311.9 0.999948
-1311.7 0.999948
-1311.5 0.999948
-1311.3 0.999948
-1311.1 0.999948
-1310.9 0.999954
-1310.7 0.999954
-1310.5 0.999954
-1310.3 0.999954
-1310.1 0.999961
-1309.9 0.999961
-1309.7 0.999967
-1309.5 0.999967
-1309.3 0.999967
-1309.1 0.999967
-1308.9 0.999967
-1308.7 0.999967
-1308.5 0.999967
-1308.3 0.999967
-1308.1 0.999967
-1307.9 0.999967
-1307.7 0.999967
-1307.5 0.999967
-1307.3 0.999967
-1307.1 0.999967
-1306.9 0.999974
-1306.7 0.999974
-1306.5 0.999974
-1306.3 0.999974
-1306.1 0.999974
-1305.9 0.999974
-1305.7 0.999974
-1305.5 0.999974
-1305.3 0.99998
-1305.1 0.99998
-1304.9 0.99998
-1304.7 0.99998
-1304.5 0.99998
-1304.3 0.999987
-1304.1 0.999987
-1303.9 0.999987
-1303.7 0.999987
-1303.5 0.999987
-1303.3 0.999987
-1303.1 0.999987
-1302.9 0.999987
-1302.7 0.999987
-1302.5 0.999987
-1302.3 0.999987
-1302.1 0.999987
-1301.9 0.999987
-1301.7 0.999987
-1301.5 0.999987
-1301.3 0.999987
-1301.1 0.999987
-1300.9 0.999987
-1300.7 0.999987
-1300.5 0.999993
-1300.3 0.999993
-1300.1 0.999993
-1299.9 1
