1468
-1594.3 5.5227e-06
-1594.1 5.5227e-06
-1593.9 5.5227e-06
-1593.7 5.5227e-06
-1593.5 5.5227e-06
-1593.3 5.5227e-06
-1593.1 5.5227e-06
-1592.9 5.5227e-06
-1592.7 5.5227e-06
-1592.5 5.5227e-06
-1592.3 5.5227e-06
-1592.1 1.10454e-05
-1591.9 1.10454e-05
-1591.7 1.10454e-05
-1591.5 1.10454e-05
-1591.3 1.10454e-05
-1591.1 1.10454e-05
-1590.9 1.10454e-05
-1590.7 1.10454e-05
-1590.5 1.10454e-05
-1590.3 1.10454e-05
-1590.1 1.10454e-05
-1589.9 1.65681e-05
-1589.7 1.65681e-05
-1589.5 1.65681e-05
-1589.3 1.65681e-05
-1589.1 1.65681e-05
-1588.9 1.65681e-05
-1588.7 1.65681e-05
-1588.5 1.65681e-05
-1588.3 1.65681e-05
-1588.1 1.65681e-05
-1587.9 1.65681e-05
-1587.7 1.65681e-05
-1587.5 1.65681e-05
-1587.3 1.65681e-05
-1587.1 1.65681e-05
-1586.9 1.65681e-05
-1586.7 1.65681e-05
-1586.5 1.65681e-05
-1586.3 1.65681e-05
-1586.1 1.65681e-05
-1585.9 1.65681e-05
-1585.7 1.65681e-05
-1585.5 1.65681e-05
-1585.3 1.65681e-05
-1585.1 1.65681e-05
-1584.9 1.65681e-05
-1584.7 1.65681e-05
-1584.5 1.65681e-05
-1584.3 1.65681e-05
-1584.1 1.65681e-05
-1583.9 1.65681e-05
-1583.7 1.65681e-05
-1583.5 1.65681e-05
-1583.3 1.65681e-05
-1583.1 2.20908e-05
-1582.9 2.20908e-05
-1582.7 2.76135e-05
-1582.5 2.76135e-05
-1582.3 2.76135e-05
-1582.1 2.76135e-05
-1581.9 2.76135e-05
-1581.7 2.76135e-05
-1581.5 2.76135e-05
-1581.3 2.76135e-05
-1581.1 3.31362e-05
-1580.9 3.31362e-05
-1580.7 3.31362e-05
-1580.5 3.31362e-05
-1580.3 3.31362e-05
-1580.1 3.31362e-05
-1579.9 3.31362e-05
-1579.7 3.31362e-05
-1579.5 3.31362e-05
-1579.3 3.31362e-05
-1579.1 3.86589e-05
-1578.9 3.86589e-05
-1578.7 3.86589e-05
-1578.5 3.86589e-05
-1578.3 3.86589e-05
-1578.1 3.86589e-05
-1577.9 3.86589e-05
-1577.7 3.86589e-05
-1577.5 3.86589e-05
-1577.3 3.86589e-05
-1577.1 3.86589e-05
-1576.9 3.86589e-05
-1576.7 3.86589e-05
-1576.5 3.86589e-05
-1576.3 3.86589e-05
-1576.1 3.86589e-05
-1575.9 3.86589e-05
-1575.7 3.86589e-05
-1575.5 3.86589e-05
-1575.3 3.86589e-05
-1575.1 3.86589e-05
-1574.9 4.41816e-05
-1574.7 4.97043e-05
-1574.5 4.97043e-05
-1574.3 5.5227e-05
-1574.1 5.5227e-05
-1573.9 5.5227e-05
-1573.7 6.07497e-05
-1573.5 6.62723e-05
-1573.3 7.1795e-05
-1573.1 7.73177e-05
-1572.9 7.73177e-05
-1572.7 8.83631e-05
-1572.5 9.38858e-05
-1572.3 9.94085e-05
-1572.1 0.000110454
-1571.9 0.000110454
-1571.7 0.000121499
-1571.5 0.000132545
-1571.3 0.000138067
-1571.1 0.000154635
-1570.9 0.000171204
-1570.7 0.000193294
-1570.5 0.000193294
-1570.3 0.000209862
-1570.1 0.000231953
-1569.9 0.000265089
-1569.7 0.000298226
-1569.5 0.000325839
-1569.3 0.000364498
-1569.1 0.000386589
-1568.9 0.000425248
-1568.7 0.000469429
-1568.5 0.000519133
-1568.3 0.000546747
-1568.1 0.000601974
-1567.9 0.000662723
-1567.7 0.000706905
-1567.5 0.000811836
-1567.3 0.000933336
-1567.1 0.00105483
-1566.9 0.00112111
-1566.7 0.00120947
-1566.5 0.00133649
-1566.3 0.00149113
-1566.1 0.00160158
-1565.9 0.00173965
-1565.7 0.00191085
-1565.5 0.00208206
-1565.3 0.00225326
-1565.1 0.00247969
-1564.9 0.00268403
-1564.7 0.00288285
-1564.5 0.00313689
-1564.3 0.00336332
-1564.1 0.003529
-1563.9 0.00372782
-1563.7 0.00399843
-1563.5 0.00428009
-1563.3 0.00460593
-1563.1 0.0049152
-1562.9 0.00523552
-1562.7 0.00556688
-1562.5 0.00590928
-1562.3 0.00628483
-1562.1 0.00669903
-1561.9 0.00714637
-1561.7 0.00763789
-1561.5 0.00804104
-1561.3 0.00848838
-1561.1 0.00900752
-1560.9 0.00947142
-1560.7 0.00988562
-1560.5 0.0104821
-1560.3 0.0111282
-1560.1 0.0117799
-1559.9 0.0123929
-1559.7 0.0131385
-1559.5 0.013757
-1559.3 0.0143645
-1559.1 0.0151377
-1558.9 0.0158501
-1558.7 0.0165405
-1558.5 0.0174131
-1558.3 0.0181862
-1558.1 0.0189705
-1557.9 0.0198265
-1557.7 0.020677
-1557.5 0.0213894
-1557.3 0.0223227
-1557.1 0.0234438
-1556.9 0.0244214
-1556.7 0.0253602
-1556.5 0.0263046
-1556.3 0.0273318
-1556.1 0.028359
-1555.9 0.0292813
-1555.7 0.0304798
-1555.5 0.0315125
-1555.3 0.0326115
-1555.1 0.0335669
-1554.9 0.0345224
-1554.7 0.0356048
-1554.5 0.0366265
-1554.3 0.037604
-1554.1 0.0385042
-1553.9 0.0394873
-1553.7 0.0405311
-1553.5 0.0415417
-1553.3 0.0425358
-1553.1 0.0434581
-1552.9 0.0445682
-1552.7 0.0456893
-1552.5 0.0467386
-1552.3 0.0477547
-1552.1 0.0486826
-1551.9 0.0498037
-1551.7 0.0508088
-1551.5 0.0517587
-1551.3 0.0526755
-1551.1 0.0537303
-1550.9 0.0547796
-1550.7 0.0555749
-1550.5 0.0565137
-1550.3 0.0574416
-1550.1 0.0583749
-1549.9 0.0594573
-1549.7 0.060352
-1549.5 0.0613019
-1549.3 0.0621856
-1549.1 0.0633564
-1548.9 0.0644278
-1548.7 0.0654274
-1548.5 0.0666148
-1548.3 0.0677138
-1548.1 0.0684593
-1547.9 0.0692933
-1547.7 0.0701769
-1547.5 0.0710495
-1547.3 0.0720049
-1547.1 0.0729714
-1546.9 0.0739655
-1546.7 0.0748712
-1546.5 0.0758653
-1546.3 0.076771
-1546.1 0.0777596
-1545.9 0.0787868
-1545.7 0.0797477
-1545.5 0.0808964
-1545.3 0.0818519
-1545.1 0.0828404
-1544.9 0.0839118
-1544.7 0.0849004
-1544.5 0.0858724
-1544.3 0.0869162
-1544.1 0.0879821
-1543.9 0.0890259
-1543.7 0.090042
-1543.5 0.0910472
-1543.3 0.092102
-1543.1 0.093201
-1542.9 0.0940902
-1542.7 0.0951063
-1542.5 0.0960121
-1542.3 0.0970614
-1542.1 0.0979947
-1541.9 0.0990054
-1541.7 0.100082
-1541.5 0.101121
-1541.3 0.102203
-1541.1 0.103296
-1540.9 0.104274
-1540.7 0.105279
-1540.5 0.106444
-1540.3 0.107599
-1540.1 0.108676
-1539.9 0.109592
-1539.7 0.110708
-1539.5 0.111713
-1539.3 0.11263
-1539.1 0.113591
-1538.9 0.114728
-1538.7 0.115805
-1538.5 0.116949
-1538.3 0.118075
-1538.1 0.119069
-1537.9 0.119981
-1537.7 0.12119
-1537.5 0.122234
-1537.3 0.123272
-1537.1 0.124299
-1536.9 0.12547
-1536.7 0.126597
-1536.5 0.127569
-1536.3 0.128563
-1536.1 0.129585
-1535.9 0.130634
-1535.7 0.131727
-1535.5 0.132788
-1535.3 0.133964
-1535.1 0.135102
-1534.9 0.136162
-1534.7 0.137272
-1534.5 0.138233
-1534.3 0.139266
-1534.1 0.140321
-1533.9 0.141398
-1533.7 0.142452
-1533.5 0.143568
-1533.3 0.144634
-1533.1 0.145661
-1532.9 0.146628
-1532.7 0.147666
-1532.5 0.148688
-1532.3 0.149731
-1532.1 0.150731
-1531.9 0.151736
-1531.7 0.152642
-1531.5 0.153564
-1531.3 0.154531
-1531.1 0.155398
-1530.9 0.156314
-1530.7 0.157187
-1530.5 0.158209
-1530.3 0.159208
-1530.1 0.16023
-1529.9 0.161136
-1529.7 0.162058
-1529.5 0.163002
-1529.3 0.16403
-1529.1 0.165013
-1528.9 0.165896
-1528.7 0.166918
-1528.5 0.167901
-1528.3 0.16895
-1528.1 0.169955
-1527.9 0.171093
-1527.7 0.172054
-1527.5 0.172971
-1527.3 0.174042
-1527.1 0.17508
-1526.9 0.176008
-1526.7 0.177174
-1526.5 0.178383
-1526.3 0.179488
-1526.1 0.180537
-1525.9 0.181548
-1525.7 0.18258
-1525.5 0.183569
-1525.3 0.184723
-1525.1 0.185679
-1524.9 0.186673
-1524.7 0.18775
-1524.5 0.188744
-1524.3 0.189804
-1524.1 0.190743
-1523.9 0.191842
-1523.7 0.192897
-1523.5 0.19404
-1523.3 0.195283
-1523.1 0.19637
-1522.9 0.197221
-1522.7 0.198237
-1522.5 0.199253
-1522.3 0.200347
-1522.1 0.201396
-1521.9 0.202396
-1521.7 0.203384
-1521.5 0.204461
-1521.3 0.205494
-1521.1 0.206582
-1520.9 0.20762
-1520.7 0.208763
-1520.5 0.209774
-1520.3 0.210862
-1520.1 0.211972
-1519.9 0.212966
-1519.7 0.214038
-1519.5 0.215037
-1519.3 0.216092
-1519.1 0.217141
-1518.9 0.218152
-1518.7 0.219096
-1518.5 0.220052
-1518.3 0.220825
-1518.1 0.221885
-1517.9 0.222852
-1517.7 0.22384
-1517.5 0.224757
-1517.3 0.225707
-1517.1 0.226585
-1516.9 0.227496
-1516.7 0.22838
-1516.5 0.229242
-1516.3 0.230125
-1516.1 0.231075
-1515.9 0.232031
-1515.7 0.232964
-1515.5 0.233886
-1515.3 0.234748
-1515.1 0.235681
-1514.9 0.236581
-1514.7 0.237432
-1514.5 0.238293
-1514.3 0.23916
-1514.1 0.239906
-1513.9 0.240663
-1513.7 0.24159
-1513.5 0.24233
-1513.3 0.243264
-1513.1 0.24423
-1512.9 0.244926
-1512.7 0.245843
-1512.5 0.246616
-1512.3 0.247516
-1512.1 0.248295
-1511.9 0.249101
-1511.7 0.24988
-1511.5 0.250642
-1511.3 0.251581
-1511.1 0.252498
-1510.9 0.253182
-1510.7 0.253972
-1510.5 0.254756
-1510.3 0.255773
-1510.1 0.256684
-1509.9 0.257551
-1509.7 0.258363
-1509.5 0.259147
-1509.3 0.260036
-1509.1 0.260738
-1508.9 0.261594
-1508.7 0.262311
-1508.5 0.263261
-1508.3 0.264134
-1508.1 0.265073
-1507.9 0.265896
-1507.7 0.266757
-1507.5 0.267851
-1507.3 0.268707
-1507.1 0.269839
-1506.9 0.270778
-1506.7 0.271794
-1506.5 0.272865
-1506.3 0.273876
-1506.1 0.274992
-1505.9 0.275914
-1505.7 0.277052
-1505.5 0.278228
-1505.3 0.279355
-1505.1 0.280431
-1504.9 0.281553
-1504.7 0.282712
-1504.5 0.2838
-1504.3 0.284899
-1504.1 0.28596
-1503.9 0.287103
-1503.7 0.288119
-1503.5 0.28924
-1503.3 0.290306
-1503.1 0.291317
-1502.9 0.292399
-1502.7 0.29341
-1502.5 0.294426
-1502.3 0.295321
-1502.1 0.29637
-1501.9 0.297342
-1501.7 0.298198
-1501.5 0.299131
-1501.3 0.300219
-1501.1 0.301296
-1500.9 0.302252
-1500.7 0.303141
-1500.5 0.304129
-1500.3 0.305239
-1500.1 0.3062
-1499.9 0.307051
-1499.7 0.307857
-1499.5 0.30868
-1499.3 0.309547
-1499.1 0.310491
-1498.9 0.311276
-1498.7 0.312143
-1498.5 0.312966
-1498.3 0.313899
-1498.1 0.314832
-1497.9 0.315622
-1497.7 0.316445
-1497.5 0.317301
-1497.3 0.318107
-1497.1 0.318858
-1496.9 0.319742
-1496.7 0.320576
-1496.5 0.321299
-1496.3 0.322139
-1496.1 0.322879
-1495.9 0.323613
-1495.7 0.32437
-1495.5 0.325165
-1495.3 0.32601
-1495.1 0.32675
-1494.9 0.327457
-1494.7 0.328225
-1494.5 0.328992
-1494.3 0.329721
-1494.1 0.330539
-1493.9 0.331395
-1493.7 0.33214
-1493.5 0.332974
-1493.3 0.33377
-1493.1 0.334548
-1492.9 0.335355
-1492.7 0.336122
-1492.5 0.336929
-1492.3 0.33784
-1492.1 0.338685
-1491.9 0.339563
-1491.7 0.340303
-1491.5 0.341264
-1491.3 0.342137
-1491.1 0.343015
-1490.9 0.344003
-1490.7 0.344798
-1490.5 0.345864
-1490.3 0.346632
-1490.1 0.347582
-1489.9 0.348493
-1489.7 0.349432
-1489.5 0.350282
-1489.3 0.351249
-1489.1 0.352431
-1488.9 0.35337
-1488.7 0.354463
-1488.5 0.35543
-1488.3 0.356368
-1488.1 0.357263
-1487.9 0.358257
-1487.7 0.359251
-1487.5 0.360406
-1487.3 0.361339
-1487.1 0.362234
-1486.9 0.363288
-1486.7 0.364404
-1486.5 0.365409
-1486.3 0.366552
-1486.1 0.367712
-1485.9 0.368651
-1485.7 0.3697
-1485.5 0.370728
-1485.3 0.371683
-1485.1 0.372765
-1484.9 0.373643
-1484.7 0.374593
-1484.5 0.375521
-1484.3 0.376466
-1484.1 0.377427
-1483.9 0.37852
-1483.7 0.379509
-1483.5 0.380409
-1483.3 0.381386
-1483.1 0.382336
-1482.9 0.383209
-1482.7 0.384015
-1482.5 0.385015
-1482.3 0.38586
-1482.1 0.386799
-1481.9 0.387649
-1481.7 0.388477
-1481.5 0.389367
-1481.3 0.390173
-1481.1 0.39104
-1480.9 0.391874
-1480.7 0.392708
-1480.5 0.393387
-1480.3 0.39416
-1480.1 0.394994
-1479.9 0.395823
-1479.7 0.39664
-1479.5 0.397518
-1479.3 0.398391
-1479.1 0.399385
-1478.9 0.400014
-1478.7 0.400832
-1478.5 0.401655
-1478.3 0.402627
-1478.1 0.403416
-1477.9 0.404234
-1477.7 0.405062
-1477.5 0.40583
-1477.3 0.406642
-1477.1 0.407481
-1476.9 0.408365
-1476.7 0.409154
-1476.5 0.409955
-1476.3 0.410866
-1476.1 0.411656
-1475.9 0.412369
-1475.7 0.413319
-1475.5 0.414213
-1475.3 0.415174
-1475.1 0.416036
-1474.9 0.416848
-1474.7 0.417693
-1474.5 0.41851
-1474.3 0.419493
-1474.1 0.420393
-1473.9 0.421122
-1473.7 0.422089
-1473.5 0.422862
-1473.3 0.423883
-1473.1 0.424784
-1472.9 0.425761
-1472.7 0.426783
-1472.5 0.427716
-1472.3 0.428743
-1472.1 0.429688
-1471.9 0.430616
-1471.7 0.431659
-1471.5 0.432653
-1471.3 0.433465
-1471.1 0.434443
-1470.9 0.435376
-1470.7 0.436354
-1470.5 0.437237
-1470.3 0.438292
-1470.1 0.439303
-1469.9 0.44033
-1469.7 0.441473
-1469.5 0.442346
-1469.3 0.443412
-1469.1 0.444362
-1468.9 0.4454
-1468.7 0.446449
-1468.5 0.447454
-1468.3 0.448448
-1468.1 0.449332
-1467.9 0.45021
-1467.7 0.451199
-1467.5 0.452093
-1467.3 0.453137
-1467.1 0.454104
-1466.9 0.455054
-1466.7 0.45602
-1466.5 0.456871
-1466.3 0.457826
-1466.1 0.458605
-1465.9 0.459516
-1465.7 0.4604
-1465.5 0.461305
-1465.3 0.462172
-1465.1 0.463006
-1464.9 0.46405
-1464.7 0.464845
-1464.5 0.465674
-1464.3 0.466541
-1464.1 0.467408
-1463.9 0.468253
-1463.7 0.469181
-1463.5 0.470031
-1463.3 0.47081
-1463.1 0.471533
-1462.9 0.472284
-1462.7 0.473096
-1462.5 0.474041
-1462.3 0.47493
-1462.1 0.475603
-1461.9 0.476355
-1461.7 0.477161
-1461.5 0.478045
-1461.3 0.478845
-1461.1 0.479773
-1460.9 0.480546
-1460.7 0.481529
-1460.5 0.48238
-1460.3 0.483297
-1460.1 0.484158
-1459.9 0.485025
-1459.7 0.485854
-1459.5 0.486643
-1459.3 0.487417
-1459.1 0.488449
-1458.9 0.489471
-1458.7 0.490415
-1458.5 0.491216
-1458.3 0.492056
-1458.1 0.49284
-1457.9 0.49379
-1457.7 0.494729
-1457.5 0.495502
-1457.3 0.496435
-1457.1 0.497346
-1456.9 0.498329
-1456.7 0.499312
-1456.5 0.500257
-1456.3 0.501102
-1456.1 0.502052
-1455.9 0.503107
-1455.7 0.503985
-1455.5 0.504946
-1455.3 0.505851
-1455.1 0.506774
-1454.9 0.507585
-1454.7 0.50848
-1454.5 0.509303
-1454.3 0.510253
-1454.1 0.511236
-1453.9 0.512042
-1453.7 0.513014
-1453.5 0.51397
-1453.3 0.514853
-1453.1 0.515687
-1452.9 0.516521
-1452.7 0.517432
-1452.5 0.51836
-1452.3 0.519387
-1452.1 0.520194
-1451.9 0.521232
-1451.7 0.522132
-1451.5 0.523126
-1451.3 0.524082
-1451.1 0.525032
-1450.9 0.525948
-1450.7 0.52686
-1450.5 0.527892
-1450.3 0.528826
-1450.1 0.529875
-1449.9 0.530643
-1449.7 0.531548
-1449.5 0.532399
-1449.3 0.533332
-1449.1 0.534282
-1448.9 0.535182
-1448.7 0.536033
-1448.5 0.537005
-1448.3 0.537966
-1448.1 0.538943
-1447.9 0.539832
-1447.7 0.540672
-1447.5 0.54155
-1447.3 0.542395
-1447.1 0.543323
-1446.9 0.544113
-1446.7 0.544974
-1446.5 0.545847
-1446.3 0.546763
-1446.1 0.547586
-1445.9 0.54831
-1445.7 0.54921
-1445.5 0.550077
-1445.3 0.550911
-1445.1 0.551977
-1444.9 0.55275
-1444.7 0.553545
-1444.5 0.554401
-1444.3 0.555268
-1444.1 0.556075
-1443.9 0.557041
-1443.7 0.558002
-1443.5 0.558842
-1443.3 0.559698
-1443.1 0.560675
-1442.9 0.561481
-1442.7 0.562453
-1442.5 0.563293
-1442.3 0.564248
-1442.1 0.56495
-1441.9 0.565767
-1441.7 0.56664
-1441.5 0.567534
-1441.3 0.568484
-1441.1 0.569401
-1440.9 0.570268
-1440.7 0.571157
-1440.5 0.571958
-1440.3 0.572753
-1440.1 0.573681
-1439.9 0.574554
-1439.7 0.575426
-1439.5 0.576282
-1439.3 0.577083
-1439.1 0.577889
-1438.9 0.578745
-1438.7 0.57959
-1438.5 0.580479
-1438.3 0.581302
-1438.1 0.582247
-1437.9 0.583252
-1437.7 0.584108
-1437.5 0.58503
-1437.3 0.585936
-1437.1 0.586797
-1436.9 0.587731
-1436.7 0.588664
-1436.5 0.589526
-1436.3 0.590343
-1436.1 0.591155
-1435.9 0.592038
-1435.7 0.592911
-1435.5 0.593889
-1435.3 0.594916
-1435.1 0.595844
-1434.9 0.596716
-1434.7 0.597661
-1434.5 0.598561
-1434.3 0.599511
-1434.1 0.600383
-1433.9 0.601344
-1433.7 0.602184
-1433.5 0.603167
-1433.3 0.6041
-1433.1 0.604978
-1432.9 0.605862
-1432.7 0.606569
-1432.5 0.607513
-1432.3 0.608391
-1432.1 0.609264
-1431.9 0.610026
-1431.7 0.610898
-1431.5 0.611915
-1431.3 0.612831
-1431.1 0.613632
-1430.9 0.614549
-1430.7 0.615361
-1430.5 0.616244
-1430.3 0.617123
-1430.1 0.618089
-1429.9 0.618923
-1429.7 0.619691
-1429.5 0.620729
-1429.3 0.621563
-1429.1 0.622485
-1428.9 0.623314
-1428.7 0.624081
-1428.5 0.625003
-1428.3 0.625837
-1428.1 0.626682
-1427.9 0.627555
-1427.7 0.628532
-1427.5 0.629355
-1427.3 0.630162
-1427.1 0.631156
-1426.9 0.631907
-1426.7 0.632807
-1426.5 0.633641
-1426.3 0.634469
-1426.1 0.63532
-1425.9 0.636192
-1425.7 0.637098
-1425.5 0.637783
-1425.3 0.63849
-1425.1 0.639269
-1424.9 0.640014
-1424.7 0.64087
-1424.5 0.641815
-1424.3 0.642566
-1424.1 0.643455
-1423.9 0.64436
-1423.7 0.645299
-1423.5 0.646177
-1423.3 0.646989
-1423.1 0.647851
-1422.9 0.648701
-1422.7 0.649602
-1422.5 0.650568
-1422.3 0.651534
-1422.1 0.652319
-1421.9 0.653131
-1421.7 0.654103
-1421.5 0.655058
-1421.3 0.656091
-1421.1 0.656991
-1420.9 0.657858
-1420.7 0.658637
-1420.5 0.659531
-1420.3 0.660382
-1420.1 0.661271
-1419.9 0.661961
-1419.7 0.662812
-1419.5 0.663756
-1419.3 0.664656
-1419.1 0.66549
-1418.9 0.666308
-1418.7 0.667247
-1418.5 0.66802
-1418.3 0.668931
-1418.1 0.669853
-1417.9 0.670682
-1417.7 0.671366
-1417.5 0.672222
-1417.3 0.673206
-1417.1 0.674045
-1416.9 0.674951
-1416.7 0.67584
-1416.5 0.676768
-1416.3 0.677662
-1416.1 0.678623
-1415.9 0.679457
-1415.7 0.680324
-1415.5 0.681263
-1415.3 0.682196
-1415.1 0.682959
-1414.9 0.683925
-1414.7 0.684798
-1414.5 0.685681
-1414.3 0.686609
-1414.1 0.687537
-1413.9 0.688459
-1413.7 0.689343
-1413.5 0.690226
-1413.3 0.69116
-1413.1 0.69217
-1412.9 0.692927
-1412.7 0.693739
-1412.5 0.694716
-1412.3 0.695584
-1412.1 0.696401
-1411.9 0.697279
-1411.7 0.698107
-1411.5 0.698858
-1411.3 0.69977
-1411.1 0.700642
-1410.9 0.701504
-1410.7 0.702244
-1410.5 0.703083
-1410.3 0.703961
-1410.1 0.704862
-1409.9 0.705751
-1409.7 0.706723
-1409.5 0.7077
-1409.3 0.708639
-1409.1 0.709501
-1408.9 0.710401
-1408.7 0.711235
-1408.5 0.71208
-1408.3 0.713068
-1408.1 0.713919
-1407.9 0.714814
-1407.7 0.715835
-1407.5 0.716735
-1407.3 0.717663
-1407.1 0.718536
-1406.9 0.719309
-1406.7 0.720209
-1406.5 0.721143
-1406.3 0.722015
-1406.1 0.722888
-1405.9 0.723827
-1405.7 0.724666
-1405.5 0.725616
-1405.3 0.726516
-1405.1 0.72735
-1404.9 0.728189
-1404.7 0.729123
-1404.5 0.730034
-1404.3 0.730945
-1404.1 0.731884
-1403.9 0.732768
-1403.7 0.733558
-1403.5 0.734403
-1403.3 0.735253
-1403.1 0.73601
-1402.9 0.736827
-1402.7 0.737832
-1402.5 0.738633
-1402.3 0.739555
-1402.1 0.740384
-1401.9 0.741234
-1401.7 0.742107
-1401.5 0.742775
-1401.3 0.743648
-1401.1 0.744542
-1400.9 0.745326
-1400.7 0.746138
-1400.5 0.746884
-1400.3 0.747762
-1400.1 0.748579
-1399.9 0.749457
-1399.7 0.750225
-1399.5 0.751026
-1399.3 0.751821
-1399.1 0.752688
-1398.9 0.753456
-1398.7 0.75429
-1398.5 0.755207
-1398.3 0.755958
-1398.1 0.756946
-1397.9 0.757824
-1397.7 0.758736
-1397.5 0.759669
-1397.3 0.760376
-1397.1 0.761215
-1396.9 0.762071
-1396.7 0.762889
-1396.5 0.763816
-1396.3 0.764656
-1396.1 0.765435
-1395.9 0.76634
-1395.7 0.767147
-1395.5 0.76819
-1395.3 0.769107
-1395.1 0.769936
-1394.9 0.77067
-1394.7 0.771521
-1394.5 0.772288
-1394.3 0.773095
-1394.1 0.773917
-1393.9 0.774641
-1393.7 0.775513
-1393.5 0.776419
-1393.3 0.777391
-1393.1 0.778347
-1392.9 0.779263
-1392.7 0.780086
-1392.5 0.781014
-1392.3 0.781887
-1392.1 0.782732
-1391.9 0.783626
-1391.7 0.784565
-1391.5 0.785493
-1391.3 0.786393
-1391.1 0.787282
-1390.9 0.788155
-1390.7 0.789033
-1390.5 0.789878
-1390.3 0.790657
-1390.1 0.791391
-1389.9 0.792242
-1389.7 0.793026
-1389.5 0.793899
-1389.3 0.794677
-1389.1 0.795495
-1388.9 0.796306
-1388.7 0.797146
-1388.5 0.797897
-1388.3 0.798698
-1388.1 0.799504
-1387.9 0.800344
-1387.7 0.80126
-1387.5 0.802177
-1387.3 0.803149
-1387.1 0.804005
-1386.9 0.804833
-1386.7 0.805695
-1386.5 0.806424
-1386.3 0.807313
-1386.1 0.808075
-1385.9 0.808981
-1385.7 0.809832
-1385.5 0.810699
-1385.3 0.811555
-1385.1 0.812339
-1384.9 0.8132
-1384.7 0.813968
-1384.5 0.81473
-1384.3 0.815663
-1384.1 0.816591
-1383.9 0.817326
-1383.7 0.818232
-1383.5 0.819181
-1383.3 0.819988
-1383.1 0.821032
-1382.9 0.821799
-1382.7 0.822694
-1382.5 0.823478
-1382.3 0.824279
-1382.1 0.825085
-1381.9 0.825842
-1381.7 0.826648
-1381.5 0.827626
-1381.3 0.828592
-1381.1 0.829503
-1380.9 0.830354
-1380.7 0.831077
-1380.5 0.832011
-1380.3 0.832878
-1380.1 0.833828
-1379.9 0.834695
-1379.7 0.835656
-1379.5 0.836705
-1379.3 0.837622
-1379.1 0.838677
-1378.9 0.839389
-1378.7 0.840344
-1378.5 0.8413
-1378.3 0.842172
-1378.1 0.843189
-1377.9 0.843978
-1377.7 0.84479
-1377.5 0.845613
-1377.3 0.846552
-1377.1 0.84754
-1376.9 0.848468
-1376.7 0.849435
-1376.5 0.850346
-1376.3 0.851224
-1376.1 0.852124
-1375.9 0.853019
-1375.7 0.854013
-1375.5 0.854781
-1375.3 0.855764
-1375.1 0.856636
-1374.9 0.857531
-1374.7 0.858326
-1374.5 0.859166
-1374.3 0.860116
-1374.1 0.8609
-1373.9 0.861783
-1373.7 0.862662
-1373.5 0.863529
-1373.3 0.864479
-1373.1 0.865307
-1372.9 0.866146
-1372.7 0.866991
-1372.5 0.867709
-1372.3 0.868648
-1372.1 0.869515
-1371.9 0.8702
-1371.7 0.87104
-1371.5 0.871912
-1371.3 0.872774
-1371.1 0.873591
-1370.9 0.874403
-1370.7 0.875176
-1370.5 0.876004
-1370.3 0.87675
-1370.1 0.8776
-1369.9 0.878346
-1369.7 0.879025
-1369.5 0.879826
-1369.3 0.880627
-1369.1 0.881538
-1368.9 0.882483
-1368.7 0.883366
-1368.5 0.884139
-1368.3 0.885017
-1368.1 0.88589
-1367.9 0.886752
-1367.7 0.887486
-1367.5 0.88837
-1367.3 0.889215
-1367.1 0.890143
-1366.9 0.890965
-1366.7 0.891821
-1366.5 0.892716
-1366.3 0.893456
-1366.1 0.894312
-1365.9 0.895102
-1365.7 0.895903
-1365.5 0.896709
-1365.3 0.89756
-1365.1 0.89841
-1364.9 0.899288
-1364.7 0.900056
-1364.5 0.900962
-1364.3 0.901873
-1364.1 0.902657
-1363.9 0.903563
-1363.7 0.904341
-1363.5 0.905313
-1363.3 0.906208
-1363.1 0.907003
-1362.9 0.907865
-1362.7 0.908754
-1362.5 0.909544
-1362.3 0.910405
-1362.1 0.911344
-1361.9 0.912322
-1361.7 0.913067
-1361.5 0.913912
-1361.3 0.914757
-1361.1 0.915575
-1360.9 0.916519
-1360.7 0.917386
-1360.5 0.918308
-1360.3 0.919142
-1360.1 0.919982
-1359.9 0.92081
-1359.7 0.921738
-1359.5 0.922627
-1359.3 0.92356
-1359.1 0.924383
-1358.9 0.925272
-1358.7 0.926211
-1358.5 0.927084
-1358.3 0.927912
-1358.1 0.928862
-1357.9 0.929608
-1357.7 0.930596
-1357.5 0.931303
-1357.3 0.93206
-1357.1 0.932844
-1356.9 0.93354
-1356.7 0.934263
-1356.5 0.935125
-1356.3 0.935859
-1356.1 0.936605
-1355.9 0.937395
-1355.7 0.938262
-1355.5 0.939107
-1355.3 0.939863
-1355.1 0.940725
-1354.9 0.941542
-1354.7 0.942431
-1354.5 0.943155
-1354.3 0.943994
-1354.1 0.944889
-1353.9 0.945706
-1353.7 0.946474
-1353.5 0.947363
-1353.3 0.948186
-1353.1 0.948843
-1352.9 0.949688
-1352.7 0.950257
-1352.5 0.951036
-1352.3 0.951765
-1352.1 0.952411
-1351.9 0.953206
-1351.7 0.953852
-1351.5 0.954554
-1351.3 0.955244
-1351.1 0.955951
-1350.9 0.956636
-1350.7 0.957254
-1350.5 0.957989
-1350.3 0.958668
-1350.1 0.959314
-1349.9 0.960021
-1349.7 0.96059
-1349.5 0.961297
-1349.3 0.961965
-1349.1 0.962506
-1348.9 0.963235
-1348.7 0.963915
-1348.5 0.964522
-1348.3 0.965179
-1348.1 0.965759
-1347.9 0.966267
-1347.7 0.966858
-1347.5 0.967311
-1347.3 0.967913
-1347.1 0.96857
-1346.9 0.969178
-1346.7 0.969736
-1346.5 0.970166
-1346.3 0.970779
-1346.1 0.971409
-1345.9 0.971967
-1345.7 0.972436
-1345.5 0.972994
-1345.3 0.97353
-1345.1 0.97411
-1344.9 0.974623
-1344.7 0.975142
-1344.5 0.975612
-1344.3 0.976092
-1344.1 0.976534
-1343.9 0.977048
-1343.7 0.977534
-1343.5 0.97808
-1343.3 0.978572
-1343.1 0.979041
-1342.9 0.979478
-1342.7 0.979969
-1342.5 0.980405
-1342.3 0.980869
-1342.1 0.98135
-1341.9 0.981814
-1341.7 0.982305
-1341.5 0.982719
-1341.3 0.983145
-1341.1 0.98362
-1340.9 0.984111
-1340.7 0.984525
-1340.5 0.984973
-1340.3 0.985326
-1340.1 0.985669
-1339.9 0.986
-1339.7 0.986403
-1339.5 0.986762
-1339.3 0.987209
-1339.1 0.987585
-1338.9 0.987949
-1338.7 0.988237
-1338.5 0.988629
-1338.3 0.988982
-1338.1 0.989297
-1337.9 0.989546
-1337.7 0.9898
-1337.5 0.990092
-1337.3 0.990341
-1337.1 0.990639
-1336.9 0.990981
-1336.7 0.991252
-1336.5 0.991528
-1336.3 0.991804
-1336.1 0.992075
-1335.9 0.992285
-1335.7 0.992566
-1335.5 0.992809
-1335.3 0.99303
-1335.1 0.993279
-1334.9 0.993489
-1334.7 0.993649
-1334.5 0.993815
-1334.3 0.994035
-1334.1 0.99424
-1333.9 0.9944
-1333.7 0.994538
-1333.5 0.99477
-1333.3 0.994941
-1333.1 0.995118
-1332.9 0.995317
-1332.7 0.99546
-1332.5 0.995632
-1332.3 0.995819
-1332.1 0.995991
-1331.9 0.996123
-1331.7 0.996272
-1331.5 0.99641
-1331.3 0.99657
-1331.1 0.99667
-1330.9 0.996769
-1330.7 0.99688
-1330.5 0.996979
-1330.3 0.997062
-1330.1 0.997239
-1329.9 0.997305
-1329.7 0.997415
-1329.5 0.99752
-1329.3 0.997609
-1329.1 0.997686
-1328.9 0.997758
-1328.7 0.997841
-1328.5 0.997957
-1328.3 0.998017
-1328.1 0.998128
-1327.9 0.9982
-1327.7 0.998288
-1327.5 0.998349
-1327.3 0.998398
-1327.1 0.998454
-1326.9 0.998509
-1326.7 0.998575
-1326.5 0.998636
-1326.3 0.99868
-1326.1 0.998702
-1325.9 0.998752
-1325.7 0.998785
-1325.5 0.998835
-1325.3 0.998857
-1325.1 0.998901
-1324.9 0.998945
-1324.7 0.998978
-1324.5 0.999022
-1324.3 0.999083
-1324.1 0.999105
-1323.9 0.999177
-1323.7 0.999199
-1323.5 0.999221
-1323.3 0.999277
-1323.1 0.999304
-1322.9 0.999354
-1322.7 0.999365
-1322.5 0.99937
-1322.3 0.999381
-1322.1 0.999398
-1321.9 0.999442
-1321.7 0.999486
-1321.5 0.999492
-1321.3 0.999503
-1321.1 0.999514
-1320.9 0.99952
-1320.7 0.999525
-1320.5 0.999558
-1320.3 0.999586
-1320.1 0.999608
-1319.9 0.999608
-1319.7 0.999619
-1319.5 0.99963
-1319.3 0.999647
-1319.1 0.999663
-1318.9 0.99968
-1318.7 0.99968
-1318.5 0.999685
-1318.3 0.999702
-1318.1 0.999707
-1317.9 0.999713
-1317.7 0.999718
-1317.5 0.999729
-1317.3 0.999729
-1317.1 0.999746
-1316.9 0.999779
-1316.7 0.999785
-1316.5 0.999785
-1316.3 0.999785
-1316.1 0.99979
-1315.9 0.999807
-1315.7 0.999807
-1315.5 0.999807
-1315.3 0.999823
-1315.1 0.999823
-1314.9 0.999829
-1314.7 0.999834
-1314.5 0.999834
-1314.3 0.999845
-1314.1 0.999851
-1313.9 0.999856
-1313.7 0.999862
-1313.5 0.999873
-1313.3 0.999873
-1313.1 0.999879
-1312.9 0.999879
-1312.7 0.999879
-1312.5 0.999879
-1312.3 0.99989
-1312.1 0.99989
-1311.9 0.999901
-1311.7 0.999906
-1311.5 0.999923
-1311.3 0.999928
-1311.1 0.999934
-1310.9 0.999939
-1310.7 0.999939
-1310.5 0.999945
-1310.3 0.999945
-1310.1 0.999945
-1309.9 0.999945
-1309.7 0.999945
-1309.5 0.999956
-1309.3 0.999961
-1309.1 0.999961
-1308.9 0.999961
-1308.7 0.999961
-1308.5 0.999961
-1308.3 0.999961
-1308.1 0.999961
-1307.9 0.999961
-1307.7 0.999961
-1307.5 0.999961
-1307.3 0.999961
-1307.1 0.999961
-1306.9 0.999961
-1306.7 0.999961
-1306.5 0.999961
-1306.3 0.999967
-1306.1 0.999967
-1305.9 0.999967
-1305.7 0.999967
-1305.5 0.999972
-1305.3 0.999972
-1305.1 0.999972
-1304.9 0.999972
-1304.7 0.999972
-1304.5 0.999978
-1304.3 0.999978
-1304.1 0.999978
-1303.9 0.999978
-1303.7 0.999978
-1303.5 0.999978
-1303.3 0.999983
-1303.1 0.999983
-1302.9 0.999983
-1302.7 0.999989
-1302.5 0.999989
-1302.3 0.999989
-1302.1 0.999989
-1301.9 0.999989
-1301.7 0.999989
-1301.5 0.999989
-1301.3 0.999994
-1301.1 0.999994
-1300.9 1
