-1584.9 0
-1584.7 0
-1584.5 0
-1584.3 0
-1584.1 1
-1583.9 0
-1583.7 0
-1583.5 0
-1583.3 0
-1583.1 0
-1582.9 0
-1582.7 0
-1582.5 0
-1582.3 0
-1582.1 0
-1581.9 0
-1581.7 0
-1581.5 0
-1581.3 0
-1581.1 1
-1580.9 0
-1580.7 0
-1580.5 0
-1580.3 0
-1580.1 0
-1579.9 0
-1579.7 0
-1579.5 0
-1579.3 0
-1579.1 0
-1578.9 0
-1578.7 0
-1578.5 0
-1578.3 0
-1578.1 0
-1577.9 0
-1577.7 0
-1577.5 0
-1577.3 0
-1577.1 0
-1576.9 0
-1576.7 1
-1576.5 0
-1576.3 1
-1576.1 1
-1575.9 0
-1575.7 2
-1575.5 1
-1575.3 0
-1575.1 0
-1574.9 0
-1574.7 0
-1574.5 1
-1574.3 0
-1574.1 0
-1573.9 0
-1573.7 0
-1573.5 0
-1573.3 0
-1573.1 0
-1572.9 0
-1572.7 0
-1572.5 0
-1572.3 0
-1572.1 1
-1571.9 1
-1571.7 0
-1571.5 1
-1571.3 0
-1571.1 3
-1570.9 0
-1570.7 3
-1570.5 9
-1570.3 5
-1570.1 11
-1569.9 20
-1569.7 21
-1569.5 26
-1569.3 37
-1569.1 36
-1568.9 61
-1568.7 56
-1568.5 65
-1568.3 91
-1568.1 105
-1567.9 118
-1567.7 122
-1567.5 155
-1567.3 153
-1567.1 169
-1566.9 204
-1566.7 221
-1566.5 228
-1566.3 244
-1566.1 282
-1565.9 274
-1565.7 321
-1565.5 354
-1565.3 381
-1565.1 339
-1564.9 452
-1564.7 429
-1564.5 487
-1564.3 543
-1564.1 542
-1563.9 544
-1563.7 652
-1563.5 656
-1563.3 735
-1563.1 730
-1562.9 769
-1562.7 833
-1562.5 925
-1562.3 980
-1562.1 972
-1561.9 1057
-1561.7 1124
-1561.5 1161
-1561.3 1209
-1561.1 1271
-1560.9 1359
-1560.7 1373
-1560.5 1497
-1560.3 1496
-1560.1 1570
-1559.9 1584
-1559.7 1725
-1559.5 1690
-1559.3 1771
-1559.1 1840
-1558.9 1982
-1558.7 2028
-1558.5 1954
-1558.3 2003
-1558.1 2021
-1557.9 2127
-1557.7 2070
-1557.5 2148
-1557.3 2119
-1557.1 2135
-1556.9 2147
-1556.7 2172
-1556.5 2150
-1556.3 2040
-1556.1 2066
-1555.9 2140
-1555.7 2101
-1555.5 2102
-1555.3 2189
-1555.1 2069
-1554.9 2088
-1554.7 2098
-1554.5 2150
-1554.3 2033
-1554.1 1977
-1553.9 2072
-1553.7 2012
-1553.5 1959
-1553.3 1912
-1553.1 1936
-1552.9 1858
-1552.7 1849
-1552.5 1932
-1552.3 1846
-1552.1 1903
-1551.9 1874
-1551.7 1790
-1551.5 1783
-1551.3 1684
-1551.1 1738
-1550.9 1659
-1550.7 1645
-1550.5 1644
-1550.3 1733
-1550.1 1732
-1549.9 1581
-1549.7 1694
-1549.5 1634
-1549.3 1570
-1549.1 1597
-1548.9 1598
-1548.7 1529
-1548.5 1579
-1548.3 1490
-1548.1 1561
-1547.9 1466
-1547.7 1524
-1547.5 1480
-1547.3 1475
-1547.1 1471
-1546.9 1467
-1546.7 1482
-1546.5 1394
-1546.3 1414
-1546.1 1392
-1545.9 1445
-1545.7 1359
-1545.5 1382
-1545.3 1398
-1545.1 1383
-1544.9 1327
-1544.7 1358
-1544.5 1345
-1544.3 1389
-1544.1 1360
-1543.9 1355
-1543.7 1325
-1543.5 1316
-1543.3 1382
-1543.1 1337
-1542.9 1287
-1542.7 1273
-1542.5 1354
-1542.3 1353
-1542.1 1313
-1541.9 1291
-1541.7 1275
-1541.5 1317
-1541.3 1257
-1541.1 1378
-1540.9 1303
-1540.7 1270
-1540.5 1228
-1540.3 1300
-1540.1 1268
-1539.9 1210
-1539.7 1284
-1539.5 1168
-1539.3 1263
-1539.1 1239
-1538.9 1301
-1538.7 1180
-1538.5 1256
-1538.3 1170
-1538.1 1220
-1537.9 1200
-1537.7 1270
-1537.5 1320
-1537.3 1223
-1537.1 1222
-1536.9 1256
-1536.7 1226
-1536.5 1233
-1536.3 1196
-1536.1 1262
-1535.9 1227
-1535.7 1176
-1535.5 1274
-1535.3 1249
-1535.1 1236
-1534.9 1178
-1534.7 1163
-1534.5 1221
-1534.3 1225
-1534.1 1223
-1533.9 1204
-1533.7 1197
-1533.5 1210
-1533.3 1206
-1533.1 1136
-1532.9 1149
-1532.7 1227
-1532.5 1159
-1532.3 1238
-1532.1 1153
-1531.9 1117
-1531.7 1158
-1531.5 1226
-1531.3 1195
-1531.1 1198
-1530.9 1154
-1530.7 1154
-1530.5 1184
-1530.3 1191
-1530.1 1163
-1529.9 1213
-1529.7 1099
-1529.5 1124
-1529.3 1182
-1529.1 1218
-1528.9 1161
-1528.7 1142
-1528.5 1172
-1528.3 1125
-1528.1 1193
-1527.9 1180
-1527.7 1222
-1527.5 1154
-1527.3 1155
-1527.1 1190
-1526.9 1134
-1526.7 1121
-1526.5 1146
-1526.3 1181
-1526.1 1146
-1525.9 1111
-1525.7 1191
-1525.5 1197
-1525.3 1132
-1525.1 1160
-1524.9 1143
-1524.7 1136
-1524.5 1188
-1524.3 1163
-1524.1 1170
-1523.9 1161
-1523.7 1177
-1523.5 1220
-1523.3 1179
-1523.1 1191
-1522.9 1191
-1522.7 1179
-1522.5 1214
-1522.3 1230
-1522.1 1157
-1521.9 1163
-1521.7 1191
-1521.5 1167
-1521.3 1191
-1521.1 1226
-1520.9 1200
-1520.7 1145
-1520.5 1200
-1520.3 1230
-1520.1 1192
-1519.9 1188
-1519.7 1183
-1519.5 1175
-1519.3 1256
-1519.1 1202
-1518.9 1145
-1518.7 1153
-1518.5 1122
-1518.3 1188
-1518.1 1144
-1517.9 1192
-1517.7 1178
-1517.5 1087
-1517.3 1150
-1517.1 1142
-1516.9 1179
-1516.7 1136
-1516.5 1138
-1516.3 1164
-1516.1 1083
-1515.9 1109
-1515.7 1152
-1515.5 1105
-1515.3 1122
-1515.1 1096
-1514.9 1079
-1514.7 1095
-1514.5 1092
-1514.3 1135
-1514.1 1061
-1513.9 1105
-1513.7 1101
-1513.5 1061
-1513.3 1047
-1513.1 1089
-1512.9 1023
-1512.7 1068
-1512.5 1104
-1512.3 1038
-1512.1 1093
-1511.9 1126
-1511.7 1062
-1511.5 1039
-1511.3 1095
-1511.1 1142
-1510.9 1080
-1510.7 1074
-1510.5 1085
-1510.3 1059
-1510.1 1093
-1509.9 1083
-1509.7 1057
-1509.5 1120
-1509.3 1122
-1509.1 1066
-1508.9 1115
-1508.7 1109
-1508.5 1147
-1508.3 1151
-1508.1 1158
-1507.9 1172
-1507.7 1109
-1507.5 1189
-1507.3 1149
-1507.1 1177
-1506.9 1199
-1506.7 1232
-1506.5 1123
-1506.3 1183
-1506.1 1161
-1505.9 1128
-1505.7 1243
-1505.5 1098
-1505.3 1137
-1505.1 1222
-1504.9 1250
-1504.7 1191
-1504.5 1223
-1504.3 1171
-1504.1 1169
-1503.9 1158
-1503.7 1204
-1503.5 1176
-1503.3 1201
-1503.1 1152
-1502.9 1147
-1502.7 1160
-1502.5 1203
-1502.3 1136
-1502.1 1225
-1501.9 1156
-1501.7 1155
-1501.5 1151
-1501.3 1154
-1501.1 1103
-1500.9 1202
-1500.7 1165
-1500.5 1141
-1500.3 1143
-1500.1 1173
-1499.9 1148
-1499.7 1105
-1499.5 1197
-1499.3 1155
-1499.1 1193
-1498.9 1105
-1498.7 1128
-1498.5 1065
-1498.3 1113
-1498.1 1154
-1497.9 1178
-1497.7 1161
-1497.5 1112
-1497.3 1136
-1497.1 1071
-1496.9 1139
-1496.7 1071
-1496.5 1096
-1496.3 1130
-1496.1 1080
-1495.9 1054
-1495.7 1107
-1495.5 1059
-1495.3 1103
-1495.1 1103
-1494.9 1094
-1494.7 1070
-1494.5 1050
-1494.3 1093
-1494.1 1109
-1493.9 1032
-1493.7 1066
-1493.5 1111
-1493.3 1070
-1493.1 1087
-1492.9 1141
-1492.7 1085
-1492.5 1124
-1492.3 1139
-1492.1 1174
-1491.9 1107
-1491.7 1100
-1491.5 1139
-1491.3 1174
-1491.1 1172
-1490.9 1161
-1490.7 1184
-1490.5 1210
-1490.3 1156
-1490.1 1224
-1489.9 1199
-1489.7 1142
-1489.5 1204
-1489.3 1204
-1489.1 1156
-1488.9 1199
-1488.7 1174
-1488.5 1199
-1488.3 1202
-1488.1 1219
-1487.9 1184
-1487.7 1200
-1487.5 1178
-1487.3 1224
-1487.1 1221
-1486.9 1264
-1486.7 1192
-1486.5 1159
-1486.3 1157
-1486.1 1210
-1485.9 1240
-1485.7 1155
-1485.5 1193
-1485.3 1204
-1485.1 1152
-1484.9 1217
-1484.7 1109
-1484.5 1089
-1484.3 1143
-1484.1 1184
-1483.9 1122
-1483.7 1142
-1483.5 1104
-1483.3 1083
-1483.1 1147
-1482.9 1100
-1482.7 1154
-1482.5 1064
-1482.3 1090
-1482.1 1145
-1481.9 1104
-1481.7 1103
-1481.5 1085
-1481.3 1131
-1481.1 1089
-1480.9 1193
-1480.7 1084
-1480.5 1098
-1480.3 1135
-1480.1 1090
-1479.9 1066
-1479.7 1058
-1479.5 1060
-1479.3 1118
-1479.1 1107
-1478.9 1103
-1478.7 1117
-1478.5 1142
-1478.3 1142
-1478.1 1138
-1477.9 1131
-1477.7 1114
-1477.5 1216
-1477.3 1186
-1477.1 1087
-1476.9 1163
-1476.7 1179
-1476.5 1199
-1476.3 1135
-1476.1 1181
-1475.9 1114
-1475.7 1142
-1475.5 1082
-1475.3 1125
-1475.1 1128
-1474.9 1178
-1474.7 1161
-1474.5 1176
-1474.3 1123
-1474.1 1192
-1473.9 1197
-1473.7 1172
-1473.5 1175
-1473.3 1180
-1473.1 1253
-1472.9 1166
-1472.7 1228
-1472.5 1143
-1472.3 1190
-1472.1 1176
-1471.9 1251
-1471.7 1217
-1471.5 1209
-1471.3 1115
-1471.1 1135
-1470.9 1210
-1470.7 1162
-1470.5 1148
-1470.3 1119
-1470.1 1121
-1469.9 1171
-1469.7 1133
-1469.5 1201
-1469.3 1151
-1469.1 1129
-1468.9 1149
-1468.7 1131
-1468.5 1209
-1468.3 1104
-1468.1 1150
-1467.9 1080
-1467.7 1135
-1467.5 1095
-1467.3 1097
-1467.1 1106
-1466.9 1092
-1466.7 1124
-1466.5 1152
-1466.3 1122
-1466.1 1132
-1465.9 1125
-1465.7 1158
-1465.5 1111
-1465.3 1134
-1465.1 1053
-1464.9 1107
-1464.7 1108
-1464.5 1132
-1464.3 1122
-1464.1 1132
-1463.9 1093
-1463.7 1108
-1463.5 1111
-1463.3 1099
-1463.1 1105
-1462.9 1129
-1462.7 1111
-1462.5 1174
-1462.3 1155
-1462.1 1109
-1461.9 1094
-1461.7 1196
-1461.5 1069
-1461.3 1118
-1461.1 1104
-1460.9 1147
-1460.7 1130
-1460.5 1161
-1460.3 1150
-1460.1 1152
-1459.9 1147
-1459.7 1108
-1459.5 1167
-1459.3 1132
-1459.1 1142
-1458.9 1143
-1458.7 1094
-1458.5 1164
-1458.3 1176
-1458.1 1145
-1457.9 1148
-1457.7 1175
-1457.5 1121
-1457.3 1168
-1457.1 1147
-1456.9 1179
-1456.7 1070
-1456.5 1141
-1456.3 1142
-1456.1 1093
-1455.9 1155
-1455.7 1093
-1455.5 1154
-1455.3 1150
-1455.1 1162
-1454.9 1127
-1454.7 1109
-1454.5 1166
-1454.3 1198
-1454.1 1097
-1453.9 1159
-1453.7 1199
-1453.5 1081
-1453.3 1089
-1453.1 1132
-1452.9 1131
-1452.7 1148
-1452.5 1123
-1452.3 1131
-1452.1 1148
-1451.9 1153
-1451.7 1119
-1451.5 1091
-1451.3 1170
-1451.1 1215
-1450.9 1142
-1450.7 1137
-1450.5 1166
-1450.3 1130
-1450.1 1127
-1449.9 1146
-1449.7 1151
-1449.5 1164
-1449.3 1109
-1449.1 1187
-1448.9 1154
-1448.7 1101
-1448.5 1154
-1448.3 1128
-1448.1 1182
-1447.9 1132
-1447.7 1177
-1447.5 1152
-1447.3 1099
-1447.1 1237
-1446.9 1144
-1446.7 1149
-1446.5 1123
-1446.3 1077
-1446.1 1109
-1445.9 1136
-1445.7 1140
-1445.5 1212
-1445.3 1104
-1445.1 1195
-1444.9 1154
-1444.7 1129
-1444.5 1162
-1444.3 1131
-1444.1 1185
-1443.9 1186
-1443.7 1175
-1443.5 1077
-1443.3 1143
-1443.1 1169
-1442.9 1100
-1442.7 1134
-1442.5 1082
-1442.3 1157
-1442.1 1086
-1441.9 1145
-1441.7 1084
-1441.5 1144
-1441.3 1179
-1441.1 1144
-1440.9 1127
-1440.7 1116
-1440.5 1096
-1440.3 1126
-1440.1 1053
-1439.9 1089
-1439.7 1094
-1439.5 1135
-1439.3 1168
-1439.1 1141
-1438.9 1090
-1438.7 1198
-1438.5 1074
-1438.3 1128
-1438.1 1086
-1437.9 1117
-1437.7 1079
-1437.5 1130
-1437.3 1137
-1437.1 1129
-1436.9 1119
-1436.7 1173
-1436.5 1167
-1436.3 1131
-1436.1 1156
-1435.9 1128
-1435.7 1122
-1435.5 1130
-1435.3 1124
-1435.1 1171
-1434.9 1202
-1434.7 1143
-1434.5 1178
-1434.3 1169
-1434.1 1110
-1433.9 1138
-1433.7 1127
-1433.5 1128
-1433.3 1134
-1433.1 1162
-1432.9 1145
-1432.7 1175
-1432.5 1152
-1432.3 1137
-1432.1 1102
-1431.9 1130
-1431.7 1145
-1431.5 1128
-1431.3 1145
-1431.1 1153
-1430.9 1121
-1430.7 1153
-1430.5 1123
-1430.3 1133
-1430.1 1102
-1429.9 1162
-1429.7 1148
-1429.5 1125
-1429.3 1139
-1429.1 1162
-1428.9 1114
-1428.7 1108
-1428.5 1134
-1428.3 1153
-1428.1 1070
-1427.9 1126
-1427.7 1112
-1427.5 1102
-1427.3 1155
-1427.1 1159
-1426.9 1020
-1426.7 1074
-1426.5 1175
-1426.3 1173
-1426.1 1042
-1425.9 1042
-1425.7 1078
-1425.5 1170
-1425.3 1154
-1425.1 1094
-1424.9 1115
-1424.7 1118
-1424.5 1153
-1424.3 1063
-1424.1 1153
-1423.9 1171
-1423.7 1178
-1423.5 1080
-1423.3 1112
-1423.1 1101
-1422.9 1161
-1422.7 1143
-1422.5 1137
-1422.3 1110
-1422.1 1074
-1421.9 1125
-1421.7 1102
-1421.5 1148
-1421.3 1194
-1421.1 1130
-1420.9 1093
-1420.7 1127
-1420.5 1126
-1420.3 1108
-1420.1 1144
-1419.9 1094
-1419.7 1100
-1419.5 1140
-1419.3 1221
-1419.1 1149
-1418.9 1130
-1418.7 1194
-1418.5 1185
-1418.3 1153
-1418.1 1117
-1417.9 1132
-1417.7 1155
-1417.5 1209
-1417.3 1103
-1417.1 1114
-1416.9 1132
-1416.7 1062
-1416.5 1132
-1416.3 1156
-1416.1 1100
-1415.9 1129
-1415.7 1058
-1415.5 1154
-1415.3 1117
-1415.1 1115
-1414.9 1064
-1414.7 1162
-1414.5 1096
-1414.3 1128
-1414.1 1108
-1413.9 1086
-1413.7 1117
-1413.5 1104
-1413.3 1145
-1413.1 1116
-1412.9 1118
-1412.7 1140
-1412.5 1112
-1412.3 1111
-1412.1 1066
-1411.9 1093
-1411.7 1057
-1411.5 1128
-1411.3 1069
-1411.1 1108
-1410.9 1132
-1410.7 1136
-1410.5 1121
-1410.3 1097
-1410.1 1120
-1409.9 1187
-1409.7 1132
-1409.5 1131
-1409.3 1092
-1409.1 1143
-1408.9 1148
-1408.7 1183
-1408.5 1110
-1408.3 1181
-1408.1 1117
-1407.9 1101
-1407.7 1125
-1407.5 1151
-1407.3 1192
-1407.1 1167
-1406.9 1130
-1406.7 1135
-1406.5 1162
-1406.3 1161
-1406.1 1115
-1405.9 1168
-1405.7 1135
-1405.5 1137
-1405.3 1155
-1405.1 1183
-1404.9 1116
-1404.7 1143
-1404.5 1091
-1404.3 1074
-1404.1 1112
-1403.9 1167
-1403.7 1172
-1403.5 1101
-1403.3 1095
-1403.1 1068
-1402.9 1111
-1402.7 1171
-1402.5 1164
-1402.3 1163
-1402.1 1096
-1401.9 1137
-1401.7 1076
-1401.5 1090
-1401.3 1079
-1401.1 1127
-1400.9 1127
-1400.7 1146
-1400.5 1088
-1400.3 1143
-1400.1 1144
-1399.9 1096
-1399.7 1163
-1399.5 1131
-1399.3 1155
-1399.1 1080
-1398.9 1094
-1398.7 1050
-1398.5 1076
-1398.3 1114
-1398.1 1092
-1397.9 1093
-1397.7 1110
-1397.5 1069
-1397.3 1144
-1397.1 1149
-1396.9 1080
-1396.7 1094
-1396.5 1070
-1396.3 1111
-1396.1 1087
-1395.9 1076
-1395.7 1088
-1395.5 1091
-1395.3 1104
-1395.1 1060
-1394.9 1142
-1394.7 1116
-1394.5 1178
-1394.3 1046
-1394.1 1130
-1393.9 1095
-1393.7 1122
-1393.5 1122
-1393.3 1159
-1393.1 1049
-1392.9 1158
-1392.7 1119
-1392.5 1121
-1392.3 1096
-1392.1 1181
-1391.9 1111
-1391.7 1113
-1391.5 1132
-1391.3 1125
-1391.1 1125
-1390.9 1104
-1390.7 1166
-1390.5 1091
-1390.3 1060
-1390.1 1050
-1389.9 1085
-1389.7 1060
-1389.5 1116
-1389.3 1104
-1389.1 1190
-1388.9 1118
-1388.7 1164
-1388.5 1149
-1388.3 1150
-1388.1 1156
-1387.9 1114
-1387.7 1093
-1387.5 1135
-1387.3 1160
-1387.1 1141
-1386.9 1092
-1386.7 1125
-1386.5 1135
-1386.3 1151
-1386.1 1097
-1385.9 1138
-1385.7 1132
-1385.5 1083
-1385.3 1095
-1385.1 1112
-1384.9 1125
-1384.7 1117
-1384.5 1101
-1384.3 1092
-1384.1 1121
-1383.9 1092
-1383.7 1181
-1383.5 1132
-1383.3 1088
-1383.1 1077
-1382.9 1129
-1382.7 1111
-1382.5 1128
-1382.3 1067
-1382.1 1116
-1381.9 1066
-1381.7 1208
-1381.5 1155
-1381.3 1108
-1381.1 1146
-1380.9 1200
-1380.7 1074
-1380.5 1071
-1380.3 1109
-1380.1 1149
-1379.9 1178
-1379.7 1079
-1379.5 1166
-1379.3 1121
-1379.1 1082
-1378.9 1099
-1378.7 1092
-1378.5 1176
-1378.3 1120
-1378.1 1208
-1377.9 1126
-1377.7 1098
-1377.5 1161
-1377.3 1095
-1377.1 1211
-1376.9 1080
-1376.7 1128
-1376.5 1085
-1376.3 1131
-1376.1 1058
-1375.9 1096
-1375.7 1126
-1375.5 1177
-1375.3 1112
-1375.1 1114
-1374.9 1108
-1374.7 1036
-1374.5 1142
-1374.3 1147
-1374.1 1118
-1373.9 1139
-1373.7 1113
-1373.5 1104
-1373.3 1120
-1373.1 1083
-1372.9 1147
-1372.7 1093
-1372.5 1135
-1372.3 1123
-1372.1 1108
-1371.9 1089
-1371.7 1047
-1371.5 1107
-1371.3 1140
-1371.1 1069
-1370.9 1134
-1370.7 1099
-1370.5 1106
-1370.3 1112
-1370.1 1082
-1369.9 1089
-1369.7 1066
-1369.5 1114
-1369.3 1122
-1369.1 1108
-1368.9 1050
-1368.7 1058
-1368.5 1077
-1368.3 1059
-1368.1 1122
-1367.9 1023
-1367.7 1085
-1367.5 1029
-1367.3 1050
-1367.1 1141
-1366.9 1100
-1366.7 1086
-1366.5 1151
-1366.3 1138
-1366.1 1083
-1365.9 1056
-1365.7 1083
-1365.5 1059
-1365.3 1068
-1365.1 1026
-1364.9 1079
-1364.7 1171
-1364.5 1144
-1364.3 1171
-1364.1 1117
-1363.9 1051
-1363.7 1103
-1363.5 1126
-1363.3 1076
-1363.1 1110
-1362.9 1132
-1362.7 1066
-1362.5 1189
-1362.3 1092
-1362.1 1127
-1361.9 1144
-1361.7 1093
-1361.5 1111
-1361.3 1181
-1361.1 1138
-1360.9 1092
-1360.7 1128
-1360.5 1101
-1360.3 1055
-1360.1 1077
-1359.9 1127
-1359.7 1126
-1359.5 1126
-1359.3 1075
-1359.1 1078
-1358.9 1098
-1358.7 1065
-1358.5 1103
-1358.3 1146
-1358.1 1112
-1357.9 1077
-1357.7 1105
-1357.5 1063
-1357.3 1102
-1357.1 1105
-1356.9 1125
-1356.7 1085
-1356.5 1087
-1356.3 1071
-1356.1 1029
-1355.9 1059
-1355.7 1099
-1355.5 1053
-1355.3 1070
-1355.1 1055
-1354.9 1063
-1354.7 1062
-1354.5 1076
-1354.3 1107
-1354.1 1123
-1353.9 1035
-1353.7 1135
-1353.5 1100
-1353.3 1078
-1353.1 1118
-1352.9 1077
-1352.7 1130
-1352.5 1103
-1352.3 1041
-1352.1 1069
-1351.9 1120
-1351.7 1055
-1351.5 1079
-1351.3 1006
-1351.1 984
-1350.9 1072
-1350.7 1003
-1350.5 1022
-1350.3 1107
-1350.1 997
-1349.9 1008
-1349.7 1058
-1349.5 1062
-1349.3 1007
-1349.1 1010
-1348.9 1025
-1348.7 978
-1348.5 1058
-1348.3 970
-1348.1 998
-1347.9 952
-1347.7 950
-1347.5 988
-1347.3 945
-1347.1 977
-1346.9 985
-1346.7 911
-1346.5 923
-1346.3 984
-1346.1 851
-1345.9 903
-1345.7 925
-1345.5 895
-1345.3 884
-1345.1 877
-1344.9 834
-1344.7 880
-1344.5 811
-1344.3 840
-1344.1 848
-1343.9 809
-1343.7 816
-1343.5 776
-1343.3 727
-1343.1 715
-1342.9 784
-1342.7 743
-1342.5 740
-1342.3 712
-1342.1 699
-1341.9 683
-1341.7 749
-1341.5 698
-1341.3 683
-1341.1 697
-1340.9 714
-1340.7 656
-1340.5 643
-1340.3 650
-1340.1 650
-1339.9 597
-1339.7 666
-1339.5 563
-1339.3 597
-1339.1 573
-1338.9 591
-1338.7 571
-1338.5 563
-1338.3 522
-1338.1 535
-1337.9 529
-1337.7 529
-1337.5 538
-1337.3 499
-1337.1 504
-1336.9 500
-1336.7 513
-1336.5 472
-1336.3 483
-1336.1 453
-1335.9 493
-1335.7 415
-1335.5 416
-1335.3 454
-1335.1 437
-1334.9 398
-1334.7 403
-1334.5 421
-1334.3 369
-1334.1 425
-1333.9 376
-1333.7 397
-1333.5 393
-1333.3 383
-1333.1 411
-1332.9 343
-1332.7 370
-1332.5 358
-1332.3 326
-1332.1 341
-1331.9 325
-1331.7 330
-1331.5 341
-1331.3 318
-1331.1 326
-1330.9 295
-1330.7 318
-1330.5 325
-1330.3 320
-1330.1 269
-1329.9 288
-1329.7 288
-1329.5 289
-1329.3 265
-1329.1 289
-1328.9 276
-1328.7 272
-1328.5 252
-1328.3 236
-1328.1 246
-1327.9 232
-1327.7 248
-1327.5 202
-1327.3 233
-1327.1 250
-1326.9 203
-1326.7 191
-1326.5 247
-1326.3 216
-1326.1 179
-1325.9 217
-1325.7 215
-1325.5 201
-1325.3 165
-1325.1 178
-1324.9 191
-1324.7 187
-1324.5 168
-1324.3 152
-1324.1 166
-1323.9 183
-1323.7 156
-1323.5 148
-1323.3 160
-1323.1 150
-1322.9 137
-1322.7 132
-1322.5 138
-1322.3 134
-1322.1 132
-1321.9 135
-1321.7 151
-1321.5 129
-1321.3 126
-1321.1 102
-1320.9 118
-1320.7 105
-1320.5 105
-1320.3 90
-1320.1 100
-1319.9 91
-1319.7 101
-1319.5 104
-1319.3 86
-1319.1 103
-1318.9 97
-1318.7 93
-1318.5 99
-1318.3 73
-1318.1 87
-1317.9 79
-1317.7 70
-1317.5 78
-1317.3 72
-1317.1 65
-1316.9 82
-1316.7 63
-1316.5 56
-1316.3 51
-1316.1 54
-1315.9 60
-1315.7 59
-1315.5 52
-1315.3 62
-1315.1 51
-1314.9 52
-1314.7 52
-1314.5 60
-1314.3 50
-1314.1 39
-1313.9 46
-1313.7 35
-1313.5 44
-1313.3 34
-1313.1 31
-1312.9 44
-1312.7 41
-1312.5 41
-1312.3 39
-1312.1 30
-1311.9 38
-1311.7 36
-1311.5 31
-1311.3 24
-1311.1 26
-1310.9 29
-1310.7 26
-1310.5 16
-1310.3 19
-1310.1 20
-1309.9 19
-1309.7 23
-1309.5 14
-1309.3 19
-1309.1 19
-1308.9 26
-1308.7 24
-1308.5 23
-1308.3 15
-1308.1 16
-1307.9 18
-1307.7 13
-1307.5 14
-1307.3 23
-1307.1 7
-1306.9 10
-1306.7 7
-1306.5 10
-1306.3 10
-1306.1 5
-1305.9 14
-1305.7 6
-1305.5 4
-1305.3 8
-1305.1 5
-1304.9 5
-1304.7 7
-1304.5 4
-1304.3 2
-1304.1 7
-1303.9 6
-1303.7 1
-1303.5 4
-1303.3 3
-1303.1 5
-1302.9 5
-1302.7 3
-1302.5 4
-1302.3 2
-1302.1 3
-1301.9 4
-1301.7 2
-1301.5 3
-1301.3 3
-1301.1 1
-1300.9 2
-1300.7 0
-1300.5 1
-1300.3 5
-1300.1 2
