-1579.9 0
-1579.7 542
-1579.5 599
-1579.3 628
-1579.1 633
-1578.9 712
-1578.7 718
-1578.5 738
-1578.3 677
-1578.1 746
-1577.9 804
-1577.7 848
-1577.5 816
-1577.3 876
-1577.1 958
-1576.9 891
-1576.7 932
-1576.5 993
-1576.3 1071
-1576.1 1089
-1575.9 1110
-1575.7 1111
-1575.5 1125
-1575.3 1184
-1575.1 1314
-1574.9 1250
-1574.7 1275
-1574.5 1301
-1574.3 1325
-1574.1 1359
-1573.9 1399
-1573.7 1429
-1573.5 1392
-1573.3 1504
-1573.1 1522
-1572.9 1597
-1572.7 1550
-1572.5 1528
-1572.3 1593
-1572.1 1523
-1571.9 1565
-1571.7 1691
-1571.5 1720
-1571.3 1672
-1571.1 1654
-1570.9 1711
-1570.7 1801
-1570.5 1787
-1570.3 1754
-1570.1 1800
-1569.9 1827
-1569.7 1764
-1569.5 1842
-1569.3 1808
-1569.1 1919
-1568.9 1818
-1568.7 1862
-1568.5 1882
-1568.3 1861
-1568.1 1881
-1567.9 1845
-1567.7 1948
-1567.5 1936
-1567.3 1946
-1567.1 2039
-1566.9 2021
-1566.7 2028
-1566.5 1972
-1566.3 2064
-1566.1 2123
-1565.9 2127
-1565.7 2044
-1565.5 2200
-1565.3 2176
-1565.1 2181
-1564.9 2129
-1564.7 2160
-1564.5 2203
-1564.3 2158
-1564.1 2290
-1563.9 2183
-1563.7 2255
-1563.5 2333
-1563.3 2303
-1563.1 2289
-1562.9 2290
-1562.7 2310
-1562.5 2305
-1562.3 2218
-1562.1 2451
-1561.9 2366
-1561.7 2373
-1561.5 2361
-1561.3 2315
-1561.1 2434
-1560.9 2401
-1560.7 2371
-1560.5 2470
-1560.3 2505
-1560.1 2471
-1559.9 2434
-1559.7 2375
-1559.5 2484
-1559.3 2460
-1559.1 2497
-1558.9 2474
-1558.7 2497
-1558.5 2483
-1558.3 2434
-1558.1 2559
-1557.9 2575
-1557.7 2521
-1557.5 2552
-1557.3 2422
-1557.1 2555
-1556.9 2568
-1556.7 2523
-1556.5 2561
-1556.3 2577
-1556.1 2534
-1555.9 2507
-1555.7 2515
-1555.5 2415
-1555.3 2541
-1555.1 2567
-1554.9 2564
-1554.7 2541
-1554.5 2537
-1554.3 2565
-1554.1 2446
-1553.9 2516
-1553.7 2512
-1553.5 2609
-1553.3 2479
-1553.1 2557
-1552.9 2615
-1552.7 2633
-1552.5 2544
-1552.3 2415
-1552.1 2520
-1551.9 2488
-1551.7 2487
-1551.5 2473
-1551.3 2552
-1551.1 2513
-1550.9 2556
-1550.7 2401
-1550.5 2542
-1550.3 2476
-1550.1 2507
-1549.9 2495
-1549.7 2518
-1549.5 2433
-1549.3 2569
-1549.1 2419
-1548.9 2505
-1548.7 2503
-1548.5 2493
-1548.3 2457
-1548.1 2335
-1547.9 2405
-1547.7 2447
-1547.5 2460
-1547.3 2426
-1547.1 2479
-1546.9 2427
-1546.7 2458
-1546.5 2407
-1546.3 2444
-1546.1 2469
-1545.9 2389
-1545.7 2436
-1545.5 2361
-1545.3 2397
-1545.1 2446
-1544.9 2327
-1544.7 2376
-1544.5 2403
-1544.3 2361
-1544.1 2407
-1543.9 2451
-1543.7 2377
-1543.5 2380
-1543.3 2503
-1543.1 2357
-1542.9 2446
-1542.7 2340
-1542.5 2315
-1542.3 2304
-1542.1 2342
-1541.9 2379
-1541.7 2193
-1541.5 2289
-1541.3 2339
-1541.1 2311
-1540.9 2267
-1540.7 2257
-1540.5 2335
-1540.3 2222
-1540.1 2345
-1539.9 2326
-1539.7 2254
-1539.5 2264
-1539.3 2195
-1539.1 2231
-1538.9 2185
-1538.7 2269
-1538.5 2233
-1538.3 2225
-1538.1 2261
-1537.9 2174
-1537.7 2270
-1537.5 2260
-1537.3 2245
-1537.1 2257
-1536.9 2263
-1536.7 2178
-1536.5 2244
-1536.3 2243
-1536.1 2184
-1535.9 2211
-1535.7 2143
-1535.5 2286
-1535.3 2125
-1535.1 2197
-1534.9 2191
-1534.7 2146
-1534.5 2253
-1534.3 2111
-1534.1 2165
-1533.9 2222
-1533.7 2220
-1533.5 2143
-1533.3 2266
-1533.1 2255
-1532.9 2200
-1532.7 2179
-1532.5 2194
-1532.3 2210
-1532.1 2234
-1531.9 2251
-1531.7 2237
-1531.5 2227
-1531.3 2152
-1531.1 2230
-1530.9 2152
-1530.7 2158
-1530.5 2258
-1530.3 2176
-1530.1 2178
-1529.9 2241
-1529.7 2213
-1529.5 2228
-1529.3 2262
-1529.1 2198
-1528.9 2285
-1528.7 2281
-1528.5 2250
-1528.3 2202
-1528.1 2260
-1527.9 2266
-1527.7 2162
-1527.5 2121
-1527.3 2194
-1527.1 2218
-1526.9 2147
-1526.7 2135
-1526.5 2152
-1526.3 2150
-1526.1 2149
-1525.9 2106
-1525.7 2158
-1525.5 2160
-1525.3 2199
-1525.1 2147
-1524.9 2252
-1524.7 2038
-1524.5 2088
-1524.3 2084
-1524.1 2108
-1523.9 2054
-1523.7 2010
-1523.5 2071
-1523.3 2014
-1523.1 2037
-1522.9 2032
-1522.7 2139
-1522.5 2116
-1522.3 2017
-1522.1 1990
-1521.9 1960
-1521.7 1986
-1521.5 2025
-1521.3 2051
-1521.1 1984
-1520.9 1899
-1520.7 2006
-1520.5 1990
-1520.3 2060
-1520.1 2035
-1519.9 2025
-1519.7 1927
-1519.5 1994
-1519.3 2021
-1519.1 1986
-1518.9 2064
-1518.7 2079
-1518.5 2042
-1518.3 2047
-1518.1 2088
-1517.9 2152
-1517.7 2089
-1517.5 2050
-1517.3 2182
-1517.1 2087
-1516.9 2139
-1516.7 2154
-1516.5 2153
-1516.3 2176
-1516.1 2158
-1515.9 2149
-1515.7 2137
-1515.5 2125
-1515.3 2207
-1515.1 2263
-1514.9 2245
-1514.7 2227
-1514.5 2283
-1514.3 2310
-1514.1 2257
-1513.9 2290
-1513.7 2263
-1513.5 2321
-1513.3 2312
-1513.1 2425
-1512.9 2304
-1512.7 2320
-1512.5 2331
-1512.3 2298
-1512.1 2339
-1511.9 2266
-1511.7 2303
-1511.5 2343
-1511.3 2308
-1511.1 2303
-1510.9 2263
-1510.7 2321
-1510.5 2279
-1510.3 2302
-1510.1 2243
-1509.9 2279
-1509.7 2217
-1509.5 2243
-1509.3 2182
-1509.1 2225
-1508.9 2071
-1508.7 2207
-1508.5 2159
-1508.3 2114
-1508.1 2100
-1507.9 2147
-1507.7 2024
-1507.5 2064
-1507.3 2084
-1507.1 1941
-1506.9 2020
-1506.7 2033
-1506.5 2058
-1506.3 1934
-1506.1 1923
-1505.9 1982
-1505.7 1922
-1505.5 2062
-1505.3 1865
-1505.1 1936
-1504.9 1996
-1504.7 1950
-1504.5 1947
-1504.3 1949
-1504.1 1910
-1503.9 1895
-1503.7 1969
-1503.5 1925
-1503.3 1872
-1503.1 1970
-1502.9 1935
-1502.7 1914
-1502.5 2050
-1502.3 1859
-1502.1 1972
-1501.9 2007
-1501.7 1967
-1501.5 1952
-1501.3 1934
-1501.1 1931
-1500.9 2015
-1500.7 2100
-1500.5 2034
-1500.3 2011
-1500.1 2085
-1499.9 1981
-1499.7 2119
-1499.5 2093
-1499.3 2134
-1499.1 2186
-1498.9 2196
-1498.7 2199
-1498.5 2184
-1498.3 2207
-1498.1 2259
-1497.9 2158
-1497.7 2161
-1497.5 2272
-1497.3 2279
-1497.1 2179
-1496.9 2263
-1496.7 2231
-1496.5 2333
-1496.3 2336
-1496.1 2276
-1495.9 2313
-1495.7 2316
-1495.5 2222
-1495.3 2275
-1495.1 2257
-1494.9 2419
-1494.7 2307
-1494.5 2327
-1494.3 2231
-1494.1 2403
-1493.9 2240
-1493.7 2305
-1493.5 2308
-1493.3 2268
-1493.1 2278
-1492.9 2251
-1492.7 2195
-1492.5 2176
-1492.3 2225
-1492.1 2258
-1491.9 2189
-1491.7 2239
-1491.5 2193
-1491.3 2172
-1491.1 2180
-1490.9 2216
-1490.7 2169
-1490.5 2134
-1490.3 2112
-1490.1 2140
-1489.9 2146
-1489.7 2221
-1489.5 2101
-1489.3 2044
-1489.1 2150
-1488.9 2013
-1488.7 2025
-1488.5 2051
-1488.3 2071
-1488.1 2073
-1487.9 2038
-1487.7 2052
-1487.5 2081
-1487.3 2096
-1487.1 2166
-1486.9 2002
-1486.7 2031
-1486.5 2000
-1486.3 2060
-1486.1 1965
-1485.9 2050
-1485.7 2073
-1485.5 2023
-1485.3 1984
-1485.1 2071
-1484.9 2095
-1484.7 2042
-1484.5 2036
-1484.3 2110
-1484.1 2039
-1483.9 2039
-1483.7 2051
-1483.5 2059
-1483.3 2151
-1483.1 2044
-1482.9 2070
-1482.7 2074
-1482.5 2048
-1482.3 2200
-1482.1 2164
-1481.9 2065
-1481.7 2177
-1481.5 2090
-1481.3 2088
-1481.1 2087
-1480.9 2061
-1480.7 2060
-1480.5 2098
-1480.3 2085
-1480.1 2072
-1479.9 2175
-1479.7 2215
-1479.5 2080
-1479.3 2211
-1479.1 2181
-1478.9 2130
-1478.7 2123
-1478.5 2115
-1478.3 2169
-1478.1 2182
-1477.9 2151
-1477.7 2182
-1477.5 2253
-1477.3 2200
-1477.1 2239
-1476.9 2206
-1476.7 2239
-1476.5 2189
-1476.3 2241
-1476.1 2212
-1475.9 2150
-1475.7 2231
-1475.5 2227
-1475.3 2263
-1475.1 2249
-1474.9 2286
-1474.7 2163
-1474.5 2224
-1474.3 2134
-1474.1 2212
-1473.9 2300
-1473.7 2156
-1473.5 2182
-1473.3 2216
-1473.1 2226
-1472.9 2220
-1472.7 2231
-1472.5 2153
-1472.3 2208
-1472.1 2194
-1471.9 2205
-1471.7 2149
-1471.5 2312
-1471.3 2138
-1471.1 2123
-1470.9 2180
-1470.7 2100
-1470.5 2128
-1470.3 2130
-1470.1 2098
-1469.9 2120
-1469.7 2084
-1469.5 2118
-1469.3 2113
-1469.1 2193
-1468.9 2138
-1468.7 2162
-1468.5 2068
-1468.3 2070
-1468.1 2118
-1467.9 2000
-1467.7 2058
-1467.5 2033
-1467.3 2052
-1467.1 2024
-1466.9 2011
-1466.7 2073
-1466.5 2065
-1466.3 2052
-1466.1 2017
-1465.9 2042
-1465.7 2105
-1465.5 2084
-1465.3 2104
-1465.1 2034
-1464.9 2120
-1464.7 2089
-1464.5 2078
-1464.3 2079
-1464.1 2113
-1463.9 2129
-1463.7 2167
-1463.5 2084
-1463.3 2081
-1463.1 2130
-1462.9 2139
-1462.7 2032
-1462.5 2146
-1462.3 2154
-1462.1 2129
-1461.9 2180
-1461.7 2197
-1461.5 2222
-1461.3 2201
-1461.1 2184
-1460.9 2094
-1460.7 2188
-1460.5 2143
-1460.3 2215
-1460.1 2198
-1459.9 2113
-1459.7 2209
-1459.5 2138
-1459.3 2131
-1459.1 2143
-1458.9 2148
-1458.7 2192
-1458.5 2254
-1458.3 2208
-1458.1 2219
-1457.9 2207
-1457.7 2257
-1457.5 2138
-1457.3 2053
-1457.1 2096
-1456.9 2195
-1456.7 2131
-1456.5 2164
-1456.3 2216
-1456.1 2099
-1455.9 2094
-1455.7 2094
-1455.5 2154
-1455.3 2175
-1455.1 2196
-1454.9 2138
-1454.7 2063
-1454.5 2059
-1454.3 2192
-1454.1 2051
-1453.9 2090
-1453.7 2118
-1453.5 2205
-1453.3 2089
-1453.1 2107
-1452.9 2073
-1452.7 2104
-1452.5 2111
-1452.3 2095
-1452.1 2064
-1451.9 2161
-1451.7 2088
-1451.5 2141
-1451.3 2103
-1451.1 2150
-1450.9 2080
-1450.7 2056
-1450.5 2118
-1450.3 2164
-1450.1 2199
-1449.9 2139
-1449.7 2086
-1449.5 2087
-1449.3 2153
-1449.1 2175
-1448.9 2088
-1448.7 2090
-1448.5 2157
-1448.3 2193
-1448.1 2181
-1447.9 2165
-1447.7 2220
-1447.5 2157
-1447.3 2145
-1447.1 2200
-1446.9 2179
-1446.7 2241
-1446.5 2215
-1446.3 2026
-1446.1 2176
-1445.9 2176
-1445.7 2162
-1445.5 2128
-1445.3 2155
-1445.1 2222
-1444.9 2134
-1444.7 2092
-1444.5 2172
-1444.3 2197
-1444.1 2178
-1443.9 2164
-1443.7 2164
-1443.5 2117
-1443.3 2102
-1443.1 2167
-1442.9 2230
-1442.7 2102
-1442.5 2104
-1442.3 2113
-1442.1 2183
-1441.9 2165
-1441.7 2119
-1441.5 2131
-1441.3 2177
-1441.1 2210
-1440.9 2149
-1440.7 2112
-1440.5 2172
-1440.3 2118
-1440.1 2099
-1439.9 2107
-1439.7 2144
-1439.5 2038
-1439.3 2147
-1439.1 2141
-1438.9 2112
-1438.7 2116
-1438.5 2058
-1438.3 2111
-1438.1 2104
-1437.9 2140
-1437.7 2070
-1437.5 2172
-1437.3 2168
-1437.1 2092
-1436.9 2104
-1436.7 2117
-1436.5 2099
-1436.3 2124
-1436.1 2066
-1435.9 2089
-1435.7 2069
-1435.5 2074
-1435.3 2116
-1435.1 2115
-1434.9 2150
-1434.7 2140
-1434.5 2046
-1434.3 2047
-1434.1 2074
-1433.9 2016
-1433.7 2069
-1433.5 2105
-1433.3 2111
-1433.1 2084
-1432.9 2094
-1432.7 2129
-1432.5 2138
-1432.3 2153
-1432.1 2132
-1431.9 2164
-1431.7 2099
-1431.5 2051
-1431.3 2069
-1431.1 2072
-1430.9 2058
-1430.7 2140
-1430.5 2135
-1430.3 1998
-1430.1 2121
-1429.9 2202
-1429.7 2003
-1429.5 2110
-1429.3 2168
-1429.1 2067
-1428.9 2068
-1428.7 2166
-1428.5 2093
-1428.3 2082
-1428.1 2098
-1427.9 2161
-1427.7 2127
-1427.5 2185
-1427.3 2156
-1427.1 2193
-1426.9 2081
-1426.7 2089
-1426.5 2145
-1426.3 2044
-1426.1 2162
-1425.9 2194
-1425.7 2079
-1425.5 2047
-1425.3 2079
-1425.1 2129
-1424.9 2135
-1424.7 2127
-1424.5 2063
-1424.3 2121
-1424.1 2138
-1423.9 2103
-1423.7 2074
-1423.5 2214
-1423.3 2132
-1423.1 2192
-1422.9 2149
-1422.7 2113
-1422.5 2142
-1422.3 2151
-1422.1 2136
-1421.9 2141
-1421.7 2046
-1421.5 2158
-1421.3 2154
-1421.1 2092
-1420.9 2115
-1420.7 2130
-1420.5 2121
-1420.3 2159
-1420.1 2138
-1419.9 2178
-1419.7 2105
-1419.5 2173
-1419.3 2109
-1419.1 2127
-1418.9 2195
-1418.7 2157
-1418.5 2133
-1418.3 2224
-1418.1 2141
-1417.9 2190
-1417.7 2168
-1417.5 2036
-1417.3 2103
-1417.1 2111
-1416.9 2128
-1416.7 2264
-1416.5 2089
-1416.3 2150
-1416.1 2131
-1415.9 2100
-1415.7 2151
-1415.5 2169
-1415.3 2088
-1415.1 2126
-1414.9 2222
-1414.7 2118
-1414.5 2107
-1414.3 2115
-1414.1 2147
-1413.9 2148
-1413.7 2100
-1413.5 2130
-1413.3 2146
-1413.1 2099
-1412.9 2158
-1412.7 2070
-1412.5 2042
-1412.3 2082
-1412.1 2088
-1411.9 2144
-1411.7 2069
-1411.5 2110
-1411.3 2076
-1411.1 2076
-1410.9 2102
-1410.7 2064
-1410.5 2098
-1410.3 2060
-1410.1 2056
-1409.9 2160
-1409.7 2100
-1409.5 2115
-1409.3 2034
-1409.1 2015
-1408.9 1983
-1408.7 2065
-1408.5 2106
-1408.3 2012
-1408.1 1942
-1407.9 2094
-1407.7 2017
-1407.5 2039
-1407.3 2112
-1407.1 2063
-1406.9 2106
-1406.7 2131
-1406.5 2091
-1406.3 2108
-1406.1 2078
-1405.9 2136
-1405.7 2054
-1405.5 2141
-1405.3 2160
-1405.1 2154
-1404.9 2106
-1404.7 2094
-1404.5 2085
-1404.3 2123
-1404.1 2119
-1403.9 2204
-1403.7 2138
-1403.5 2096
-1403.3 2114
-1403.1 2160
-1402.9 2061
-1402.7 2158
-1402.5 2155
-1402.3 2102
-1402.1 2176
-1401.9 2084
-1401.7 2191
-1401.5 2187
-1401.3 2198
-1401.1 2065
-1400.9 2183
-1400.7 2163
-1400.5 2187
-1400.3 2156
-1400.1 2196
-1399.9 2154
-1399.7 2065
-1399.5 2166
-1399.3 2155
-1399.1 2156
-1398.9 2241
-1398.7 2143
-1398.5 2104
-1398.3 2107
-1398.1 2155
-1397.9 2054
-1397.7 2148
-1397.5 2104
-1397.3 2097
-1397.1 2161
-1396.9 2157
-1396.7 2211
-1396.5 2089
-1396.3 2104
-1396.1 2077
-1395.9 2116
-1395.7 2103
-1395.5 2083
-1395.3 2088
-1395.1 2118
-1394.9 2036
-1394.7 2138
-1394.5 2060
-1394.3 2094
-1394.1 2035
-1393.9 2081
-1393.7 2105
-1393.5 2002
-1393.3 2124
-1393.1 2108
-1392.9 2039
-1392.7 2077
-1392.5 2090
-1392.3 2095
-1392.1 2110
-1391.9 2078
-1391.7 2139
-1391.5 2121
-1391.3 2046
-1391.1 2072
-1390.9 2108
-1390.7 2017
-1390.5 2117
-1390.3 2057
-1390.1 2084
-1389.9 2161
-1389.7 2107
-1389.5 2075
-1389.3 2033
-1389.1 2083
-1388.9 2143
-1388.7 2096
-1388.5 2009
-1388.3 2062
-1388.1 2022
-1387.9 2033
-1387.7 2085
-1387.5 2038
-1387.3 2047
-1387.1 2173
-1386.9 2028
-1386.7 2083
-1386.5 2075
-1386.3 2116
-1386.1 2175
-1385.9 2107
-1385.7 1991
-1385.5 2042
-1385.3 2087
-1385.1 2059
-1384.9 2117
-1384.7 2096
-1384.5 2010
-1384.3 2127
-1384.1 2086
-1383.9 2064
-1383.7 2074
-1383.5 2015
-1383.3 2021
-1383.1 2065
-1382.9 2073
-1382.7 2078
-1382.5 2064
-1382.3 2132
-1382.1 2067
-1381.9 2000
-1381.7 2074
-1381.5 2067
-1381.3 2041
-1381.1 2164
-1380.9 2119
-1380.7 2034
-1380.5 2046
-1380.3 2082
-1380.1 2048
-1379.9 2041
-1379.7 2198
-1379.5 2086
-1379.3 2073
-1379.1 2096
-1378.9 2138
-1378.7 2067
-1378.5 1989
-1378.3 2060
-1378.1 2144
-1377.9 2103
-1377.7 2134
-1377.5 2089
-1377.3 2093
-1377.1 2022
-1376.9 2058
-1376.7 2056
-1376.5 2000
-1376.3 2084
-1376.1 2093
-1375.9 2101
-1375.7 2052
-1375.5 2156
-1375.3 2080
-1375.1 2026
-1374.9 2009
-1374.7 2060
-1374.5 2057
-1374.3 2030
-1374.1 2082
-1373.9 2096
-1373.7 2035
-1373.5 2099
-1373.3 2098
-1373.1 2085
-1372.9 2003
-1372.7 1994
-1372.5 1980
-1372.3 2047
-1372.1 2036
-1371.9 2088
-1371.7 2046
-1371.5 1988
-1371.3 2036
-1371.1 2002
-1370.9 2091
-1370.7 2149
-1370.5 1993
-1370.3 1996
-1370.1 1965
-1369.9 2021
-1369.7 2031
-1369.5 2023
-1369.3 2089
-1369.1 2038
-1368.9 2047
-1368.7 2098
-1368.5 2024
-1368.3 2023
-1368.1 2074
-1367.9 2048
-1367.7 1962
-1367.5 2019
-1367.3 2040
-1367.1 2037
-1366.9 1987
-1366.7 1957
-1366.5 2145
-1366.3 2045
-1366.1 1964
-1365.9 2016
-1365.7 2048
-1365.5 1991
-1365.3 1984
-1365.1 1970
-1364.9 1993
-1364.7 1920
-1364.5 2024
-1364.3 1995
-1364.1 1999
-1363.9 1936
-1363.7 1949
-1363.5 1968
-1363.3 1952
-1363.1 1966
-1362.9 1868
-1362.7 1870
-1362.5 1942
-1362.3 1862
-1362.1 1872
-1361.9 1924
-1361.7 1946
-1361.5 1880
-1361.3 1858
-1361.1 1866
-1360.9 1870
-1360.7 1791
-1360.5 1845
-1360.3 1781
-1360.1 1815
-1359.9 1763
-1359.7 1776
-1359.5 1758
-1359.3 1764
-1359.1 1709
-1358.9 1679
-1358.7 1668
-1358.5 1666
-1358.3 1582
-1358.1 1654
-1357.9 1674
-1357.7 1679
-1357.5 1591
-1357.3 1646
-1357.1 1586
-1356.9 1578
-1356.7 1568
-1356.5 1531
-1356.3 1574
-1356.1 1477
-1355.9 1498
-1355.7 1454
-1355.5 1405
-1355.3 1454
-1355.1 1390
-1354.9 1463
-1354.7 1382
-1354.5 1397
-1354.3 1346
-1354.1 1373
-1353.9 1353
-1353.7 1364
-1353.5 1341
-1353.3 1273
-1353.1 1342
-1352.9 1270
-1352.7 1229
-1352.5 1198
-1352.3 1186
-1352.1 1190
-1351.9 1145
-1351.7 1151
-1351.5 1186
-1351.3 1115
-1351.1 1122
-1350.9 1065
-1350.7 1087
-1350.5 1055
-1350.3 1019
-1350.1 1005
-1349.9 955
-1349.7 977
-1349.5 974
-1349.3 957
-1349.1 954
-1348.9 933
-1348.7 901
-1348.5 859
-1348.3 839
-1348.1 891
-1347.9 857
-1347.7 773
-1347.5 823
-1347.3 803
-1347.1 755
-1346.9 750
-1346.7 761
-1346.5 706
-1346.3 652
-1346.1 659
-1345.9 638
-1345.7 641
-1345.5 636
-1345.3 622
-1345.1 611
-1344.9 606
-1344.7 565
-1344.5 610
-1344.3 558
-1344.1 557
-1343.9 545
-1343.7 541
-1343.5 522
-1343.3 474
-1343.1 507
-1342.9 475
-1342.7 487
-1342.5 456
-1342.3 443
-1342.1 456
-1341.9 436
-1341.7 434
-1341.5 397
-1341.3 375
-1341.1 342
-1340.9 374
-1340.7 402
-1340.5 332
-1340.3 316
-1340.1 310
-1339.9 297
-1339.7 332
-1339.5 285
-1339.3 279
-1339.1 290
-1338.9 278
-1338.7 263
-1338.5 271
-1338.3 223
-1338.1 233
-1337.9 277
-1337.7 247
-1337.5 213
-1337.3 210
-1337.1 198
-1336.9 211
-1336.7 166
-1336.5 214
-1336.3 163
-1336.1 189
-1335.9 143
-1335.7 179
-1335.5 168
-1335.3 136
-1335.1 176
-1334.9 139
-1334.7 134
-1334.5 145
-1334.3 134
-1334.1 117
-1333.9 126
-1333.7 117
-1333.5 114
-1333.3 111
-1333.1 109
-1332.9 110
-1332.7 112
-1332.5 77
-1332.3 81
-1332.1 78
-1331.9 66
-1331.7 75
-1331.5 63
-1331.3 68
-1331.1 81
-1330.9 75
-1330.7 62
-1330.5 51
-1330.3 60
-1330.1 47
-1329.9 59
-1329.7 48
-1329.5 63
-1329.3 60
-1329.1 57
-1328.9 52
-1328.7 42
-1328.5 47
-1328.3 38
-1328.1 34
-1327.9 33
-1327.7 29
-1327.5 36
-1327.3 26
-1327.1 27
-1326.9 38
-1326.7 25
-1326.5 30
-1326.3 24
-1326.1 17
-1325.9 16
-1325.7 17
-1325.5 29
-1325.3 28
-1325.1 22
-1324.9 22
-1324.7 16
-1324.5 16
-1324.3 10
-1324.1 20
-1323.9 18
-1323.7 19
-1323.5 19
-1323.3 18
-1323.1 12
-1322.9 15
-1322.7 13
-1322.5 13
-1322.3 5
-1322.1 6
-1321.9 8
-1321.7 10
-1321.5 8
-1321.3 7
-1321.1 8
-1320.9 9
-1320.7 9
-1320.5 9
-1320.3 7
-1320.1 7
