-1584.9 0
-1584.7 2
-1584.5 4
-1584.3 1
-1584.1 2
-1583.9 2
-1583.7 6
-1583.5 6
-1583.3 11
-1583.1 17
-1582.9 20
-1582.7 20
-1582.5 25
-1582.3 27
-1582.1 37
-1581.9 39
-1581.7 67
-1581.5 67
-1581.3 76
-1581.1 105
-1580.9 100
-1580.7 104
-1580.5 127
-1580.3 143
-1580.1 145
-1579.9 160
-1579.7 182
-1579.5 227
-1579.3 215
-1579.1 228
-1578.9 262
-1578.7 253
-1578.5 269
-1578.3 321
-1578.1 282
-1577.9 309
-1577.7 378
-1577.5 361
-1577.3 407
-1577.1 453
-1576.9 473
-1576.7 493
-1576.5 508
-1576.3 528
-1576.1 550
-1575.9 561
-1575.7 671
-1575.5 729
-1575.3 691
-1575.1 711
-1574.9 758
-1574.7 833
-1574.5 915
-1574.3 946
-1574.1 912
-1573.9 1029
-1573.7 1055
-1573.5 1151
-1573.3 1172
-1573.1 1189
-1572.9 1288
-1572.7 1333
-1572.5 1369
-1572.3 1426
-1572.1 1424
-1571.9 1475
-1571.7 1650
-1571.5 1599
-1571.3 1672
-1571.1 1746
-1570.9 1798
-1570.7 1840
-1570.5 1795
-1570.3 1859
-1570.1 1923
-1569.9 1995
-1569.7 2057
-1569.5 2028
-1569.3 2139
-1569.1 2063
-1568.9 2078
-1568.7 2152
-1568.5 2151
-1568.3 2168
-1568.1 2138
-1567.9 2249
-1567.7 2260
-1567.5 2252
-1567.3 2153
-1567.1 2201
-1566.9 2216
-1566.7 2153
-1566.5 2190
-1566.3 2245
-1566.1 2188
-1565.9 2179
-1565.7 2145
-1565.5 2173
-1565.3 2084
-1565.1 2144
-1564.9 2112
-1564.7 2228
-1564.5 2090
-1564.3 2108
-1564.1 2122
-1563.9 2061
-1563.7 2128
-1563.5 2096
-1563.3 2052
-1563.1 2057
-1562.9 2027
-1562.7 1946
-1562.5 1957
-1562.3 1950
-1562.1 1970
-1561.9 1923
-1561.7 1910
-1561.5 1906
-1561.3 1872
-1561.1 1915
-1560.9 1841
-1560.7 1841
-1560.5 1907
-1560.3 1809
-1560.1 1832
-1559.9 1779
-1559.7 1809
-1559.5 1789
-1559.3 1728
-1559.1 1821
-1558.9 1744
-1558.7 1729
-1558.5 1718
-1558.3 1760
-1558.1 1661
-1557.9 1737
-1557.7 1776
-1557.5 1670
-1557.3 1709
-1557.1 1717
-1556.9 1665
-1556.7 1665
-1556.5 1732
-1556.3 1650
-1556.1 1616
-1555.9 1716
-1555.7 1607
-1555.5 1679
-1555.3 1601
-1555.1 1619
-1554.9 1594
-1554.7 1564
-1554.5 1620
-1554.3 1572
-1554.1 1579
-1553.9 1623
-1553.7 1592
-1553.5 1546
-1553.3 1575
-1553.1 1548
-1552.9 1565
-1552.7 1535
-1552.5 1567
-1552.3 1565
-1552.1 1573
-1551.9 1558
-1551.7 1590
-1551.5 1499
-1551.3 1540
-1551.1 1452
-1550.9 1542
-1550.7 1511
-1550.5 1553
-1550.3 1529
-1550.1 1533
-1549.9 1515
-1549.7 1576
-1549.5 1473
-1549.3 1579
-1549.1 1506
-1548.9 1473
-1548.7 1430
-1548.5 1484
-1548.3 1450
-1548.1 1487
-1547.9 1452
-1547.7 1499
-1547.5 1516
-1547.3 1471
-1547.1 1404
-1546.9 1446
-1546.7 1500
-1546.5 1450
-1546.3 1452
-1546.1 1455
-1545.9 1525
-1545.7 1366
-1545.5 1430
-1545.3 1416
-1545.1 1430
-1544.9 1412
-1544.7 1467
-1544.5 1545
-1544.3 1455
-1544.1 1468
-1543.9 1387
-1543.7 1492
-1543.5 1506
-1543.3 1520
-1543.1 1388
-1542.9 1400
-1542.7 1457
-1542.5 1412
-1542.3 1472
-1542.1 1492
-1541.9 1462
-1541.7 1439
-1541.5 1372
-1541.3 1390
-1541.1 1435
-1540.9 1423
-1540.7 1413
-1540.5 1388
-1540.3 1432
-1540.1 1380
-1539.9 1312
-1539.7 1398
-1539.5 1400
-1539.3 1394
-1539.1 1423
-1538.9 1402
-1538.7 1352
-1538.5 1404
-1538.3 1354
-1538.1 1421
-1537.9 1401
-1537.7 1391
-1537.5 1435
-1537.3 1396
-1537.1 1429
-1536.9 1469
-1536.7 1390
-1536.5 1427
-1536.3 1355
-1536.1 1382
-1535.9 1380
-1535.7 1403
-1535.5 1403
-1535.3 1379
-1535.1 1428
-1534.9 1336
-1534.7 1407
-1534.5 1352
-1534.3 1382
-1534.1 1394
-1533.9 1380
-1533.7 1464
-1533.5 1293
-1533.3 1427
-1533.1 1367
-1532.9 1372
-1532.7 1319
-1532.5 1369
-1532.3 1295
-1532.1 1435
-1531.9 1443
-1531.7 1406
-1531.5 1478
-1531.3 1373
-1531.1 1363
-1530.9 1439
-1530.7 1434
-1530.5 1413
-1530.3 1341
-1530.1 1390
-1529.9 1399
-1529.7 1408
-1529.5 1346
-1529.3 1443
-1529.1 1373
-1528.9 1388
-1528.7 1371
-1528.5 1394
-1528.3 1362
-1528.1 1372
-1527.9 1364
-1527.7 1391
-1527.5 1356
-1527.3 1362
-1527.1 1441
-1526.9 1367
-1526.7 1402
-1526.5 1411
-1526.3 1312
-1526.1 1359
-1525.9 1379
-1525.7 1362
-1525.5 1398
-1525.3 1333
-1525.1 1426
-1524.9 1331
-1524.7 1319
-1524.5 1409
-1524.3 1397
-1524.1 1280
-1523.9 1371
-1523.7 1376
-1523.5 1331
-1523.3 1333
-1523.1 1323
-1522.9 1461
-1522.7 1420
-1522.5 1291
-1522.3 1370
-1522.1 1453
-1521.9 1415
-1521.7 1388
-1521.5 1356
-1521.3 1369
-1521.1 1418
-1520.9 1375
-1520.7 1392
-1520.5 1376
-1520.3 1347
-1520.1 1406
-1519.9 1399
-1519.7 1315
-1519.5 1401
-1519.3 1372
-1519.1 1418
-1518.9 1395
-1518.7 1371
-1518.5 1376
-1518.3 1361
-1518.1 1410
-1517.9 1324
-1517.7 1364
-1517.5 1372
-1517.3 1422
-1517.1 1426
-1516.9 1413
-1516.7 1340
-1516.5 1430
-1516.3 1407
-1516.1 1394
-1515.9 1333
-1515.7 1444
-1515.5 1409
-1515.3 1416
-1515.1 1399
-1514.9 1353
-1514.7 1404
-1514.5 1376
-1514.3 1396
-1514.1 1418
-1513.9 1414
-1513.7 1350
-1513.5 1458
-1513.3 1369
-1513.1 1414
-1512.9 1420
-1512.7 1413
-1512.5 1375
-1512.3 1386
-1512.1 1307
-1511.9 1426
-1511.7 1417
-1511.5 1433
-1511.3 1374
-1511.1 1403
-1510.9 1405
-1510.7 1414
-1510.5 1448
-1510.3 1392
-1510.1 1332
-1509.9 1404
-1509.7 1368
-1509.5 1505
-1509.3 1427
-1509.1 1398
-1508.9 1431
-1508.7 1425
-1508.5 1388
-1508.3 1369
-1508.1 1392
-1507.9 1481
-1507.7 1382
-1507.5 1380
-1507.3 1473
-1507.1 1420
-1506.9 1400
-1506.7 1448
-1506.5 1465
-1506.3 1450
-1506.1 1435
-1505.9 1452
-1505.7 1447
-1505.5 1416
-1505.3 1394
-1505.1 1395
-1504.9 1455
-1504.7 1440
-1504.5 1389
-1504.3 1419
-1504.1 1371
-1503.9 1423
-1503.7 1409
-1503.5 1400
-1503.3 1364
-1503.1 1401
-1502.9 1381
-1502.7 1416
-1502.5 1394
-1502.3 1377
-1502.1 1396
-1501.9 1371
-1501.7 1376
-1501.5 1403
-1501.3 1387
-1501.1 1364
-1500.9 1384
-1500.7 1402
-1500.5 1318
-1500.3 1394
-1500.1 1469
-1499.9 1390
-1499.7 1423
-1499.5 1369
-1499.3 1414
-1499.1 1426
-1498.9 1381
-1498.7 1456
-1498.5 1384
-1498.3 1448
-1498.1 1387
-1497.9 1403
-1497.7 1422
-1497.5 1354
-1497.3 1431
-1497.1 1415
-1496.9 1360
-1496.7 1374
-1496.5 1422
-1496.3 1438
-1496.1 1361
-1495.9 1400
-1495.7 1370
-1495.5 1415
-1495.3 1353
-1495.1 1401
-1494.9 1411
-1494.7 1355
-1494.5 1394
-1494.3 1392
-1494.1 1325
-1493.9 1347
-1493.7 1453
-1493.5 1425
-1493.3 1410
-1493.1 1373
-1492.9 1395
-1492.7 1418
-1492.5 1415
-1492.3 1371
-1492.1 1451
-1491.9 1457
-1491.7 1400
-1491.5 1394
-1491.3 1360
-1491.1 1469
-1490.9 1432
-1490.7 1434
-1490.5 1388
-1490.3 1403
-1490.1 1446
-1489.9 1326
-1489.7 1414
-1489.5 1361
-1489.3 1446
-1489.1 1389
-1488.9 1387
-1488.7 1407
-1488.5 1419
-1488.3 1432
-1488.1 1407
-1487.9 1443
-1487.7 1393
-1487.5 1362
-1487.3 1360
-1487.1 1348
-1486.9 1475
-1486.7 1349
-1486.5 1406
-1486.3 1292
-1486.1 1318
-1485.9 1429
-1485.7 1326
-1485.5 1427
-1485.3 1429
-1485.1 1372
-1484.9 1431
-1484.7 1406
-1484.5 1387
-1484.3 1386
-1484.1 1421
-1483.9 1412
-1483.7 1336
-1483.5 1428
-1483.3 1442
-1483.1 1403
-1482.9 1378
-1482.7 1348
-1482.5 1288
-1482.3 1375
-1482.1 1394
-1481.9 1366
-1481.7 1329
-1481.5 1445
-1481.3 1429
-1481.1 1407
-1480.9 1343
-1480.7 1465
-1480.5 1345
-1480.3 1499
-1480.1 1385
-1479.9 1432
-1479.7 1370
-1479.5 1454
-1479.3 1360
-1479.1 1371
-1478.9 1363
-1478.7 1367
-1478.5 1446
-1478.3 1425
-1478.1 1364
-1477.9 1378
-1477.7 1347
-1477.5 1379
-1477.3 1440
-1477.1 1356
-1476.9 1407
-1476.7 1363
-1476.5 1403
-1476.3 1375
-1476.1 1425
-1475.9 1376
-1475.7 1498
-1475.5 1351
-1475.3 1392
-1475.1 1368
-1474.9 1420
-1474.7 1393
-1474.5 1388
-1474.3 1379
-1474.1 1415
-1473.9 1409
-1473.7 1367
-1473.5 1443
-1473.3 1451
-1473.1 1403
-1472.9 1393
-1472.7 1414
-1472.5 1415
-1472.3 1465
-1472.1 1365
-1471.9 1307
-1471.7 1340
-1471.5 1383
-1471.3 1427
-1471.1 1386
-1470.9 1412
-1470.7 1445
-1470.5 1342
-1470.3 1370
-1470.1 1384
-1469.9 1446
-1469.7 1361
-1469.5 1426
-1469.3 1428
-1469.1 1450
-1468.9 1362
-1468.7 1383
-1468.5 1396
-1468.3 1405
-1468.1 1454
-1467.9 1381
-1467.7 1410
-1467.5 1415
-1467.3 1400
-1467.1 1316
-1466.9 1418
-1466.7 1332
-1466.5 1366
-1466.3 1427
-1466.1 1410
-1465.9 1346
-1465.7 1431
-1465.5 1445
-1465.3 1440
-1465.1 1367
-1464.9 1382
-1464.7 1438
-1464.5 1368
-1464.3 1392
-1464.1 1427
-1463.9 1357
-1463.7 1350
-1463.5 1403
-1463.3 1497
-1463.1 1443
-1462.9 1375
-1462.7 1361
-1462.5 1476
-1462.3 1393
-1462.1 1391
-1461.9 1373
-1461.7 1445
-1461.5 1403
-1461.3 1423
-1461.1 1437
-1460.9 1397
-1460.7 1415
-1460.5 1405
-1460.3 1331
-1460.1 1334
-1459.9 1424
-1459.7 1411
-1459.5 1323
-1459.3 1356
-1459.1 1344
-1458.9 1381
-1458.7 1342
-1458.5 1355
-1458.3 1314
-1458.1 1392
-1457.9 1349
-1457.7 1375
-1457.5 1377
-1457.3 1365
-1457.1 1382
-1456.9 1331
-1456.7 1369
-1456.5 1427
-1456.3 1389
-1456.1 1346
-1455.9 1364
-1455.7 1353
-1455.5 1312
-1455.3 1424
-1455.1 1317
-1454.9 1416
-1454.7 1385
-1454.5 1392
-1454.3 1401
-1454.1 1339
-1453.9 1439
-1453.7 1398
-1453.5 1301
-1453.3 1446
-1453.1 1360
-1452.9 1381
-1452.7 1359
-1452.5 1408
-1452.3 1428
-1452.1 1356
-1451.9 1385
-1451.7 1377
-1451.5 1411
-1451.3 1361
-1451.1 1457
-1450.9 1443
-1450.7 1382
-1450.5 1433
-1450.3 1450
-1450.1 1363
-1449.9 1319
-1449.7 1364
-1449.5 1379
-1449.3 1359
-1449.1 1363
-1448.9 1435
-1448.7 1394
-1448.5 1348
-1448.3 1364
-1448.1 1410
-1447.9 1403
-1447.7 1364
-1447.5 1337
-1447.3 1365
-1447.1 1390
-1446.9 1347
-1446.7 1407
-1446.5 1404
-1446.3 1440
-1446.1 1384
-1445.9 1423
-1445.7 1420
-1445.5 1383
-1445.3 1388
-1445.1 1339
-1444.9 1396
-1444.7 1436
-1444.5 1374
-1444.3 1416
-1444.1 1441
-1443.9 1361
-1443.7 1446
-1443.5 1380
-1443.3 1410
-1443.1 1396
-1442.9 1371
-1442.7 1415
-1442.5 1449
-1442.3 1317
-1442.1 1431
-1441.9 1422
-1441.7 1368
-1441.5 1370
-1441.3 1395
-1441.1 1374
-1440.9 1378
-1440.7 1337
-1440.5 1372
-1440.3 1406
-1440.1 1448
-1439.9 1396
-1439.7 1389
-1439.5 1348
-1439.3 1318
-1439.1 1438
-1438.9 1403
-1438.7 1403
-1438.5 1364
-1438.3 1419
-1438.1 1407
-1437.9 1390
-1437.7 1391
-1437.5 1367
-1437.3 1444
-1437.1 1435
-1436.9 1389
-1436.7 1348
-1436.5 1394
-1436.3 1365
-1436.1 1373
-1435.9 1382
-1435.7 1387
-1435.5 1402
-1435.3 1339
-1435.1 1397
-1434.9 1330
-1434.7 1367
-1434.5 1424
-1434.3 1385
-1434.1 1370
-1433.9 1356
-1433.7 1470
-1433.5 1347
-1433.3 1373
-1433.1 1387
-1432.9 1365
-1432.7 1383
-1432.5 1402
-1432.3 1351
-1432.1 1363
-1431.9 1366
-1431.7 1338
-1431.5 1414
-1431.3 1368
-1431.1 1434
-1430.9 1377
-1430.7 1401
-1430.5 1342
-1430.3 1314
-1430.1 1339
-1429.9 1422
-1429.7 1393
-1429.5 1385
-1429.3 1315
-1429.1 1342
-1428.9 1373
-1428.7 1367
-1428.5 1400
-1428.3 1349
-1428.1 1347
-1427.9 1341
-1427.7 1356
-1427.5 1406
-1427.3 1388
-1427.1 1380
-1426.9 1372
-1426.7 1389
-1426.5 1369
-1426.3 1317
-1426.1 1378
-1425.9 1366
-1425.7 1375
-1425.5 1293
-1425.3 1340
-1425.1 1314
-1424.9 1380
-1424.7 1342
-1424.5 1321
-1424.3 1371
-1424.1 1381
-1423.9 1353
-1423.7 1353
-1423.5 1465
-1423.3 1322
-1423.1 1412
-1422.9 1387
-1422.7 1375
-1422.5 1323
-1422.3 1362
-1422.1 1409
-1421.9 1421
-1421.7 1427
-1421.5 1346
-1421.3 1396
-1421.1 1373
-1420.9 1348
-1420.7 1339
-1420.5 1324
-1420.3 1371
-1420.1 1365
-1419.9 1332
-1419.7 1309
-1419.5 1373
-1419.3 1383
-1419.1 1381
-1418.9 1409
-1418.7 1334
-1418.5 1426
-1418.3 1407
-1418.1 1331
-1417.9 1433
-1417.7 1308
-1417.5 1255
-1417.3 1393
-1417.1 1361
-1416.9 1350
-1416.7 1361
-1416.5 1298
-1416.3 1367
-1416.1 1304
-1415.9 1302
-1415.7 1329
-1415.5 1340
-1415.3 1413
-1415.1 1401
-1414.9 1395
-1414.7 1337
-1414.5 1419
-1414.3 1409
-1414.1 1446
-1413.9 1374
-1413.7 1333
-1413.5 1390
-1413.3 1399
-1413.1 1358
-1412.9 1356
-1412.7 1323
-1412.5 1428
-1412.3 1374
-1412.1 1347
-1411.9 1366
-1411.7 1363
-1411.5 1354
-1411.3 1407
-1411.1 1397
-1410.9 1385
-1410.7 1367
-1410.5 1414
-1410.3 1354
-1410.1 1471
-1409.9 1387
-1409.7 1363
-1409.5 1365
-1409.3 1356
-1409.1 1316
-1408.9 1455
-1408.7 1373
-1408.5 1419
-1408.3 1388
-1408.1 1445
-1407.9 1405
-1407.7 1391
-1407.5 1415
-1407.3 1364
-1407.1 1375
-1406.9 1323
-1406.7 1368
-1406.5 1362
-1406.3 1411
-1406.1 1311
-1405.9 1390
-1405.7 1389
-1405.5 1311
-1405.3 1403
-1405.1 1326
-1404.9 1396
-1404.7 1360
-1404.5 1369
-1404.3 1353
-1404.1 1326
-1403.9 1407
-1403.7 1359
-1403.5 1381
-1403.3 1361
-1403.1 1278
-1402.9 1296
-1402.7 1323
-1402.5 1331
-1402.3 1413
-1402.1 1379
-1401.9 1337
-1401.7 1356
-1401.5 1371
-1401.3 1398
-1401.1 1283
-1400.9 1400
-1400.7 1389
-1400.5 1360
-1400.3 1430
-1400.1 1404
-1399.9 1435
-1399.7 1375
-1399.5 1360
-1399.3 1379
-1399.1 1379
-1398.9 1373
-1398.7 1343
-1398.5 1360
-1398.3 1382
-1398.1 1413
-1397.9 1448
-1397.7 1417
-1397.5 1356
-1397.3 1334
-1397.1 1356
-1396.9 1349
-1396.7 1401
-1396.5 1414
-1396.3 1432
-1396.1 1445
-1395.9 1400
-1395.7 1378
-1395.5 1364
-1395.3 1371
-1395.1 1419
-1394.9 1344
-1394.7 1405
-1394.5 1364
-1394.3 1328
-1394.1 1364
-1393.9 1400
-1393.7 1432
-1393.5 1368
-1393.3 1370
-1393.1 1370
-1392.9 1327
-1392.7 1318
-1392.5 1364
-1392.3 1377
-1392.1 1338
-1391.9 1345
-1391.7 1323
-1391.5 1387
-1391.3 1321
-1391.1 1369
-1390.9 1370
-1390.7 1347
-1390.5 1341
-1390.3 1317
-1390.1 1309
-1389.9 1368
-1389.7 1359
-1389.5 1308
-1389.3 1313
-1389.1 1352
-1388.9 1365
-1388.7 1339
-1388.5 1348
-1388.3 1328
-1388.1 1338
-1387.9 1280
-1387.7 1340
-1387.5 1346
-1387.3 1319
-1387.1 1340
-1386.9 1359
-1386.7 1299
-1386.5 1383
-1386.3 1293
-1386.1 1330
-1385.9 1370
-1385.7 1358
-1385.5 1345
-1385.3 1369
-1385.1 1431
-1384.9 1410
-1384.7 1378
-1384.5 1486
-1384.3 1367
-1384.1 1352
-1383.9 1419
-1383.7 1384
-1383.5 1341
-1383.3 1316
-1383.1 1368
-1382.9 1333
-1382.7 1388
-1382.5 1327
-1382.3 1364
-1382.1 1331
-1381.9 1298
-1381.7 1354
-1381.5 1372
-1381.3 1398
-1381.1 1367
-1380.9 1343
-1380.7 1353
-1380.5 1402
-1380.3 1333
-1380.1 1343
-1379.9 1310
-1379.7 1273
-1379.5 1290
-1379.3 1317
-1379.1 1398
-1378.9 1286
-1378.7 1305
-1378.5 1337
-1378.3 1305
-1378.1 1336
-1377.9 1278
-1377.7 1302
-1377.5 1261
-1377.3 1317
-1377.1 1271
-1376.9 1285
-1376.7 1279
-1376.5 1314
-1376.3 1279
-1376.1 1195
-1375.9 1276
-1375.7 1268
-1375.5 1281
-1375.3 1215
-1375.1 1251
-1374.9 1218
-1374.7 1185
-1374.5 1207
-1374.3 1245
-1374.1 1163
-1373.9 1135
-1373.7 1177
-1373.5 1180
-1373.3 1125
-1373.1 1144
-1372.9 1150
-1372.7 1122
-1372.5 1116
-1372.3 1093
-1372.1 1140
-1371.9 1011
-1371.7 1110
-1371.5 1034
-1371.3 1065
-1371.1 1041
-1370.9 1053
-1370.7 1018
-1370.5 1030
-1370.3 1013
-1370.1 975
-1369.9 980
-1369.7 961
-1369.5 970
-1369.3 932
-1369.1 970
-1368.9 858
-1368.7 889
-1368.5 903
-1368.3 886
-1368.1 894
-1367.9 858
-1367.7 800
-1367.5 748
-1367.3 734
-1367.1 748
-1366.9 757
-1366.7 769
-1366.5 736
-1366.3 753
-1366.1 713
-1365.9 668
-1365.7 700
-1365.5 674
-1365.3 678
-1365.1 677
-1364.9 608
-1364.7 684
-1364.5 643
-1364.3 609
-1364.1 639
-1363.9 578
-1363.7 563
-1363.5 587
-1363.3 578
-1363.1 574
-1362.9 513
-1362.7 515
-1362.5 535
-1362.3 505
-1362.1 488
-1361.9 463
-1361.7 485
-1361.5 493
-1361.3 463
-1361.1 456
-1360.9 484
-1360.7 451
-1360.5 449
-1360.3 406
-1360.1 442
-1359.9 442
-1359.7 381
-1359.5 430
-1359.3 375
-1359.1 409
-1358.9 360
-1358.7 399
-1358.5 410
-1358.3 380
-1358.1 338
-1357.9 324
-1357.7 353
-1357.5 332
-1357.3 346
-1357.1 354
-1356.9 339
-1356.7 322
-1356.5 327
-1356.3 318
-1356.1 303
-1355.9 281
-1355.7 266
-1355.5 254
-1355.3 261
-1355.1 284
-1354.9 249
-1354.7 268
-1354.5 251
-1354.3 268
-1354.1 239
-1353.9 225
-1353.7 255
-1353.5 248
-1353.3 226
-1353.1 197
-1352.9 199
-1352.7 219
-1352.5 188
-1352.3 203
-1352.1 213
-1351.9 207
-1351.7 171
-1351.5 191
-1351.3 165
-1351.1 183
-1350.9 161
-1350.7 157
-1350.5 148
-1350.3 149
-1350.1 143
-1349.9 123
-1349.7 139
-1349.5 154
-1349.3 136
-1349.1 142
-1348.9 113
-1348.7 152
-1348.5 131
-1348.3 125
-1348.1 110
-1347.9 119
-1347.7 109
-1347.5 104
-1347.3 105
-1347.1 105
-1346.9 99
-1346.7 91
-1346.5 100
-1346.3 88
-1346.1 81
-1345.9 97
-1345.7 95
-1345.5 76
-1345.3 73
-1345.1 95
-1344.9 73
-1344.7 84
-1344.5 73
-1344.3 70
-1344.1 65
-1343.9 67
-1343.7 73
-1343.5 62
-1343.3 63
-1343.1 59
-1342.9 59
-1342.7 49
-1342.5 52
-1342.3 64
-1342.1 46
-1341.9 42
-1341.7 47
-1341.5 45
-1341.3 41
-1341.1 45
-1340.9 36
-1340.7 48
-1340.5 31
-1340.3 35
-1340.1 39
-1339.9 38
-1339.7 26
-1339.5 26
-1339.3 23
-1339.1 27
-1338.9 27
-1338.7 26
-1338.5 29
-1338.3 16
-1338.1 16
-1337.9 25
-1337.7 17
-1337.5 15
-1337.3 24
-1337.1 10
-1336.9 17
-1336.7 23
-1336.5 22
-1336.3 18
-1336.1 21
-1335.9 18
-1335.7 18
-1335.5 14
-1335.3 15
-1335.1 13
-1334.9 20
-1334.7 17
-1334.5 9
-1334.3 7
-1334.1 15
-1333.9 16
-1333.7 11
-1333.5 11
-1333.3 8
-1333.1 8
-1332.9 7
-1332.7 14
-1332.5 9
-1332.3 6
-1332.1 15
-1331.9 8
-1331.7 11
-1331.5 9
-1331.3 9
-1331.1 6
-1330.9 4
-1330.7 7
-1330.5 10
-1330.3 7
-1330.1 5
-1329.9 5
-1329.7 8
-1329.5 7
-1329.3 12
-1329.1 1
-1328.9 3
-1328.7 4
-1328.5 7
-1328.3 4
-1328.1 2
-1327.9 6
-1327.7 5
-1327.5 6
-1327.3 6
-1327.1 4
-1326.9 3
-1326.7 3
-1326.5 3
-1326.3 4
-1326.1 2
-1325.9 2
-1325.7 3
-1325.5 4
-1325.3 1
-1325.1 4
-1324.9 3
-1324.7 4
-1324.5 1
-1324.3 2
-1324.1 1
-1323.9 0
-1323.7 1
-1323.5 4
-1323.3 5
-1323.1 5
-1322.9 4
-1322.7 2
-1322.5 4
-1322.3 4
-1322.1 4
-1321.9 3
-1321.7 5
-1321.5 5
-1321.3 4
-1321.1 2
-1320.9 3
-1320.7 4
-1320.5 4
-1320.3 5
-1320.1 3
-1319.9 5
-1319.7 1
-1319.5 6
-1319.3 5
-1319.1 2
-1318.9 1
-1318.7 5
-1318.5 4
-1318.3 2
-1318.1 2
-1317.9 1
-1317.7 3
-1317.5 1
-1317.3 3
-1317.1 3
-1316.9 2
-1316.7 2
-1316.5 2
-1316.3 5
-1316.1 2
-1315.9 4
-1315.7 0
-1315.5 1
-1315.3 4
-1315.1 3
-1314.9 3
-1314.7 2
-1314.5 2
-1314.3 1
-1314.1 4
-1313.9 1
-1313.7 4
-1313.5 1
-1313.3 2
-1313.1 1
-1312.9 4
-1312.7 3
-1312.5 0
-1312.3 2
-1312.1 5
-1311.9 1
-1311.7 0
-1311.5 3
-1311.3 2
-1311.1 1
-1310.9 0
-1310.7 2
-1310.5 1
-1310.3 1
-1310.1 0
-1309.9 2
-1309.7 1
-1309.5 3
-1309.3 1
-1309.1 2
-1308.9 0
-1308.7 1
-1308.5 4
-1308.3 1
-1308.1 2
-1307.9 4
-1307.7 5
-1307.5 2
-1307.3 5
-1307.1 5
-1306.9 3
-1306.7 2
-1306.5 5
-1306.3 3
-1306.1 2
-1305.9 3
-1305.7 2
-1305.5 1
-1305.3 0
-1305.1 2
-1304.9 0
-1304.7 1
-1304.5 3
-1304.3 2
-1304.1 4
-1303.9 2
-1303.7 1
-1303.5 2
-1303.3 1
-1303.1 2
-1302.9 3
-1302.7 1
-1302.5 2
-1302.3 1
-1302.1 2
-1301.9 2
-1301.7 3
-1301.5 0
-1301.3 5
-1301.1 1
-1300.9 3
-1300.7 1
-1300.5 1
-1300.3 2
-1300.1 3
