-359.9 0
-359.7 0
-359.5 0
-359.3 0
-359.1 0
-358.9 0
-358.7 0
-358.5 0
-358.3 0
-358.1 0
-357.9 0
-357.7 0
-357.5 0
-357.3 0
-357.1 0
-356.9 0
-356.7 0
-356.5 0
-356.3 0
-356.1 0
-355.9 0
-355.7 0
-355.5 0
-355.3 0
-355.1 0
-354.9 0
-354.7 0
-354.5 0
-354.3 0
-354.1 0
-353.9 0
-353.7 0
-353.5 0
-353.3 0
-353.1 0
-352.9 1
-352.7 0
-352.5 0
-352.3 0
-352.1 0
-351.9 0
-351.7 1
-351.5 0
-351.3 0
-351.1 0
-350.9 0
-350.7 0
-350.5 0
-350.3 0
-350.1 0
-349.9 0
-349.7 0
-349.5 0
-349.3 0
-349.1 0
-348.9 0
-348.7 1
-348.5 0
-348.3 0
-348.1 0
-347.9 0
-347.7 0
-347.5 0
-347.3 0
-347.1 0
-346.9 0
-346.7 0
-346.5 0
-346.3 0
-346.1 0
-345.9 1
-345.7 0
-345.5 0
-345.3 0
-345.1 0
-344.9 1
-344.7 1
-344.5 0
-344.3 0
-344.1 0
-343.9 1
-343.7 1
-343.5 1
-343.3 0
-343.1 0
-342.9 0
-342.7 2
-342.5 0
-342.3 0
-342.1 1
-341.9 0
-341.7 0
-341.5 1
-341.3 1
-341.1 2
-340.9 2
-340.7 2
-340.5 0
-340.3 1
-340.1 1
-339.9 1
-339.7 0
-339.5 1
-339.3 0
-339.1 0
-338.9 0
-338.7 4
-338.5 2
-338.3 3
-338.1 3
-337.9 0
-337.7 1
-337.5 5
-337.3 2
-337.1 6
-336.9 6
-336.7 5
-336.5 2
-336.3 1
-336.1 1
-335.9 6
-335.7 4
-335.5 4
-335.3 3
-335.1 8
-334.9 13
-334.7 13
-334.5 14
-334.3 5
-334.1 10
-333.9 16
-333.7 24
-333.5 25
-333.3 14
-333.1 36
-332.9 43
-332.7 79
-332.5 44
-332.3 37
-332.1 57
-331.9 78
-331.7 104
-331.5 68
-331.3 47
-331.1 66
-330.9 80
-330.7 122
-330.5 78
-330.3 50
-330.1 98
-329.9 115
-329.7 159
-329.5 109
-329.3 69
-329.1 139
-328.9 125
-328.7 195
-328.5 133
-328.3 69
-328.1 161
-327.9 147
-327.7 253
-327.5 160
-327.3 79
-327.1 178
-326.9 190
-326.7 261
-326.5 211
-326.3 96
-326.1 204
-325.9 183
-325.7 340
-325.5 216
-325.3 108
-325.1 227
-324.9 216
-324.7 333
-324.5 225
-324.3 114
-324.1 227
-323.9 244
-323.7 366
-323.5 225
-323.3 104
-323.1 237
-322.9 236
-322.7 344
-322.5 256
-322.3 140
-322.1 290
-321.9 229
-321.7 358
-321.5 227
-321.3 131
-321.1 265
-320.9 236
-320.7 341
-320.5 253
-320.3 133
-320.1 267
-319.9 272
-319.7 349
-319.5 253
-319.3 124
-319.1 263
-318.9 255
-318.7 409
-318.5 226
-318.3 138
-318.1 273
-317.9 257
-317.7 363
-317.5 262
-317.3 137
-317.1 264
-316.9 259
-316.7 387
-316.5 210
-316.3 112
-316.1 274
-315.9 253
-315.7 354
-315.5 228
-315.3 121
-315.1 229
-314.9 253
-314.7 324
-314.5 219
-314.3 112
-314.1 257
-313.9 241
-313.7 327
-313.5 207
-313.3 115
-313.1 223
-312.9 203
-312.7 294
-312.5 202
-312.3 92
-312.1 185
-311.9 187
-311.7 279
-311.5 199
-311.3 89
-311.1 200
-310.9 190
-310.7 282
-310.5 195
-310.3 89
-310.1 160
-309.9 196
-309.7 281
-309.5 167
-309.3 92
-309.1 175
-308.9 164
-308.7 227
-308.5 178
-308.3 86
-308.1 175
-307.9 174
-307.7 231
-307.5 156
-307.3 85
-307.1 139
-306.9 141
-306.7 242
-306.5 165
-306.3 87
-306.1 142
-305.9 149
-305.7 238
-305.5 145
-305.3 64
-305.1 116
-304.9 149
-304.7 203
-304.5 151
-304.3 73
-304.1 131
-303.9 169
-303.7 196
-303.5 122
-303.3 92
-303.1 155
-302.9 136
-302.7 206
-302.5 131
-302.3 60
-302.1 113
-301.9 132
-301.7 210
-301.5 128
-301.3 69
-301.1 129
-300.9 139
-300.7 168
-300.5 117
-300.3 55
-300.1 137
-299.9 103
-299.7 191
-299.5 123
-299.3 69
-299.1 111
-298.9 139
-298.7 178
-298.5 126
-298.3 60
-298.1 125
-297.9 129
-297.7 166
-297.5 125
-297.3 65
-297.1 125
-296.9 133
-296.7 178
-296.5 124
-296.3 57
-296.1 127
-295.9 112
-295.7 192
-295.5 124
-295.3 54
-295.1 107
-294.9 125
-294.7 193
-294.5 135
-294.3 63
-294.1 127
-293.9 106
-293.7 195
-293.5 127
-293.3 54
-293.1 117
-292.9 124
-292.7 157
-292.5 123
-292.3 67
-292.1 108
-291.9 121
-291.7 196
-291.5 98
-291.3 62
-291.1 110
-290.9 131
-290.7 153
-290.5 105
-290.3 61
-290.1 109
-289.9 103
-289.7 174
-289.5 129
-289.3 56
-289.1 108
-288.9 120
-288.7 169
-288.5 100
-288.3 54
-288.1 108
-287.9 126
-287.7 180
-287.5 104
-287.3 62
-287.1 114
-286.9 117
-286.7 177
-286.5 123
-286.3 61
-286.1 133
-285.9 129
-285.7 178
-285.5 107
-285.3 53
-285.1 115
-284.9 104
-284.7 204
-284.5 111
-284.3 69
-284.1 114
-283.9 127
-283.7 188
-283.5 122
-283.3 49
-283.1 114
-282.9 106
-282.7 192
-282.5 111
-282.3 56
-282.1 134
-281.9 124
-281.7 170
-281.5 132
-281.3 40
-281.1 126
-280.9 114
-280.7 156
-280.5 117
-280.3 56
-280.1 103
-279.9 98
-279.7 157
-279.5 112
-279.3 57
-279.1 120
-278.9 122
-278.7 163
-278.5 122
-278.3 53
-278.1 102
-277.9 125
-277.7 155
-277.5 123
-277.3 42
-277.1 115
-276.9 102
-276.7 164
-276.5 122
-276.3 51
-276.1 122
-275.9 114
-275.7 153
-275.5 118
-275.3 51
-275.1 113
-274.9 125
-274.7 184
-274.5 113
-274.3 67
-274.1 118
-273.9 110
-273.7 193
-273.5 111
-273.3 45
-273.1 127
-272.9 132
-272.7 178
-272.5 148
-272.3 53
-272.1 112
-271.9 98
-271.7 169
-271.5 123
-271.3 57
-271.1 115
-270.9 98
-270.7 167
-270.5 127
-270.3 55
-270.1 127
-269.9 116
-269.7 158
-269.5 116
-269.3 52
-269.1 132
-268.9 105
-268.7 180
-268.5 104
-268.3 60
-268.1 110
-267.9 125
-267.7 177
-267.5 108
-267.3 51
-267.1 129
-266.9 111
-266.7 182
-266.5 117
-266.3 53
-266.1 141
-265.9 123
-265.7 165
-265.5 126
-265.3 62
-265.1 130
-264.9 119
-264.7 169
-264.5 118
-264.3 59
-264.1 102
-263.9 131
-263.7 181
-263.5 129
-263.3 56
-263.1 108
-262.9 122
-262.7 170
-262.5 131
-262.3 54
-262.1 96
-261.9 127
-261.7 159
-261.5 105
-261.3 53
-261.1 113
-260.9 113
-260.7 190
-260.5 119
-260.3 58
-260.1 82
-259.9 135
-259.7 172
-259.5 114
-259.3 62
-259.1 137
-258.9 127
-258.7 204
-258.5 124
-258.3 67
-258.1 115
-257.9 125
-257.7 176
-257.5 121
-257.3 57
-257.1 134
-256.9 149
-256.7 181
-256.5 106
-256.3 52
-256.1 97
-255.9 118
-255.7 182
-255.5 65
-255.3 107
-255.1 139
-254.9 107
-254.7 171
-254.5 61
-254.3 132
-254.1 119
-253.9 114
-253.7 187
-253.5 62
-253.3 114
-253.1 139
-252.9 102
-252.7 167
-252.5 58
-252.3 114
-252.1 90
-251.9 102
-251.7 198
-251.5 65
-251.3 116
-251.1 122
-250.9 114
-250.7 175
-250.5 66
-250.3 120
-250.1 128
-249.9 93
-249.7 174
-249.5 41
-249.3 118
-249.1 118
-248.9 101
-248.7 161
-248.5 54
-248.3 135
-248.1 109
-247.9 117
-247.7 185
-247.5 60
-247.3 106
-247.1 122
-246.9 124
-246.7 172
-246.5 51
-246.3 134
-246.1 124
-245.9 102
-245.7 178
-245.5 65
-245.3 111
-245.1 105
-244.9 119
-244.7 150
-244.5 71
-244.3 110
-244.1 110
-243.9 114
-243.7 182
-243.5 50
-243.3 136
-243.1 100
-242.9 109
-242.7 174
-242.5 66
-242.3 119
-242.1 116
-241.9 118
-241.7 186
-241.5 67
-241.3 105
-241.1 133
-240.9 116
-240.7 199
-240.5 50
-240.3 132
-240.1 115
-239.9 106
-239.7 156
-239.5 50
-239.3 120
-239.1 114
-238.9 123
-238.7 183
-238.5 45
-238.3 120
-238.1 101
-237.9 107
-237.7 185
-237.5 57
-237.3 111
-237.1 125
-236.9 107
-236.7 175
-236.5 58
-236.3 117
-236.1 114
-235.9 118
-235.7 175
-235.5 59
-235.3 120
-235.1 140
-234.9 121
-234.7 161
-234.5 67
-234.3 125
-234.1 111
-233.9 121
-233.7 170
-233.5 63
-233.3 118
-233.1 116
-232.9 119
-232.7 164
-232.5 57
-232.3 112
-232.1 105
-231.9 129
-231.7 196
-231.5 64
-231.3 122
-231.1 116
-230.9 124
-230.7 158
-230.5 60
-230.3 111
-230.1 115
-229.9 126
-229.7 195
-229.5 52
-229.3 121
-229.1 120
-228.9 120
-228.7 190
-228.5 66
-228.3 132
-228.1 109
-227.9 126
-227.7 187
-227.5 58
-227.3 114
-227.1 128
-226.9 125
-226.7 163
-226.5 64
-226.3 107
-226.1 124
-225.9 114
-225.7 190
-225.5 54
-225.3 130
-225.1 97
-224.9 123
-224.7 188
-224.5 58
-224.3 114
-224.1 128
-223.9 105
-223.7 185
-223.5 55
-223.3 109
-223.1 112
-222.9 124
-222.7 204
-222.5 53
-222.3 100
-222.1 111
-221.9 120
-221.7 178
-221.5 61
-221.3 134
-221.1 113
-220.9 122
-220.7 153
-220.5 59
-220.3 125
-220.1 122
-219.9 120
-219.7 171
-219.5 67
-219.3 110
-219.1 105
-218.9 105
-218.7 204
-218.5 60
-218.3 129
-218.1 125
-217.9 125
-217.7 197
-217.5 66
-217.3 109
-217.1 143
-216.9 119
-216.7 206
-216.5 65
-216.3 125
-216.1 148
-215.9 108
-215.7 159
-215.5 63
-215.3 100
-215.1 126
-214.9 135
-214.7 176
-214.5 59
-214.3 110
-214.1 106
-213.9 111
-213.7 163
-213.5 64
-213.3 103
-213.1 117
-212.9 115
-212.7 174
-212.5 59
-212.3 123
-212.1 110
-211.9 113
-211.7 179
-211.5 55
-211.3 128
-211.1 128
-210.9 126
-210.7 174
-210.5 63
-210.3 108
-210.1 124
-209.9 134
-209.7 148
-209.5 53
-209.3 117
-209.1 133
-208.9 130
-208.7 174
-208.5 51
-208.3 102
-208.1 121
-207.9 116
-207.7 162
-207.5 49
-207.3 135
-207.1 113
-206.9 125
-206.7 172
-206.5 70
-206.3 120
-206.1 128
-205.9 134
-205.7 193
-205.5 74
-205.3 116
-205.1 110
-204.9 124
-204.7 180
-204.5 63
-204.3 105
-204.1 99
-203.9 109
-203.7 180
-203.5 55
-203.3 114
-203.1 116
-202.9 136
-202.7 173
-202.5 65
-202.3 122
-202.1 122
-201.9 140
-201.7 172
-201.5 68
-201.3 118
-201.1 139
-200.9 122
-200.7 180
-200.5 63
-200.3 113
-200.1 119
-199.9 137
-199.7 161
-199.5 62
-199.3 131
-199.1 121
-198.9 101
-198.7 150
-198.5 65
-198.3 113
-198.1 137
-197.9 124
-197.7 173
-197.5 77
-197.3 126
-197.1 114
-196.9 113
-196.7 179
-196.5 73
-196.3 104
-196.1 102
-195.9 124
-195.7 181
-195.5 55
-195.3 133
-195.1 112
-194.9 111
-194.7 190
-194.5 71
-194.3 113
-194.1 95
-193.9 130
-193.7 159
-193.5 62
-193.3 117
-193.1 112
-192.9 122
-192.7 191
-192.5 58
-192.3 122
-192.1 125
-191.9 136
-191.7 190
-191.5 59
-191.3 111
-191.1 118
-190.9 111
-190.7 197
-190.5 57
-190.3 126
-190.1 111
-189.9 102
-189.7 175
-189.5 47
-189.3 103
-189.1 127
-188.9 141
-188.7 181
-188.5 55
-188.3 125
-188.1 141
-187.9 112
-187.7 169
-187.5 62
-187.3 116
-187.1 120
-186.9 140
-186.7 192
-186.5 56
-186.3 124
-186.1 95
-185.9 113
-185.7 146
-185.5 51
-185.3 115
-185.1 113
-184.9 135
-184.7 163
-184.5 50
-184.3 116
-184.1 127
-183.9 107
-183.7 181
-183.5 61
-183.3 117
-183.1 119
-182.9 114
-182.7 195
-182.5 70
-182.3 109
-182.1 122
-181.9 119
-181.7 171
-181.5 68
-181.3 126
-181.1 138
-180.9 119
-180.7 168
-180.5 58
-180.3 113
-180.1 113
-179.9 112
-179.7 188
-179.5 69
-179.3 115
-179.1 102
-178.9 119
-178.7 185
-178.5 60
-178.3 126
-178.1 120
-177.9 127
-177.7 175
-177.5 58
-177.3 119
-177.1 116
-176.9 100
-176.7 177
-176.5 71
-176.3 121
-176.1 112
-175.9 127
-175.7 199
-175.5 58
-175.3 124
-175.1 108
-174.9 121
-174.7 178
-174.5 66
-174.3 108
-174.1 136
-173.9 130
-173.7 202
-173.5 44
-173.3 137
-173.1 120
-172.9 124
-172.7 195
-172.5 65
-172.3 144
-172.1 133
-171.9 114
-171.7 113
-171.5 127
-171.3 126
-171.1 125
-170.9 117
-170.7 129
-170.5 139
-170.3 151
-170.1 122
-169.9 125
-169.7 117
-169.5 124
-169.3 119
-169.1 104
-168.9 123
-168.7 142
-168.5 107
-168.3 121
-168.1 116
-167.9 122
-167.7 133
-167.5 121
-167.3 109
-167.1 115
-166.9 127
-166.7 116
-166.5 133
-166.3 144
-166.1 121
-165.9 113
-165.7 135
-165.5 129
-165.3 101
-165.1 104
-164.9 121
-164.7 107
-164.5 111
-164.3 124
-164.1 112
-163.9 147
-163.7 119
-163.5 117
-163.3 125
-163.1 117
-162.9 108
-162.7 116
-162.5 132
-162.3 134
-162.1 119
-161.9 110
-161.7 101
-161.5 118
-161.3 133
-161.1 110
-160.9 108
-160.7 102
-160.5 115
-160.3 134
-160.1 121
-159.9 111
-159.7 120
-159.5 117
-159.3 129
-159.1 130
-158.9 103
-158.7 112
-158.5 114
-158.3 107
-158.1 105
-157.9 148
-157.7 118
-157.5 120
-157.3 103
-157.1 120
-156.9 105
-156.7 137
-156.5 122
-156.3 118
-156.1 115
-155.9 104
-155.7 115
-155.5 113
-155.3 142
-155.1 108
-154.9 123
-154.7 111
-154.5 122
-154.3 136
-154.1 127
-153.9 122
-153.7 105
-153.5 119
-153.3 116
-153.1 109
-152.9 142
-152.7 122
-152.5 110
-152.3 129
-152.1 112
-151.9 123
-151.7 129
-151.5 135
-151.3 123
-151.1 124
-150.9 158
-150.7 121
-150.5 111
-150.3 125
-150.1 140
-149.9 138
-149.7 136
-149.5 124
-149.3 93
-149.1 126
-148.9 120
-148.7 136
-148.5 128
-148.3 118
-148.1 129
-147.9 113
-147.7 111
-147.5 138
-147.3 126
-147.1 127
-146.9 125
-146.7 124
-146.5 120
-146.3 125
-146.1 115
-145.9 112
-145.7 122
-145.5 114
-145.3 127
-145.1 130
-144.9 134
-144.7 125
-144.5 136
-144.3 117
-144.1 112
-143.9 136
-143.7 114
-143.5 135
-143.3 130
-143.1 104
-142.9 126
-142.7 107
-142.5 114
-142.3 114
-142.1 113
-141.9 126
-141.7 120
-141.5 109
-141.3 143
-141.1 129
-140.9 134
-140.7 147
-140.5 116
-140.3 120
-140.1 122
-139.9 128
-139.7 121
-139.5 132
-139.3 127
-139.1 119
-138.9 123
-138.7 118
-138.5 115
-138.3 138
-138.1 135
-137.9 114
-137.7 110
-137.5 115
-137.3 120
-137.1 111
-136.9 129
-136.7 153
-136.5 97
-136.3 97
-136.1 105
-135.9 112
-135.7 138
-135.5 122
-135.3 125
-135.1 121
-134.9 128
-134.7 121
-134.5 137
-134.3 114
-134.1 159
-133.9 110
-133.7 122
-133.5 136
-133.3 125
-133.1 115
-132.9 143
-132.7 105
-132.5 109
-132.3 122
-132.1 124
-131.9 117
-131.7 126
-131.5 114
-131.3 114
-131.1 131
-130.9 127
-130.7 99
-130.5 133
-130.3 136
-130.1 129
-129.9 126
-129.7 126
-129.5 128
-129.3 133
-129.1 117
-128.9 140
-128.7 120
-128.5 126
-128.3 142
-128.1 129
-127.9 108
-127.7 125
-127.5 110
-127.3 117
-127.1 117
-126.9 111
-126.7 133
-126.5 108
-126.3 121
-126.1 118
-125.9 124
-125.7 119
-125.5 100
-125.3 137
-125.1 123
-124.9 109
-124.7 112
-124.5 112
-124.3 118
-124.1 130
-123.9 137
-123.7 126
-123.5 126
-123.3 115
-123.1 121
-122.9 111
-122.7 115
-122.5 115
-122.3 111
-122.1 111
-121.9 109
-121.7 120
-121.5 99
-121.3 137
-121.1 129
-120.9 115
-120.7 129
-120.5 127
-120.3 119
-120.1 103
-119.9 121
-119.7 101
-119.5 103
-119.3 137
-119.1 111
-118.9 108
-118.7 107
-118.5 103
-118.3 133
-118.1 124
-117.9 106
-117.7 109
-117.5 85
-117.3 128
-117.1 107
-116.9 107
-116.7 84
-116.5 84
-116.3 101
-116.1 110
-115.9 88
-115.7 92
-115.5 86
-115.3 75
-115.1 90
-114.9 82
-114.7 82
-114.5 69
-114.3 90
-114.1 89
-113.9 76
-113.7 98
-113.5 71
-113.3 83
-113.1 84
-112.9 86
-112.7 83
-112.5 78
-112.3 84
-112.1 62
-111.9 75
-111.7 71
-111.5 56
-111.3 56
-111.1 69
-110.9 55
-110.7 72
-110.5 56
-110.3 61
-110.1 63
-109.9 49
-109.7 50
-109.5 54
-109.3 35
-109.1 47
-108.9 43
-108.7 61
-108.5 43
-108.3 43
-108.1 34
-107.9 48
-107.7 52
-107.5 36
-107.3 25
-107.1 46
-106.9 30
-106.7 39
-106.5 31
-106.3 29
-106.1 35
-105.9 32
-105.7 31
-105.5 31
-105.3 35
-105.1 30
-104.9 31
-104.7 29
-104.5 16
-104.3 25
-104.1 24
-103.9 29
-103.7 19
-103.5 44
-103.3 9
-103.1 23
-102.9 22
-102.7 25
-102.5 38
-102.3 10
-102.1 21
-101.9 24
-101.7 17
-101.5 27
-101.3 8
-101.1 14
-100.9 14
-100.7 21
-100.5 17
-100.3 3
-100.1 9
-99.9 15
-99.7 14
-99.5 15
-99.3 7
-99.1 10
-98.9 10
-98.7 8
-98.5 9
-98.3 2
-98.1 3
-97.9 6
-97.7 4
-97.5 8
-97.3 5
-97.1 7
-96.9 9
-96.7 6
-96.5 12
-96.3 1
-96.1 3
-95.9 2
-95.7 4
-95.5 6
-95.3 0
-95.1 2
-94.9 3
-94.7 2
-94.5 2
-94.3 3
-94.1 0
-93.9 1
-93.7 4
-93.5 5
-93.3 0
-93.1 4
-92.9 1
-92.7 3
-92.5 1
-92.3 2
-92.1 0
-91.9 1
-91.7 0
-91.5 3
-91.3 0
-91.1 3
-90.9 1
-90.7 1
-90.5 3
-90.3 1
-90.1 0
-89.9 0
-89.7 2
-89.5 0
-89.3 0
-89.1 1
-88.9 1
-88.7 1
-88.5 2
-88.3 0
-88.1 3
-87.9 0
-87.7 0
-87.5 1
-87.3 0
-87.1 1
-86.9 0
-86.7 1
-86.5 0
-86.3 0
-86.1 0
-85.9 1
-85.7 0
-85.5 0
-85.3 0
-85.1 0
-84.9 0
-84.7 1
-84.5 0
-84.3 0
-84.1 0
-83.9 0
-83.7 0
-83.5 0
-83.3 0
-83.1 0
-82.9 0
-82.7 0
-82.5 0
-82.3 0
-82.1 1
-81.9 1
-81.7 0
-81.5 0
-81.3 0
-81.1 2
-80.9 0
-80.7 0
-80.5 1
-80.3 0
-80.1 0
