-359.9 0
-359.7 0
-359.5 0
-359.3 0
-359.1 0
-358.9 0
-358.7 0
-358.5 0
-358.3 0
-358.1 0
-357.9 0
-357.7 0
-357.5 0
-357.3 0
-357.1 0
-356.9 0
-356.7 0
-356.5 0
-356.3 0
-356.1 0
-355.9 0
-355.7 0
-355.5 0
-355.3 0
-355.1 0
-354.9 0
-354.7 0
-354.5 0
-354.3 0
-354.1 0
-353.9 0
-353.7 0
-353.5 0
-353.3 0
-353.1 0
-352.9 0
-352.7 0
-352.5 0
-352.3 0
-352.1 0
-351.9 0
-351.7 0
-351.5 0
-351.3 0
-351.1 0
-350.9 0
-350.7 0
-350.5 0
-350.3 0
-350.1 0
-349.9 0
-349.7 0
-349.5 0
-349.3 0
-349.1 0
-348.9 0
-348.7 0
-348.5 0
-348.3 0
-348.1 0
-347.9 0
-347.7 0
-347.5 0
-347.3 0
-347.1 0
-346.9 0
-346.7 0
-346.5 0
-346.3 0
-346.1 0
-345.9 0
-345.7 0
-345.5 0
-345.3 0
-345.1 0
-344.9 0
-344.7 0
-344.5 0
-344.3 0
-344.1 0
-343.9 0
-343.7 0
-343.5 0
-343.3 0
-343.1 0
-342.9 0
-342.7 2
-342.5 1
-342.3 0
-342.1 2
-341.9 3
-341.7 1
-341.5 1
-341.3 1
-341.1 3
-340.9 0
-340.7 2
-340.5 1
-340.3 1
-340.1 1
-339.9 1
-339.7 2
-339.5 1
-339.3 0
-339.1 1
-338.9 0
-338.7 1
-338.5 0
-338.3 0
-338.1 0
-337.9 1
-337.7 1
-337.5 4
-337.3 3
-337.1 3
-336.9 3
-336.7 11
-336.5 6
-336.3 7
-336.1 10
-335.9 8
-335.7 15
-335.5 25
-335.3 12
-335.1 40
-334.9 32
-334.7 50
-334.5 42
-334.3 19
-334.1 41
-333.9 45
-333.7 70
-333.5 38
-333.3 19
-333.1 48
-332.9 38
-332.7 69
-332.5 30
-332.3 20
-332.1 38
-331.9 37
-331.7 58
-331.5 21
-331.3 12
-331.1 38
-330.9 44
-330.7 68
-330.5 41
-330.3 23
-330.1 40
-329.9 52
-329.7 62
-329.5 47
-329.3 28
-329.1 45
-328.9 46
-328.7 56
-328.5 38
-328.3 23
-328.1 61
-327.9 48
-327.7 75
-327.5 59
-327.3 29
-327.1 69
-326.9 60
-326.7 83
-326.5 64
-326.3 36
-326.1 74
-325.9 44
-325.7 108
-325.5 59
-325.3 25
-325.1 61
-324.9 90
-324.7 101
-324.5 67
-324.3 41
-324.1 78
-323.9 63
-323.7 119
-323.5 76
-323.3 43
-323.1 63
-322.9 87
-322.7 121
-322.5 72
-322.3 38
-322.1 80
-321.9 76
-321.7 118
-321.5 56
-321.3 32
-321.1 79
-320.9 84
-320.7 118
-320.5 74
-320.3 41
-320.1 96
-319.9 86
-319.7 134
-319.5 77
-319.3 36
-319.1 103
-318.9 98
-318.7 140
-318.5 87
-318.3 45
-318.1 86
-317.9 86
-317.7 120
-317.5 96
-317.3 29
-317.1 87
-316.9 89
-316.7 124
-316.5 81
-316.3 34
-316.1 101
-315.9 87
-315.7 136
-315.5 93
-315.3 34
-315.1 84
-314.9 67
-314.7 133
-314.5 72
-314.3 38
-314.1 86
-313.9 72
-313.7 121
-313.5 77
-313.3 39
-313.1 78
-312.9 85
-312.7 127
-312.5 79
-312.3 41
-312.1 95
-311.9 73
-311.7 118
-311.5 64
-311.3 32
-311.1 80
-310.9 66
-310.7 106
-310.5 75
-310.3 37
-310.1 70
-309.9 64
-309.7 88
-309.5 75
-309.3 30
-309.1 89
-308.9 64
-308.7 85
-308.5 68
-308.3 24
-308.1 73
-307.9 67
-307.7 78
-307.5 57
-307.3 29
-307.1 43
-306.9 60
-306.7 81
-306.5 53
-306.3 29
-306.1 65
-305.9 50
-305.7 85
-305.5 51
-305.3 35
-305.1 54
-304.9 53
-304.7 84
-304.5 52
-304.3 29
-304.1 45
-303.9 68
-303.7 90
-303.5 52
-303.3 25
-303.1 49
-302.9 53
-302.7 56
-302.5 55
-302.3 27
-302.1 50
-301.9 33
-301.7 65
-301.5 57
-301.3 24
-301.1 56
-300.9 47
-300.7 83
-300.5 51
-300.3 21
-300.1 43
-299.9 39
-299.7 49
-299.5 48
-299.3 19
-299.1 51
-298.9 59
-298.7 70
-298.5 45
-298.3 27
-298.1 49
-297.9 35
-297.7 72
-297.5 42
-297.3 26
-297.1 41
-296.9 46
-296.7 79
-296.5 43
-296.3 26
-296.1 46
-295.9 46
-295.7 69
-295.5 53
-295.3 14
-295.1 48
-294.9 36
-294.7 63
-294.5 52
-294.3 16
-294.1 49
-293.9 42
-293.7 65
-293.5 56
-293.3 28
-293.1 50
-292.9 42
-292.7 81
-292.5 39
-292.3 21
-292.1 46
-291.9 55
-291.7 68
-291.5 50
-291.3 24
-291.1 44
-290.9 44
-290.7 66
-290.5 43
-290.3 28
-290.1 47
-289.9 48
-289.7 64
-289.5 39
-289.3 17
-289.1 46
-288.9 43
-288.7 54
-288.5 32
-288.3 38
-288.1 43
-287.9 46
-287.7 58
-287.5 43
-287.3 14
-287.1 37
-286.9 37
-286.7 67
-286.5 43
-286.3 22
-286.1 37
-285.9 46
-285.7 63
-285.5 47
-285.3 25
-285.1 44
-284.9 33
-284.7 68
-284.5 56
-284.3 25
-284.1 43
-283.9 41
-283.7 61
-283.5 39
-283.3 21
-283.1 44
-282.9 47
-282.7 74
-282.5 46
-282.3 32
-282.1 46
-281.9 41
-281.7 59
-281.5 45
-281.3 14
-281.1 38
-280.9 40
-280.7 54
-280.5 41
-280.3 22
-280.1 39
-279.9 36
-279.7 65
-279.5 49
-279.3 20
-279.1 37
-278.9 41
-278.7 65
-278.5 53
-278.3 17
-278.1 56
-277.9 49
-277.7 61
-277.5 35
-277.3 32
-277.1 56
-276.9 47
-276.7 59
-276.5 30
-276.3 20
-276.1 32
-275.9 33
-275.7 53
-275.5 47
-275.3 17
-275.1 36
-274.9 49
-274.7 59
-274.5 48
-274.3 20
-274.1 51
-273.9 33
-273.7 74
-273.5 43
-273.3 16
-273.1 47
-272.9 41
-272.7 76
-272.5 48
-272.3 27
-272.1 28
-271.9 50
-271.7 77
-271.5 39
-271.3 21
-271.1 50
-270.9 41
-270.7 65
-270.5 49
-270.3 22
-270.1 59
-269.9 48
-269.7 59
-269.5 46
-269.3 24
-269.1 33
-268.9 48
-268.7 58
-268.5 56
-268.3 23
-268.1 46
-267.9 44
-267.7 73
-267.5 47
-267.3 30
-267.1 43
-266.9 50
-266.7 88
-266.5 51
-266.3 20
-266.1 50
-265.9 47
-265.7 63
-265.5 48
-265.3 25
-265.1 41
-264.9 34
-264.7 55
-264.5 48
-264.3 28
-264.1 39
-263.9 54
-263.7 51
-263.5 42
-263.3 24
-263.1 43
-262.9 43
-262.7 76
-262.5 36
-262.3 16
-262.1 40
-261.9 43
-261.7 64
-261.5 50
-261.3 20
-261.1 39
-260.9 50
-260.7 56
-260.5 42
-260.3 28
-260.1 59
-259.9 38
-259.7 73
-259.5 42
-259.3 26
-259.1 40
-258.9 44
-258.7 75
-258.5 53
-258.3 22
-258.1 57
-257.9 37
-257.7 76
-257.5 36
-257.3 24
-257.1 34
-256.9 49
-256.7 59
-256.5 50
-256.3 15
-256.1 50
-255.9 54
-255.7 60
-255.5 23
-255.3 47
-255.1 50
-254.9 43
-254.7 63
-254.5 24
-254.3 52
-254.1 41
-253.9 49
-253.7 76
-253.5 13
-253.3 51
-253.1 40
-252.9 48
-252.7 79
-252.5 17
-252.3 43
-252.1 37
-251.9 49
-251.7 68
-251.5 23
-251.3 42
-251.1 49
-250.9 40
-250.7 75
-250.5 17
-250.3 48
-250.1 49
-249.9 39
-249.7 74
-249.5 22
-249.3 47
-249.1 42
-248.9 36
-248.7 68
-248.5 19
-248.3 46
-248.1 55
-247.9 43
-247.7 64
-247.5 22
-247.3 43
-247.1 45
-246.9 42
-246.7 62
-246.5 17
-246.3 49
-246.1 46
-245.9 44
-245.7 65
-245.5 21
-245.3 49
-245.1 42
-244.9 53
-244.7 54
-244.5 23
-244.3 31
-244.1 42
-243.9 52
-243.7 60
-243.5 19
-243.3 40
-243.1 58
-242.9 34
-242.7 55
-242.5 20
-242.3 38
-242.1 32
-241.9 46
-241.7 85
-241.5 18
-241.3 48
-241.1 45
-240.9 36
-240.7 71
-240.5 25
-240.3 44
-240.1 41
-239.9 34
-239.7 66
-239.5 27
-239.3 48
-239.1 43
-238.9 46
-238.7 57
-238.5 18
-238.3 51
-238.1 42
-237.9 42
-237.7 59
-237.5 20
-237.3 53
-237.1 37
-236.9 51
-236.7 59
-236.5 19
-236.3 55
-236.1 63
-235.9 42
-235.7 74
-235.5 26
-235.3 31
-235.1 47
-234.9 40
-234.7 77
-234.5 25
-234.3 44
-234.1 38
-233.9 42
-233.7 77
-233.5 22
-233.3 44
-233.1 54
-232.9 65
-232.7 66
-232.5 12
-232.3 59
-232.1 41
-231.9 36
-231.7 83
-231.5 14
-231.3 53
-231.1 55
-230.9 37
-230.7 74
-230.5 20
-230.3 42
-230.1 52
-229.9 43
-229.7 65
-229.5 16
-229.3 46
-229.1 49
-228.9 47
-228.7 73
-228.5 23
-228.3 52
-228.1 43
-227.9 37
-227.7 69
-227.5 13
-227.3 44
-227.1 36
-226.9 45
-226.7 67
-226.5 16
-226.3 50
-226.1 50
-225.9 47
-225.7 76
-225.5 30
-225.3 49
-225.1 38
-224.9 48
-224.7 62
-224.5 14
-224.3 39
-224.1 55
-223.9 45
-223.7 57
-223.5 17
-223.3 38
-223.1 49
-222.9 34
-222.7 70
-222.5 23
-222.3 44
-222.1 47
-221.9 45
-221.7 72
-221.5 19
-221.3 41
-221.1 40
-220.9 41
-220.7 77
-220.5 23
-220.3 46
-220.1 54
-219.9 48
-219.7 75
-219.5 24
-219.3 51
-219.1 51
-218.9 36
-218.7 55
-218.5 25
-218.3 38
-218.1 52
-217.9 44
-217.7 62
-217.5 24
-217.3 50
-217.1 27
-216.9 42
-216.7 72
-216.5 25
-216.3 44
-216.1 51
-215.9 41
-215.7 60
-215.5 22
-215.3 57
-215.1 39
-214.9 63
-214.7 64
-214.5 24
-214.3 43
-214.1 37
-213.9 42
-213.7 60
-213.5 10
-213.3 47
-213.1 47
-212.9 39
-212.7 58
-212.5 21
-212.3 51
-212.1 47
-211.9 45
-211.7 61
-211.5 25
-211.3 39
-211.1 36
-210.9 39
-210.7 81
-210.5 24
-210.3 48
-210.1 46
-209.9 34
-209.7 52
-209.5 19
-209.3 38
-209.1 50
-208.9 47
-208.7 81
-208.5 20
-208.3 41
-208.1 42
-207.9 43
-207.7 85
-207.5 18
-207.3 60
-207.1 47
-206.9 49
-206.7 73
-206.5 26
-206.3 43
-206.1 52
-205.9 38
-205.7 67
-205.5 31
-205.3 47
-205.1 40
-204.9 35
-204.7 58
-204.5 22
-204.3 52
-204.1 53
-203.9 28
-203.7 71
-203.5 25
-203.3 41
-203.1 44
-202.9 42
-202.7 65
-202.5 26
-202.3 51
-202.1 39
-201.9 39
-201.7 63
-201.5 26
-201.3 44
-201.1 51
-200.9 44
-200.7 57
-200.5 28
-200.3 50
-200.1 51
-199.9 28
-199.7 73
-199.5 25
-199.3 30
-199.1 44
-198.9 47
-198.7 58
-198.5 14
-198.3 41
-198.1 35
-197.9 44
-197.7 77
-197.5 20
-197.3 41
-197.1 50
-196.9 44
-196.7 59
-196.5 18
-196.3 47
-196.1 58
-195.9 61
-195.7 65
-195.5 20
-195.3 47
-195.1 38
-194.9 47
-194.7 72
-194.5 20
-194.3 48
-194.1 54
-193.9 44
-193.7 63
-193.5 29
-193.3 41
-193.1 43
-192.9 49
-192.7 55
-192.5 23
-192.3 46
-192.1 41
-191.9 41
-191.7 78
-191.5 22
-191.3 47
-191.1 47
-190.9 59
-190.7 74
-190.5 20
-190.3 41
-190.1 42
-189.9 42
-189.7 60
-189.5 21
-189.3 33
-189.1 55
-188.9 38
-188.7 81
-188.5 24
-188.3 50
-188.1 49
-187.9 50
-187.7 60
-187.5 17
-187.3 32
-187.1 51
-186.9 52
-186.7 66
-186.5 26
-186.3 34
-186.1 50
-185.9 36
-185.7 69
-185.5 25
-185.3 64
-185.1 45
-184.9 39
-184.7 80
-184.5 25
-184.3 54
-184.1 46
-183.9 48
-183.7 65
-183.5 30
-183.3 41
-183.1 45
-182.9 34
-182.7 74
-182.5 12
-182.3 40
-182.1 49
-181.9 30
-181.7 68
-181.5 23
-181.3 47
-181.1 43
-180.9 44
-180.7 59
-180.5 16
-180.3 47
-180.1 42
-179.9 43
-179.7 56
-179.5 19
-179.3 37
-179.1 53
-178.9 36
-178.7 75
-178.5 22
-178.3 40
-178.1 42
-177.9 44
-177.7 77
-177.5 32
-177.3 48
-177.1 46
-176.9 54
-176.7 54
-176.5 28
-176.3 49
-176.1 37
-175.9 50
-175.7 78
-175.5 16
-175.3 42
-175.1 44
-174.9 44
-174.7 68
-174.5 26
-174.3 52
-174.1 47
-173.9 54
-173.7 70
-173.5 26
-173.3 49
-173.1 46
-172.9 36
-172.7 60
-172.5 17
-172.3 54
-172.1 41
-171.9 54
-171.7 38
-171.5 36
-171.3 33
-171.1 48
-170.9 37
-170.7 38
-170.5 31
-170.3 57
-170.1 45
-169.9 45
-169.7 47
-169.5 49
-169.3 42
-169.1 52
-168.9 44
-168.7 47
-168.5 39
-168.3 47
-168.1 52
-167.9 36
-167.7 36
-167.5 38
-167.3 33
-167.1 50
-166.9 45
-166.7 47
-166.5 36
-166.3 39
-166.1 44
-165.9 40
-165.7 48
-165.5 43
-165.3 50
-165.1 49
-164.9 37
-164.7 43
-164.5 52
-164.3 54
-164.1 48
-163.9 39
-163.7 54
-163.5 48
-163.3 47
-163.1 58
-162.9 47
-162.7 59
-162.5 43
-162.3 42
-162.1 37
-161.9 42
-161.7 47
-161.5 40
-161.3 42
-161.1 50
-160.9 46
-160.7 50
-160.5 49
-160.3 52
-160.1 35
-159.9 49
-159.7 52
-159.5 47
-159.3 37
-159.1 33
-158.9 47
-158.7 43
-158.5 44
-158.3 47
-158.1 46
-157.9 38
-157.7 43
-157.5 41
-157.3 41
-157.1 44
-156.9 44
-156.7 46
-156.5 33
-156.3 43
-156.1 47
-155.9 43
-155.7 43
-155.5 47
-155.3 41
-155.1 45
-154.9 43
-154.7 47
-154.5 42
-154.3 55
-154.1 45
-153.9 41
-153.7 48
-153.5 43
-153.3 50
-153.1 36
-152.9 38
-152.7 46
-152.5 52
-152.3 52
-152.1 45
-151.9 43
-151.7 46
-151.5 52
-151.3 42
-151.1 37
-150.9 37
-150.7 39
-150.5 40
-150.3 38
-150.1 44
-149.9 38
-149.7 33
-149.5 33
-149.3 40
-149.1 32
-148.9 49
-148.7 44
-148.5 51
-148.3 47
-148.1 43
-147.9 41
-147.7 36
-147.5 40
-147.3 50
-147.1 50
-146.9 38
-146.7 35
-146.5 40
-146.3 37
-146.1 35
-145.9 50
-145.7 39
-145.5 42
-145.3 45
-145.1 30
-144.9 44
-144.7 47
-144.5 34
-144.3 34
-144.1 39
-143.9 40
-143.7 31
-143.5 45
-143.3 39
-143.1 36
-142.9 39
-142.7 42
-142.5 40
-142.3 35
-142.1 45
-141.9 44
-141.7 57
-141.5 52
-141.3 47
-141.1 35
-140.9 41
-140.7 41
-140.5 59
-140.3 45
-140.1 57
-139.9 42
-139.7 46
-139.5 41
-139.3 48
-139.1 51
-138.9 37
-138.7 47
-138.5 41
-138.3 51
-138.1 46
-137.9 37
-137.7 46
-137.5 49
-137.3 33
-137.1 48
-136.9 40
-136.7 52
-136.5 39
-136.3 41
-136.1 40
-135.9 54
-135.7 51
-135.5 40
-135.3 37
-135.1 45
-134.9 40
-134.7 70
-134.5 54
-134.3 44
-134.1 45
-133.9 31
-133.7 42
-133.5 46
-133.3 54
-133.1 39
-132.9 35
-132.7 40
-132.5 44
-132.3 42
-132.1 42
-131.9 46
-131.7 52
-131.5 54
-131.3 49
-131.1 49
-130.9 56
-130.7 32
-130.5 45
-130.3 37
-130.1 42
-129.9 50
-129.7 47
-129.5 47
-129.3 49
-129.1 40
-128.9 32
-128.7 54
-128.5 43
-128.3 46
-128.1 36
-127.9 38
-127.7 49
-127.5 36
-127.3 47
-127.1 34
-126.9 59
-126.7 42
-126.5 41
-126.3 47
-126.1 43
-125.9 50
-125.7 45
-125.5 45
-125.3 41
-125.1 43
-124.9 42
-124.7 43
-124.5 45
-124.3 48
-124.1 37
-123.9 39
-123.7 48
-123.5 40
-123.3 48
-123.1 39
-122.9 41
-122.7 38
-122.5 47
-122.3 40
-122.1 47
-121.9 36
-121.7 40
-121.5 39
-121.3 51
-121.1 57
-120.9 47
-120.7 48
-120.5 47
-120.3 44
-120.1 44
-119.9 39
-119.7 39
-119.5 34
-119.3 41
-119.1 41
-118.9 46
-118.7 27
-118.5 41
-118.3 49
-118.1 48
-117.9 28
-117.7 40
-117.5 33
-117.3 47
-117.1 46
-116.9 43
-116.7 37
-116.5 44
-116.3 45
-116.1 38
-115.9 47
-115.7 35
-115.5 36
-115.3 57
-115.1 51
-114.9 34
-114.7 27
-114.5 38
-114.3 34
-114.1 47
-113.9 35
-113.7 40
-113.5 40
-113.3 28
-113.1 34
-112.9 37
-112.7 35
-112.5 45
-112.3 34
-112.1 25
-111.9 37
-111.7 42
-111.5 32
-111.3 37
-111.1 36
-110.9 27
-110.7 32
-110.5 25
-110.3 28
-110.1 29
-109.9 27
-109.7 37
-109.5 25
-109.3 34
-109.1 36
-108.9 23
-108.7 31
-108.5 18
-108.3 23
-108.1 27
-107.9 17
-107.7 33
-107.5 17
-107.3 19
-107.1 22
-106.9 22
-106.7 21
-106.5 24
-106.3 24
-106.1 21
-105.9 14
-105.7 10
-105.5 12
-105.3 12
-105.1 19
-104.9 14
-104.7 17
-104.5 6
-104.3 20
-104.1 17
-103.9 11
-103.7 11
-103.5 22
-103.3 6
-103.1 9
-102.9 9
-102.7 16
-102.5 19
-102.3 6
-102.1 13
-101.9 5
-101.7 10
-101.5 12
-101.3 3
-101.1 12
-100.9 6
-100.7 6
-100.5 3
-100.3 7
-100.1 15
-99.9 3
-99.7 4
-99.5 7
-99.3 8
-99.1 10
-98.9 8
-98.7 5
-98.5 7
-98.3 2
-98.1 8
-97.9 5
-97.7 4
-97.5 4
-97.3 3
-97.1 4
-96.9 2
-96.7 2
-96.5 6
-96.3 2
-96.1 2
-95.9 3
-95.7 5
-95.5 6
-95.3 2
-95.1 3
-94.9 2
-94.7 2
-94.5 0
-94.3 0
-94.1 2
-93.9 5
-93.7 0
-93.5 4
-93.3 1
-93.1 1
-92.9 2
-92.7 0
-92.5 1
-92.3 0
-92.1 1
-91.9 0
-91.7 0
-91.5 1
-91.3 1
-91.1 0
-90.9 1
-90.7 0
-90.5 1
-90.3 1
-90.1 0
-89.9 1
-89.7 1
-89.5 0
-89.3 0
-89.1 0
-88.9 0
-88.7 1
-88.5 1
-88.3 0
-88.1 0
-87.9 0
-87.7 1
-87.5 0
-87.3 0
-87.1 1
-86.9 0
-86.7 0
-86.5 1
-86.3 1
-86.1 0
-85.9 0
-85.7 0
-85.5 0
-85.3 0
-85.1 0
-84.9 0
-84.7 0
-84.5 0
-84.3 0
-84.1 0
-83.9 0
-83.7 1
-83.5 0
-83.3 0
-83.1 0
-82.9 0
-82.7 0
-82.5 0
-82.3 0
-82.1 0
-81.9 0
-81.7 0
-81.5 0
-81.3 1
-81.1 0
-80.9 0
-80.7 0
-80.5 1
-80.3 0
-80.1 0
