-349.9 0
-349.7 0
-349.5 0
-349.3 0
-349.1 0
-348.9 0
-348.7 0
-348.5 0
-348.3 0
-348.1 0
-347.9 0
-347.7 0
-347.5 0
-347.3 0
-347.1 0
-346.9 0
-346.7 0
-346.5 0
-346.3 0
-346.1 0
-345.9 0
-345.7 0
-345.5 0
-345.3 0
-345.1 0
-344.9 0
-344.7 0
-344.5 0
-344.3 0
-344.1 0
-343.9 0
-343.7 0
-343.5 0
-343.3 0
-343.1 0
-342.9 0
-342.7 0
-342.5 0
-342.3 0
-342.1 0
-341.9 0
-341.7 0
-341.5 0
-341.3 0
-341.1 0
-340.9 0
-340.7 0
-340.5 0
-340.3 0
-340.1 0
-339.9 0
-339.7 0
-339.5 0
-339.3 0
-339.1 0
-338.9 0
-338.7 0
-338.5 0
-338.3 0
-338.1 0
-337.9 0
-337.7 0
-337.5 0
-337.3 0
-337.1 0
-336.9 0
-336.7 0
-336.5 0
-336.3 0
-336.1 0
-335.9 0
-335.7 0
-335.5 0
-335.3 0
-335.1 1
-334.9 0
-334.7 0
-334.5 0
-334.3 0
-334.1 0
-333.9 0
-333.7 0
-333.5 0
-333.3 0
-333.1 0
-332.9 0
-332.7 0
-332.5 0
-332.3 0
-332.1 0
-331.9 0
-331.7 0
-331.5 0
-331.3 0
-331.1 0
-330.9 0
-330.7 0
-330.5 0
-330.3 0
-330.1 0
-329.9 0
-329.7 0
-329.5 0
-329.3 0
-329.1 0
-328.9 0
-328.7 0
-328.5 0
-328.3 0
-328.1 0
-327.9 0
-327.7 0
-327.5 0
-327.3 0
-327.1 0
-326.9 0
-326.7 0
-326.5 0
-326.3 0
-326.1 0
-325.9 0
-325.7 0
-325.5 0
-325.3 0
-325.1 0
-324.9 0
-324.7 0
-324.5 0
-324.3 0
-324.1 0
-323.9 0
-323.7 0
-323.5 0
-323.3 0
-323.1 0
-322.9 0
-322.7 0
-322.5 0
-322.3 0
-322.1 0
-321.9 0
-321.7 0
-321.5 0
-321.3 0
-321.1 0
-320.9 0
-320.7 0
-320.5 0
-320.3 0
-320.1 0
-319.9 0
-319.7 0
-319.5 0
-319.3 0
-319.1 0
-318.9 0
-318.7 0
-318.5 0
-318.3 0
-318.1 0
-317.9 0
-317.7 0
-317.5 0
-317.3 0
-317.1 0
-316.9 0
-316.7 0
-316.5 0
-316.3 0
-316.1 0
-315.9 0
-315.7 0
-315.5 0
-315.3 0
-315.1 0
-314.9 0
-314.7 0
-314.5 0
-314.3 0
-314.1 0
-313.9 0
-313.7 0
-313.5 0
-313.3 0
-313.1 0
-312.9 0
-312.7 0
-312.5 0
-312.3 0
-312.1 0
-311.9 0
-311.7 0
-311.5 0
-311.3 0
-311.1 0
-310.9 0
-310.7 0
-310.5 0
-310.3 0
-310.1 0
-309.9 0
-309.7 0
-309.5 0
-309.3 0
-309.1 0
-308.9 0
-308.7 0
-308.5 0
-308.3 0
-308.1 0
-307.9 0
-307.7 0
-307.5 0
-307.3 0
-307.1 0
-306.9 0
-306.7 0
-306.5 0
-306.3 0
-306.1 0
-305.9 0
-305.7 0
-305.5 0
-305.3 0
-305.1 0
-304.9 0
-304.7 0
-304.5 0
-304.3 0
-304.1 0
-303.9 0
-303.7 0
-303.5 0
-303.3 0
-303.1 0
-302.9 0
-302.7 0
-302.5 0
-302.3 0
-302.1 0
-301.9 0
-301.7 0
-301.5 0
-301.3 0
-301.1 0
-300.9 0
-300.7 0
-300.5 0
-300.3 0
-300.1 0
-299.9 0
-299.7 0
-299.5 0
-299.3 0
-299.1 0
-298.9 0
-298.7 1
-298.5 1
-298.3 1
-298.1 0
-297.9 0
-297.7 1
-297.5 2
-297.3 2
-297.1 1
-296.9 1
-296.7 0
-296.5 2
-296.3 0
-296.1 1
-295.9 1
-295.7 3
-295.5 2
-295.3 3
-295.1 2
-294.9 2
-294.7 3
-294.5 5
-294.3 3
-294.1 4
-293.9 7
-293.7 1
-293.5 3
-293.3 3
-293.1 3
-292.9 10
-292.7 3
-292.5 2
-292.3 2
-292.1 2
-291.9 9
-291.7 7
-291.5 4
-291.3 4
-291.1 8
-290.9 8
-290.7 5
-290.5 3
-290.3 9
-290.1 7
-289.9 5
-289.7 2
-289.5 9
-289.3 9
-289.1 7
-288.9 2
-288.7 9
-288.5 10
-288.3 5
-288.1 9
-287.9 9
-287.7 12
-287.5 16
-287.3 9
-287.1 16
-286.9 9
-286.7 13
-286.5 13
-286.3 19
-286.1 14
-285.9 15
-285.7 14
-285.5 20
-285.3 16
-285.1 21
-284.9 16
-284.7 15
-284.5 14
-284.3 10
-284.1 19
-283.9 14
-283.7 16
-283.5 25
-283.3 20
-283.1 18
-282.9 21
-282.7 26
-282.5 19
-282.3 23
-282.1 19
-281.9 28
-281.7 18
-281.5 25
-281.3 27
-281.1 27
-280.9 22
-280.7 25
-280.5 31
-280.3 23
-280.1 22
-279.9 26
-279.7 22
-279.5 34
-279.3 28
-279.1 19
-278.9 21
-278.7 25
-278.5 20
-278.3 27
-278.1 27
-277.9 28
-277.7 32
-277.5 34
-277.3 36
-277.1 36
-276.9 28
-276.7 30
-276.5 33
-276.3 32
-276.1 37
-275.9 22
-275.7 25
-275.5 36
-275.3 36
-275.1 39
-274.9 31
-274.7 38
-274.5 39
-274.3 47
-274.1 37
-273.9 37
-273.7 49
-273.5 40
-273.3 48
-273.1 38
-272.9 36
-272.7 45
-272.5 33
-272.3 42
-272.1 33
-271.9 45
-271.7 33
-271.5 50
-271.3 42
-271.1 48
-270.9 29
-270.7 46
-270.5 48
-270.3 42
-270.1 40
-269.9 40
-269.7 51
-269.5 37
-269.3 53
-269.1 57
-268.9 44
-268.7 53
-268.5 55
-268.3 47
-268.1 46
-267.9 42
-267.7 53
-267.5 47
-267.3 38
-267.1 43
-266.9 54
-266.7 60
-266.5 46
-266.3 58
-266.1 57
-265.9 59
-265.7 59
-265.5 42
-265.3 55
-265.1 46
-264.9 45
-264.7 48
-264.5 46
-264.3 52
-264.1 67
-263.9 49
-263.7 49
-263.5 45
-263.3 55
-263.1 53
-262.9 63
-262.7 46
-262.5 51
-262.3 52
-262.1 51
-261.9 50
-261.7 55
-261.5 41
-261.3 51
-261.1 42
-260.9 46
-260.7 52
-260.5 50
-260.3 52
-260.1 42
-259.9 50
-259.7 52
-259.5 52
-259.3 54
-259.1 53
-258.9 53
-258.7 48
-258.5 42
-258.3 44
-258.1 54
-257.9 38
-257.7 36
-257.5 40
-257.3 61
-257.1 42
-256.9 41
-256.7 49
-256.5 43
-256.3 48
-256.1 67
-255.9 40
-255.7 42
-255.5 47
-255.3 42
-255.1 54
-254.9 53
-254.7 42
-254.5 46
-254.3 51
-254.1 47
-253.9 44
-253.7 41
-253.5 36
-253.3 45
-253.1 45
-252.9 51
-252.7 43
-252.5 48
-252.3 54
-252.1 53
-251.9 48
-251.7 48
-251.5 56
-251.3 45
-251.1 48
-250.9 46
-250.7 44
-250.5 49
-250.3 49
-250.1 35
-249.9 45
-249.7 46
-249.5 37
-249.3 47
-249.1 44
-248.9 33
-248.7 31
-248.5 44
-248.3 33
-248.1 36
-247.9 49
-247.7 46
-247.5 35
-247.3 40
-247.1 38
-246.9 31
-246.7 32
-246.5 43
-246.3 32
-246.1 41
-245.9 40
-245.7 46
-245.5 37
-245.3 42
-245.1 43
-244.9 33
-244.7 36
-244.5 45
-244.3 32
-244.1 39
-243.9 32
-243.7 39
-243.5 38
-243.3 34
-243.1 33
-242.9 35
-242.7 28
-242.5 33
-242.3 39
-242.1 33
-241.9 37
-241.7 30
-241.5 42
-241.3 23
-241.1 35
-240.9 37
-240.7 37
-240.5 35
-240.3 33
-240.1 37
-239.9 40
-239.7 40
-239.5 37
-239.3 43
-239.1 32
-238.9 35
-238.7 28
-238.5 45
-238.3 35
-238.1 30
-237.9 33
-237.7 31
-237.5 18
-237.3 40
-237.1 36
-236.9 33
-236.7 36
-236.5 33
-236.3 27
-236.1 34
-235.9 35
-235.7 33
-235.5 31
-235.3 31
-235.1 30
-234.9 34
-234.7 35
-234.5 29
-234.3 36
-234.1 27
-233.9 29
-233.7 26
-233.5 32
-233.3 33
-233.1 49
-232.9 33
-232.7 25
-232.5 32
-232.3 34
-232.1 29
-231.9 48
-231.7 37
-231.5 28
-231.3 42
-231.1 37
-230.9 31
-230.7 30
-230.5 43
-230.3 29
-230.1 25
-229.9 27
-229.7 33
-229.5 30
-229.3 32
-229.1 32
-228.9 28
-228.7 30
-228.5 24
-228.3 31
-228.1 28
-227.9 23
-227.7 35
-227.5 26
-227.3 33
-227.1 27
-226.9 47
-226.7 32
-226.5 32
-226.3 32
-226.1 38
-225.9 18
-225.7 34
-225.5 33
-225.3 35
-225.1 30
-224.9 27
-224.7 30
-224.5 28
-224.3 33
-224.1 34
-223.9 31
-223.7 38
-223.5 39
-223.3 30
-223.1 35
-222.9 32
-222.7 43
-222.5 30
-222.3 33
-222.1 19
-221.9 36
-221.7 27
-221.5 28
-221.3 27
-221.1 26
-220.9 36
-220.7 28
-220.5 30
-220.3 34
-220.1 36
-219.9 32
-219.7 34
-219.5 34
-219.3 32
-219.1 24
-218.9 42
-218.7 27
-218.5 40
-218.3 37
-218.1 32
-217.9 32
-217.7 30
-217.5 33
-217.3 38
-217.1 34
-216.9 27
-216.7 35
-216.5 27
-216.3 43
-216.1 42
-215.9 30
-215.7 40
-215.5 32
-215.3 33
-215.1 33
-214.9 38
-214.7 34
-214.5 39
-214.3 39
-214.1 45
-213.9 35
-213.7 35
-213.5 31
-213.3 22
-213.1 30
-212.9 37
-212.7 18
-212.5 41
-212.3 44
-212.1 42
-211.9 33
-211.7 33
-211.5 36
-211.3 32
-211.1 34
-210.9 29
-210.7 32
-210.5 24
-210.3 33
-210.1 35
-209.9 30
-209.7 31
-209.5 34
-209.3 34
-209.1 31
-208.9 38
-208.7 40
-208.5 44
-208.3 38
-208.1 37
-207.9 31
-207.7 41
-207.5 42
-207.3 19
-207.1 36
-206.9 34
-206.7 35
-206.5 29
-206.3 23
-206.1 35
-205.9 43
-205.7 31
-205.5 29
-205.3 26
-205.1 35
-204.9 34
-204.7 43
-204.5 38
-204.3 36
-204.1 27
-203.9 36
-203.7 36
-203.5 29
-203.3 38
-203.1 38
-202.9 31
-202.7 26
-202.5 44
-202.3 35
-202.1 28
-201.9 23
-201.7 38
-201.5 32
-201.3 48
-201.1 32
-200.9 30
-200.7 35
-200.5 25
-200.3 26
-200.1 31
-199.9 33
-199.7 41
-199.5 39
-199.3 22
-199.1 41
-198.9 41
-198.7 33
-198.5 27
-198.3 34
-198.1 44
-197.9 28
-197.7 35
-197.5 38
-197.3 41
-197.1 28
-196.9 29
-196.7 28
-196.5 32
-196.3 40
-196.1 43
-195.9 32
-195.7 41
-195.5 29
-195.3 41
-195.1 32
-194.9 24
-194.7 32
-194.5 29
-194.3 37
-194.1 27
-193.9 32
-193.7 37
-193.5 35
-193.3 23
-193.1 31
-192.9 34
-192.7 43
-192.5 38
-192.3 19
-192.1 30
-191.9 42
-191.7 32
-191.5 37
-191.3 29
-191.1 25
-190.9 21
-190.7 36
-190.5 49
-190.3 21
-190.1 27
-189.9 30
-189.7 26
-189.5 32
-189.3 30
-189.1 35
-188.9 24
-188.7 42
-188.5 25
-188.3 37
-188.1 23
-187.9 34
-187.7 25
-187.5 34
-187.3 34
-187.1 28
-186.9 36
-186.7 29
-186.5 28
-186.3 40
-186.1 33
-185.9 31
-185.7 29
-185.5 35
-185.3 31
-185.1 40
-184.9 22
-184.7 37
-184.5 28
-184.3 32
-184.1 34
-183.9 26
-183.7 36
-183.5 34
-183.3 24
-183.1 35
-182.9 21
-182.7 24
-182.5 42
-182.3 32
-182.1 30
-181.9 25
-181.7 39
-181.5 32
-181.3 28
-181.1 26
-180.9 34
-180.7 34
-180.5 31
-180.3 39
-180.1 34
-179.9 30
-179.7 31
-179.5 34
-179.3 26
-179.1 36
-178.9 28
-178.7 37
-178.5 37
-178.3 25
-178.1 35
-177.9 31
-177.7 32
-177.5 40
-177.3 40
-177.1 34
-176.9 34
-176.7 32
-176.5 27
-176.3 33
-176.1 24
-175.9 28
-175.7 28
-175.5 29
-175.3 24
-175.1 28
-174.9 34
-174.7 34
-174.5 25
-174.3 45
-174.1 28
-173.9 28
-173.7 22
-173.5 37
-173.3 35
-173.1 30
-172.9 32
-172.7 43
-172.5 33
-172.3 21
-172.1 30
-171.9 30
-171.7 36
-171.5 31
-171.3 26
-171.1 30
-170.9 28
-170.7 37
-170.5 28
-170.3 35
-170.1 27
-169.9 24
-169.7 38
-169.5 31
-169.3 28
-169.1 28
-168.9 26
-168.7 34
-168.5 33
-168.3 31
-168.1 27
-167.9 44
-167.7 27
-167.5 36
-167.3 36
-167.1 25
-166.9 19
-166.7 25
-166.5 39
-166.3 37
-166.1 28
-165.9 26
-165.7 31
-165.5 33
-165.3 21
-165.1 32
-164.9 31
-164.7 27
-164.5 31
-164.3 23
-164.1 30
-163.9 32
-163.7 36
-163.5 32
-163.3 25
-163.1 26
-162.9 32
-162.7 37
-162.5 36
-162.3 29
-162.1 38
-161.9 33
-161.7 31
-161.5 32
-161.3 29
-161.1 35
-160.9 34
-160.7 25
-160.5 30
-160.3 39
-160.1 30
-159.9 30
-159.7 40
-159.5 34
-159.3 34
-159.1 22
-158.9 30
-158.7 29
-158.5 35
-158.3 29
-158.1 29
-157.9 39
-157.7 30
-157.5 29
-157.3 35
-157.1 36
-156.9 39
-156.7 39
-156.5 32
-156.3 35
-156.1 28
-155.9 27
-155.7 38
-155.5 44
-155.3 34
-155.1 33
-154.9 39
-154.7 29
-154.5 29
-154.3 32
-154.1 29
-153.9 32
-153.7 30
-153.5 25
-153.3 27
-153.1 38
-152.9 33
-152.7 30
-152.5 26
-152.3 36
-152.1 40
-151.9 41
-151.7 29
-151.5 27
-151.3 39
-151.1 19
-150.9 34
-150.7 30
-150.5 37
-150.3 28
-150.1 28
-149.9 36
-149.7 36
-149.5 41
-149.3 32
-149.1 32
-148.9 33
-148.7 34
-148.5 35
-148.3 18
-148.1 28
-147.9 29
-147.7 28
-147.5 36
-147.3 34
-147.1 33
-146.9 26
-146.7 31
-146.5 37
-146.3 40
-146.1 22
-145.9 34
-145.7 20
-145.5 37
-145.3 31
-145.1 30
-144.9 32
-144.7 28
-144.5 20
-144.3 31
-144.1 33
-143.9 33
-143.7 34
-143.5 36
-143.3 31
-143.1 35
-142.9 31
-142.7 31
-142.5 39
-142.3 32
-142.1 29
-141.9 29
-141.7 31
-141.5 38
-141.3 37
-141.1 33
-140.9 29
-140.7 38
-140.5 43
-140.3 38
-140.1 48
-139.9 29
-139.7 28
-139.5 39
-139.3 31
-139.1 30
-138.9 31
-138.7 34
-138.5 43
-138.3 31
-138.1 23
-137.9 26
-137.7 27
-137.5 35
-137.3 34
-137.1 37
-136.9 42
-136.7 36
-136.5 31
-136.3 26
-136.1 24
-135.9 32
-135.7 37
-135.5 35
-135.3 31
-135.1 35
-134.9 35
-134.7 35
-134.5 30
-134.3 26
-134.1 31
-133.9 23
-133.7 31
-133.5 25
-133.3 44
-133.1 40
-132.9 22
-132.7 22
-132.5 41
-132.3 30
-132.1 27
-131.9 22
-131.7 27
-131.5 30
-131.3 37
-131.1 28
-130.9 36
-130.7 49
-130.5 34
-130.3 36
-130.1 25
-129.9 36
-129.7 42
-129.5 15
-129.3 26
-129.1 36
-128.9 33
-128.7 36
-128.5 35
-128.3 35
-128.1 39
-127.9 40
-127.7 25
-127.5 37
-127.3 32
-127.1 35
-126.9 42
-126.7 35
-126.5 42
-126.3 38
-126.1 33
-125.9 36
-125.7 31
-125.5 29
-125.3 35
-125.1 37
-124.9 34
-124.7 33
-124.5 38
-124.3 30
-124.1 33
-123.9 22
-123.7 44
-123.5 28
-123.3 43
-123.1 39
-122.9 38
-122.7 30
-122.5 34
-122.3 23
-122.1 33
-121.9 29
-121.7 34
-121.5 34
-121.3 23
-121.1 31
-120.9 38
-120.7 35
-120.5 28
-120.3 37
-120.1 38
-119.9 33
-119.7 26
-119.5 39
-119.3 35
-119.1 26
-118.9 30
-118.7 33
-118.5 40
-118.3 31
-118.1 28
-117.9 27
-117.7 39
-117.5 28
-117.3 36
-117.1 46
-116.9 27
-116.7 28
-116.5 22
-116.3 37
-116.1 31
-115.9 32
-115.7 39
-115.5 32
-115.3 27
-115.1 32
-114.9 36
-114.7 32
-114.5 30
-114.3 32
-114.1 36
-113.9 36
-113.7 29
-113.5 26
-113.3 25
-113.1 31
-112.9 22
-112.7 33
-112.5 36
-112.3 27
-112.1 31
-111.9 33
-111.7 42
-111.5 27
-111.3 29
-111.1 28
-110.9 31
-110.7 25
-110.5 33
-110.3 36
-110.1 31
-109.9 28
-109.7 33
-109.5 36
-109.3 28
-109.1 29
-108.9 27
-108.7 35
-108.5 23
-108.3 40
-108.1 30
-107.9 37
-107.7 31
-107.5 35
-107.3 32
-107.1 30
-106.9 30
-106.7 41
-106.5 25
-106.3 31
-106.1 29
-105.9 32
-105.7 36
-105.5 31
-105.3 30
-105.1 28
-104.9 34
-104.7 24
-104.5 36
-104.3 22
-104.1 35
-103.9 45
-103.7 22
-103.5 36
-103.3 32
-103.1 31
-102.9 34
-102.7 35
-102.5 27
-102.3 24
-102.1 28
-101.9 31
-101.7 31
-101.5 23
-101.3 24
-101.1 46
-100.9 33
-100.7 27
-100.5 32
-100.3 38
-100.1 34
-99.9 30
-99.7 32
-99.5 33
-99.3 29
-99.1 30
-98.9 31
-98.7 34
-98.5 40
-98.3 36
-98.1 38
-97.9 43
-97.7 28
-97.5 24
-97.3 27
-97.1 23
-96.9 28
-96.7 28
-96.5 30
-96.3 27
-96.1 27
-95.9 27
-95.7 36
-95.5 36
-95.3 43
-95.1 25
-94.9 23
-94.7 50
-94.5 32
-94.3 38
-94.1 39
-93.9 33
-93.7 28
-93.5 27
-93.3 38
-93.1 25
-92.9 35
-92.7 37
-92.5 26
-92.3 29
-92.1 43
-91.9 35
-91.7 30
-91.5 23
-91.3 26
-91.1 34
-90.9 26
-90.7 25
-90.5 40
-90.3 34
-90.1 30
-89.9 29
-89.7 25
-89.5 38
-89.3 40
-89.1 34
-88.9 31
-88.7 28
-88.5 29
-88.3 29
-88.1 25
-87.9 31
-87.7 38
-87.5 26
-87.3 30
-87.1 29
-86.9 21
-86.7 32
-86.5 37
-86.3 31
-86.1 35
-85.9 36
-85.7 35
-85.5 25
-85.3 39
-85.1 38
-84.9 35
-84.7 25
-84.5 31
-84.3 25
-84.1 34
-83.9 29
-83.7 28
-83.5 34
-83.3 24
-83.1 31
-82.9 28
-82.7 27
-82.5 37
-82.3 33
-82.1 31
-81.9 34
-81.7 29
-81.5 28
-81.3 34
-81.1 35
-80.9 25
-80.7 29
-80.5 27
-80.3 38
-80.1 29
-79.9 28
-79.7 36
-79.5 27
-79.3 41
-79.1 36
-78.9 35
-78.7 35
-78.5 37
-78.3 35
-78.1 23
-77.9 27
-77.7 28
-77.5 36
-77.3 27
-77.1 25
-76.9 39
-76.7 27
-76.5 33
-76.3 20
-76.1 30
-75.9 38
-75.7 34
-75.5 19
-75.3 30
-75.1 32
-74.9 27
-74.7 31
-74.5 25
-74.3 34
-74.1 28
-73.9 34
-73.7 18
-73.5 25
-73.3 44
-73.1 26
-72.9 33
-72.7 28
-72.5 21
-72.3 25
-72.1 34
-71.9 17
-71.7 31
-71.5 34
-71.3 24
-71.1 24
-70.9 37
-70.7 27
-70.5 30
-70.3 23
-70.1 27
-69.9 28
-69.7 35
-69.5 25
-69.3 23
-69.1 28
-68.9 30
-68.7 19
-68.5 31
-68.3 30
-68.1 22
-67.9 24
-67.7 23
-67.5 27
-67.3 24
-67.1 31
-66.9 26
-66.7 33
-66.5 25
-66.3 22
-66.1 19
-65.9 29
-65.7 26
-65.5 29
-65.3 24
-65.1 20
-64.9 21
-64.7 25
-64.5 18
-64.3 31
-64.1 33
-63.9 19
-63.7 26
-63.5 21
-63.3 21
-63.1 26
-62.9 17
-62.7 19
-62.5 22
-62.3 22
-62.1 22
-61.9 27
-61.7 19
-61.5 19
-61.3 18
-61.1 21
-60.9 28
-60.7 27
-60.5 23
-60.3 23
-60.1 18
-59.9 25
-59.7 17
-59.5 24
-59.3 18
-59.1 15
-58.9 19
-58.7 22
-58.5 28
-58.3 24
-58.1 22
-57.9 22
-57.7 21
-57.5 20
-57.3 14
-57.1 19
-56.9 15
-56.7 13
-56.5 19
-56.3 10
-56.1 11
-55.9 18
-55.7 16
-55.5 14
-55.3 13
-55.1 17
-54.9 13
-54.7 13
-54.5 13
-54.3 18
-54.1 14
-53.9 16
-53.7 15
-53.5 14
-53.3 15
-53.1 11
-52.9 8
-52.7 13
-52.5 15
-52.3 15
-52.1 14
-51.9 10
-51.7 14
-51.5 20
-51.3 15
-51.1 11
-50.9 7
-50.7 11
-50.5 10
-50.3 9
-50.1 15
-49.9 9
-49.7 13
-49.5 14
-49.3 4
-49.1 12
-48.9 9
-48.7 9
-48.5 9
-48.3 6
-48.1 7
-47.9 8
-47.7 12
-47.5 8
-47.3 9
-47.1 6
-46.9 3
-46.7 4
-46.5 5
-46.3 9
-46.1 4
-45.9 7
-45.7 7
-45.5 5
-45.3 5
-45.1 9
-44.9 15
-44.7 6
-44.5 9
-44.3 6
-44.1 11
-43.9 8
-43.7 6
-43.5 6
-43.3 8
-43.1 4
-42.9 4
-42.7 6
-42.5 6
-42.3 5
-42.1 3
-41.9 5
-41.7 4
-41.5 8
-41.3 1
-41.1 4
-40.9 3
-40.7 4
-40.5 3
-40.3 2
-40.1 4
-39.9 4
-39.7 7
-39.5 1
-39.3 5
-39.1 2
-38.9 7
-38.7 1
-38.5 3
-38.3 1
-38.1 2
-37.9 7
-37.7 1
-37.5 3
-37.3 2
-37.1 0
-36.9 5
-36.7 0
-36.5 3
-36.3 3
-36.1 4
-35.9 4
-35.7 1
-35.5 0
-35.3 2
-35.1 2
-34.9 2
-34.7 3
-34.5 2
-34.3 1
-34.1 0
-33.9 1
-33.7 3
-33.5 2
-33.3 1
-33.1 0
-32.9 2
-32.7 1
-32.5 1
-32.3 1
-32.1 1
-31.9 2
-31.7 1
-31.5 1
-31.3 0
-31.1 0
-30.9 0
-30.7 1
-30.5 0
-30.3 1
-30.1 0
-29.9 0
-29.7 0
-29.5 1
-29.3 0
-29.1 2
-28.9 0
-28.7 0
-28.5 3
-28.3 1
-28.1 0
-27.9 0
-27.7 1
-27.5 0
-27.3 0
-27.1 0
-26.9 0
-26.7 0
-26.5 0
-26.3 1
-26.1 0
-25.9 0
-25.7 0
-25.5 1
-25.3 0
-25.1 0
-24.9 0
-24.7 0
-24.5 0
-24.3 0
-24.1 0
-23.9 1
-23.7 0
-23.5 2
-23.3 0
-23.1 1
-22.9 0
-22.7 0
-22.5 0
-22.3 0
-22.1 0
-21.9 0
-21.7 0
-21.5 0
-21.3 0
-21.1 0
-20.9 0
-20.7 0
-20.5 0
-20.3 0
-20.1 0
-19.9 0
-19.7 0
-19.5 0
-19.3 0
-19.1 0
-18.9 0
-18.7 0
-18.5 0
-18.3 0
-18.1 0
-17.9 0
-17.7 0
-17.5 0
-17.3 0
-17.1 0
-16.9 0
-16.7 0
-16.5 0
-16.3 0
-16.1 0
-15.9 0
-15.7 0
-15.5 0
-15.3 0
-15.1 0
-14.9 0
-14.7 0
-14.5 0
-14.3 0
-14.1 0
-13.9 0
-13.7 0
-13.5 0
-13.3 0
-13.1 0
-12.9 0
-12.7 0
-12.5 0
-12.3 0
-12.1 0
-11.9 0
-11.7 0
-11.5 0
-11.3 0
-11.1 0
-10.9 0
-10.7 0
-10.5 0
-10.3 0
-10.1 0
-9.9 0
-9.7 0
-9.5 0
-9.3 0
-9.1 0
-8.9 0
-8.7 0
-8.5 0
-8.3 0
-8.1 0
-7.9 0
-7.7 0
-7.5 0
-7.3 0
-7.1 0
-6.9 0
-6.7 0
-6.5 0
-6.3 0
-6.1 0
-5.9 0
-5.7 0
-5.5 0
-5.3 0
-5.1 0
-4.9 0
-4.7 0
-4.5 0
-4.3 0
-4.1 0
-3.9 0
-3.7 0
-3.5 0
-3.3 0
-3.1 0
-2.9 0
-2.7 0
-2.5 0
-2.3 0
-2.1 0
-1.9 0
-1.7 0
-1.5 0
-1.3 0
-1.1 0
-0.9 0
-0.7 0
-0.5 0
-0.3 0
-0.1 0
0.1 0
0.3 0
0.5 0
0.7 0
0.9 0
1.1 0
1.3 0
1.5 0
1.7 0
1.9 0
2.1 0
2.3 0
2.5 0
2.7 0
2.9 0
3.1 0
3.3 0
3.5 0
3.7 0
3.9 0
4.1 0
4.3 0
4.5 0
4.7 0
4.9 0
5.1 0
5.3 0
5.5 0
5.7 0
5.9 0
6.1 0
6.3 0
6.5 0
6.7 0
6.9 0
7.1 0
7.3 0
7.5 0
7.7 0
7.9 0
8.1 0
8.3 0
8.5 0
8.7 0
8.9 0
9.1 0
9.3 0
9.5 0
9.7 0
9.9 0
10.1 0
10.3 0
10.5 0
10.7 0
10.9 0
11.1 0
11.3 0
11.5 0
11.7 0
11.9 0
12.1 0
12.3 0
12.5 0
12.7 0
12.9 0
13.1 1
13.3 0
13.5 0
13.7 0
13.9 0
14.1 0
14.3 0
14.5 1
14.7 0
14.9 0
15.1 1
15.3 0
15.5 0
15.7 0
15.9 0
16.1 0
16.3 0
16.5 0
16.7 0
16.9 0
17.1 0
17.3 0
17.5 0
17.7 0
17.9 0
18.1 0
18.3 0
18.5 0
18.7 0
18.9 0
19.1 1
19.3 0
19.5 0
19.7 0
19.9 0
20.1 0
20.3 0
20.5 0
20.7 0
20.9 0
21.1 0
21.3 0
21.5 0
21.7 0
21.9 0
22.1 0
22.3 0
22.5 0
22.7 0
22.9 0
23.1 0
23.3 0
23.5 0
23.7 0
23.9 0
24.1 0
24.3 0
24.5 0
24.7 0
24.9 0
25.1 0
25.3 0
25.5 0
25.7 0
25.9 0
26.1 0
26.3 0
26.5 0
26.7 0
26.9 0
27.1 0
27.3 0
27.5 0
27.7 0
27.9 0
28.1 0
28.3 0
28.5 0
28.7 0
28.9 0
29.1 0
29.3 0
29.5 0
29.7 0
29.9 0
30.1 0
30.3 0
30.5 0
30.7 0
30.9 0
31.1 0
31.3 0
31.5 0
31.7 0
31.9 0
32.1 0
32.3 0
32.5 1
32.7 0
32.9 0
33.1 0
33.3 0
33.5 0
33.7 0
33.9 0
34.1 0
34.3 0
34.5 0
34.7 0
34.9 0
35.1 1
35.3 0
35.5 0
35.7 0
35.9 0
36.1 0
36.3 0
36.5 0
36.7 0
36.9 0
37.1 0
37.3 0
37.5 0
37.7 0
37.9 1
38.1 1
38.3 0
38.5 0
38.7 0
38.9 0
39.1 0
39.3 0
39.5 0
39.7 0
39.9 0
40.1 0
40.3 0
40.5 0
40.7 0
40.9 0
41.1 0
41.3 0
41.5 0
41.7 0
41.9 0
42.1 0
42.3 0
42.5 0
42.7 0
42.9 0
43.1 0
43.3 0
43.5 0
43.7 0
43.9 0
44.1 0
44.3 0
44.5 0
44.7 0
44.9 0
45.1 0
45.3 0
45.5 0
45.7 0
45.9 0
46.1 0
46.3 0
46.5 0
46.7 1
46.9 0
47.1 0
47.3 0
47.5 0
47.7 0
47.9 0
48.1 0
48.3 0
48.5 0
48.7 0
48.9 0
49.1 0
49.3 0
49.5 0
49.7 0
49.9 0
50.1 0
50.3 0
50.5 0
50.7 0
50.9 0
51.1 0
51.3 0
51.5 0
51.7 0
51.9 0
52.1 0
52.3 0
52.5 0
52.7 0
52.9 0
53.1 1
53.3 0
53.5 0
53.7 0
53.9 0
54.1 0
54.3 0
54.5 0
54.7 0
54.9 1
55.1 0
55.3 0
55.5 1
55.7 0
55.9 0
56.1 0
56.3 0
56.5 0
56.7 0
56.9 0
57.1 0
57.3 0
57.5 0
57.7 0
57.9 0
58.1 0
58.3 0
58.5 0
58.7 0
58.9 0
59.1 0
59.3 0
59.5 0
59.7 0
59.9 0
60.1 0
60.3 0
60.5 0
60.7 0
60.9 0
61.1 0
61.3 0
61.5 0
61.7 0
61.9 1
62.1 0
62.3 0
62.5 0
62.7 0
62.9 0
63.1 0
63.3 0
63.5 0
63.7 0
63.9 0
64.1 0
64.3 0
64.5 0
64.7 0
64.9 0
65.1 0
65.3 0
65.5 0
65.7 0
65.9 0
66.1 0
66.3 0
66.5 0
66.7 0
66.9 0
67.1 0
67.3 0
67.5 0
67.7 0
67.9 0
68.1 0
68.3 0
68.5 0
68.7 1
68.9 0
69.1 0
69.3 0
69.5 0
69.7 0
69.9 0
70.1 0
70.3 0
70.5 0
70.7 0
70.9 0
71.1 0
71.3 0
71.5 0
71.7 1
71.9 0
72.1 0
72.3 0
72.5 0
72.7 0
72.9 0
73.1 0
73.3 0
73.5 0
73.7 0
73.9 0
74.1 0
74.3 0
74.5 0
74.7 0
74.9 0
75.1 0
75.3 0
75.5 0
75.7 0
75.9 0
76.1 0
76.3 0
76.5 0
76.7 0
76.9 0
77.1 0
77.3 0
77.5 0
77.7 0
77.9 0
78.1 0
78.3 0
78.5 0
78.7 0
78.9 0
79.1 0
79.3 0
79.5 0
79.7 0
79.9 0
80.1 0
80.3 0
80.5 0
80.7 0
80.9 0
81.1 1
81.3 0
81.5 0
81.7 0
81.9 0
82.1 1
82.3 0
82.5 0
82.7 0
82.9 0
83.1 0
83.3 0
83.5 0
83.7 0
83.9 0
84.1 0
84.3 0
84.5 0
84.7 0
84.9 0
85.1 0
85.3 0
85.5 0
85.7 0
85.9 0
86.1 0
86.3 0
86.5 0
86.7 0
86.9 0
87.1 0
87.3 0
87.5 0
87.7 0
87.9 0
88.1 0
88.3 0
88.5 0
88.7 0
88.9 0
89.1 0
89.3 0
89.5 0
89.7 0
89.9 0
90.1 0
90.3 0
90.5 0
90.7 1
90.9 0
91.1 0
91.3 0
91.5 0
91.7 0
91.9 0
92.1 0
92.3 0
92.5 0
92.7 0
92.9 0
93.1 0
93.3 0
93.5 0
93.7 0
93.9 0
94.1 0
94.3 0
94.5 0
94.7 0
94.9 0
95.1 0
95.3 0
95.5 0
95.7 0
95.9 0
96.1 0
96.3 0
96.5 0
96.7 0
96.9 0
97.1 0
97.3 0
97.5 1
97.7 0
97.9 0
98.1 0
98.3 0
98.5 0
98.7 0
98.9 0
99.1 0
99.3 0
99.5 0
99.7 0
99.9 0
100.1 0
100.3 0
100.5 0
100.7 0
100.9 0
101.1 0
101.3 0
101.5 0
101.7 0
101.9 0
102.1 0
102.3 0
102.5 0
102.7 0
102.9 0
103.1 0
103.3 0
103.5 0
103.7 0
103.9 1
104.1 0
104.3 0
104.5 0
104.7 0
104.9 0
105.1 0
105.3 0
105.5 0
105.7 1
105.9 0
106.1 0
106.3 0
106.5 0
106.7 0
106.9 0
107.1 0
107.3 0
107.5 0
107.7 0
107.9 0
108.1 0
108.3 0
108.5 0
108.7 0
108.9 0
109.1 0
109.3 0
109.5 1
109.7 0
109.9 0
110.1 0
110.3 0
110.5 0
110.7 0
110.9 0
111.1 0
111.3 0
111.5 0
111.7 0
111.9 0
112.1 0
112.3 0
112.5 0
112.7 0
112.9 0
113.1 0
113.3 0
113.5 0
113.7 0
113.9 0
114.1 0
114.3 1
114.5 0
114.7 0
114.9 0
115.1 0
115.3 0
115.5 0
115.7 0
115.9 0
116.1 0
116.3 0
116.5 0
116.7 0
116.9 0
117.1 0
117.3 0
117.5 0
117.7 0
117.9 0
118.1 0
118.3 0
118.5 0
118.7 0
118.9 0
119.1 0
119.3 0
119.5 0
119.7 0
119.9 0
120.1 0
120.3 0
120.5 0
120.7 0
120.9 0
121.1 0
121.3 0
121.5 0
121.7 0
121.9 0
122.1 0
122.3 0
122.5 0
122.7 1
122.9 0
123.1 0
123.3 0
123.5 0
123.7 0
123.9 0
124.1 0
124.3 0
124.5 0
124.7 0
124.9 0
125.1 0
125.3 0
125.5 0
125.7 0
125.9 0
126.1 0
126.3 0
126.5 0
126.7 0
126.9 0
127.1 0
127.3 0
127.5 0
127.7 0
127.9 0
128.1 0
128.3 0
128.5 0
128.7 0
128.9 0
129.1 0
129.3 0
129.5 0
129.7 0
129.9 0
130.1 0
130.3 0
130.5 0
130.7 0
130.9 1
131.1 0
131.3 0
131.5 0
131.7 0
131.9 0
132.1 0
132.3 1
132.5 0
132.7 0
132.9 0
133.1 0
133.3 0
133.5 0
133.7 0
133.9 0
134.1 0
134.3 0
134.5 0
134.7 0
134.9 0
135.1 0
135.3 0
135.5 0
135.7 0
135.9 0
136.1 1
136.3 0
136.5 0
136.7 0
136.9 0
137.1 1
137.3 0
137.5 0
137.7 1
137.9 0
138.1 0
138.3 0
138.5 0
138.7 0
138.9 0
139.1 0
139.3 0
139.5 0
139.7 0
139.9 0
140.1 0
140.3 0
140.5 0
140.7 0
140.9 0
141.1 0
141.3 0
141.5 0
141.7 0
141.9 0
142.1 0
142.3 0
142.5 0
142.7 0
142.9 0
143.1 0
143.3 0
143.5 0
143.7 0
143.9 0
144.1 0
144.3 0
144.5 0
144.7 0
144.9 0
145.1 0
145.3 0
145.5 0
145.7 0
145.9 0
146.1 0
146.3 0
146.5 0
146.7 0
146.9 0
147.1 0
147.3 0
147.5 1
147.7 0
147.9 0
148.1 0
148.3 0
148.5 0
148.7 0
148.9 0
149.1 0
149.3 0
149.5 0
149.7 0
149.9 0
