1219
-208.5 8.99058e-07
-208.3 1.79812e-06
-208.1 1.79812e-06
-207.9 2.24765e-06
-207.7 2.24765e-06
-207.5 2.24765e-06
-207.3 2.69717e-06
-207.1 2.69717e-06
-206.9 2.69717e-06
-206.7 2.69717e-06
-206.5 2.69717e-06
-206.3 2.69717e-06
-206.1 2.69717e-06
-205.9 3.59623e-06
-205.7 4.49529e-06
-205.5 4.49529e-06
-205.3 4.49529e-06
-205.1 4.49529e-06
-204.9 4.94482e-06
-204.7 5.39435e-06
-204.5 5.84388e-06
-204.3 5.84388e-06
-204.1 6.29341e-06
-203.9 6.29341e-06
-203.7 6.29341e-06
-203.5 7.19247e-06
-203.3 7.19247e-06
-203.1 7.642e-06
-202.9 8.09152e-06
-202.7 8.09152e-06
-202.5 9.44011e-06
-202.3 1.03392e-05
-202.1 1.07887e-05
-201.9 1.07887e-05
-201.7 1.30363e-05
-201.5 1.39354e-05
-201.3 1.75316e-05
-201.1 2.11279e-05
-200.9 2.78708e-05
-200.7 3.0568e-05
-200.5 3.77604e-05
-200.3 4.98977e-05
-200.1 6.42827e-05
-199.9 8.04657e-05
-199.7 0.000105639
-199.5 0.000129464
-199.3 0.000166775
-199.1 0.000221618
-198.9 0.00029579
-198.7 0.000402329
-198.5 0.000525949
-198.3 0.000701715
-198.1 0.000907599
-197.9 0.00115934
-197.7 0.00148255
-197.5 0.00187229
-197.3 0.00234025
-197.1 0.00292599
-196.9 0.00364478
-196.7 0.0044845
-196.5 0.00545863
-196.3 0.00660673
-196.1 0.0079189
-195.9 0.00940999
-195.7 0.0110216
-195.5 0.0127967
-195.3 0.0146403
-195.1 0.016558
-194.9 0.018588
-194.7 0.020726
-194.5 0.0229395
-194.3 0.0251646
-194.1 0.0274001
-193.9 0.0295768
-193.7 0.0318127
-193.5 0.0340159
-193.3 0.0362154
-193.1 0.0384114
-192.9 0.0405682
-192.7 0.0426778
-192.5 0.0448288
-192.3 0.0469762
-192.1 0.0490576
-191.9 0.0511124
-191.7 0.0531024
-191.5 0.0550804
-191.3 0.0570924
-191.1 0.0589656
-190.9 0.060891
-190.7 0.0628078
-190.5 0.064658
-190.3 0.0665209
-190.1 0.0683698
-189.9 0.0701895
-189.7 0.0720281
-189.5 0.0738032
-189.3 0.0755892
-189.1 0.0773379
-188.9 0.0790636
-188.7 0.0808132
-188.5 0.0824917
-188.3 0.0842022
-188.1 0.085945
-187.9 0.0876874
-187.7 0.089405
-187.5 0.0910656
-187.3 0.0927167
-187.1 0.0944106
-186.9 0.0960567
-186.7 0.0977101
-186.5 0.0993783
-186.3 0.101025
-186.1 0.102695
-185.9 0.104325
-185.7 0.105937
-185.5 0.107523
-185.3 0.109142
-185.1 0.110737
-184.9 0.112343
-184.7 0.113958
-184.5 0.115504
-184.3 0.117039
-184.1 0.118515
-183.9 0.120041
-183.7 0.121579
-183.5 0.123084
-183.3 0.124622
-183.1 0.126091
-182.9 0.12754
-182.7 0.128992
-182.5 0.130416
-182.3 0.131842
-182.1 0.133252
-181.9 0.134654
-181.7 0.13607
-181.5 0.137395
-181.3 0.138746
-181.1 0.140067
-180.9 0.141388
-180.7 0.142698
-180.5 0.143955
-180.3 0.145225
-180.1 0.146434
-179.9 0.147688
-179.7 0.148896
-179.5 0.150073
-179.3 0.151229
-179.1 0.152411
-178.9 0.153605
-178.7 0.15477
-178.5 0.155922
-178.3 0.157042
-178.1 0.158145
-177.9 0.159237
-177.7 0.160373
-177.5 0.161431
-177.3 0.162498
-177.1 0.163546
-176.9 0.164612
-176.7 0.165645
-176.5 0.166698
-176.3 0.167774
-176.1 0.168834
-175.9 0.169857
-175.7 0.170873
-175.5 0.171913
-175.3 0.172941
-175.1 0.174005
-174.9 0.174981
-174.7 0.175973
-174.5 0.176936
-174.3 0.177921
-174.1 0.178925
-173.9 0.179906
-173.7 0.180876
-173.5 0.181871
-173.3 0.182845
-173.1 0.183819
-172.9 0.184765
-172.7 0.185752
-172.5 0.186703
-172.3 0.187643
-172.1 0.188604
-171.9 0.189569
-171.7 0.190525
-171.5 0.191459
-171.3 0.192413
-171.1 0.193343
-170.9 0.194273
-170.7 0.195202
-170.5 0.196135
-170.3 0.197036
-170.1 0.197964
-169.9 0.198864
-169.7 0.199762
-169.5 0.200672
-169.3 0.201606
-169.1 0.202507
-168.9 0.203422
-168.7 0.204324
-168.5 0.205255
-168.3 0.20618
-168.1 0.207109
-167.9 0.208014
-167.7 0.208942
-167.5 0.209832
-167.3 0.210717
-167.1 0.211642
-166.9 0.212559
-166.7 0.213463
-166.5 0.214334
-166.3 0.215213
-166.1 0.216096
-165.9 0.216993
-165.7 0.217887
-165.5 0.218753
-165.3 0.21967
-165.1 0.220562
-164.9 0.221464
-164.7 0.222368
-164.5 0.223242
-164.3 0.22414
-164.1 0.224984
-163.9 0.225874
-163.7 0.22677
-163.5 0.227651
-163.3 0.228527
-163.1 0.229397
-162.9 0.230265
-162.7 0.231118
-162.5 0.231998
-162.3 0.232858
-162.1 0.233728
-161.9 0.234602
-161.7 0.235467
-161.5 0.236336
-161.3 0.237221
-161.1 0.238094
-160.9 0.238922
-160.7 0.239796
-160.5 0.240662
-160.3 0.241537
-160.1 0.242407
-159.9 0.243273
-159.7 0.244121
-159.5 0.245001
-159.3 0.245909
-159.1 0.246791
-158.9 0.24767
-158.7 0.248538
-158.5 0.249424
-158.3 0.250287
-158.1 0.251147
-157.9 0.251992
-157.7 0.252817
-157.5 0.253677
-157.3 0.254519
-157.1 0.25534
-156.9 0.256204
-156.7 0.257052
-156.5 0.257856
-156.3 0.258688
-156.1 0.259532
-155.9 0.260349
-155.7 0.261189
-155.5 0.262003
-155.3 0.262819
-155.1 0.263653
-154.9 0.264512
-154.7 0.265328
-154.5 0.26613
-154.3 0.266931
-154.1 0.267759
-153.9 0.268557
-153.7 0.269351
-153.5 0.270143
-153.3 0.270942
-153.1 0.271705
-152.9 0.27249
-152.7 0.273258
-152.5 0.274033
-152.3 0.274835
-152.1 0.275598
-151.9 0.276399
-151.7 0.277193
-151.5 0.277968
-151.3 0.278758
-151.1 0.279533
-150.9 0.280321
-150.7 0.281064
-150.5 0.281818
-150.3 0.282594
-150.1 0.283389
-149.9 0.284215
-149.7 0.284969
-149.5 0.285756
-149.3 0.286506
-149.1 0.287298
-148.9 0.288115
-148.7 0.288878
-148.5 0.289637
-148.3 0.290427
-148.1 0.291232
-147.9 0.292043
-147.7 0.292852
-147.5 0.29366
-147.3 0.2945
-147.1 0.295312
-146.9 0.296119
-146.7 0.296909
-146.5 0.297738
-146.3 0.298578
-146.1 0.299381
-145.9 0.300199
-145.7 0.301041
-145.5 0.301895
-145.3 0.302746
-145.1 0.303567
-144.9 0.304372
-144.7 0.305229
-144.5 0.306047
-144.3 0.306896
-144.1 0.307732
-143.9 0.308604
-143.7 0.309453
-143.5 0.310302
-143.3 0.311174
-143.1 0.312041
-142.9 0.312911
-142.7 0.31378
-142.5 0.314655
-142.3 0.315526
-142.1 0.316402
-141.9 0.317259
-141.7 0.318112
-141.5 0.318988
-141.3 0.319885
-141.1 0.32075
-140.9 0.321625
-140.7 0.32253
-140.5 0.323451
-140.3 0.324353
-140.1 0.325239
-139.9 0.326096
-139.7 0.326964
-139.5 0.327838
-139.3 0.328724
-139.1 0.329633
-138.9 0.330532
-138.7 0.331445
-138.5 0.332322
-138.3 0.333235
-138.1 0.334093
-137.9 0.33499
-137.7 0.335881
-137.5 0.336791
-137.3 0.337686
-137.1 0.338574
-136.9 0.339485
-136.7 0.340407
-136.5 0.34132
-136.3 0.342219
-136.1 0.34314
-135.9 0.344046
-135.7 0.344934
-135.5 0.345843
-135.3 0.346741
-135.1 0.347667
-134.9 0.34861
-134.7 0.349514
-134.5 0.350388
-134.3 0.351301
-134.1 0.352165
-133.9 0.35304
-133.7 0.353959
-133.5 0.35487
-133.3 0.355743
-133.1 0.356638
-132.9 0.357559
-132.7 0.358435
-132.5 0.35934
-132.3 0.360217
-132.1 0.361105
-131.9 0.361982
-131.7 0.362882
-131.5 0.363746
-131.3 0.364671
-131.1 0.365519
-130.9 0.366395
-130.7 0.367296
-130.5 0.368167
-130.3 0.369022
-130.1 0.36994
-129.9 0.370809
-129.7 0.37169
-129.5 0.372616
-129.3 0.373479
-129.1 0.37436
-128.9 0.375256
-128.7 0.376134
-128.5 0.377003
-128.3 0.377885
-128.1 0.378756
-127.9 0.379598
-127.7 0.380459
-127.5 0.381328
-127.3 0.382225
-127.1 0.383135
-126.9 0.384083
-126.7 0.384939
-126.5 0.385785
-126.3 0.386641
-126.1 0.387505
-125.9 0.388387
-125.7 0.389281
-125.5 0.390136
-125.3 0.391039
-125.1 0.391917
-124.9 0.392796
-124.7 0.393638
-124.5 0.394471
-124.3 0.395326
-124.1 0.396198
-123.9 0.397087
-123.7 0.397912
-123.5 0.398763
-123.3 0.399601
-123.1 0.400487
-122.9 0.401376
-122.7 0.402219
-122.5 0.403086
-122.3 0.40394
-122.1 0.40477
-121.9 0.405665
-121.7 0.406557
-121.5 0.407404
-121.3 0.408257
-121.1 0.40908
-120.9 0.409963
-120.7 0.410823
-120.5 0.411673
-120.3 0.412538
-120.1 0.413377
-119.9 0.414258
-119.7 0.415106
-119.5 0.415984
-119.3 0.416854
-119.1 0.41773
-118.9 0.418572
-118.7 0.419432
-118.5 0.420283
-118.3 0.421157
-118.1 0.422023
-117.9 0.422843
-117.7 0.4237
-117.5 0.42456
-117.3 0.425416
-117.1 0.426266
-116.9 0.427135
-116.7 0.427985
-116.5 0.428831
-116.3 0.429661
-116.1 0.430546
-115.9 0.431394
-115.7 0.432242
-115.5 0.433113
-115.3 0.433943
-115.1 0.434786
-114.9 0.435637
-114.7 0.436473
-114.5 0.437329
-114.3 0.438156
-114.1 0.438985
-113.9 0.439858
-113.7 0.440702
-113.5 0.441531
-113.3 0.442406
-113.1 0.44326
-112.9 0.444079
-112.7 0.444926
-112.5 0.445759
-112.3 0.446604
-112.1 0.447415
-111.9 0.44826
-111.7 0.449096
-111.5 0.449945
-111.3 0.450805
-111.1 0.451618
-110.9 0.45247
-110.7 0.453309
-110.5 0.454153
-110.3 0.455018
-110.1 0.455877
-109.9 0.456695
-109.7 0.457547
-109.5 0.45838
-109.3 0.459228
-109.1 0.460071
-108.9 0.460913
-108.7 0.46175
-108.5 0.462542
-108.3 0.463347
-108.1 0.464168
-107.9 0.464952
-107.7 0.465769
-107.5 0.466601
-107.3 0.467447
-107.1 0.468259
-106.9 0.469088
-106.7 0.469928
-106.5 0.470758
-106.3 0.471617
-106.1 0.472453
-105.9 0.473272
-105.7 0.474127
-105.5 0.474963
-105.3 0.475805
-105.1 0.476639
-104.9 0.477501
-104.7 0.478351
-104.5 0.479164
-104.3 0.479963
-104.1 0.480773
-103.9 0.481564
-103.7 0.482355
-103.5 0.483161
-103.3 0.483942
-103.1 0.484797
-102.9 0.485587
-102.7 0.486422
-102.5 0.487222
-102.3 0.488078
-102.1 0.488876
-101.9 0.489705
-101.7 0.490517
-101.5 0.491347
-101.3 0.492164
-101.1 0.492953
-100.9 0.493755
-100.7 0.494567
-100.5 0.495408
-100.3 0.496235
-100.1 0.497061
-99.9 0.497928
-99.7 0.498745
-99.5 0.499543
-99.3 0.500342
-99.1 0.501182
-98.9 0.501999
-98.7 0.502819
-98.5 0.503631
-98.3 0.504476
-98.1 0.505318
-97.9 0.50614
-97.7 0.506963
-97.5 0.507778
-97.3 0.508599
-97.1 0.509438
-96.9 0.510262
-96.7 0.511081
-96.5 0.51189
-96.3 0.512677
-96.1 0.513528
-95.9 0.514355
-95.7 0.515189
-95.5 0.515995
-95.3 0.516791
-95.1 0.517605
-94.9 0.51839
-94.7 0.519207
-94.5 0.520004
-94.3 0.520813
-94.1 0.52163
-93.9 0.522453
-93.7 0.523242
-93.5 0.524085
-93.3 0.524898
-93.1 0.525707
-92.9 0.526515
-92.7 0.527354
-92.5 0.528145
-92.3 0.528966
-92.1 0.529776
-91.9 0.530552
-91.7 0.531337
-91.5 0.532143
-91.3 0.532972
-91.1 0.53378
-90.9 0.534607
-90.7 0.535426
-90.5 0.536224
-90.3 0.537039
-90.1 0.537853
-89.9 0.538673
-89.7 0.539486
-89.5 0.54027
-89.3 0.541082
-89.1 0.541893
-88.9 0.54273
-88.7 0.543546
-88.5 0.544326
-88.3 0.545142
-88.1 0.545941
-87.9 0.546767
-87.7 0.547584
-87.5 0.548403
-87.3 0.549262
-87.1 0.550083
-86.9 0.550897
-86.7 0.551726
-86.5 0.552515
-86.3 0.553344
-86.1 0.554172
-85.9 0.555002
-85.7 0.555805
-85.5 0.556611
-85.3 0.557435
-85.1 0.558273
-84.9 0.559083
-84.7 0.559924
-84.5 0.560731
-84.3 0.561541
-84.1 0.562366
-83.9 0.563188
-83.7 0.564017
-83.5 0.56485
-83.3 0.565652
-83.1 0.566476
-82.9 0.567296
-82.7 0.568112
-82.5 0.568911
-82.3 0.569711
-82.1 0.570549
-81.9 0.571392
-81.7 0.572233
-81.5 0.573062
-81.3 0.573877
-81.1 0.574714
-80.9 0.575556
-80.7 0.576388
-80.5 0.577204
-80.3 0.578025
-80.1 0.578859
-79.9 0.579666
-79.7 0.580495
-79.5 0.581316
-79.3 0.582136
-79.1 0.583006
-78.9 0.583821
-78.7 0.584682
-78.5 0.58553
-78.3 0.586335
-78.1 0.58718
-77.9 0.587989
-77.7 0.588839
-77.5 0.589674
-77.3 0.59049
-77.1 0.591324
-76.9 0.592207
-76.7 0.593063
-76.5 0.593914
-76.3 0.594706
-76.1 0.595545
-75.9 0.596379
-75.7 0.597212
-75.5 0.598052
-75.3 0.598903
-75.1 0.599763
-74.9 0.600597
-74.7 0.60145
-74.5 0.602304
-74.3 0.603146
-74.1 0.603999
-73.9 0.604823
-73.7 0.605636
-73.5 0.606449
-73.3 0.607288
-73.1 0.608136
-72.9 0.608969
-72.7 0.609815
-72.5 0.61063
-72.3 0.611452
-72.1 0.6123
-71.9 0.613152
-71.7 0.613992
-71.5 0.614821
-71.3 0.615676
-71.1 0.616527
-70.9 0.61739
-70.7 0.618225
-70.5 0.619036
-70.3 0.619884
-70.1 0.620708
-69.9 0.621558
-69.7 0.62239
-69.5 0.623233
-69.3 0.624079
-69.1 0.624925
-68.9 0.625754
-68.7 0.626582
-68.5 0.62742
-68.3 0.628243
-68.1 0.62908
-67.9 0.629923
-67.7 0.630731
-67.5 0.631567
-67.3 0.632412
-67.1 0.633225
-66.9 0.63405
-66.7 0.634905
-66.5 0.635713
-66.3 0.636567
-66.1 0.637456
-65.9 0.638317
-65.7 0.639148
-65.5 0.640018
-65.3 0.640874
-65.1 0.641721
-64.9 0.642565
-64.7 0.643399
-64.5 0.644209
-64.3 0.64503
-64.1 0.645869
-63.9 0.646723
-63.7 0.647561
-63.5 0.648381
-63.3 0.649198
-63.1 0.65002
-62.9 0.650868
-62.7 0.651715
-62.5 0.652529
-62.3 0.653422
-62.1 0.654248
-61.9 0.655074
-61.7 0.655954
-61.5 0.656778
-61.3 0.657607
-61.1 0.658441
-60.9 0.659253
-60.7 0.660072
-60.5 0.660904
-60.3 0.661769
-60.1 0.662599
-59.9 0.663411
-59.7 0.664223
-59.5 0.665061
-59.3 0.665933
-59.1 0.666721
-58.9 0.667547
-58.7 0.66837
-58.5 0.669188
-58.3 0.670013
-58.1 0.67083
-57.9 0.671626
-57.7 0.672438
-57.5 0.673279
-57.3 0.674101
-57.1 0.674941
-56.9 0.675818
-56.7 0.676644
-56.5 0.677453
-56.3 0.678286
-56.1 0.679153
-55.9 0.679948
-55.7 0.680778
-55.5 0.681607
-55.3 0.68247
-55.1 0.683278
-54.9 0.68413
-54.7 0.684953
-54.5 0.685784
-54.3 0.686596
-54.1 0.687429
-53.9 0.688265
-53.7 0.6891
-53.5 0.689957
-53.3 0.690799
-53.1 0.691607
-52.9 0.692482
-52.7 0.693306
-52.5 0.694147
-52.3 0.694984
-52.1 0.695836
-51.9 0.696662
-51.7 0.697507
-51.5 0.698327
-51.3 0.699132
-51.1 0.699967
-50.9 0.700837
-50.7 0.701692
-50.5 0.702511
-50.3 0.703358
-50.1 0.704181
-49.9 0.705013
-49.7 0.705837
-49.5 0.706695
-49.3 0.707543
-49.1 0.708385
-48.9 0.709206
-48.7 0.710025
-48.5 0.710867
-48.3 0.711687
-48.1 0.712491
-47.9 0.71332
-47.7 0.714167
-47.5 0.714987
-47.3 0.715833
-47.1 0.716707
-46.9 0.717539
-46.7 0.718376
-46.5 0.71919
-46.3 0.720048
-46.1 0.720888
-45.9 0.721721
-45.7 0.722576
-45.5 0.723423
-45.3 0.724236
-45.1 0.725032
-44.9 0.72585
-44.7 0.72667
-44.5 0.727484
-44.3 0.728338
-44.1 0.729176
-43.9 0.729983
-43.7 0.73085
-43.5 0.731658
-43.3 0.732474
-43.1 0.733298
-42.9 0.734148
-42.7 0.734967
-42.5 0.735804
-42.3 0.73663
-42.1 0.737439
-41.9 0.738299
-41.7 0.739143
-41.5 0.739947
-41.3 0.740772
-41.1 0.741604
-40.9 0.742438
-40.7 0.743284
-40.5 0.744122
-40.3 0.744954
-40.1 0.745755
-39.9 0.746567
-39.7 0.747373
-39.5 0.748217
-39.3 0.749054
-39.1 0.749878
-38.9 0.750745
-38.7 0.75155
-38.5 0.75234
-38.3 0.753146
-38.1 0.75397
-37.9 0.75482
-37.7 0.755658
-37.5 0.756482
-37.3 0.757313
-37.1 0.758146
-36.9 0.759011
-36.7 0.759818
-36.5 0.760659
-36.3 0.761451
-36.1 0.76229
-35.9 0.763106
-35.7 0.763935
-35.5 0.764767
-35.3 0.765585
-35.1 0.766404
-34.9 0.767211
-34.7 0.768062
-34.5 0.768862
-34.3 0.769675
-34.1 0.770478
-33.9 0.771295
-33.7 0.772103
-33.5 0.772939
-33.3 0.773774
-33.1 0.774588
-32.9 0.775399
-32.7 0.776224
-32.5 0.777054
-32.3 0.777906
-32.1 0.778714
-31.9 0.779523
-31.7 0.780337
-31.5 0.781163
-31.3 0.781977
-31.1 0.782823
-30.9 0.783683
-30.7 0.78445
-30.5 0.785252
-30.3 0.786069
-30.1 0.786902
-29.9 0.787709
-29.7 0.788514
-29.5 0.789304
-29.3 0.790104
-29.1 0.790966
-28.9 0.791806
-28.7 0.79262
-28.5 0.793447
-28.3 0.794287
-28.1 0.795122
-27.9 0.795938
-27.7 0.796746
-27.5 0.79756
-27.3 0.798393
-27.1 0.79922
-26.9 0.80004
-26.7 0.800859
-26.5 0.801642
-26.3 0.802475
-26.1 0.803299
-25.9 0.804107
-25.7 0.80493
-25.5 0.805723
-25.3 0.806549
-25.1 0.807378
-24.9 0.808187
-24.7 0.809004
-24.5 0.809813
-24.3 0.810644
-24.1 0.811463
-23.9 0.812275
-23.7 0.81311
-23.5 0.813948
-23.3 0.814742
-23.1 0.815594
-22.9 0.816438
-22.7 0.817223
-22.5 0.818033
-22.3 0.818869
-22.1 0.819688
-21.9 0.820537
-21.7 0.821325
-21.5 0.822169
-21.3 0.822989
-21.1 0.823824
-20.9 0.824646
-20.7 0.825442
-20.5 0.826227
-20.3 0.82706
-20.1 0.82792
-19.9 0.828743
-19.7 0.829564
-19.5 0.830391
-19.3 0.831171
-19.1 0.832027
-18.9 0.832885
-18.7 0.8337
-18.5 0.834538
-18.3 0.835359
-18.1 0.83615
-17.9 0.836985
-17.7 0.837844
-17.5 0.838659
-17.3 0.839499
-17.1 0.840338
-16.9 0.841128
-16.7 0.841899
-16.5 0.842722
-16.3 0.843522
-16.1 0.844351
-15.9 0.845175
-15.7 0.845977
-15.5 0.846804
-15.3 0.847634
-15.1 0.848462
-14.9 0.849273
-14.7 0.850114
-14.5 0.850931
-14.3 0.851735
-14.1 0.852574
-13.9 0.853396
-13.7 0.854223
-13.5 0.855067
-13.3 0.8559
-13.1 0.856761
-12.9 0.857581
-12.7 0.858416
-12.5 0.859255
-12.3 0.860069
-12.1 0.860882
-11.9 0.861684
-11.7 0.862524
-11.5 0.863339
-11.3 0.864155
-11.1 0.864965
-10.9 0.865817
-10.7 0.866659
-10.5 0.867495
-10.3 0.868312
-10.1 0.869128
-9.9 0.869965
-9.7 0.8708
-9.5 0.871612
-9.3 0.872402
-9.1 0.873178
-8.9 0.874009
-8.7 0.874842
-8.5 0.875664
-8.3 0.876495
-8.1 0.877307
-7.9 0.878151
-7.7 0.878984
-7.5 0.879799
-7.3 0.880638
-7.1 0.881476
-6.9 0.88227
-6.7 0.883106
-6.5 0.883902
-6.3 0.884737
-6.1 0.88555
-5.9 0.886384
-5.7 0.887184
-5.5 0.887964
-5.3 0.888809
-5.1 0.889633
-4.9 0.890456
-4.7 0.891247
-4.5 0.892103
-4.3 0.892918
-4.1 0.893742
-3.9 0.894556
-3.7 0.895379
-3.5 0.896235
-3.3 0.897049
-3.1 0.897867
-2.9 0.898675
-2.7 0.899519
-2.5 0.900332
-2.3 0.90116
-2.1 0.901975
-1.9 0.902778
-1.7 0.903605
-1.5 0.904443
-1.3 0.905249
-1.1 0.906073
-0.899999 0.906909
-0.699999 0.907716
-0.499999 0.908546
-0.299999 0.909382
-0.0999993 0.910208
0.100001 0.911031
0.300001 0.911856
0.500001 0.91266
0.700001 0.91347
0.900001 0.914295
1.1 0.915116
1.3 0.91594
1.5 0.91674
1.7 0.917559
1.9 0.918407
2.1 0.919215
2.3 0.920046
2.5 0.920883
2.7 0.921723
2.9 0.922567
3.1 0.923391
3.3 0.92423
3.5 0.925033
3.7 0.925863
3.9 0.92668
4.1 0.927517
4.3 0.928328
4.5 0.929129
4.7 0.92995
4.9 0.930735
5.1 0.931559
5.3 0.932411
5.5 0.933214
5.7 0.93406
5.9 0.934865
6.1 0.93569
6.3 0.936488
6.5 0.937273
6.7 0.938055
6.9 0.938864
7.1 0.939694
7.3 0.94053
7.5 0.94135
7.7 0.942158
7.9 0.942941
8.1 0.943792
8.3 0.944606
8.5 0.945406
8.7 0.946192
8.9 0.946987
9.1 0.947789
9.3 0.94858
9.5 0.949377
9.7 0.950172
9.9 0.950971
10.1 0.95174
10.3 0.952484
10.5 0.953252
10.7 0.954061
10.9 0.954823
11.1 0.955602
11.3 0.956368
11.5 0.957141
11.7 0.95791
11.9 0.958668
12.1 0.959464
12.3 0.960221
12.5 0.960966
12.7 0.961701
12.9 0.962436
13.1 0.96317
13.3 0.96394
13.5 0.964655
13.7 0.965385
13.9 0.96613
14.1 0.966849
14.3 0.967554
14.5 0.968269
14.7 0.968957
14.9 0.969649
15.1 0.970362
15.3 0.971039
15.5 0.971739
15.7 0.972414
15.9 0.973088
16.1 0.973724
16.3 0.974388
16.5 0.975051
16.7 0.975687
16.9 0.976327
17.1 0.976938
17.3 0.97757
17.5 0.97818
17.7 0.978748
17.9 0.97932
18.1 0.979904
18.3 0.980467
18.5 0.981039
18.7 0.981589
18.9 0.982138
19.1 0.982675
19.3 0.983208
19.5 0.983715
19.7 0.984222
19.9 0.984706
20.1 0.985186
20.3 0.985645
20.5 0.986125
20.7 0.986568
20.9 0.987013
21.1 0.987432
21.3 0.987856
21.5 0.988288
21.7 0.988673
21.9 0.989087
22.1 0.989505
22.3 0.989891
22.5 0.990257
22.7 0.990619
22.9 0.99097
23.1 0.991308
23.3 0.991649
23.5 0.991978
23.7 0.992299
23.9 0.992616
24.1 0.992929
24.3 0.99325
24.5 0.993525
24.7 0.993816
24.9 0.994077
25.1 0.994335
25.3 0.994598
25.5 0.994856
25.7 0.995095
25.9 0.995335
26.1 0.995568
26.3 0.995779
26.5 0.995982
26.7 0.996188
26.9 0.996388
27.1 0.996579
27.3 0.996781
27.5 0.996963
27.7 0.997128
27.9 0.99728
28.1 0.997434
28.3 0.99758
28.5 0.997717
28.7 0.997853
28.9 0.997987
29.1 0.998116
29.3 0.998237
29.5 0.998345
29.7 0.998457
29.9 0.99857
30.1 0.998677
30.3 0.998773
30.5 0.998859
30.7 0.998944
30.9 0.999022
31.1 0.999105
31.3 0.999177
31.5 0.99925
31.7 0.999319
31.9 0.999384
32.1 0.999442
32.3 0.999497
32.5 0.999558
32.7 0.999604
32.9 0.999654
33.1 0.999703
33.3 0.999742
33.5 0.999785
33.7 0.999818
33.9 0.999849
34.1 0.999885
34.3 0.999906
34.5 0.99993
34.7 0.999956
34.9 0.999978
35.1 1
