1225
-209.7 4.53456e-07
-209.5 4.53456e-07
-209.3 4.53456e-07
-209.1 9.06911e-07
-208.9 9.06911e-07
-208.7 1.36037e-06
-208.5 1.81382e-06
-208.3 2.26728e-06
-208.1 2.26728e-06
-207.9 2.26728e-06
-207.7 2.72073e-06
-207.5 3.17419e-06
-207.3 3.62765e-06
-207.1 4.0811e-06
-206.9 4.98801e-06
-206.7 4.98801e-06
-206.5 4.98801e-06
-206.3 5.44147e-06
-206.1 5.89492e-06
-205.9 6.34838e-06
-205.7 6.34838e-06
-205.5 6.34838e-06
-205.3 6.34838e-06
-205.1 7.25529e-06
-204.9 7.25529e-06
-204.7 7.25529e-06
-204.5 7.70875e-06
-204.3 7.70875e-06
-204.1 7.70875e-06
-203.9 7.70875e-06
-203.7 7.70875e-06
-203.5 8.1622e-06
-203.3 8.1622e-06
-203.1 9.06911e-06
-202.9 9.06911e-06
-202.7 9.52257e-06
-202.5 9.52257e-06
-202.3 9.97603e-06
-202.1 9.97603e-06
-201.9 9.97603e-06
-201.7 1.04295e-05
-201.5 1.13364e-05
-201.3 1.26968e-05
-201.1 1.31502e-05
-200.9 1.31502e-05
-200.7 1.31502e-05
-200.5 1.40571e-05
-200.3 1.45106e-05
-200.1 1.4964e-05
-199.9 1.54175e-05
-199.7 1.67779e-05
-199.5 1.72313e-05
-199.3 1.76848e-05
-199.1 1.76848e-05
-198.9 1.76848e-05
-198.7 1.94986e-05
-198.5 2.13124e-05
-198.3 2.44866e-05
-198.1 2.90212e-05
-197.9 3.67299e-05
-197.7 5.53216e-05
-197.5 7.61806e-05
-197.3 0.000108829
-197.1 0.000163244
-196.9 0.000254389
-196.7 0.000363218
-196.5 0.000526009
-196.3 0.000758178
-196.1 0.00102209
-195.9 0.00141251
-195.7 0.00189907
-195.5 0.00248176
-195.3 0.00323359
-195.1 0.0041922
-194.9 0.0053408
-194.7 0.00667169
-194.5 0.00822206
-194.3 0.0099461
-194.1 0.0118502
-193.9 0.0138082
-193.7 0.0159653
-193.5 0.0181033
-193.3 0.0203738
-193.1 0.0226311
-192.9 0.0249614
-192.7 0.0272545
-192.5 0.0295399
-192.3 0.0317519
-192.1 0.0339987
-191.9 0.0361776
-191.7 0.0383551
-191.5 0.040451
-191.3 0.0425332
-191.1 0.0446141
-190.9 0.0466751
-190.7 0.0487315
-190.5 0.050729
-190.3 0.0527364
-190.1 0.0547063
-189.9 0.0566974
-189.7 0.0585838
-189.5 0.0604679
-189.3 0.0623842
-189.1 0.0642043
-188.9 0.0660322
-188.7 0.0678107
-188.5 0.0696576
-188.3 0.0714519
-188.1 0.0732059
-187.9 0.0750043
-187.7 0.0768027
-187.5 0.0785204
-187.3 0.0802793
-187.1 0.0820206
-186.9 0.0837528
-186.7 0.0855462
-186.5 0.0872798
-186.3 0.0890002
-186.1 0.0906921
-185.9 0.0923775
-185.7 0.0940776
-185.5 0.0957653
-185.3 0.0974875
-185.1 0.0991363
-184.9 0.100811
-184.7 0.102424
-184.5 0.104039
-184.3 0.105697
-184.1 0.107334
-183.9 0.108957
-183.7 0.110577
-183.5 0.112177
-183.3 0.11384
-183.1 0.115462
-182.9 0.117108
-182.7 0.11871
-182.5 0.120222
-182.3 0.121732
-182.1 0.123277
-181.9 0.124825
-181.7 0.126356
-181.5 0.127812
-181.3 0.129294
-181.1 0.130776
-180.9 0.132186
-180.7 0.133631
-180.5 0.135055
-180.3 0.136474
-180.1 0.13789
-179.9 0.139235
-179.7 0.140581
-179.5 0.141904
-179.3 0.14323
-179.1 0.144518
-178.9 0.1458
-178.7 0.147088
-178.5 0.148309
-178.3 0.149573
-178.1 0.150794
-177.9 0.152016
-177.7 0.153242
-177.5 0.154419
-177.3 0.155622
-177.1 0.15679
-176.9 0.157969
-176.7 0.159105
-176.5 0.160231
-176.3 0.161359
-176.1 0.162458
-175.9 0.163571
-175.7 0.164663
-175.5 0.165737
-175.3 0.166825
-175.1 0.167843
-174.9 0.168891
-174.7 0.169953
-174.5 0.170962
-174.3 0.172028
-174.1 0.173046
-173.9 0.174093
-173.7 0.175071
-173.5 0.176079
-173.3 0.177083
-173.1 0.178107
-172.9 0.179147
-172.7 0.180113
-172.5 0.181092
-172.3 0.182094
-172.1 0.183082
-171.9 0.184047
-171.7 0.185016
-171.5 0.185991
-171.3 0.18698
-171.1 0.187979
-170.9 0.18893
-170.7 0.189886
-170.5 0.190843
-170.3 0.191793
-170.1 0.192754
-169.9 0.193693
-169.7 0.194624
-169.5 0.195611
-169.3 0.196551
-169.1 0.197482
-168.9 0.198434
-168.7 0.199374
-168.5 0.200314
-168.3 0.201234
-168.1 0.20219
-167.9 0.203111
-167.7 0.204071
-167.5 0.20497
-167.3 0.205894
-167.1 0.206819
-166.9 0.207748
-166.7 0.208682
-166.5 0.20961
-166.3 0.210523
-166.1 0.211473
-165.9 0.212381
-165.7 0.213273
-165.5 0.214207
-165.3 0.215137
-165.1 0.216053
-164.9 0.216961
-164.7 0.217875
-164.5 0.218786
-164.3 0.219718
-164.1 0.220636
-163.9 0.221554
-163.7 0.222462
-163.5 0.22335
-163.3 0.224253
-163.1 0.22517
-162.9 0.226063
-162.7 0.226908
-162.5 0.227774
-162.3 0.228651
-162.1 0.229541
-161.9 0.230414
-161.7 0.231287
-161.5 0.232169
-161.3 0.233024
-161.1 0.233915
-160.9 0.234804
-160.7 0.235695
-160.5 0.236586
-160.3 0.237502
-160.1 0.238391
-159.9 0.239254
-159.7 0.240154
-159.5 0.241033
-159.3 0.241953
-159.1 0.242827
-158.9 0.243704
-158.7 0.244576
-158.5 0.245453
-158.3 0.246328
-158.1 0.247185
-157.9 0.248063
-157.7 0.248963
-157.5 0.249858
-157.3 0.2507
-157.1 0.251585
-156.9 0.252458
-156.7 0.253322
-156.5 0.254169
-156.3 0.255023
-156.1 0.255925
-155.9 0.25677
-155.7 0.25762
-155.5 0.258504
-155.3 0.259358
-155.1 0.260217
-154.9 0.261085
-154.7 0.261901
-154.5 0.262738
-154.3 0.263573
-154.1 0.264401
-153.9 0.265234
-153.7 0.266056
-153.5 0.266877
-153.3 0.267663
-153.1 0.268494
-152.9 0.269286
-152.7 0.2701
-152.5 0.270926
-152.3 0.271722
-152.1 0.27251
-151.9 0.273314
-151.7 0.274092
-151.5 0.274911
-151.3 0.275716
-151.1 0.27652
-150.9 0.277294
-150.7 0.278089
-150.5 0.27886
-150.3 0.279656
-150.1 0.280435
-149.9 0.281218
-149.7 0.282006
-149.5 0.282812
-149.3 0.283596
-149.1 0.284397
-148.9 0.285214
-148.7 0.286014
-148.5 0.286783
-148.3 0.287592
-148.1 0.288435
-147.9 0.289207
-147.7 0.289974
-147.5 0.290761
-147.3 0.291537
-147.1 0.292357
-146.9 0.293156
-146.7 0.293935
-146.5 0.294735
-146.3 0.295512
-146.1 0.296309
-145.9 0.297089
-145.7 0.297854
-145.5 0.298681
-145.3 0.299468
-145.1 0.300303
-144.9 0.301127
-144.7 0.301955
-144.5 0.302791
-144.3 0.30361
-144.1 0.304468
-143.9 0.305276
-143.7 0.306138
-143.5 0.306989
-143.3 0.307807
-143.1 0.308668
-142.9 0.309539
-142.7 0.31038
-142.5 0.311215
-142.3 0.312066
-142.1 0.312916
-141.9 0.313754
-141.7 0.314609
-141.5 0.315484
-141.3 0.316353
-141.1 0.317224
-140.9 0.318115
-140.7 0.318976
-140.5 0.319855
-140.3 0.320727
-140.1 0.321613
-139.9 0.32248
-139.7 0.323391
-139.5 0.324265
-139.3 0.325129
-139.1 0.325998
-138.9 0.326856
-138.7 0.327757
-138.5 0.328652
-138.3 0.329541
-138.1 0.33043
-137.9 0.331346
-137.7 0.332232
-137.5 0.333139
-137.3 0.334069
-137.1 0.334959
-136.9 0.335869
-136.7 0.336758
-136.5 0.337676
-136.3 0.338561
-136.1 0.339463
-135.9 0.340344
-135.7 0.341247
-135.5 0.342132
-135.3 0.343026
-135.1 0.343931
-134.9 0.34482
-134.7 0.345684
-134.5 0.346581
-134.3 0.347493
-134.1 0.3484
-133.9 0.349342
-133.7 0.350249
-133.5 0.351142
-133.3 0.352012
-133.1 0.352912
-132.9 0.353846
-132.7 0.354807
-132.5 0.355696
-132.3 0.356611
-132.1 0.357492
-131.9 0.358356
-131.7 0.359306
-131.5 0.360186
-131.3 0.361093
-131.1 0.362018
-130.9 0.362932
-130.7 0.363872
-130.5 0.364766
-130.3 0.365671
-130.1 0.366584
-129.9 0.367462
-129.7 0.368336
-129.5 0.369192
-129.3 0.37007
-129.1 0.37098
-128.9 0.371878
-128.7 0.372782
-128.5 0.373716
-128.3 0.374603
-128.1 0.375478
-127.9 0.376374
-127.7 0.377251
-127.5 0.378173
-127.3 0.379069
-127.1 0.37999
-126.9 0.380885
-126.7 0.381762
-126.5 0.382631
-126.3 0.383523
-126.1 0.384385
-125.9 0.385274
-125.7 0.386167
-125.5 0.387069
-125.3 0.387973
-125.1 0.388875
-124.9 0.389786
-124.7 0.390677
-124.5 0.391556
-124.3 0.392419
-124.1 0.393282
-123.9 0.394143
-123.7 0.395023
-123.5 0.395905
-123.3 0.396772
-123.1 0.397622
-122.9 0.398429
-122.7 0.399305
-122.5 0.400163
-122.3 0.401057
-122.1 0.401964
-121.9 0.402797
-121.7 0.403672
-121.5 0.404519
-121.3 0.405375
-121.1 0.406223
-120.9 0.407073
-120.7 0.407917
-120.5 0.408755
-120.3 0.409587
-120.1 0.410429
-119.9 0.411314
-119.7 0.412194
-119.5 0.413045
-119.3 0.413905
-119.1 0.414794
-118.9 0.415654
-118.7 0.416546
-118.5 0.417421
-118.3 0.418307
-118.1 0.419177
-117.9 0.420063
-117.7 0.420952
-117.5 0.421795
-117.3 0.422618
-117.1 0.423483
-116.9 0.424374
-116.7 0.425239
-116.5 0.426096
-116.3 0.426929
-116.1 0.427828
-115.9 0.428671
-115.7 0.429526
-115.5 0.430429
-115.3 0.431273
-115.1 0.432128
-114.9 0.433024
-114.7 0.433889
-114.5 0.434781
-114.3 0.435643
-114.1 0.436516
-113.9 0.437398
-113.7 0.43825
-113.5 0.439106
-113.3 0.439941
-113.1 0.440807
-112.9 0.441673
-112.7 0.442518
-112.5 0.44337
-112.3 0.444234
-112.1 0.445116
-111.9 0.445994
-111.7 0.446845
-111.5 0.447706
-111.3 0.448592
-111.1 0.449467
-110.9 0.45032
-110.7 0.451174
-110.5 0.452024
-110.3 0.452927
-110.1 0.453781
-109.9 0.454616
-109.7 0.455472
-109.5 0.456311
-109.3 0.457138
-109.1 0.457969
-108.9 0.458829
-108.7 0.459731
-108.5 0.460595
-108.3 0.461436
-108.1 0.462265
-107.9 0.463109
-107.7 0.463973
-107.5 0.464825
-107.3 0.46566
-107.1 0.466503
-106.9 0.467314
-106.7 0.468166
-106.5 0.469039
-106.3 0.469883
-106.1 0.470716
-105.9 0.47154
-105.7 0.472349
-105.5 0.473181
-105.3 0.474023
-105.1 0.474877
-104.9 0.475747
-104.7 0.476611
-104.5 0.477456
-104.3 0.478313
-104.1 0.479152
-103.9 0.480009
-103.7 0.480843
-103.5 0.481661
-103.3 0.482484
-103.1 0.483319
-102.9 0.484169
-102.7 0.485001
-102.5 0.485852
-102.3 0.48667
-102.1 0.4875
-101.9 0.488331
-101.7 0.489173
-101.5 0.490001
-101.3 0.490848
-101.1 0.491707
-100.9 0.492526
-100.7 0.493361
-100.5 0.49415
-100.3 0.494982
-100.1 0.49583
-99.9 0.496658
-99.7 0.497488
-99.5 0.498333
-99.3 0.499171
-99.1 0.499983
-98.9 0.500853
-98.7 0.501706
-98.5 0.502519
-98.3 0.503337
-98.1 0.504132
-97.9 0.504959
-97.7 0.505807
-97.5 0.506589
-97.3 0.507416
-97.1 0.508215
-96.9 0.509082
-96.7 0.509911
-96.5 0.510734
-96.3 0.511556
-96.1 0.512364
-95.9 0.513189
-95.7 0.514019
-95.5 0.514874
-95.3 0.515701
-95.1 0.516492
-94.9 0.517295
-94.7 0.518123
-94.5 0.518946
-94.3 0.519776
-94.1 0.520586
-93.9 0.521426
-93.7 0.522253
-93.5 0.523043
-93.3 0.523867
-93.1 0.524701
-92.9 0.525512
-92.7 0.526329
-92.5 0.527164
-92.3 0.527974
-92.1 0.528767
-91.9 0.529621
-91.7 0.530472
-91.5 0.531277
-91.3 0.532086
-91.1 0.532937
-90.9 0.53373
-90.7 0.534555
-90.5 0.535359
-90.3 0.536191
-90.1 0.537038
-89.9 0.537882
-89.7 0.538665
-89.5 0.539467
-89.3 0.5403
-89.1 0.541116
-88.9 0.541967
-88.7 0.542773
-88.5 0.54359
-88.3 0.544419
-88.1 0.545247
-87.9 0.546072
-87.7 0.546871
-87.5 0.547689
-87.3 0.548521
-87.1 0.549341
-86.9 0.550189
-86.7 0.550974
-86.5 0.551791
-86.3 0.552632
-86.1 0.553429
-85.9 0.554247
-85.7 0.55505
-85.5 0.555858
-85.3 0.556661
-85.1 0.557476
-84.9 0.558273
-84.7 0.559086
-84.5 0.559898
-84.3 0.560712
-84.1 0.561546
-83.9 0.56234
-83.7 0.563198
-83.5 0.564003
-83.3 0.564828
-83.1 0.565616
-82.9 0.56645
-82.7 0.567291
-82.5 0.568108
-82.3 0.568931
-82.1 0.569773
-81.9 0.570579
-81.7 0.571406
-81.5 0.572233
-81.3 0.57304
-81.1 0.573876
-80.9 0.574717
-80.7 0.575528
-80.5 0.576329
-80.3 0.577146
-80.1 0.577947
-79.9 0.578804
-79.7 0.579637
-79.5 0.580463
-79.3 0.581306
-79.1 0.58217
-78.9 0.582979
-78.7 0.583827
-78.5 0.584664
-78.3 0.585487
-78.1 0.586331
-77.9 0.587143
-77.7 0.587977
-77.5 0.588821
-77.3 0.5896
-77.1 0.590387
-76.9 0.591265
-76.7 0.592081
-76.5 0.592941
-76.3 0.593803
-76.1 0.594631
-75.9 0.595437
-75.7 0.596281
-75.5 0.597118
-75.3 0.597964
-75.1 0.598802
-74.9 0.59965
-74.7 0.600527
-74.5 0.601386
-74.3 0.602215
-74.1 0.603074
-73.9 0.603956
-73.7 0.604823
-73.5 0.605701
-73.3 0.606586
-73.1 0.607414
-72.9 0.608256
-72.7 0.609079
-72.5 0.609924
-72.3 0.610784
-72.1 0.611634
-71.9 0.61249
-71.7 0.613347
-71.5 0.61419
-71.3 0.615042
-71.1 0.615896
-70.9 0.616729
-70.7 0.617591
-70.5 0.618466
-70.3 0.619343
-70.1 0.620192
-69.9 0.62101
-69.7 0.621859
-69.5 0.6227
-69.3 0.62352
-69.1 0.624337
-68.9 0.625166
-68.7 0.626011
-68.5 0.626849
-68.3 0.627697
-68.1 0.62856
-67.9 0.629388
-67.7 0.630221
-67.5 0.63099
-67.3 0.631837
-67.1 0.632706
-66.9 0.633547
-66.7 0.634392
-66.5 0.635233
-66.3 0.636087
-66.1 0.636987
-65.9 0.637828
-65.7 0.638665
-65.5 0.639557
-65.3 0.640397
-65.1 0.641239
-64.9 0.642083
-64.7 0.642913
-64.5 0.643779
-64.3 0.644616
-64.1 0.645468
-63.9 0.646341
-63.7 0.647208
-63.5 0.648046
-63.3 0.648896
-63.1 0.649739
-62.9 0.650554
-62.7 0.651383
-62.5 0.652226
-62.3 0.653057
-62.1 0.653888
-61.9 0.654762
-61.7 0.655601
-61.5 0.656444
-61.3 0.657275
-61.1 0.658116
-60.9 0.658921
-60.7 0.659784
-60.5 0.660617
-60.3 0.661475
-60.1 0.66232
-59.9 0.663173
-59.7 0.664058
-59.5 0.664892
-59.3 0.665725
-59.1 0.666556
-58.9 0.667433
-58.7 0.66826
-58.5 0.669087
-58.3 0.669953
-58.1 0.670779
-57.9 0.671626
-57.7 0.672445
-57.5 0.673289
-57.3 0.674101
-57.1 0.674967
-56.9 0.675765
-56.7 0.67662
-56.5 0.677471
-56.3 0.678299
-56.1 0.679132
-55.9 0.679991
-55.7 0.680865
-55.5 0.681715
-55.3 0.682543
-55.1 0.683381
-54.9 0.684213
-54.7 0.685049
-54.5 0.685906
-54.3 0.686746
-54.1 0.687594
-53.9 0.688437
-53.7 0.689273
-53.5 0.690083
-53.3 0.690889
-53.1 0.691744
-52.9 0.692599
-52.7 0.693429
-52.5 0.694254
-52.3 0.695088
-52.1 0.695901
-51.9 0.69673
-51.7 0.697547
-51.5 0.698388
-51.3 0.69921
-51.1 0.699999
-50.9 0.70085
-50.7 0.701673
-50.5 0.70251
-50.3 0.703388
-50.1 0.704228
-49.9 0.705066
-49.7 0.705919
-49.5 0.706747
-49.3 0.707574
-49.1 0.708413
-48.9 0.709239
-48.7 0.710068
-48.5 0.710948
-48.3 0.711772
-48.1 0.712587
-47.9 0.713426
-47.7 0.714261
-47.5 0.715132
-47.3 0.715951
-47.1 0.716792
-46.9 0.717595
-46.7 0.718452
-46.5 0.719253
-46.3 0.720086
-46.1 0.720895
-45.9 0.721738
-45.7 0.722581
-45.5 0.723418
-45.3 0.72427
-45.1 0.725106
-44.9 0.725924
-44.7 0.726773
-44.5 0.727612
-44.3 0.728424
-44.1 0.729246
-43.9 0.7301
-43.7 0.730945
-43.5 0.731772
-43.3 0.732559
-43.1 0.73342
-42.9 0.734236
-42.7 0.735046
-42.5 0.735884
-42.3 0.7367
-42.1 0.737544
-41.9 0.738391
-41.7 0.739226
-41.5 0.740074
-41.3 0.740892
-41.1 0.741744
-40.9 0.742585
-40.7 0.743451
-40.5 0.744291
-40.3 0.745127
-40.1 0.74598
-39.9 0.746817
-39.7 0.747667
-39.5 0.748505
-39.3 0.749322
-39.1 0.750154
-38.9 0.750989
-38.7 0.751812
-38.5 0.752638
-38.3 0.753445
-38.1 0.754275
-37.9 0.755123
-37.7 0.755975
-37.5 0.756819
-37.3 0.757669
-37.1 0.758494
-36.9 0.75932
-36.7 0.760183
-36.5 0.76104
-36.3 0.761878
-36.1 0.762725
-35.9 0.763581
-35.7 0.764402
-35.5 0.765189
-35.3 0.766007
-35.1 0.766845
-34.9 0.767664
-34.7 0.768512
-34.5 0.769325
-34.3 0.770161
-34.1 0.770994
-33.9 0.771814
-33.7 0.772656
-33.5 0.773506
-33.3 0.774319
-33.1 0.775145
-32.9 0.775969
-32.7 0.776783
-32.5 0.777593
-32.3 0.778436
-32.1 0.77926
-31.9 0.780093
-31.7 0.780925
-31.5 0.781756
-31.3 0.782572
-31.1 0.783383
-30.9 0.784222
-30.7 0.785052
-30.5 0.785882
-30.3 0.786692
-30.1 0.787513
-29.9 0.788351
-29.7 0.789141
-29.5 0.789944
-29.3 0.790749
-29.1 0.791536
-28.9 0.79239
-28.7 0.793233
-28.5 0.794074
-28.3 0.794897
-28.1 0.795704
-27.9 0.796534
-27.7 0.797324
-27.5 0.798183
-27.3 0.799035
-27.1 0.799843
-26.9 0.800612
-26.7 0.801418
-26.5 0.80222
-26.3 0.803026
-26.1 0.803826
-25.9 0.804683
-25.7 0.805502
-25.5 0.806295
-25.3 0.807136
-25.1 0.807942
-24.9 0.808727
-24.7 0.809541
-24.5 0.810383
-24.3 0.811236
-24.1 0.812045
-23.9 0.812871
-23.7 0.813727
-23.5 0.814563
-23.3 0.815371
-23.1 0.816171
-22.9 0.817027
-22.7 0.81784
-22.5 0.818654
-22.3 0.819463
-22.1 0.820279
-21.9 0.82109
-21.7 0.821897
-21.5 0.82269
-21.3 0.823498
-21.1 0.824324
-20.9 0.825163
-20.7 0.825971
-20.5 0.826812
-20.3 0.827632
-20.1 0.828464
-19.9 0.82929
-19.7 0.830127
-19.5 0.830954
-19.3 0.831777
-19.1 0.83259
-18.9 0.833415
-18.7 0.834258
-18.5 0.835091
-18.3 0.835927
-18.1 0.836751
-17.9 0.837588
-17.7 0.838403
-17.5 0.839224
-17.3 0.840009
-17.1 0.840862
-16.9 0.841656
-16.7 0.842482
-16.5 0.843321
-16.3 0.844116
-16.1 0.84495
-15.9 0.845766
-15.7 0.846565
-15.5 0.847423
-15.3 0.848214
-15.1 0.849048
-14.9 0.849881
-14.7 0.850717
-14.5 0.851536
-14.3 0.852359
-14.1 0.853177
-13.9 0.854024
-13.7 0.854882
-13.5 0.855698
-13.3 0.856546
-13.1 0.857411
-12.9 0.858251
-12.7 0.859087
-12.5 0.859889
-12.3 0.8607
-12.1 0.861522
-11.9 0.862325
-11.7 0.863146
-11.5 0.863987
-11.3 0.864823
-11.1 0.865619
-10.9 0.866457
-10.7 0.867233
-10.5 0.868057
-10.3 0.868871
-10.1 0.869691
-9.9 0.870528
-9.7 0.871348
-9.5 0.872157
-9.3 0.872981
-9.1 0.873803
-8.9 0.874604
-8.7 0.875428
-8.5 0.876249
-8.3 0.877069
-8.1 0.877903
-7.9 0.878742
-7.7 0.879534
-7.5 0.880337
-7.3 0.881139
-7.1 0.88198
-6.9 0.882812
-6.7 0.883623
-6.5 0.884457
-6.3 0.885282
-6.1 0.886123
-5.9 0.886989
-5.7 0.887809
-5.5 0.888621
-5.3 0.889461
-5.1 0.890297
-4.9 0.891138
-4.7 0.891973
-4.5 0.892797
-4.3 0.893609
-4.1 0.894438
-3.9 0.895275
-3.7 0.896102
-3.5 0.896927
-3.3 0.897729
-3.1 0.898578
-2.9 0.899412
-2.7 0.900247
-2.5 0.901084
-2.3 0.901902
-2.1 0.902732
-1.9 0.903569
-1.7 0.904408
-1.5 0.905226
-1.3 0.906057
-1.1 0.906887
-0.899999 0.907722
-0.699999 0.908519
-0.499999 0.909368
-0.299999 0.910208
-0.0999993 0.911018
0.100001 0.91184
0.300001 0.912647
0.500001 0.913458
0.700001 0.914256
0.900001 0.915075
1.1 0.915906
1.3 0.916735
1.5 0.917555
1.7 0.918361
1.9 0.919166
2.1 0.919964
2.3 0.920803
2.5 0.92161
2.7 0.92241
2.9 0.923232
3.1 0.924093
3.3 0.924945
3.5 0.925744
3.7 0.926522
3.9 0.927318
4.1 0.928129
4.3 0.92895
4.5 0.929732
4.7 0.930564
4.9 0.931377
5.1 0.932181
5.3 0.932975
5.5 0.933777
5.7 0.934603
5.9 0.935406
6.1 0.936216
6.3 0.93701
6.5 0.937819
6.7 0.93864
6.9 0.93947
7.1 0.940321
7.3 0.941153
7.5 0.941948
7.7 0.942728
7.9 0.94354
8.1 0.944342
8.3 0.945156
8.5 0.945964
8.7 0.946755
8.9 0.947568
9.1 0.948365
9.3 0.949174
9.5 0.949938
9.7 0.950728
9.9 0.951535
10.1 0.952338
10.3 0.95315
10.5 0.953941
10.7 0.954737
10.9 0.955511
11.1 0.956283
11.3 0.957067
11.5 0.957871
11.7 0.958611
11.9 0.959372
12.1 0.960127
12.3 0.960879
12.5 0.961632
12.7 0.962402
12.9 0.963113
13.1 0.963843
13.3 0.964561
13.5 0.965294
13.7 0.96601
13.9 0.966713
14.1 0.967413
14.3 0.968128
14.5 0.968832
14.7 0.969547
14.9 0.970225
15.1 0.970899
15.3 0.971567
15.5 0.972268
15.7 0.972927
15.9 0.973574
16.1 0.97422
16.3 0.974832
16.5 0.975455
16.7 0.976069
16.9 0.976732
17.1 0.977349
17.3 0.977935
17.5 0.978528
17.7 0.979097
17.9 0.979681
18.1 0.980251
18.3 0.980804
18.5 0.981369
18.7 0.981915
18.9 0.982441
19.1 0.98297
19.3 0.983495
19.5 0.984015
19.7 0.984496
19.9 0.985
20.1 0.985496
20.3 0.985947
20.5 0.986403
20.7 0.986873
20.9 0.987305
21.1 0.987731
21.3 0.988176
21.5 0.988609
21.7 0.988999
21.9 0.989394
22.1 0.989761
22.3 0.99012
22.5 0.99048
22.7 0.990835
22.9 0.991177
23.1 0.991506
23.3 0.991813
23.5 0.992136
23.7 0.992459
23.9 0.99277
24.1 0.993052
24.3 0.993333
24.5 0.993625
24.7 0.99391
24.9 0.994179
25.1 0.994451
25.3 0.994697
25.5 0.994934
25.7 0.995168
25.9 0.995384
26.1 0.9956
26.3 0.995794
26.5 0.996015
26.7 0.996207
26.9 0.996416
27.1 0.996589
27.3 0.996763
27.5 0.996931
27.7 0.997084
27.9 0.997266
28.1 0.997414
28.3 0.997566
28.5 0.997701
28.7 0.997842
28.9 0.997966
29.1 0.998087
29.3 0.998203
29.5 0.998322
29.7 0.998436
29.9 0.998529
30.1 0.998638
30.3 0.998732
30.5 0.998835
30.7 0.998924
30.9 0.999011
31.1 0.999082
31.3 0.999152
31.5 0.999225
31.7 0.999288
31.9 0.999352
32.1 0.999415
32.3 0.999466
32.5 0.999523
32.7 0.999576
32.9 0.999621
33.1 0.999673
33.3 0.999721
33.5 0.99976
33.7 0.999797
33.9 0.999829
34.1 0.999862
34.3 0.999894
34.5 0.999923
34.7 0.999956
34.9 0.999981
35.1 1
