-209.9 0
-209.7 0
-209.5 0
-209.3 0
-209.1 0
-208.9 0
-208.7 0
-208.5 0
-208.3 0
-208.1 1
-207.9 0
-207.7 0
-207.5 0
-207.3 0
-207.1 0
-206.9 0
-206.7 0
-206.5 0
-206.3 0
-206.1 0
-205.9 0
-205.7 0
-205.5 0
-205.3 0
-205.1 1
-204.9 0
-204.7 1
-204.5 0
-204.3 0
-204.1 0
-203.9 0
-203.7 0
-203.5 0
-203.3 0
-203.1 0
-202.9 0
-202.7 0
-202.5 0
-202.3 0
-202.1 0
-201.9 0
-201.7 0
-201.5 0
-201.3 0
-201.1 0
-200.9 0
-200.7 0
-200.5 0
-200.3 0
-200.1 0
-199.9 0
-199.7 0
-199.5 0
-199.3 0
-199.1 0
-198.9 0
-198.7 0
-198.5 0
-198.3 1
-198.1 0
-197.9 5
-197.7 3
-197.5 10
-197.3 12
-197.1 9
-196.9 19
-196.7 28
-196.5 37
-196.3 42
-196.1 60
-195.9 67
-195.7 99
-195.5 132
-195.3 165
-195.1 225
-194.9 235
-194.7 291
-194.5 350
-194.3 377
-194.1 451
-193.9 515
-193.7 513
-193.5 576
-193.3 589
-193.1 619
-192.9 651
-192.7 655
-192.5 707
-192.3 701
-192.1 744
-191.9 731
-191.7 747
-191.5 685
-191.3 717
-191.1 742
-190.9 724
-190.7 695
-190.5 742
-190.3 719
-190.1 708
-189.9 685
-189.7 727
-189.5 699
-189.3 679
-189.1 716
-188.9 707
-188.7 681
-188.5 713
-188.3 675
-188.1 686
-187.9 672
-187.7 630
-187.5 678
-187.3 625
-187.1 659
-186.9 638
-186.7 631
-186.5 611
-186.3 604
-186.1 633
-185.9 617
-185.7 616
-185.5 654
-185.3 582
-185.1 617
-184.9 566
-184.7 591
-184.5 551
-184.3 610
-184.1 558
-183.9 527
-183.7 603
-183.5 568
-183.3 607
-183.1 587
-182.9 554
-182.7 605
-182.5 586
-182.3 538
-182.1 609
-181.9 557
-181.7 567
-181.5 528
-181.3 509
-181.1 513
-180.9 491
-180.7 563
-180.5 518
-180.3 531
-180.1 509
-179.9 547
-179.7 529
-179.5 495
-179.3 468
-179.1 471
-178.9 497
-178.7 489
-178.5 492
-178.3 505
-178.1 474
-177.9 483
-177.7 482
-177.5 439
-177.3 469
-177.1 486
-176.9 463
-176.7 401
-176.5 481
-176.3 479
-176.1 443
-175.9 452
-175.7 484
-175.5 440
-175.3 414
-175.1 421
-174.9 435
-174.7 455
-174.5 434
-174.3 413
-174.1 415
-173.9 396
-173.7 426
-173.5 384
-173.3 385
-173.1 420
-172.9 421
-172.7 414
-172.5 420
-172.3 379
-172.1 427
-171.9 384
-171.7 397
-171.5 414
-171.3 429
-171.1 374
-170.9 410
-170.7 406
-170.5 406
-170.3 433
-170.1 396
-169.9 366
-169.7 385
-169.5 403
-169.3 417
-169.1 388
-168.9 396
-168.7 360
-168.5 392
-168.3 372
-168.1 413
-167.9 387
-167.7 390
-167.5 388
-167.3 441
-167.1 426
-166.9 418
-166.7 401
-166.5 382
-166.3 410
-166.1 395
-165.9 385
-165.7 407
-165.5 351
-165.3 409
-165.1 372
-164.9 392
-164.7 393
-164.5 390
-164.3 382
-164.1 379
-163.9 409
-163.7 402
-163.5 381
-163.3 387
-163.1 422
-162.9 422
-162.7 427
-162.5 383
-162.3 430
-162.1 390
-161.9 417
-161.7 426
-161.5 382
-161.3 366
-161.1 352
-160.9 351
-160.7 383
-160.5 396
-160.3 376
-160.1 369
-159.9 385
-159.7 424
-159.5 357
-159.3 400
-159.1 374
-158.9 379
-158.7 353
-158.5 380
-158.3 404
-158.1 381
-157.9 381
-157.7 351
-157.5 377
-157.3 422
-157.1 406
-156.9 344
-156.7 353
-156.5 375
-156.3 373
-156.1 366
-155.9 352
-155.7 391
-155.5 356
-155.3 357
-155.1 369
-154.9 367
-154.7 397
-154.5 385
-154.3 350
-154.1 389
-153.9 363
-153.7 391
-153.5 362
-153.3 415
-153.1 350
-152.9 329
-152.7 358
-152.5 363
-152.3 375
-152.1 404
-151.9 351
-151.7 391
-151.5 360
-151.3 375
-151.1 371
-150.9 341
-150.7 381
-150.5 378
-150.3 377
-150.1 356
-149.9 383
-149.7 369
-149.5 366
-149.3 376
-149.1 344
-148.9 371
-148.7 381
-148.5 343
-148.3 350
-148.1 380
-147.9 335
-147.7 364
-147.5 376
-147.3 340
-147.1 384
-146.9 343
-146.7 380
-146.5 363
-146.3 336
-146.1 369
-145.9 376
-145.7 383
-145.5 352
-145.3 375
-145.1 381
-144.9 359
-144.7 370
-144.5 368
-144.3 375
-144.1 362
-143.9 340
-143.7 337
-143.5 391
-143.3 364
-143.1 361
-142.9 370
-142.7 373
-142.5 359
-142.3 373
-142.1 367
-141.9 330
-141.7 388
-141.5 368
-141.3 356
-141.1 341
-140.9 360
-140.7 353
-140.5 334
-140.3 347
-140.1 358
-139.9 340
-139.7 366
-139.5 361
-139.3 367
-139.1 349
-138.9 362
-138.7 384
-138.5 370
-138.3 366
-138.1 388
-137.9 366
-137.7 347
-137.5 360
-137.3 355
-137.1 360
-136.9 375
-136.7 364
-136.5 384
-136.3 361
-136.1 366
-135.9 328
-135.7 345
-135.5 375
-135.3 377
-135.1 379
-134.9 357
-134.7 350
-134.5 386
-134.3 384
-134.1 386
-133.9 366
-133.7 374
-133.5 407
-133.3 400
-133.1 384
-132.9 422
-132.7 347
-132.5 379
-132.3 395
-132.1 374
-131.9 364
-131.7 384
-131.5 401
-131.3 381
-131.1 319
-130.9 381
-130.7 349
-130.5 384
-130.3 417
-130.1 352
-129.9 360
-129.7 361
-129.5 374
-129.3 389
-129.1 383
-128.9 349
-128.7 399
-128.5 395
-128.3 393
-128.1 383
-127.9 377
-127.7 394
-127.5 403
-127.3 360
-127.1 385
-126.9 367
-126.7 369
-126.5 398
-126.3 366
-126.1 394
-125.9 397
-125.7 374
-125.5 398
-125.3 375
-125.1 395
-124.9 383
-124.7 371
-124.5 345
-124.3 371
-124.1 396
-123.9 388
-123.7 360
-123.5 418
-123.3 366
-123.1 401
-122.9 360
-122.7 391
-122.5 366
-122.3 351
-122.1 383
-121.9 405
-121.7 394
-121.5 365
-121.3 395
-121.1 347
-120.9 380
-120.7 385
-120.5 352
-120.3 387
-120.1 371
-119.9 345
-119.7 396
-119.5 382
-119.3 334
-119.1 379
-118.9 352
-118.7 370
-118.5 384
-118.3 385
-118.1 410
-117.9 362
-117.7 366
-117.5 337
-117.3 412
-117.1 370
-116.9 377
-116.7 356
-116.5 350
-116.3 377
-116.1 351
-115.9 394
-115.7 344
-115.5 351
-115.3 413
-115.1 367
-114.9 393
-114.7 388
-114.5 388
-114.3 371
-114.1 346
-113.9 384
-113.7 381
-113.5 370
-113.3 362
-113.1 368
-112.9 381
-112.7 365
-112.5 344
-112.3 337
-112.1 355
-111.9 345
-111.7 333
-111.5 362
-111.3 374
-111.1 358
-110.9 384
-110.7 380
-110.5 354
-110.3 370
-110.1 373
-109.9 348
-109.7 386
-109.5 308
-109.3 388
-109.1 367
-108.9 367
-108.7 369
-108.5 334
-108.3 377
-108.1 363
-107.9 383
-107.7 369
-107.5 339
-107.3 355
-107.1 382
-106.9 386
-106.7 363
-106.5 374
-106.3 371
-106.1 341
-105.9 395
-105.7 396
-105.5 359
-105.3 367
-105.1 391
-104.9 409
-104.7 385
-104.5 382
-104.3 378
-104.1 328
-103.9 347
-103.7 330
-103.5 326
-103.3 382
-103.1 374
-102.9 371
-102.7 374
-102.5 397
-102.3 351
-102.1 349
-101.9 366
-101.7 408
-101.5 400
-101.3 383
-101.1 365
-100.9 379
-100.7 351
-100.5 356
-100.3 413
-100.1 335
-99.9 353
-99.7 379
-99.5 359
-99.3 387
-99.1 357
-98.9 361
-98.7 342
-98.5 353
-98.3 380
-98.1 375
-97.9 344
-97.7 328
-97.5 377
-97.3 367
-97.1 373
-96.9 380
-96.7 359
-96.5 390
-96.3 351
-96.1 392
-95.9 370
-95.7 362
-95.5 388
-95.3 358
-95.1 388
-94.9 361
-94.7 346
-94.5 409
-94.3 339
-94.1 369
-93.9 375
-93.7 353
-93.5 359
-93.3 371
-93.1 376
-92.9 366
-92.7 322
-92.5 375
-92.3 390
-92.1 354
-91.9 375
-91.7 369
-91.5 376
-91.3 357
-91.1 370
-90.9 361
-90.7 343
-90.5 346
-90.3 337
-90.1 377
-89.9 380
-89.7 395
-89.5 389
-89.3 361
-89.1 386
-88.9 394
-88.7 377
-88.5 363
-88.3 339
-88.1 322
-87.9 366
-87.7 350
-87.5 403
-87.3 384
-87.1 365
-86.9 353
-86.7 394
-86.5 336
-86.3 359
-86.1 372
-85.9 373
-85.7 366
-85.5 325
-85.3 358
-85.1 413
-84.9 380
-84.7 360
-84.5 361
-84.3 370
-84.1 373
-83.9 344
-83.7 363
-83.5 360
-83.3 348
-83.1 363
-82.9 383
-82.7 371
-82.5 347
-82.3 368
-82.1 369
-81.9 336
-81.7 379
-81.5 347
-81.3 356
-81.1 387
-80.9 347
-80.7 359
-80.5 352
-80.3 354
-80.1 357
-79.9 335
-79.7 363
-79.5 380
-79.3 360
-79.1 358
-78.9 378
-78.7 406
-78.5 371
-78.3 375
-78.1 369
-77.9 360
-77.7 380
-77.5 370
-77.3 348
-77.1 346
-76.9 354
-76.7 367
-76.5 387
-76.3 366
-76.1 385
-75.9 343
-75.7 341
-75.5 376
-75.3 383
-75.1 337
-74.9 344
-74.7 360
-74.5 378
-74.3 405
-74.1 377
-73.9 424
-73.7 381
-73.5 357
-73.3 371
-73.1 352
-72.9 331
-72.7 367
-72.5 361
-72.3 377
-72.1 365
-71.9 346
-71.7 385
-71.5 377
-71.3 351
-71.1 383
-70.9 333
-70.7 378
-70.5 367
-70.3 390
-70.1 392
-69.9 352
-69.7 330
-69.5 353
-69.3 381
-69.1 351
-68.9 356
-68.7 355
-68.5 327
-68.3 394
-68.1 388
-67.9 362
-67.7 349
-67.5 369
-67.3 358
-67.1 368
-66.9 351
-66.7 393
-66.5 394
-66.3 362
-66.1 382
-65.9 407
-65.7 393
-65.5 344
-65.3 390
-65.1 352
-64.9 394
-64.7 383
-64.5 365
-64.3 364
-64.1 382
-63.9 344
-63.7 394
-63.5 368
-63.3 381
-63.1 378
-62.9 348
-62.7 357
-62.5 362
-62.3 388
-62.1 352
-61.9 382
-61.7 400
-61.5 360
-61.3 338
-61.1 357
-60.9 404
-60.7 347
-60.5 384
-60.3 345
-60.1 410
-59.9 329
-59.7 380
-59.5 352
-59.3 374
-59.1 336
-58.9 400
-58.7 389
-58.5 371
-58.3 356
-58.1 391
-57.9 391
-57.7 350
-57.5 398
-57.3 369
-57.1 341
-56.9 347
-56.7 337
-56.5 354
-56.3 366
-56.1 403
-55.9 360
-55.7 356
-55.5 377
-55.3 373
-55.1 352
-54.9 317
-54.7 359
-54.5 389
-54.3 409
-54.1 345
-53.9 343
-53.7 363
-53.5 357
-53.3 391
-53.1 371
-52.9 366
-52.7 376
-52.5 387
-52.3 374
-52.1 365
-51.9 366
-51.7 378
-51.5 366
-51.3 358
-51.1 391
-50.9 362
-50.7 396
-50.5 380
-50.3 391
-50.1 377
-49.9 357
-49.7 339
-49.5 374
-49.3 362
-49.1 396
-48.9 359
-48.7 368
-48.5 350
-48.3 352
-48.1 348
-47.9 364
-47.7 375
-47.5 394
-47.3 364
-47.1 360
-46.9 357
-46.7 364
-46.5 357
-46.3 357
-46.1 351
-45.9 343
-45.7 353
-45.5 400
-45.3 358
-45.1 365
-44.9 367
-44.7 388
-44.5 348
-44.3 396
-44.1 360
-43.9 382
-43.7 355
-43.5 350
-43.3 366
-43.1 376
-42.9 369
-42.7 372
-42.5 331
-42.3 366
-42.1 354
-41.9 366
-41.7 391
-41.5 387
-41.3 349
-41.1 370
-40.9 380
-40.7 375
-40.5 361
-40.3 367
-40.1 347
-39.9 369
-39.7 345
-39.5 382
-39.3 365
-39.1 352
-38.9 346
-38.7 332
-38.5 396
-38.3 349
-38.1 344
-37.9 365
-37.7 353
-37.5 366
-37.3 367
-37.1 336
-36.9 371
-36.7 376
-36.5 372
-36.3 355
-36.1 368
-35.9 381
-35.7 358
-35.5 361
-35.3 356
-35.1 367
-34.9 379
-34.7 349
-34.5 373
-34.3 357
-34.1 365
-33.9 333
-33.7 344
-33.5 397
-33.3 367
-33.1 360
-32.9 360
-32.7 366
-32.5 349
-32.3 341
-32.1 352
-31.9 357
-31.7 363
-31.5 353
-31.3 346
-31.1 348
-30.9 360
-30.7 349
-30.5 348
-30.3 355
-30.1 344
-29.9 366
-29.7 388
-29.5 365
-29.3 424
-29.1 367
-28.9 364
-28.7 346
-28.5 398
-28.3 366
-28.1 366
-27.9 362
-27.7 347
-27.5 383
-27.3 375
-27.1 363
-26.9 372
-26.7 381
-26.5 345
-26.3 382
-26.1 365
-25.9 343
-25.7 372
-25.5 355
-25.3 367
-25.1 333
-24.9 353
-24.7 377
-24.5 367
-24.3 387
-24.1 352
-23.9 365
-23.7 337
-23.5 328
-23.3 354
-23.1 390
-22.9 376
-22.7 352
-22.5 360
-22.3 354
-22.1 389
-21.9 372
-21.7 337
-21.5 358
-21.3 378
-21.1 392
-20.9 365
-20.7 383
-20.5 372
-20.3 346
-20.1 372
-19.9 364
-19.7 360
-19.5 390
-19.3 356
-19.1 366
-18.9 335
-18.7 332
-18.5 375
-18.3 342
-18.1 356
-17.9 333
-17.7 348
-17.5 332
-17.3 367
-17.1 349
-16.9 334
-16.7 364
-16.5 337
-16.3 387
-16.1 343
-15.9 389
-15.7 372
-15.5 355
-15.3 352
-15.1 389
-14.9 370
-14.7 321
-14.5 371
-14.3 365
-14.1 352
-13.9 396
-13.7 374
-13.5 331
-13.3 369
-13.1 326
-12.9 350
-12.7 357
-12.5 327
-12.3 388
-12.1 368
-11.9 352
-11.7 380
-11.5 357
-11.3 362
-11.1 359
-10.9 357
-10.7 356
-10.5 383
-10.3 347
-10.1 364
-9.9 397
-9.7 347
-9.5 376
-9.3 395
-9.1 354
-8.9 345
-8.7 385
-8.5 345
-8.3 374
-8.1 381
-7.9 371
-7.7 371
-7.5 351
-7.3 349
-7.1 325
-6.9 370
-6.7 410
-6.5 390
-6.3 366
-6.1 397
-5.9 372
-5.7 373
-5.5 380
-5.3 357
-5.1 363
-4.9 339
-4.7 357
-4.5 337
-4.3 396
-4.1 333
-3.9 335
-3.7 349
-3.5 378
-3.3 344
-3.1 365
-2.9 329
-2.7 349
-2.5 405
-2.3 365
-2.1 345
-1.9 356
-1.7 406
-1.5 348
-1.3 346
-1.1 377
-0.9 346
-0.7 382
-0.5 325
-0.3 348
-0.1 355
0.1 339
0.3 373
0.5 348
0.7 351
0.9 368
1.1 336
1.3 374
1.5 396
1.7 367
1.9 348
2.1 347
2.3 368
2.5 327
2.7 357
2.9 344
3.1 340
3.3 379
3.5 346
3.7 387
3.9 363
4.1 336
4.3 361
4.5 388
4.7 368
4.9 332
5.1 389
5.3 351
5.5 351
5.7 351
5.9 369
6.1 326
6.3 359
6.5 369
6.7 339
6.9 352
7.1 366
7.3 373
7.5 361
7.7 349
7.9 346
8.1 349
8.3 379
8.5 318
8.7 345
8.9 340
9.1 367
9.3 329
9.5 364
9.7 354
9.9 356
10.1 358
10.3 350
10.5 345
10.7 313
10.9 344
11.1 331
11.3 312
11.5 296
11.7 328
11.9 305
12.1 302
12.3 326
12.5 296
12.7 316
12.9 296
13.1 306
13.3 278
13.5 301
13.7 314
13.9 256
14.1 304
14.3 259
14.5 265
14.7 281
14.9 267
15.1 259
15.3 274
15.5 249
15.7 260
15.9 253
16.1 240
16.3 257
16.5 249
16.7 221
16.9 251
17.1 220
17.3 233
17.5 197
17.7 227
17.9 206
18.1 200
18.3 209
18.5 201
18.7 192
18.9 195
19.1 196
19.3 180
19.5 166
19.7 200
19.9 164
20.1 163
20.3 191
20.5 132
20.7 148
20.9 155
21.1 139
21.3 165
21.5 134
21.7 149
21.9 136
22.1 148
22.3 131
22.5 114
22.7 130
22.9 115
23.1 118
23.3 109
23.5 118
23.7 116
23.9 95
24.1 89
24.3 97
24.5 96
24.7 104
24.9 94
25.1 86
25.3 82
25.5 77
25.7 78
25.9 81
26.1 57
26.3 60
26.5 61
26.7 48
26.9 55
27.1 65
27.3 58
27.5 52
27.7 39
27.9 49
28.1 47
28.3 50
28.5 48
28.7 41
28.9 36
29.1 24
29.3 23
29.5 29
29.7 27
29.9 31
30.1 30
30.3 33
30.5 35
30.7 25
30.9 28
31.1 21
31.3 17
31.5 22
31.7 12
31.9 17
32.1 16
32.3 26
32.5 10
32.7 15
32.9 13
33.1 24
33.3 8
33.5 10
33.7 7
33.9 14
34.1 8
34.3 8
34.5 6
34.7 8
34.9 5
