1296
-208.9 2.86141e-07
-208.7 2.86141e-07
-208.5 2.86141e-07
-208.3 2.86141e-07
-208.1 2.86141e-07
-207.9 5.72281e-07
-207.7 5.72281e-07
-207.5 1.14456e-06
-207.3 1.14456e-06
-207.1 1.4307e-06
-206.9 1.4307e-06
-206.7 2.00298e-06
-206.5 2.00298e-06
-206.3 2.00298e-06
-206.1 2.57526e-06
-205.9 2.57526e-06
-205.7 3.14755e-06
-205.5 3.43369e-06
-205.3 3.43369e-06
-205.1 3.43369e-06
-204.9 3.43369e-06
-204.7 3.43369e-06
-204.5 4.29211e-06
-204.3 4.29211e-06
-204.1 4.29211e-06
-203.9 4.29211e-06
-203.7 4.57825e-06
-203.5 4.86439e-06
-203.3 4.86439e-06
-203.1 5.43667e-06
-202.9 5.43667e-06
-202.7 5.72281e-06
-202.5 6.29509e-06
-202.3 6.29509e-06
-202.1 6.29509e-06
-201.9 6.29509e-06
-201.7 6.29509e-06
-201.5 6.29509e-06
-201.3 6.29509e-06
-201.1 6.58123e-06
-200.9 6.86737e-06
-200.7 6.86737e-06
-200.5 7.15351e-06
-200.3 7.15351e-06
-200.1 7.15351e-06
-199.9 7.15351e-06
-199.7 7.15351e-06
-199.5 7.15351e-06
-199.3 7.43965e-06
-199.1 7.43965e-06
-198.9 7.72579e-06
-198.7 8.58422e-06
-198.5 9.44264e-06
-198.3 1.00149e-05
-198.1 1.34486e-05
-197.9 1.97437e-05
-197.7 3.11893e-05
-197.5 5.26499e-05
-197.3 8.64144e-05
-197.1 0.000132483
-196.9 0.000198582
-196.7 0.000295297
-196.5 0.000414618
-196.3 0.000579721
-196.1 0.000797474
-195.9 0.00106387
-195.7 0.0014267
-195.5 0.00188195
-195.3 0.00244936
-195.1 0.00310691
-194.9 0.00391526
-194.7 0.00487584
-194.5 0.0059626
-194.3 0.00720073
-194.1 0.00851755
-193.9 0.00998259
-193.7 0.011532
-193.5 0.013139
-193.3 0.0147892
-193.1 0.0165501
-192.9 0.0183236
-192.7 0.0201672
-192.5 0.0219601
-192.3 0.0237528
-192.1 0.0255881
-191.9 0.0273942
-191.7 0.0292255
-191.5 0.0310299
-191.3 0.0328086
-191.1 0.0345349
-190.9 0.0362944
-190.7 0.0380218
-190.5 0.0397329
-190.3 0.0414334
-190.1 0.0431042
-189.9 0.0447661
-189.7 0.046396
-189.5 0.0480001
-189.3 0.0495976
-189.1 0.0511702
-188.9 0.0527517
-188.7 0.0543541
-188.5 0.0559061
-188.3 0.0574802
-188.1 0.0589993
-187.9 0.0605373
-187.7 0.0620971
-187.5 0.0635907
-187.3 0.0651084
-187.1 0.0665643
-186.9 0.0680291
-186.7 0.0694958
-186.5 0.0709617
-186.3 0.0723898
-186.1 0.0738188
-185.9 0.0752369
-185.7 0.0766682
-185.5 0.0780643
-185.3 0.0794815
-185.1 0.0808896
-184.9 0.0822488
-184.7 0.083612
-184.5 0.0849829
-184.3 0.0863401
-184.1 0.0877358
-183.9 0.0890924
-183.7 0.0903818
-183.5 0.0917006
-183.3 0.0930389
-183.1 0.0943637
-182.9 0.0956837
-182.7 0.0969527
-182.5 0.0982492
-182.3 0.0995489
-182.1 0.100854
-181.9 0.10212
-181.7 0.10335
-181.5 0.104593
-181.3 0.105836
-181.1 0.107079
-180.9 0.108343
-180.7 0.109564
-180.5 0.110763
-180.3 0.111949
-180.1 0.113136
-179.9 0.114344
-179.7 0.115496
-179.5 0.116633
-179.3 0.117784
-179.1 0.118971
-178.9 0.120133
-178.7 0.121251
-178.5 0.122375
-178.3 0.123502
-178.1 0.124616
-177.9 0.125748
-177.7 0.126839
-177.5 0.127958
-177.3 0.129042
-177.1 0.130129
-176.9 0.131176
-176.7 0.132252
-176.5 0.133317
-176.3 0.134368
-176.1 0.135416
-175.9 0.136474
-175.7 0.137545
-175.5 0.138567
-175.3 0.1396
-175.1 0.140642
-174.9 0.141679
-174.7 0.142681
-174.5 0.143711
-174.3 0.144729
-174.1 0.145764
-173.9 0.146762
-173.7 0.147771
-173.5 0.148789
-173.3 0.149789
-173.1 0.150802
-172.9 0.151788
-172.7 0.152786
-172.5 0.153766
-172.3 0.154737
-172.1 0.155735
-171.9 0.156685
-171.7 0.157668
-171.5 0.158638
-171.3 0.159608
-171.1 0.160572
-170.9 0.161569
-170.7 0.162536
-170.5 0.163506
-170.3 0.164507
-170.1 0.165421
-169.9 0.166396
-169.7 0.167348
-169.5 0.168295
-169.3 0.169229
-169.1 0.170161
-168.9 0.171126
-168.7 0.172095
-168.5 0.173058
-168.3 0.173961
-168.1 0.174934
-167.9 0.175856
-167.7 0.176793
-167.5 0.177714
-167.3 0.178667
-167.1 0.179576
-166.9 0.180511
-166.7 0.181428
-166.5 0.182371
-166.3 0.183307
-166.1 0.184234
-165.9 0.185168
-165.7 0.1861
-165.5 0.187021
-165.3 0.187914
-165.1 0.18884
-164.9 0.189756
-164.7 0.190679
-164.5 0.191583
-164.3 0.1925
-164.1 0.193449
-163.9 0.194373
-163.7 0.195317
-163.5 0.196259
-163.3 0.197161
-163.1 0.198106
-162.9 0.199021
-162.7 0.199955
-162.5 0.20089
-162.3 0.201836
-162.1 0.202768
-161.9 0.203678
-161.7 0.204622
-161.5 0.205534
-161.3 0.206476
-161.1 0.207378
-160.9 0.208308
-160.7 0.209217
-160.5 0.210096
-160.3 0.210987
-160.1 0.211888
-159.9 0.212797
-159.7 0.213699
-159.5 0.214595
-159.3 0.215491
-159.1 0.216445
-158.9 0.217333
-158.7 0.218244
-158.5 0.219166
-158.3 0.220071
-158.1 0.220977
-157.9 0.221887
-157.7 0.222773
-157.5 0.223683
-157.3 0.224589
-157.1 0.225471
-156.9 0.226402
-156.7 0.227325
-156.5 0.228251
-156.3 0.229149
-156.1 0.230034
-155.9 0.230948
-155.7 0.231832
-155.5 0.232734
-155.3 0.233642
-155.1 0.234521
-154.9 0.235414
-154.7 0.236306
-154.5 0.2372
-154.3 0.23808
-154.1 0.238994
-153.9 0.23987
-153.7 0.240758
-153.5 0.241679
-153.3 0.242603
-153.1 0.243496
-152.9 0.244378
-152.7 0.245263
-152.5 0.246184
-152.3 0.247071
-152.1 0.247974
-151.9 0.248891
-151.7 0.249776
-151.5 0.250647
-151.3 0.251514
-151.1 0.252446
-150.9 0.25335
-150.7 0.254208
-150.5 0.255116
-150.3 0.255995
-150.1 0.256859
-149.9 0.257732
-149.7 0.258641
-149.5 0.259561
-149.3 0.260433
-149.1 0.261332
-148.9 0.26223
-148.7 0.263121
-148.5 0.264025
-148.3 0.264925
-148.1 0.26583
-147.9 0.266706
-147.7 0.267575
-147.5 0.268448
-147.3 0.26933
-147.1 0.270212
-146.9 0.27112
-146.7 0.271982
-146.5 0.272841
-146.3 0.273715
-146.1 0.274565
-145.9 0.275406
-145.7 0.276293
-145.5 0.27717
-145.3 0.278018
-145.1 0.27889
-144.9 0.279761
-144.7 0.280641
-144.5 0.281539
-144.3 0.282404
-144.1 0.283245
-143.9 0.284103
-143.7 0.284983
-143.5 0.285823
-143.3 0.286676
-143.1 0.287519
-142.9 0.288349
-142.7 0.289177
-142.5 0.290012
-142.3 0.290875
-142.1 0.291727
-141.9 0.29258
-141.7 0.293456
-141.5 0.294313
-141.3 0.295181
-141.1 0.296009
-140.9 0.296882
-140.7 0.297727
-140.5 0.298596
-140.3 0.299464
-140.1 0.300316
-139.9 0.301185
-139.7 0.302043
-139.5 0.302902
-139.3 0.303772
-139.1 0.304617
-138.9 0.305485
-138.7 0.306365
-138.5 0.307225
-138.3 0.30807
-138.1 0.308949
-137.9 0.309811
-137.7 0.310687
-137.5 0.311578
-137.3 0.312459
-137.1 0.313363
-136.9 0.314228
-136.7 0.315121
-136.5 0.31599
-136.3 0.316847
-136.1 0.317716
-135.9 0.318589
-135.7 0.31947
-135.5 0.32037
-135.3 0.321267
-135.1 0.32216
-134.9 0.323074
-134.7 0.323981
-134.5 0.324898
-134.3 0.3258
-134.1 0.32668
-133.9 0.327585
-133.7 0.328464
-133.5 0.329391
-133.3 0.330278
-133.1 0.331185
-132.9 0.332073
-132.7 0.33299
-132.5 0.333892
-132.3 0.334804
-132.1 0.335714
-131.9 0.33661
-131.7 0.337509
-131.5 0.338422
-131.3 0.339344
-131.1 0.340232
-130.9 0.341105
-130.7 0.342016
-130.5 0.342935
-130.3 0.343835
-130.1 0.344745
-129.9 0.345656
-129.7 0.346595
-129.5 0.347486
-129.3 0.348406
-129.1 0.349315
-128.9 0.350194
-128.7 0.351104
-128.5 0.352038
-128.3 0.352964
-128.1 0.353879
-127.9 0.354772
-127.7 0.35569
-127.5 0.356621
-127.3 0.357522
-127.1 0.358446
-126.9 0.35935
-126.7 0.360246
-126.5 0.361163
-126.3 0.362054
-126.1 0.362987
-125.9 0.363896
-125.7 0.364785
-125.5 0.36566
-125.3 0.366574
-125.1 0.367478
-124.9 0.368365
-124.7 0.369272
-124.5 0.370166
-124.3 0.371076
-124.1 0.371972
-123.9 0.372866
-123.7 0.373782
-123.5 0.374677
-123.3 0.37555
-123.1 0.376476
-122.9 0.377355
-122.7 0.378245
-122.5 0.379151
-122.3 0.380063
-122.1 0.380937
-121.9 0.381833
-121.7 0.382717
-121.5 0.383613
-121.3 0.384517
-121.1 0.385403
-120.9 0.386319
-120.7 0.387215
-120.5 0.388104
-120.3 0.388986
-120.1 0.38988
-119.9 0.39076
-119.7 0.39162
-119.5 0.39252
-119.3 0.393393
-119.1 0.394286
-118.9 0.395162
-118.7 0.396053
-118.5 0.396955
-118.3 0.397834
-118.1 0.398731
-117.9 0.399604
-117.7 0.40047
-117.5 0.401354
-117.3 0.402233
-117.1 0.403129
-116.9 0.404017
-116.7 0.404892
-116.5 0.405773
-116.3 0.406644
-116.1 0.407498
-115.9 0.408375
-115.7 0.40922
-115.5 0.41008
-115.3 0.410955
-115.1 0.411797
-114.9 0.412668
-114.7 0.413526
-114.5 0.414415
-114.3 0.415289
-114.1 0.41617
-113.9 0.417058
-113.7 0.417937
-113.5 0.41881
-113.3 0.419677
-113.1 0.420536
-112.9 0.421393
-112.7 0.422277
-112.5 0.423168
-112.3 0.424045
-112.1 0.424947
-111.9 0.425816
-111.7 0.426702
-111.5 0.427608
-111.3 0.428494
-111.1 0.429372
-110.9 0.430255
-110.7 0.43116
-110.5 0.43203
-110.3 0.432931
-110.1 0.433817
-109.9 0.4347
-109.7 0.435582
-109.5 0.436453
-109.3 0.437309
-109.1 0.43819
-108.9 0.439067
-108.7 0.439928
-108.5 0.44081
-108.3 0.44169
-108.1 0.442568
-107.9 0.44345
-107.7 0.444335
-107.5 0.44522
-107.3 0.446087
-107.1 0.446963
-106.9 0.447828
-106.7 0.448671
-106.5 0.449534
-106.3 0.450428
-106.1 0.451303
-105.9 0.452192
-105.7 0.45309
-105.5 0.453964
-105.3 0.454827
-105.1 0.455702
-104.9 0.456562
-104.7 0.457451
-104.5 0.458334
-104.3 0.459178
-104.1 0.460086
-103.9 0.460969
-103.7 0.46185
-103.5 0.462742
-103.3 0.463636
-103.1 0.464508
-102.9 0.465352
-102.7 0.466217
-102.5 0.467082
-102.3 0.467942
-102.1 0.468822
-101.9 0.469685
-101.7 0.470551
-101.5 0.471411
-101.3 0.472266
-101.1 0.4731
-100.9 0.473979
-100.7 0.474864
-100.5 0.47574
-100.3 0.476626
-100.1 0.477501
-99.9 0.478384
-99.7 0.479243
-99.5 0.480115
-99.3 0.480974
-99.1 0.481869
-98.9 0.482737
-98.7 0.483634
-98.5 0.484522
-98.3 0.485383
-98.1 0.486269
-97.9 0.487155
-97.7 0.488016
-97.5 0.488888
-97.3 0.489778
-97.1 0.490632
-96.9 0.491506
-96.7 0.492374
-96.5 0.493238
-96.3 0.494088
-96.1 0.494971
-95.9 0.495863
-95.7 0.496739
-95.5 0.497588
-95.3 0.498441
-95.1 0.499293
-94.9 0.500163
-94.7 0.501054
-94.5 0.501943
-94.3 0.502812
-94.1 0.503679
-93.9 0.50456
-93.7 0.505438
-93.5 0.506328
-93.3 0.507199
-93.1 0.508086
-92.9 0.508946
-92.7 0.509816
-92.5 0.510676
-92.3 0.511545
-92.1 0.512434
-91.9 0.513316
-91.7 0.514191
-91.5 0.515049
-91.3 0.515933
-91.1 0.516785
-90.9 0.517669
-90.7 0.518529
-90.5 0.519409
-90.3 0.520271
-90.1 0.521133
-89.9 0.521985
-89.7 0.522857
-89.5 0.523715
-89.3 0.524587
-89.1 0.525452
-88.9 0.526354
-88.7 0.527217
-88.5 0.52808
-88.3 0.528941
-88.1 0.529838
-87.9 0.530725
-87.7 0.531642
-87.5 0.532494
-87.3 0.533375
-87.1 0.534249
-86.9 0.535117
-86.7 0.535958
-86.5 0.536802
-86.3 0.537683
-86.1 0.538566
-85.9 0.539472
-85.7 0.540332
-85.5 0.541216
-85.3 0.542049
-85.1 0.542908
-84.9 0.543783
-84.7 0.544667
-84.5 0.545527
-84.3 0.546361
-84.1 0.547218
-83.9 0.548065
-83.7 0.548942
-83.5 0.549827
-83.3 0.550698
-83.1 0.551582
-82.9 0.552455
-82.7 0.553322
-82.5 0.554202
-82.3 0.555051
-82.1 0.555919
-81.9 0.556788
-81.7 0.557648
-81.5 0.55852
-81.3 0.559416
-81.1 0.56028
-80.9 0.561171
-80.7 0.562032
-80.5 0.562937
-80.3 0.563811
-80.1 0.564653
-79.9 0.565524
-79.7 0.566381
-79.5 0.567234
-79.3 0.568104
-79.1 0.568971
-78.9 0.569851
-78.7 0.570714
-78.5 0.5716
-78.3 0.572447
-78.1 0.573325
-77.9 0.574214
-77.7 0.575076
-77.5 0.57597
-77.3 0.576843
-77.1 0.577711
-76.9 0.578615
-76.7 0.57949
-76.5 0.58035
-76.3 0.581228
-76.1 0.582081
-75.9 0.582939
-75.7 0.583798
-75.5 0.584642
-75.3 0.585502
-75.1 0.586381
-74.9 0.587275
-74.7 0.588164
-74.5 0.58903
-74.3 0.589885
-74.1 0.590763
-73.9 0.59164
-73.7 0.592537
-73.5 0.593418
-73.3 0.594282
-73.1 0.595145
-72.9 0.595995
-72.7 0.596863
-72.5 0.597709
-72.3 0.598572
-72.1 0.599441
-71.9 0.600332
-71.7 0.60117
-71.5 0.602033
-71.3 0.602896
-71.1 0.603764
-70.9 0.604639
-70.7 0.605502
-70.5 0.606358
-70.3 0.607259
-70.1 0.608136
-69.9 0.609005
-69.7 0.609867
-69.5 0.610758
-69.3 0.611649
-69.1 0.612507
-68.9 0.613391
-68.7 0.614263
-68.5 0.615137
-68.3 0.616015
-68.1 0.616904
-67.9 0.617769
-67.7 0.618645
-67.5 0.61954
-67.3 0.620383
-67.1 0.621261
-66.9 0.622131
-66.7 0.622988
-66.5 0.623866
-66.3 0.624759
-66.1 0.625624
-65.9 0.626485
-65.7 0.627358
-65.5 0.628232
-65.3 0.629118
-65.1 0.63004
-64.9 0.630904
-64.7 0.631751
-64.5 0.632658
-64.3 0.633536
-64.1 0.634401
-63.9 0.635285
-63.7 0.636171
-63.5 0.637028
-63.3 0.637916
-63.1 0.63877
-62.9 0.639685
-62.7 0.640551
-62.5 0.64143
-62.3 0.64231
-62.1 0.643178
-61.9 0.644042
-61.7 0.644909
-61.5 0.645803
-61.3 0.64669
-61.1 0.64757
-60.9 0.648447
-60.7 0.649289
-60.5 0.650138
-60.3 0.650997
-60.1 0.651859
-59.9 0.652725
-59.7 0.653594
-59.5 0.654484
-59.3 0.655386
-59.1 0.656256
-58.9 0.657132
-58.7 0.658025
-58.5 0.658884
-58.3 0.659789
-58.1 0.660652
-57.9 0.66151
-57.7 0.662404
-57.5 0.663286
-57.3 0.664153
-57.1 0.665034
-56.9 0.665914
-56.7 0.666786
-56.5 0.667645
-56.3 0.668498
-56.1 0.669372
-55.9 0.670244
-55.7 0.671127
-55.5 0.672007
-55.3 0.672876
-55.1 0.673737
-54.9 0.674615
-54.7 0.675473
-54.5 0.676345
-54.3 0.677229
-54.1 0.678115
-53.9 0.678973
-53.7 0.679834
-53.5 0.680701
-53.3 0.681546
-53.1 0.68241
-52.9 0.68328
-52.7 0.684157
-52.5 0.685022
-52.3 0.685886
-52.1 0.686769
-51.9 0.687617
-51.7 0.68849
-51.5 0.689367
-51.3 0.69024
-51.1 0.691124
-50.9 0.692001
-50.7 0.692857
-50.5 0.693708
-50.3 0.694567
-50.1 0.69541
-49.9 0.696267
-49.7 0.69714
-49.5 0.698015
-49.3 0.698891
-49.1 0.699741
-48.9 0.700635
-48.7 0.701507
-48.5 0.702376
-48.3 0.703234
-48.1 0.704089
-47.9 0.70496
-47.7 0.705837
-47.5 0.706729
-47.3 0.707615
-47.1 0.708479
-46.9 0.709358
-46.7 0.710237
-46.5 0.711144
-46.3 0.712015
-46.1 0.71289
-45.9 0.713765
-45.7 0.714632
-45.5 0.715492
-45.3 0.716357
-45.1 0.717242
-44.9 0.71811
-44.7 0.71894
-44.5 0.71982
-44.3 0.720683
-44.1 0.72154
-43.9 0.722414
-43.7 0.723295
-43.5 0.724208
-43.3 0.725092
-43.1 0.725942
-42.9 0.726813
-42.7 0.727663
-42.5 0.728532
-42.3 0.729395
-42.1 0.730276
-41.9 0.731167
-41.7 0.732051
-41.5 0.732931
-41.3 0.733805
-41.1 0.734688
-40.9 0.735567
-40.7 0.736415
-40.5 0.737283
-40.3 0.738154
-40.1 0.739019
-39.9 0.739884
-39.7 0.740758
-39.5 0.741641
-39.3 0.742511
-39.1 0.743383
-38.9 0.744248
-38.7 0.745096
-38.5 0.74595
-38.3 0.746833
-38.1 0.74773
-37.9 0.748612
-37.7 0.749475
-37.5 0.750355
-37.3 0.751233
-37.1 0.752102
-36.9 0.75297
-36.7 0.753862
-36.5 0.754736
-36.3 0.755594
-36.1 0.756467
-35.9 0.75734
-35.7 0.758188
-35.5 0.759048
-35.3 0.759931
-35.1 0.760805
-34.9 0.761689
-34.7 0.762551
-34.5 0.763433
-34.3 0.764301
-34.1 0.76515
-33.9 0.766027
-33.7 0.766892
-33.5 0.767783
-33.3 0.768655
-33.1 0.769532
-32.9 0.770406
-32.7 0.771275
-32.5 0.772126
-32.3 0.772983
-32.1 0.773849
-31.9 0.774736
-31.7 0.775611
-31.5 0.776465
-31.3 0.777307
-31.1 0.778184
-30.9 0.779061
-30.7 0.779947
-30.5 0.780797
-30.3 0.781697
-30.1 0.78256
-29.9 0.783419
-29.7 0.784288
-29.5 0.78514
-29.3 0.786031
-29.1 0.786907
-28.9 0.787764
-28.7 0.788648
-28.5 0.789536
-28.3 0.790392
-28.1 0.791261
-27.9 0.792102
-27.7 0.792985
-27.5 0.793839
-27.3 0.794738
-27.1 0.79562
-26.9 0.796457
-26.7 0.797317
-26.5 0.798178
-26.3 0.799054
-26.1 0.799921
-25.9 0.800812
-25.7 0.801709
-25.5 0.802567
-25.3 0.803434
-25.1 0.804299
-24.9 0.805187
-24.7 0.806045
-24.5 0.806927
-24.3 0.807789
-24.1 0.80865
-23.9 0.809523
-23.7 0.810374
-23.5 0.811266
-23.3 0.81214
-23.1 0.81299
-22.9 0.813878
-22.7 0.814745
-22.5 0.815623
-22.3 0.816449
-22.1 0.817318
-21.9 0.818155
-21.7 0.819008
-21.5 0.819883
-21.3 0.820728
-21.1 0.821609
-20.9 0.822456
-20.7 0.823293
-20.5 0.824128
-20.3 0.825004
-20.1 0.825871
-19.9 0.82673
-19.7 0.827584
-19.5 0.828438
-19.3 0.829284
-19.1 0.830163
-18.9 0.831031
-18.7 0.831888
-18.5 0.832747
-18.3 0.833619
-18.1 0.834505
-17.9 0.835388
-17.7 0.836251
-17.5 0.837106
-17.3 0.837955
-17.1 0.838837
-16.9 0.839703
-16.7 0.840586
-16.5 0.841434
-16.3 0.842299
-16.1 0.843142
-15.9 0.844023
-15.7 0.844907
-15.5 0.845774
-15.3 0.84664
-15.1 0.847522
-14.9 0.848379
-14.7 0.849256
-14.5 0.850134
-14.3 0.851002
-14.1 0.851839
-13.9 0.852707
-13.7 0.853552
-13.5 0.854407
-13.3 0.855264
-13.1 0.856159
-12.9 0.857035
-12.7 0.857901
-12.5 0.858768
-12.3 0.859627
-12.1 0.860485
-11.9 0.861389
-11.7 0.862249
-11.5 0.863124
-11.3 0.86398
-11.1 0.864845
-10.9 0.865725
-10.7 0.866593
-10.5 0.867466
-10.3 0.868314
-10.1 0.869139
-9.9 0.870019
-9.7 0.870875
-9.5 0.871744
-9.3 0.872623
-9.1 0.873464
-8.9 0.874317
-8.7 0.875174
-8.5 0.87603
-8.3 0.876918
-8.1 0.87776
-7.9 0.878605
-7.7 0.879453
-7.5 0.880311
-7.3 0.881174
-7.1 0.882053
-6.9 0.882925
-6.7 0.883782
-6.5 0.884666
-6.3 0.885541
-6.1 0.88641
-5.9 0.887261
-5.7 0.888106
-5.5 0.889002
-5.3 0.889858
-5.1 0.890719
-4.9 0.891563
-4.7 0.892431
-4.5 0.893291
-4.3 0.894181
-4.1 0.895024
-3.9 0.89591
-3.7 0.896785
-3.5 0.897678
-3.3 0.898544
-3.1 0.899393
-2.9 0.900282
-2.7 0.90116
-2.5 0.902022
-2.3 0.902902
-2.1 0.903744
-1.9 0.904619
-1.7 0.905477
-1.5 0.906368
-1.3 0.907233
-1.1 0.908069
-0.899999 0.908907
-0.699999 0.90977
-0.499999 0.910652
-0.299999 0.911517
-0.0999994 0.912378
0.100001 0.91325
0.300001 0.914117
0.500001 0.914973
0.700001 0.915843
0.900001 0.916706
1.1 0.917564
1.3 0.91842
1.5 0.919303
1.7 0.920145
1.9 0.920994
2.1 0.921868
2.3 0.922746
2.5 0.923625
2.7 0.924484
2.9 0.925352
3.1 0.926199
3.3 0.927066
3.5 0.927903
3.7 0.928726
3.9 0.929564
4.1 0.930417
4.3 0.93126
4.5 0.932089
4.7 0.932965
4.9 0.93379
5.1 0.93466
5.3 0.935506
5.5 0.936381
5.7 0.937241
5.9 0.938091
6.1 0.938939
6.3 0.939787
6.5 0.940629
6.7 0.941488
6.9 0.942321
7.1 0.943168
7.3 0.944021
7.5 0.944869
7.7 0.945713
7.9 0.946568
8.1 0.94739
8.3 0.948215
8.5 0.949053
8.7 0.949905
8.9 0.950712
9.1 0.951533
9.3 0.952345
9.5 0.953152
9.7 0.953969
9.9 0.954796
10.1 0.955608
10.3 0.956403
10.5 0.957202
10.7 0.958014
10.9 0.958804
11.1 0.9596
11.3 0.960391
11.5 0.961184
11.7 0.961975
11.9 0.96275
12.1 0.963508
12.3 0.964273
12.5 0.965001
12.7 0.96575
12.9 0.966499
13.1 0.967237
13.3 0.967976
13.5 0.968691
13.7 0.969392
13.9 0.970107
14.1 0.970776
14.3 0.971474
14.5 0.972167
14.7 0.972852
14.9 0.973525
15.1 0.974193
15.3 0.974849
15.5 0.975499
15.7 0.97614
15.9 0.976752
16.1 0.977361
16.3 0.977962
16.5 0.978549
16.7 0.979139
16.9 0.979706
17.1 0.980273
17.3 0.980815
17.5 0.981371
17.7 0.981915
17.9 0.982445
18.1 0.982964
18.3 0.98349
18.5 0.983984
18.7 0.984461
18.9 0.984958
19.1 0.985405
19.3 0.985883
19.5 0.986333
19.7 0.986775
19.9 0.987187
20.1 0.98761
20.3 0.988022
20.5 0.988429
20.7 0.98882
20.9 0.989193
21.1 0.989554
21.3 0.989934
21.5 0.99029
21.7 0.990642
21.9 0.990978
22.1 0.991302
22.3 0.991619
22.5 0.991948
22.7 0.992265
22.9 0.992569
23.1 0.992857
23.3 0.993137
23.5 0.993415
23.7 0.99368
23.9 0.993936
24.1 0.994175
24.3 0.994416
24.5 0.994659
24.7 0.994884
24.9 0.995101
25.1 0.995306
25.3 0.995513
25.5 0.995723
25.7 0.995923
25.9 0.996108
26.1 0.996276
26.3 0.996446
26.5 0.99661
26.7 0.996764
26.9 0.99693
27.1 0.997076
27.3 0.997216
27.5 0.99737
27.7 0.997505
27.9 0.997635
28.1 0.997764
28.3 0.997876
28.5 0.997985
28.7 0.998095
28.9 0.998201
29.1 0.998309
29.3 0.9984
29.5 0.998494
29.7 0.998585
29.9 0.998664
30.1 0.998741
30.3 0.998815
30.5 0.998887
30.7 0.998952
30.9 0.999013
31.1 0.999079
31.3 0.999134
31.5 0.99919
31.7 0.999245
31.9 0.99929
32.1 0.999337
32.3 0.999373
32.5 0.999406
32.7 0.999447
32.9 0.999486
33.1 0.999516
33.3 0.999545
33.5 0.999573
33.7 0.999605
33.9 0.99963
34.1 0.999653
34.3 0.999676
34.5 0.999699
34.7 0.999721
34.9 0.99974
35.1 0.999757
35.3 0.999775
35.5 0.999787
35.7 0.999802
35.9 0.999813
36.1 0.999827
36.3 0.999836
36.5 0.999847
36.7 0.999856
36.9 0.999864
37.1 0.999872
37.3 0.999879
37.5 0.999888
37.7 0.999896
37.9 0.999902
38.1 0.999908
38.3 0.999912
38.5 0.999916
38.7 0.999921
38.9 0.999924
39.1 0.999928
39.3 0.999932
39.5 0.999936
39.7 0.99994
39.9 0.999942
40.1 0.999944
40.3 0.999946
40.5 0.99995
40.7 0.999952
40.9 0.999953
41.1 0.999955
41.3 0.999957
41.5 0.999959
41.7 0.999962
41.9 0.999963
42.1 0.999965
42.3 0.999966
42.5 0.999968
42.7 0.999969
42.9 0.999971
43.1 0.999972
43.3 0.999973
43.5 0.999974
43.7 0.999974
43.9 0.999975
44.1 0.999975
44.3 0.999975
44.5 0.999976
44.7 0.999977
44.9 0.999978
45.1 0.999979
45.3 0.99998
45.5 0.99998
45.7 0.999981
45.9 0.999982
46.1 0.999983
46.3 0.999984
46.5 0.999986
46.7 0.999986
46.9 0.999987
47.1 0.999988
47.3 0.999989
47.5 0.999989
47.7 0.99999
47.9 0.999991
48.1 0.999992
48.3 0.999993
48.5 0.999995
48.7 0.999995
48.9 0.999996
49.1 0.999996
49.3 0.999997
49.5 0.999997
49.7 0.999998
49.9 0.999999
50.1 1
