1349
-209.5 6.57745e-07
-209.3 6.57745e-07
-209.1 9.86618e-07
-208.9 9.86618e-07
-208.7 9.86618e-07
-208.5 9.86618e-07
-208.3 1.31549e-06
-208.1 1.97324e-06
-207.9 1.97324e-06
-207.7 1.97324e-06
-207.5 1.97324e-06
-207.3 2.30211e-06
-207.1 2.30211e-06
-206.9 2.63098e-06
-206.7 2.63098e-06
-206.5 2.63098e-06
-206.3 2.63098e-06
-206.1 2.95985e-06
-205.9 2.95985e-06
-205.7 3.28873e-06
-205.5 3.6176e-06
-205.3 4.27534e-06
-205.1 4.60422e-06
-204.9 4.60422e-06
-204.7 4.60422e-06
-204.5 4.93309e-06
-204.3 5.59083e-06
-204.1 5.91971e-06
-203.9 6.24858e-06
-203.7 6.90632e-06
-203.5 6.90632e-06
-203.3 7.2352e-06
-203.1 7.2352e-06
-202.9 7.56407e-06
-202.7 7.89294e-06
-202.5 8.22182e-06
-202.3 8.55069e-06
-202.1 9.20843e-06
-201.9 9.86618e-06
-201.7 1.08528e-05
-201.5 1.2826e-05
-201.3 1.44704e-05
-201.1 1.77591e-05
-200.9 2.30211e-05
-200.7 2.79542e-05
-200.5 3.45316e-05
-200.3 4.37401e-05
-200.1 5.29485e-05
-199.9 6.90632e-05
-199.7 8.38625e-05
-199.5 0.000106884
-199.3 0.000135167
-199.1 0.000179564
-198.9 0.000235802
-198.7 0.000308811
-198.5 0.000399251
-198.3 0.0004989
-198.1 0.000647879
-197.9 0.000833034
-197.7 0.00106719
-197.5 0.00135298
-197.3 0.0017052
-197.1 0.00213175
-196.9 0.00265532
-196.7 0.00329563
-196.5 0.00404415
-196.3 0.00495414
-196.1 0.00597364
-195.9 0.00717205
-195.7 0.00844841
-195.5 0.00993228
-195.3 0.0115447
-195.1 0.0132569
-194.9 0.015113
-194.7 0.0170846
-194.5 0.0190957
-194.3 0.0211991
-194.1 0.0233651
-193.9 0.0255093
-193.7 0.0276766
-193.5 0.0298863
-193.3 0.0321193
-193.1 0.0343544
-192.9 0.0365391
-192.7 0.0387813
-192.5 0.0409335
-192.3 0.0430586
-192.1 0.0451249
-191.9 0.0472432
-191.7 0.0492654
-191.5 0.0512985
-191.3 0.0532902
-191.1 0.0552782
-190.9 0.0572179
-190.7 0.0591435
-190.5 0.061073
-190.3 0.0629965
-190.1 0.0649112
-189.9 0.0668259
-189.7 0.0686699
-189.5 0.0705129
-189.3 0.0723382
-189.1 0.0741456
-188.9 0.0759663
-188.7 0.0777491
-188.5 0.0795079
-188.3 0.0812907
-188.1 0.0830663
-187.9 0.0848162
-187.7 0.0865215
-187.5 0.0882355
-187.3 0.0899213
-187.1 0.0916236
-186.9 0.0933239
-186.7 0.0949758
-186.5 0.0966422
-186.3 0.0983099
-186.1 0.0999822
-185.9 0.101676
-185.7 0.103325
-185.5 0.10497
-185.3 0.106583
-185.1 0.108173
-184.9 0.109813
-184.7 0.111454
-184.5 0.113044
-184.3 0.114648
-184.1 0.116218
-183.9 0.117771
-183.7 0.119321
-183.5 0.120855
-183.3 0.122357
-183.1 0.12386
-182.9 0.125349
-182.7 0.126842
-182.5 0.128287
-182.3 0.129731
-182.1 0.131157
-181.9 0.132556
-181.7 0.133946
-181.5 0.135327
-181.3 0.136658
-181.1 0.137972
-180.9 0.139324
-180.7 0.140677
-180.5 0.141991
-180.3 0.143289
-180.1 0.144523
-179.9 0.145753
-179.7 0.146961
-179.5 0.148179
-179.3 0.149397
-179.1 0.150565
-178.9 0.151742
-178.7 0.152922
-178.5 0.15405
-178.3 0.1552
-178.1 0.156284
-177.9 0.157369
-177.7 0.158494
-177.5 0.159598
-177.3 0.160678
-177.1 0.161754
-176.9 0.162814
-176.7 0.163865
-176.5 0.164906
-176.3 0.165976
-176.1 0.167023
-175.9 0.168051
-175.7 0.169066
-175.5 0.170067
-175.3 0.171086
-175.1 0.17211
-174.9 0.17314
-174.7 0.174138
-174.5 0.175105
-174.3 0.176086
-174.1 0.177099
-173.9 0.178036
-173.7 0.179023
-173.5 0.179994
-173.3 0.180957
-173.1 0.181911
-172.9 0.182864
-172.7 0.18382
-172.5 0.184779
-172.3 0.185711
-172.1 0.186647
-171.9 0.187628
-171.7 0.188589
-171.5 0.189522
-171.3 0.190427
-171.1 0.191365
-170.9 0.192315
-170.7 0.193239
-170.5 0.194143
-170.3 0.195068
-170.1 0.195958
-169.9 0.196916
-169.7 0.197858
-169.5 0.198775
-169.3 0.199684
-169.1 0.20056
-168.9 0.201458
-168.7 0.202339
-168.5 0.20322
-168.3 0.204116
-168.1 0.205023
-167.9 0.205926
-167.7 0.20682
-167.5 0.207718
-167.3 0.208617
-167.1 0.209486
-166.9 0.210403
-166.7 0.21132
-166.5 0.212197
-166.3 0.213116
-166.1 0.214001
-165.9 0.214895
-165.7 0.215798
-165.5 0.216682
-165.3 0.217591
-165.1 0.218482
-164.9 0.219373
-164.7 0.22028
-164.5 0.221174
-164.3 0.222091
-164.1 0.222987
-163.9 0.223867
-163.7 0.22476
-163.5 0.225644
-163.3 0.226554
-163.1 0.227429
-162.9 0.228341
-162.7 0.229227
-162.5 0.230097
-162.3 0.23098
-162.1 0.231816
-161.9 0.232713
-161.7 0.233615
-161.5 0.234504
-161.3 0.235388
-161.1 0.236264
-160.9 0.237186
-160.7 0.238067
-160.5 0.238913
-160.3 0.239819
-160.1 0.240699
-159.9 0.241579
-159.7 0.242445
-159.5 0.243304
-159.3 0.244169
-159.1 0.245028
-158.9 0.245902
-158.7 0.246741
-158.5 0.247591
-158.3 0.24848
-158.1 0.24934
-157.9 0.250183
-157.7 0.251062
-157.5 0.251906
-157.3 0.252753
-157.1 0.253606
-156.9 0.25449
-156.7 0.255319
-156.5 0.25618
-156.3 0.25702
-156.1 0.257846
-155.9 0.258673
-155.7 0.259491
-155.5 0.260342
-155.3 0.261143
-155.1 0.261962
-154.9 0.262811
-154.7 0.263643
-154.5 0.264472
-154.3 0.265265
-154.1 0.266101
-153.9 0.266919
-153.7 0.267688
-153.5 0.26847
-153.3 0.269262
-153.1 0.270076
-152.9 0.270851
-152.7 0.271642
-152.5 0.272454
-152.3 0.273236
-152.1 0.274027
-151.9 0.274788
-151.7 0.275564
-151.5 0.276326
-151.3 0.277087
-151.1 0.277876
-150.9 0.278636
-150.7 0.279417
-150.5 0.280218
-150.3 0.281008
-150.1 0.281772
-149.9 0.282519
-149.7 0.283323
-149.5 0.284111
-149.3 0.284935
-149.1 0.285695
-148.9 0.286469
-148.7 0.287239
-148.5 0.288012
-148.3 0.288788
-148.1 0.28955
-147.9 0.290311
-147.7 0.291091
-147.5 0.291889
-147.3 0.292674
-147.1 0.293466
-146.9 0.294246
-146.7 0.295019
-146.5 0.295841
-146.3 0.296633
-146.1 0.297457
-145.9 0.298286
-145.7 0.299115
-145.5 0.299907
-145.3 0.300721
-145.1 0.30156
-144.9 0.302385
-144.7 0.303224
-144.5 0.304068
-144.3 0.304927
-144.1 0.305792
-143.9 0.306635
-143.7 0.307523
-143.5 0.30839
-143.3 0.309243
-143.1 0.310115
-142.9 0.310984
-142.7 0.311842
-142.5 0.312679
-142.3 0.313539
-142.1 0.314425
-141.9 0.315313
-141.7 0.316161
-141.5 0.317004
-141.3 0.317888
-141.1 0.318793
-140.9 0.319674
-140.7 0.320546
-140.5 0.321423
-140.3 0.322321
-140.1 0.323217
-139.9 0.324091
-139.7 0.324975
-139.5 0.325842
-139.3 0.32673
-139.1 0.32764
-138.9 0.328557
-138.7 0.329456
-138.5 0.3304
-138.3 0.331327
-138.1 0.33222
-137.9 0.333112
-137.7 0.33404
-137.5 0.334929
-137.3 0.335821
-137.1 0.336691
-136.9 0.337595
-136.7 0.338487
-136.5 0.339392
-136.3 0.340293
-136.1 0.341207
-135.9 0.342124
-135.7 0.343046
-135.5 0.343921
-135.3 0.344825
-135.1 0.34577
-134.9 0.346668
-134.7 0.347571
-134.5 0.348474
-134.3 0.349374
-134.1 0.350305
-133.9 0.351212
-133.7 0.352119
-133.5 0.353006
-133.3 0.353881
-133.1 0.354775
-132.9 0.355676
-132.7 0.356589
-132.5 0.357474
-132.3 0.358362
-132.1 0.359293
-131.9 0.360173
-131.7 0.361105
-131.5 0.361983
-131.3 0.362891
-131.1 0.363782
-130.9 0.364689
-130.7 0.365573
-130.5 0.366463
-130.3 0.367325
-130.1 0.368201
-129.9 0.369064
-129.7 0.369963
-129.5 0.370852
-129.3 0.371749
-129.1 0.37267
-128.9 0.373551
-128.7 0.374442
-128.5 0.375308
-128.3 0.376194
-128.1 0.377075
-127.9 0.377972
-127.7 0.378841
-127.5 0.379714
-127.3 0.380596
-127.1 0.381492
-126.9 0.38234
-126.7 0.383194
-126.5 0.384082
-126.3 0.384946
-126.1 0.385795
-125.9 0.386665
-125.7 0.387559
-125.5 0.388398
-125.3 0.389256
-125.1 0.390135
-124.9 0.391006
-124.7 0.391866
-124.5 0.392742
-124.3 0.393609
-124.1 0.394473
-123.9 0.395336
-123.7 0.396208
-123.5 0.397081
-123.3 0.397949
-123.1 0.398776
-122.9 0.399658
-122.7 0.400544
-122.5 0.40142
-122.3 0.40228
-122.1 0.403145
-121.9 0.404016
-121.7 0.404856
-121.5 0.40574
-121.3 0.406598
-121.1 0.407453
-120.9 0.408349
-120.7 0.409195
-120.5 0.410055
-120.3 0.410932
-120.1 0.411787
-119.9 0.412667
-119.7 0.413531
-119.5 0.414387
-119.3 0.415257
-119.1 0.416085
-118.9 0.416935
-118.7 0.41777
-118.5 0.418658
-118.3 0.419531
-118.1 0.420357
-117.9 0.421235
-117.7 0.422068
-117.5 0.422912
-117.3 0.423788
-117.1 0.424655
-116.9 0.425538
-116.7 0.426372
-116.5 0.427244
-116.3 0.42808
-116.1 0.428942
-115.9 0.429792
-115.7 0.430643
-115.5 0.431486
-115.3 0.432313
-115.1 0.433162
-114.9 0.433987
-114.7 0.434844
-114.5 0.435735
-114.3 0.436582
-114.1 0.437444
-113.9 0.438316
-113.7 0.43917
-113.5 0.439988
-113.3 0.440836
-113.1 0.441698
-112.9 0.44254
-112.7 0.443397
-112.5 0.444241
-112.3 0.445092
-112.1 0.44596
-111.9 0.446814
-111.7 0.44763
-111.5 0.448485
-111.3 0.4493
-111.1 0.45015
-110.9 0.45097
-110.7 0.451812
-110.5 0.452614
-110.3 0.453481
-110.1 0.454317
-109.9 0.455191
-109.7 0.456045
-109.5 0.456869
-109.3 0.457709
-109.1 0.458576
-108.9 0.459448
-108.7 0.460283
-108.5 0.461094
-108.3 0.46193
-108.1 0.462744
-107.9 0.463559
-107.7 0.464402
-107.5 0.465251
-107.3 0.466074
-107.1 0.466908
-106.9 0.467728
-106.7 0.46856
-106.5 0.469402
-106.3 0.470253
-106.1 0.471081
-105.9 0.471923
-105.7 0.472755
-105.5 0.473584
-105.3 0.474435
-105.1 0.475252
-104.9 0.476105
-104.7 0.47691
-104.5 0.477751
-104.3 0.478579
-104.1 0.479386
-103.9 0.480199
-103.7 0.481019
-103.5 0.481837
-103.3 0.482659
-103.1 0.483519
-102.9 0.484355
-102.7 0.485181
-102.5 0.486007
-102.3 0.486832
-102.1 0.487646
-101.9 0.488483
-101.7 0.489342
-101.5 0.490146
-101.3 0.49095
-101.1 0.491784
-100.9 0.492605
-100.7 0.493415
-100.5 0.494254
-100.3 0.495071
-100.1 0.495875
-99.9 0.496685
-99.7 0.497508
-99.5 0.498324
-99.3 0.499136
-99.1 0.499959
-98.9 0.500764
-98.7 0.501561
-98.5 0.502404
-98.3 0.503238
-98.1 0.504046
-97.9 0.504848
-97.7 0.505674
-97.5 0.506484
-97.3 0.507303
-97.1 0.508132
-96.9 0.508925
-96.7 0.509755
-96.5 0.510561
-96.3 0.511377
-96.1 0.512209
-95.9 0.513045
-95.7 0.513842
-95.5 0.51467
-95.3 0.515501
-95.1 0.516305
-94.9 0.517107
-94.7 0.517905
-94.5 0.518691
-94.3 0.519488
-94.1 0.520292
-93.9 0.521107
-93.7 0.52191
-93.5 0.522715
-93.3 0.523535
-93.1 0.524376
-92.9 0.52516
-92.7 0.525994
-92.5 0.526834
-92.3 0.527669
-92.1 0.528482
-91.9 0.529296
-91.7 0.530108
-91.5 0.530927
-91.3 0.531715
-91.1 0.532516
-90.9 0.533323
-90.7 0.534159
-90.5 0.53499
-90.3 0.535824
-90.1 0.536632
-89.9 0.537445
-89.7 0.538262
-89.5 0.539076
-89.3 0.539914
-89.1 0.540744
-88.9 0.541549
-88.7 0.542373
-88.5 0.543185
-88.3 0.544011
-88.1 0.54484
-87.9 0.545682
-87.7 0.546503
-87.5 0.547327
-87.3 0.548142
-87.1 0.548952
-86.9 0.549753
-86.7 0.55057
-86.5 0.551384
-86.3 0.552209
-86.1 0.553075
-85.9 0.553897
-85.7 0.554709
-85.5 0.555512
-85.3 0.556345
-85.1 0.557152
-84.9 0.557958
-84.7 0.5588
-84.5 0.559643
-84.3 0.560472
-84.1 0.561322
-83.9 0.562142
-83.7 0.562976
-83.5 0.563781
-83.3 0.564617
-83.1 0.565454
-82.9 0.566305
-82.7 0.567144
-82.5 0.567981
-82.3 0.568805
-82.1 0.569655
-81.9 0.57048
-81.7 0.571289
-81.5 0.572101
-81.3 0.572925
-81.1 0.57378
-80.9 0.574599
-80.7 0.575399
-80.5 0.576218
-80.3 0.577033
-80.1 0.577846
-79.9 0.578682
-79.7 0.579512
-79.5 0.580337
-79.3 0.581174
-79.1 0.582017
-78.9 0.582847
-78.7 0.583694
-78.5 0.584542
-78.3 0.585408
-78.1 0.586239
-77.9 0.587074
-77.7 0.587913
-77.5 0.588745
-77.3 0.589583
-77.1 0.590437
-76.9 0.591259
-76.7 0.592073
-76.5 0.592903
-76.3 0.59377
-76.1 0.594581
-75.9 0.59542
-75.7 0.59626
-75.5 0.597087
-75.3 0.597912
-75.1 0.598755
-74.9 0.599585
-74.7 0.60042
-74.5 0.601281
-74.3 0.602111
-74.1 0.602917
-73.9 0.603802
-73.7 0.604679
-73.5 0.605515
-73.3 0.606368
-73.1 0.607219
-72.9 0.608056
-72.7 0.608883
-72.5 0.609687
-72.3 0.610544
-72.1 0.611389
-71.9 0.612261
-71.7 0.613098
-71.5 0.61395
-71.3 0.6148
-71.1 0.615642
-70.9 0.616487
-70.7 0.617322
-70.5 0.618161
-70.3 0.61899
-70.1 0.619842
-69.9 0.620701
-69.7 0.621533
-69.5 0.622381
-69.3 0.623236
-69.1 0.624063
-68.9 0.624888
-68.7 0.625705
-68.5 0.626543
-68.3 0.627372
-68.1 0.628199
-67.9 0.629045
-67.7 0.629859
-67.5 0.630733
-67.3 0.631586
-67.1 0.632487
-66.9 0.633314
-66.7 0.63417
-66.5 0.635018
-66.3 0.63587
-66.1 0.636695
-65.9 0.63751
-65.7 0.638343
-65.5 0.639203
-65.3 0.64005
-65.1 0.64088
-64.9 0.641709
-64.7 0.642568
-64.5 0.643393
-64.3 0.644253
-64.1 0.645115
-63.9 0.64596
-63.7 0.646834
-63.5 0.647699
-63.3 0.648549
-63.1 0.649374
-62.9 0.65022
-62.7 0.651052
-62.5 0.65188
-62.3 0.652711
-62.1 0.653559
-61.9 0.654414
-61.7 0.655236
-61.5 0.656076
-61.3 0.656894
-61.1 0.657777
-60.9 0.65859
-60.7 0.659413
-60.5 0.66027
-60.3 0.661117
-60.1 0.66195
-59.9 0.662763
-59.7 0.663593
-59.5 0.664451
-59.3 0.665284
-59.1 0.666103
-58.9 0.666931
-58.7 0.667767
-58.5 0.668617
-58.3 0.669483
-58.1 0.670297
-57.9 0.671141
-57.7 0.671985
-57.5 0.672821
-57.3 0.673673
-57.1 0.67451
-56.9 0.675331
-56.7 0.676143
-56.5 0.676959
-56.3 0.677778
-56.1 0.678615
-55.9 0.679446
-55.7 0.68029
-55.5 0.681133
-55.3 0.681953
-55.1 0.682789
-54.9 0.683609
-54.7 0.684437
-54.5 0.68525
-54.3 0.686093
-54.1 0.686918
-53.9 0.687767
-53.7 0.68858
-53.5 0.68942
-53.3 0.690232
-53.1 0.691073
-52.9 0.691899
-52.7 0.692738
-52.5 0.693572
-52.3 0.694409
-52.1 0.695238
-51.9 0.696066
-51.7 0.696917
-51.5 0.69775
-51.3 0.698569
-51.1 0.699381
-50.9 0.700246
-50.7 0.701072
-50.5 0.701929
-50.3 0.702746
-50.1 0.703574
-49.9 0.704418
-49.7 0.705234
-49.5 0.706067
-49.3 0.706885
-49.1 0.707758
-48.9 0.708613
-48.7 0.709431
-48.5 0.710246
-48.3 0.711074
-48.1 0.711926
-47.9 0.712767
-47.7 0.713594
-47.5 0.714387
-47.3 0.715236
-47.1 0.716099
-46.9 0.716908
-46.7 0.717732
-46.5 0.718566
-46.3 0.719391
-46.1 0.720199
-45.9 0.72104
-45.7 0.72186
-45.5 0.722681
-45.3 0.723503
-45.1 0.724344
-44.9 0.725173
-44.7 0.725978
-44.5 0.726793
-44.3 0.727632
-44.1 0.728497
-43.9 0.729334
-43.7 0.730148
-43.5 0.730996
-43.3 0.731832
-43.1 0.732698
-42.9 0.73353
-42.7 0.734357
-42.5 0.735202
-42.3 0.736011
-42.1 0.736829
-41.9 0.737636
-41.7 0.738483
-41.5 0.739341
-41.3 0.740141
-41.1 0.740978
-40.9 0.7418
-40.7 0.74261
-40.5 0.743434
-40.3 0.744279
-40.1 0.745114
-39.9 0.745912
-39.7 0.746725
-39.5 0.747558
-39.3 0.748376
-39.1 0.749234
-38.9 0.750062
-38.7 0.750872
-38.5 0.751676
-38.3 0.752488
-38.1 0.753282
-37.9 0.754102
-37.7 0.754909
-37.5 0.755743
-37.3 0.756559
-37.1 0.757403
-36.9 0.758241
-36.7 0.759096
-36.5 0.759928
-36.3 0.760746
-36.1 0.761597
-35.9 0.762416
-35.7 0.763236
-35.5 0.764054
-35.3 0.764892
-35.1 0.765725
-34.9 0.76657
-34.7 0.767411
-34.5 0.768223
-34.3 0.769042
-34.1 0.769869
-33.9 0.770687
-33.7 0.771534
-33.5 0.772348
-33.3 0.773141
-33.1 0.773944
-32.9 0.774772
-32.7 0.775556
-32.5 0.77638
-32.3 0.777176
-32.1 0.778029
-31.9 0.778871
-31.7 0.779695
-31.5 0.780526
-31.3 0.781328
-31.1 0.782133
-30.9 0.782984
-30.7 0.783775
-30.5 0.784597
-30.3 0.785448
-30.1 0.78626
-29.9 0.787096
-29.7 0.787909
-29.5 0.788764
-29.3 0.789567
-29.1 0.79039
-28.9 0.791195
-28.7 0.792027
-28.5 0.79284
-28.3 0.793656
-28.1 0.794487
-27.9 0.795346
-27.7 0.796169
-27.5 0.796947
-27.3 0.797766
-27.1 0.798596
-26.9 0.799414
-26.7 0.800256
-26.5 0.8011
-26.3 0.801923
-26.1 0.802766
-25.9 0.803588
-25.7 0.804425
-25.5 0.805226
-25.3 0.806053
-25.1 0.806865
-24.9 0.807716
-24.7 0.808537
-24.5 0.809381
-24.3 0.810215
-24.1 0.811062
-23.9 0.811875
-23.7 0.812692
-23.5 0.81352
-23.3 0.814348
-23.1 0.815151
-22.9 0.815968
-22.7 0.816808
-22.5 0.817625
-22.3 0.818455
-22.1 0.81928
-21.9 0.820076
-21.7 0.820963
-21.5 0.821789
-21.3 0.822596
-21.1 0.823414
-20.9 0.824239
-20.7 0.825066
-20.5 0.825897
-20.3 0.826715
-20.1 0.827522
-19.9 0.82836
-19.7 0.829176
-19.5 0.829986
-19.3 0.830799
-19.1 0.831625
-18.9 0.832454
-18.7 0.833272
-18.5 0.834095
-18.3 0.834904
-18.1 0.835722
-17.9 0.836542
-17.7 0.837352
-17.5 0.838193
-17.3 0.83903
-17.1 0.839851
-16.9 0.840672
-16.7 0.841505
-16.5 0.842335
-16.3 0.843165
-16.1 0.844023
-15.9 0.844859
-15.7 0.845682
-15.5 0.846511
-15.3 0.847365
-15.1 0.848221
-14.9 0.849033
-14.7 0.849814
-14.5 0.850641
-14.3 0.851467
-14.1 0.852266
-13.9 0.85308
-13.7 0.853923
-13.5 0.854753
-13.3 0.85559
-13.1 0.856417
-12.9 0.857233
-12.7 0.858065
-12.5 0.858887
-12.3 0.859731
-12.1 0.860541
-11.9 0.861358
-11.7 0.862176
-11.5 0.862979
-11.3 0.863783
-11.1 0.864633
-10.9 0.865475
-10.7 0.866316
-10.5 0.867167
-10.3 0.867989
-10.1 0.868834
-9.9 0.869656
-9.7 0.870492
-9.5 0.871312
-9.3 0.872123
-9.1 0.872914
-8.9 0.873744
-8.7 0.874538
-8.5 0.875383
-8.3 0.876206
-8.1 0.877049
-7.9 0.877907
-7.7 0.878725
-7.5 0.879575
-7.3 0.880399
-7.1 0.88124
-6.9 0.88206
-6.7 0.882891
-6.5 0.883705
-6.3 0.884536
-6.1 0.885359
-5.9 0.886177
-5.7 0.886996
-5.5 0.887847
-5.3 0.888664
-5.1 0.889492
-4.9 0.890327
-4.7 0.891133
-4.5 0.891983
-4.3 0.892802
-4.1 0.893628
-3.9 0.894474
-3.7 0.895277
-3.5 0.896102
-3.3 0.896909
-3.1 0.897746
-2.9 0.898543
-2.7 0.899388
-2.5 0.900214
-2.3 0.901036
-2.1 0.901881
-1.9 0.902687
-1.7 0.903524
-1.5 0.904358
-1.3 0.905183
-1.1 0.906012
-0.899999 0.906818
-0.699999 0.907647
-0.499999 0.908472
-0.299999 0.909331
-0.0999994 0.910159
0.100001 0.910997
0.300001 0.911796
0.500001 0.912605
0.700001 0.913405
0.900001 0.914249
1.1 0.915054
1.3 0.915862
1.5 0.916701
1.7 0.917548
1.9 0.918376
2.1 0.919205
2.3 0.920015
2.5 0.920853
2.7 0.921686
2.9 0.922496
3.1 0.923333
3.3 0.924165
3.5 0.924966
3.7 0.925774
3.9 0.926621
4.1 0.927477
4.3 0.928326
4.5 0.929131
4.7 0.929958
4.9 0.9308
5.1 0.931603
5.3 0.932429
5.5 0.933239
5.7 0.934055
5.9 0.934903
6.1 0.935701
6.3 0.936523
6.5 0.93732
6.7 0.938154
6.9 0.938933
7.1 0.93975
7.3 0.940549
7.5 0.941335
7.7 0.942144
7.9 0.942955
8.1 0.943736
8.3 0.944524
8.5 0.945319
8.7 0.946111
8.9 0.946928
9.1 0.947748
9.3 0.948549
9.5 0.949356
9.7 0.950161
9.9 0.950954
10.1 0.951767
10.3 0.95254
10.5 0.953345
10.7 0.954117
10.9 0.954901
11.1 0.955682
11.3 0.956477
11.5 0.957229
11.7 0.958
11.9 0.958737
12.1 0.9595
12.3 0.960243
12.5 0.96102
12.7 0.961792
12.9 0.962536
13.1 0.963276
13.3 0.964012
13.5 0.964759
13.7 0.96544
13.9 0.966151
14.1 0.966879
14.3 0.9676
14.5 0.968291
14.7 0.968992
14.9 0.969661
15.1 0.970337
15.3 0.971027
15.5 0.971686
15.7 0.972358
15.9 0.973036
16.1 0.973716
16.3 0.97435
16.5 0.974971
16.7 0.975569
16.9 0.97619
17.1 0.976809
17.3 0.977409
17.5 0.978017
17.7 0.978579
17.9 0.979166
18.1 0.979719
18.3 0.980294
18.5 0.980826
18.7 0.981365
18.9 0.9819
19.1 0.982423
19.3 0.982947
19.5 0.983447
19.7 0.983968
19.9 0.984467
20.1 0.984974
20.3 0.985451
20.5 0.9859
20.7 0.986347
20.9 0.986772
21.1 0.987207
21.3 0.987648
21.5 0.988059
21.7 0.988464
21.9 0.988853
22.1 0.989225
22.3 0.989607
22.5 0.98997
22.7 0.990335
22.9 0.990671
23.1 0.991013
23.3 0.991334
23.5 0.991681
23.7 0.992005
23.9 0.992293
24.1 0.992595
24.3 0.992887
24.5 0.993176
24.7 0.993437
24.9 0.993721
25.1 0.993996
25.3 0.994236
25.5 0.994483
25.7 0.994722
25.9 0.994946
26.1 0.995166
26.3 0.995378
26.5 0.995589
26.7 0.995789
26.9 0.995993
27.1 0.996172
27.3 0.996347
27.5 0.996519
27.7 0.996692
27.9 0.996855
28.1 0.997011
28.3 0.99716
28.5 0.9973
28.7 0.997424
28.9 0.997551
29.1 0.997674
29.3 0.997806
29.5 0.997918
29.7 0.99802
29.9 0.998118
30.1 0.998215
30.3 0.99832
30.5 0.998409
30.7 0.998488
30.9 0.99856
31.1 0.998642
31.3 0.998714
31.5 0.998785
31.7 0.998847
31.9 0.998909
32.1 0.998966
32.3 0.999017
32.5 0.999063
32.7 0.999124
32.9 0.999172
33.1 0.999211
33.3 0.999257
33.5 0.999297
33.7 0.999335
33.9 0.999368
34.1 0.999396
34.3 0.999429
34.5 0.999455
34.7 0.999484
34.9 0.99951
35.1 0.99953
35.3 0.99955
35.5 0.999573
35.7 0.999588
35.9 0.999605
36.1 0.999619
36.3 0.999634
36.5 0.999648
36.7 0.999661
36.9 0.99967
37.1 0.999682
37.3 0.999693
37.5 0.999698
37.7 0.999709
37.9 0.999715
38.1 0.999722
38.3 0.99973
38.5 0.999735
38.7 0.999743
38.9 0.999748
39.1 0.999754
39.3 0.999759
39.5 0.999763
39.7 0.999767
39.9 0.999772
40.1 0.999775
40.3 0.999779
40.5 0.999782
40.7 0.999784
40.9 0.999785
41.1 0.999787
41.3 0.99979
41.5 0.999794
41.7 0.999797
41.9 0.9998
42.1 0.999804
42.3 0.999806
42.5 0.99981
42.7 0.999812
42.9 0.999816
43.1 0.999819
43.3 0.999821
43.5 0.999824
43.7 0.999827
43.9 0.999828
44.1 0.999829
44.3 0.999832
44.5 0.999835
44.7 0.999839
44.9 0.99984
45.1 0.99984
45.3 0.999843
45.5 0.999845
45.7 0.999848
45.9 0.99985
46.1 0.999852
46.3 0.999854
46.5 0.999856
46.7 0.999857
46.9 0.999858
47.1 0.999862
47.3 0.999865
47.5 0.999866
47.7 0.999868
47.9 0.999871
48.1 0.999875
48.3 0.999876
48.5 0.999878
48.7 0.99988
48.9 0.999884
49.1 0.999887
49.3 0.999888
49.5 0.999891
49.7 0.999891
49.9 0.999895
50.1 0.999897
50.3 0.999899
50.5 0.999901
50.7 0.999903
50.9 0.999905
51.1 0.999908
51.3 0.999909
51.5 0.999912
51.7 0.999914
51.9 0.999916
52.1 0.999918
52.3 0.999921
52.5 0.999921
52.7 0.999923
52.9 0.999925
53.1 0.999927
53.3 0.999929
53.5 0.999931
53.7 0.999935
53.9 0.999937
54.1 0.999939
54.3 0.999941
54.5 0.999943
54.7 0.999945
54.9 0.999947
55.1 0.999951
55.3 0.999952
55.5 0.999953
55.7 0.999957
55.9 0.999958
56.1 0.999961
56.3 0.999963
56.5 0.999965
56.7 0.999967
56.9 0.999967
57.1 0.99997
57.3 0.999972
57.5 0.999976
57.7 0.999977
57.9 0.999978
58.1 0.999978
58.3 0.99998
58.5 0.999982
58.7 0.999985
58.9 0.999988
59.1 0.999991
59.3 0.999992
59.5 0.999995
59.7 0.999997
59.9 0.999999
60.1 1
