1298
-209.3 3.31578e-07
-209.1 6.63156e-07
-208.9 9.94734e-07
-208.7 1.32631e-06
-208.5 1.32631e-06
-208.3 1.32631e-06
-208.1 1.65789e-06
-207.9 1.65789e-06
-207.7 1.65789e-06
-207.5 1.65789e-06
-207.3 1.98947e-06
-207.1 1.98947e-06
-206.9 2.32105e-06
-206.7 2.32105e-06
-206.5 2.65262e-06
-206.3 2.65262e-06
-206.1 2.65262e-06
-205.9 2.65262e-06
-205.7 2.65262e-06
-205.5 2.65262e-06
-205.3 2.65262e-06
-205.1 2.65262e-06
-204.9 2.65262e-06
-204.7 2.65262e-06
-204.5 2.65262e-06
-204.3 2.9842e-06
-204.1 2.9842e-06
-203.9 2.9842e-06
-203.7 2.9842e-06
-203.5 3.31578e-06
-203.3 3.31578e-06
-203.1 3.31578e-06
-202.9 3.64736e-06
-202.7 3.64736e-06
-202.5 4.31051e-06
-202.3 4.31051e-06
-202.1 4.64209e-06
-201.9 4.64209e-06
-201.7 4.64209e-06
-201.5 4.97367e-06
-201.3 5.30525e-06
-201.1 5.63683e-06
-200.9 5.9684e-06
-200.7 6.29998e-06
-200.5 6.29998e-06
-200.3 6.29998e-06
-200.1 6.29998e-06
-199.9 6.63156e-06
-199.7 7.29472e-06
-199.5 7.62629e-06
-199.3 7.62629e-06
-199.1 7.62629e-06
-198.9 7.95787e-06
-198.7 9.28418e-06
-198.5 1.02789e-05
-198.3 1.29315e-05
-198.1 1.4921e-05
-197.9 2.25473e-05
-197.7 3.41525e-05
-197.5 5.1063e-05
-197.3 7.79208e-05
-197.1 0.000121026
-196.9 0.000183031
-196.7 0.000280183
-196.5 0.000405188
-196.3 0.00056103
-196.1 0.000785508
-195.9 0.00110283
-195.7 0.00150006
-195.5 0.00201135
-195.3 0.00267351
-195.1 0.00344874
-194.9 0.00436423
-194.7 0.0055211
-194.5 0.00682918
-194.3 0.0083551
-194.1 0.0100448
-193.9 0.0118645
-193.7 0.0138069
-193.5 0.015858
-193.3 0.0179805
-193.1 0.0201593
-192.9 0.022356
-192.7 0.0246014
-192.5 0.0268266
-192.3 0.029084
-192.1 0.0312993
-191.9 0.0334857
-191.7 0.0356775
-191.5 0.0378417
-191.3 0.0399439
-191.1 0.0420325
-190.9 0.0441002
-190.7 0.0461663
-190.5 0.0481766
-190.3 0.0502172
-190.1 0.0521814
-189.9 0.0541351
-189.7 0.0560844
-189.5 0.0580208
-189.3 0.0599267
-189.1 0.06183
-188.9 0.0636812
-188.7 0.0655911
-188.5 0.0674231
-188.3 0.0692577
-188.1 0.0710953
-187.9 0.0729077
-187.7 0.0746535
-187.5 0.0764015
-187.3 0.0781672
-187.1 0.0799332
-186.9 0.0816849
-186.7 0.0834204
-186.5 0.085135
-186.3 0.0868585
-186.1 0.0885389
-185.9 0.0901866
-185.7 0.0919263
-185.5 0.0935988
-185.3 0.0953045
-185.1 0.0970074
-184.9 0.0986852
-184.7 0.10032
-184.5 0.101971
-184.3 0.103599
-184.1 0.105223
-183.9 0.106871
-183.7 0.108511
-183.5 0.110143
-183.3 0.11175
-183.1 0.113355
-182.9 0.114932
-182.7 0.116532
-182.5 0.118089
-182.3 0.11969
-182.1 0.12125
-181.9 0.122785
-181.7 0.124298
-181.5 0.125843
-181.3 0.127345
-181.1 0.128789
-180.9 0.130211
-180.7 0.131667
-180.5 0.133112
-180.3 0.134537
-180.1 0.135903
-179.9 0.137231
-179.7 0.138592
-179.5 0.139919
-179.3 0.141268
-179.1 0.14259
-178.9 0.143929
-178.7 0.145204
-178.5 0.146478
-178.3 0.147709
-178.1 0.148964
-177.9 0.150192
-177.7 0.1514
-177.5 0.152577
-177.3 0.15375
-177.1 0.154935
-176.9 0.156071
-176.7 0.157217
-176.5 0.158378
-176.3 0.159494
-176.1 0.160627
-175.9 0.161751
-175.7 0.162837
-175.5 0.163981
-175.3 0.165051
-175.1 0.166139
-174.9 0.167246
-174.7 0.168318
-174.5 0.16938
-174.3 0.170441
-174.1 0.171478
-173.9 0.172526
-173.7 0.173565
-173.5 0.174567
-173.3 0.175615
-173.1 0.176649
-172.9 0.177641
-172.7 0.178627
-172.5 0.179645
-172.3 0.180615
-172.1 0.181583
-171.9 0.182558
-171.7 0.183549
-171.5 0.184515
-171.3 0.185499
-171.1 0.186465
-170.9 0.187454
-170.7 0.188445
-170.5 0.189413
-170.3 0.190353
-170.1 0.191294
-169.9 0.192258
-169.7 0.193197
-169.5 0.194155
-169.3 0.195094
-169.1 0.196054
-168.9 0.19699
-168.7 0.197929
-168.5 0.198907
-168.3 0.199829
-168.1 0.200739
-167.9 0.201678
-167.7 0.20263
-167.5 0.203572
-167.3 0.204525
-167.1 0.20543
-166.9 0.206364
-166.7 0.207308
-166.5 0.208201
-166.3 0.209121
-166.1 0.210043
-165.9 0.210942
-165.7 0.211834
-165.5 0.212754
-165.3 0.213646
-165.1 0.214558
-164.9 0.215451
-164.7 0.216354
-164.5 0.217208
-164.3 0.218097
-164.1 0.219029
-163.9 0.219948
-163.7 0.220862
-163.5 0.221768
-163.3 0.222666
-163.1 0.223572
-162.9 0.224477
-162.7 0.225388
-162.5 0.226272
-162.3 0.227185
-162.1 0.228074
-161.9 0.228939
-161.7 0.229835
-161.5 0.230717
-161.3 0.231606
-161.1 0.232508
-160.9 0.233413
-160.7 0.2343
-160.5 0.235193
-160.3 0.236035
-160.1 0.23692
-159.9 0.237789
-159.7 0.238688
-159.5 0.239572
-159.3 0.240489
-159.1 0.241361
-158.9 0.242266
-158.7 0.243137
-158.5 0.244003
-158.3 0.244868
-158.1 0.245725
-157.9 0.246598
-157.7 0.247481
-157.5 0.248335
-157.3 0.249233
-157.1 0.250085
-156.9 0.250957
-156.7 0.251849
-156.5 0.252736
-156.3 0.253591
-156.1 0.254461
-155.9 0.255337
-155.7 0.256205
-155.5 0.257069
-155.3 0.257909
-155.1 0.258766
-154.9 0.259599
-154.7 0.260471
-154.5 0.261313
-154.3 0.262134
-154.1 0.262996
-153.9 0.263808
-153.7 0.264644
-153.5 0.265468
-153.3 0.2663
-153.1 0.267092
-152.9 0.267895
-152.7 0.268695
-152.5 0.269503
-152.3 0.270317
-152.1 0.271159
-151.9 0.271954
-151.7 0.272738
-151.5 0.273541
-151.3 0.274333
-151.1 0.27511
-150.9 0.275913
-150.7 0.276702
-150.5 0.27748
-150.3 0.278272
-150.1 0.279059
-149.9 0.27983
-149.7 0.280607
-149.5 0.281407
-149.3 0.282198
-149.1 0.282966
-148.9 0.28376
-148.7 0.284537
-148.5 0.285307
-148.3 0.286088
-148.1 0.286844
-147.9 0.28763
-147.7 0.288437
-147.5 0.289248
-147.3 0.290033
-147.1 0.290835
-146.9 0.291625
-146.7 0.292439
-146.5 0.29323
-146.3 0.29404
-146.1 0.29487
-145.9 0.29564
-145.7 0.296506
-145.5 0.297282
-145.3 0.298092
-145.1 0.298906
-144.9 0.299744
-144.7 0.300594
-144.5 0.301424
-144.3 0.302219
-144.1 0.303042
-143.9 0.30387
-143.7 0.304703
-143.5 0.30556
-143.3 0.306393
-143.1 0.307228
-142.9 0.308067
-142.7 0.308923
-142.5 0.309767
-142.3 0.310581
-142.1 0.311449
-141.9 0.312303
-141.7 0.313163
-141.5 0.314043
-141.3 0.314913
-141.1 0.315764
-140.9 0.316638
-140.7 0.317523
-140.5 0.318366
-140.3 0.319225
-140.1 0.320099
-139.9 0.320979
-139.7 0.321865
-139.5 0.322751
-139.3 0.323635
-139.1 0.324556
-138.9 0.325418
-138.7 0.326306
-138.5 0.327162
-138.3 0.328036
-138.1 0.328928
-137.9 0.329843
-137.7 0.330759
-137.5 0.331659
-137.3 0.332579
-137.1 0.333459
-136.9 0.334369
-136.7 0.335261
-136.5 0.33616
-136.3 0.337096
-136.1 0.338012
-135.9 0.338881
-135.7 0.339794
-135.5 0.340669
-135.3 0.341567
-135.1 0.342468
-134.9 0.343374
-134.7 0.344275
-134.5 0.345167
-134.3 0.346076
-134.1 0.347002
-133.9 0.347879
-133.7 0.348793
-133.5 0.349694
-133.3 0.350597
-133.1 0.351503
-132.9 0.352401
-132.7 0.353306
-132.5 0.354205
-132.3 0.355104
-132.1 0.355996
-131.9 0.356888
-131.7 0.357827
-131.5 0.3587
-131.3 0.359602
-131.1 0.360529
-130.9 0.36143
-130.7 0.362369
-130.5 0.363291
-130.3 0.364197
-130.1 0.365112
-129.9 0.366047
-129.7 0.366938
-129.5 0.367833
-129.3 0.368767
-129.1 0.369676
-128.9 0.370577
-128.7 0.371486
-128.5 0.372417
-128.3 0.373312
-128.1 0.37423
-127.9 0.375142
-127.7 0.376064
-127.5 0.376992
-127.3 0.377875
-127.1 0.378739
-126.9 0.379655
-126.7 0.380517
-126.5 0.381452
-126.3 0.382343
-126.1 0.3832
-125.9 0.384087
-125.7 0.384997
-125.5 0.385862
-125.3 0.386733
-125.1 0.387638
-124.9 0.388549
-124.7 0.389447
-124.5 0.390337
-124.3 0.391218
-124.1 0.39212
-123.9 0.392995
-123.7 0.393886
-123.5 0.3948
-123.3 0.395673
-123.1 0.396548
-122.9 0.397418
-122.7 0.398268
-122.5 0.399138
-122.3 0.400017
-122.1 0.40091
-121.9 0.401803
-121.7 0.402661
-121.5 0.403545
-121.3 0.404408
-121.1 0.4053
-120.9 0.40617
-120.7 0.407048
-120.5 0.407886
-120.3 0.408764
-120.1 0.409634
-119.9 0.41048
-119.7 0.41133
-119.5 0.412185
-119.3 0.41307
-119.1 0.413901
-118.9 0.414766
-118.7 0.415646
-118.5 0.416538
-118.3 0.417387
-118.1 0.418267
-117.9 0.419122
-117.7 0.419957
-117.5 0.420849
-117.3 0.421733
-117.1 0.422595
-116.9 0.42344
-116.7 0.424306
-116.5 0.425186
-116.3 0.426051
-116.1 0.426907
-115.9 0.427785
-115.7 0.428645
-115.5 0.429509
-115.3 0.430385
-115.1 0.431271
-114.9 0.432136
-114.7 0.433019
-114.5 0.433897
-114.3 0.434792
-114.1 0.43565
-113.9 0.436548
-113.7 0.437394
-113.5 0.438255
-113.3 0.439106
-113.1 0.439983
-112.9 0.440838
-112.7 0.441684
-112.5 0.44254
-112.3 0.443383
-112.1 0.444224
-111.9 0.445085
-111.7 0.445947
-111.5 0.44679
-111.3 0.447651
-111.1 0.448505
-110.9 0.449367
-110.7 0.450213
-110.5 0.451053
-110.3 0.451874
-110.1 0.45271
-109.9 0.453559
-109.7 0.454409
-109.5 0.455263
-109.3 0.456148
-109.1 0.456992
-108.9 0.457849
-108.7 0.458714
-108.5 0.459563
-108.3 0.460432
-108.1 0.461281
-107.9 0.462149
-107.7 0.463029
-107.5 0.463862
-107.3 0.464705
-107.1 0.465556
-106.9 0.466425
-106.7 0.467281
-106.5 0.468127
-106.3 0.468959
-106.1 0.469784
-105.9 0.470629
-105.7 0.471493
-105.5 0.472354
-105.3 0.473187
-105.1 0.474008
-104.9 0.474847
-104.7 0.475693
-104.5 0.476529
-104.3 0.477364
-104.1 0.478202
-103.9 0.479043
-103.7 0.479893
-103.5 0.480715
-103.3 0.481573
-103.1 0.482433
-102.9 0.48326
-102.7 0.484088
-102.5 0.48494
-102.3 0.485778
-102.1 0.486617
-101.9 0.487429
-101.7 0.488236
-101.5 0.489053
-101.3 0.489902
-101.1 0.490741
-100.9 0.49159
-100.7 0.492412
-100.5 0.493237
-100.3 0.494069
-100.1 0.494896
-99.9 0.495723
-99.7 0.496565
-99.5 0.497387
-99.3 0.498236
-99.1 0.499069
-98.9 0.499878
-98.7 0.500736
-98.5 0.501586
-98.3 0.502398
-98.1 0.503239
-97.9 0.504049
-97.7 0.50486
-97.5 0.5057
-97.3 0.506507
-97.1 0.507362
-96.9 0.508181
-96.7 0.509016
-96.5 0.509842
-96.3 0.510668
-96.1 0.511496
-95.9 0.512311
-95.7 0.513153
-95.5 0.514011
-95.3 0.514816
-95.1 0.515633
-94.9 0.516443
-94.7 0.517282
-94.5 0.518085
-94.3 0.518909
-94.1 0.51973
-93.9 0.520546
-93.7 0.521376
-93.5 0.522209
-93.3 0.523026
-93.1 0.523842
-92.9 0.524691
-92.7 0.525486
-92.5 0.526323
-92.3 0.52714
-92.1 0.527961
-91.9 0.528791
-91.7 0.529632
-91.5 0.53047
-91.3 0.531326
-91.1 0.532152
-90.9 0.532973
-90.7 0.533781
-90.5 0.534599
-90.3 0.535425
-90.1 0.536247
-89.9 0.537057
-89.7 0.537855
-89.5 0.538695
-89.3 0.539525
-89.1 0.540325
-88.9 0.541128
-88.7 0.541925
-88.5 0.54273
-88.3 0.54353
-88.1 0.544335
-87.9 0.54516
-87.7 0.545993
-87.5 0.546829
-87.3 0.547682
-87.1 0.548497
-86.9 0.549322
-86.7 0.550155
-86.5 0.550979
-86.3 0.551804
-86.1 0.552607
-85.9 0.553439
-85.7 0.554234
-85.5 0.555061
-85.3 0.555899
-85.1 0.556733
-84.9 0.557583
-84.7 0.558441
-84.5 0.559251
-84.3 0.560059
-84.1 0.560878
-83.9 0.561678
-83.7 0.562492
-83.5 0.563298
-83.3 0.564107
-83.1 0.564912
-82.9 0.565753
-82.7 0.566577
-82.5 0.567406
-82.3 0.568255
-82.1 0.569074
-81.9 0.569911
-81.7 0.570699
-81.5 0.57151
-81.3 0.572313
-81.1 0.57313
-80.9 0.573985
-80.7 0.574792
-80.5 0.575613
-80.3 0.576438
-80.1 0.577246
-79.9 0.578074
-79.7 0.578875
-79.5 0.579727
-79.3 0.580557
-79.1 0.581362
-78.9 0.582211
-78.7 0.583063
-78.5 0.583889
-78.3 0.584741
-78.1 0.585574
-77.9 0.586408
-77.7 0.587263
-77.5 0.58811
-77.3 0.58891
-77.1 0.589728
-76.9 0.590566
-76.7 0.591412
-76.5 0.592248
-76.3 0.593085
-76.1 0.593928
-75.9 0.594737
-75.7 0.595577
-75.5 0.596425
-75.3 0.597254
-75.1 0.598107
-74.9 0.598971
-74.7 0.59979
-74.5 0.600626
-74.3 0.601479
-74.1 0.602311
-73.9 0.603148
-73.7 0.603988
-73.5 0.604822
-73.3 0.605646
-73.1 0.606501
-72.9 0.60739
-72.7 0.608218
-72.5 0.609062
-72.3 0.609916
-72.1 0.610754
-71.9 0.61159
-71.7 0.612458
-71.5 0.613305
-71.3 0.614154
-71.1 0.615004
-70.9 0.615894
-70.7 0.61675
-70.5 0.617611
-70.3 0.618462
-70.1 0.619296
-69.9 0.62015
-69.7 0.620999
-69.5 0.62182
-69.3 0.622636
-69.1 0.623457
-68.9 0.624322
-68.7 0.625179
-68.5 0.626
-68.3 0.626833
-68.1 0.627677
-67.9 0.628523
-67.7 0.629344
-67.5 0.630184
-67.3 0.63103
-67.1 0.631885
-66.9 0.632721
-66.7 0.633595
-66.5 0.63449
-66.3 0.635318
-66.1 0.636194
-65.9 0.636994
-65.7 0.637833
-65.5 0.638671
-65.3 0.639534
-65.1 0.640399
-64.9 0.641253
-64.7 0.642087
-64.5 0.642903
-64.3 0.64377
-64.1 0.64463
-63.9 0.645477
-63.7 0.646339
-63.5 0.647191
-63.3 0.648026
-63.1 0.64888
-62.9 0.649721
-62.7 0.650557
-62.5 0.651372
-62.3 0.65222
-62.1 0.653077
-61.9 0.653935
-61.7 0.654783
-61.5 0.655635
-61.3 0.656464
-61.1 0.657332
-60.9 0.658204
-60.7 0.659013
-60.5 0.659862
-60.3 0.660721
-60.1 0.661569
-59.9 0.662438
-59.7 0.663262
-59.5 0.664102
-59.3 0.66492
-59.1 0.665757
-58.9 0.666593
-58.7 0.667442
-58.5 0.66827
-58.3 0.669117
-58.1 0.66997
-57.9 0.670807
-57.7 0.671654
-57.5 0.672503
-57.3 0.673353
-57.1 0.674184
-56.9 0.67502
-56.7 0.675849
-56.5 0.676682
-56.3 0.677519
-56.1 0.678361
-55.9 0.679179
-55.7 0.680018
-55.5 0.680834
-55.3 0.681668
-55.1 0.682493
-54.9 0.683344
-54.7 0.684208
-54.5 0.685069
-54.3 0.6859
-54.1 0.686731
-53.9 0.687591
-53.7 0.688445
-53.5 0.689289
-53.3 0.690102
-53.1 0.690939
-52.9 0.691798
-52.7 0.692651
-52.5 0.69348
-52.3 0.694325
-52.1 0.695177
-51.9 0.696042
-51.7 0.696886
-51.5 0.697715
-51.3 0.698525
-51.1 0.699334
-50.9 0.700171
-50.7 0.701013
-50.5 0.701854
-50.3 0.702715
-50.1 0.703543
-49.9 0.704372
-49.7 0.705204
-49.5 0.706078
-49.3 0.706927
-49.1 0.707726
-48.9 0.708555
-48.7 0.709398
-48.5 0.710254
-48.3 0.711143
-48.1 0.711998
-47.9 0.712852
-47.7 0.713681
-47.5 0.714495
-47.3 0.715327
-47.1 0.716197
-46.9 0.71703
-46.7 0.717904
-46.5 0.718714
-46.3 0.719561
-46.1 0.720387
-45.9 0.72124
-45.7 0.722036
-45.5 0.722877
-45.3 0.723699
-45.1 0.724525
-44.9 0.725353
-44.7 0.726181
-44.5 0.727052
-44.3 0.727877
-44.1 0.728725
-43.9 0.729566
-43.7 0.73042
-43.5 0.731275
-43.3 0.73213
-43.1 0.732982
-42.9 0.733828
-42.7 0.734672
-42.5 0.73548
-42.3 0.736324
-42.1 0.737162
-41.9 0.73803
-41.7 0.738876
-41.5 0.739702
-41.3 0.740521
-41.1 0.74139
-40.9 0.742223
-40.7 0.743064
-40.5 0.743887
-40.3 0.744747
-40.1 0.745611
-39.9 0.746465
-39.7 0.747294
-39.5 0.748124
-39.3 0.748951
-39.1 0.749778
-38.9 0.750599
-38.7 0.751429
-38.5 0.75226
-38.3 0.753068
-38.1 0.753899
-37.9 0.754721
-37.7 0.755538
-37.5 0.756376
-37.3 0.757212
-37.1 0.758021
-36.9 0.758852
-36.7 0.759667
-36.5 0.760535
-36.3 0.761341
-36.1 0.762161
-35.9 0.763031
-35.7 0.763869
-35.5 0.764708
-35.3 0.765538
-35.1 0.766363
-34.9 0.767193
-34.7 0.768021
-34.5 0.768844
-34.3 0.769667
-34.1 0.770512
-33.9 0.771367
-33.7 0.77221
-33.5 0.773035
-33.3 0.773855
-33.1 0.774668
-32.9 0.775494
-32.7 0.776294
-32.5 0.777127
-32.3 0.777991
-32.1 0.778816
-31.9 0.779656
-31.7 0.780494
-31.5 0.781333
-31.3 0.782155
-31.1 0.783002
-30.9 0.783862
-30.7 0.784694
-30.5 0.785518
-30.3 0.786352
-30.1 0.787163
-29.9 0.787999
-29.7 0.788824
-29.5 0.789618
-29.3 0.790448
-29.1 0.791286
-28.9 0.792125
-28.7 0.792987
-28.5 0.793795
-28.3 0.794612
-28.1 0.795447
-27.9 0.796281
-27.7 0.797125
-27.5 0.797947
-27.3 0.798748
-27.1 0.799576
-26.9 0.800368
-26.7 0.801196
-26.5 0.802022
-26.3 0.802844
-26.1 0.803649
-25.9 0.804491
-25.7 0.805312
-25.5 0.806158
-25.3 0.806988
-25.1 0.807782
-24.9 0.808608
-24.7 0.809448
-24.5 0.810269
-24.3 0.811097
-24.1 0.811911
-23.9 0.812726
-23.7 0.813539
-23.5 0.814365
-23.3 0.815179
-23.1 0.816012
-22.9 0.816846
-22.7 0.817667
-22.5 0.818491
-22.3 0.819352
-22.1 0.820145
-21.9 0.820955
-21.7 0.821735
-21.5 0.822564
-21.3 0.823379
-21.1 0.824191
-20.9 0.82502
-20.7 0.825841
-20.5 0.826663
-20.3 0.827507
-20.1 0.828314
-19.9 0.829131
-19.7 0.829958
-19.5 0.830787
-19.3 0.83165
-19.1 0.832485
-18.9 0.833298
-18.7 0.83414
-18.5 0.83497
-18.3 0.835797
-18.1 0.836635
-17.9 0.837456
-17.7 0.838293
-17.5 0.839128
-17.3 0.839927
-17.1 0.840732
-16.9 0.841542
-16.7 0.842368
-16.5 0.84322
-16.3 0.844066
-16.1 0.844879
-15.9 0.84572
-15.7 0.846541
-15.5 0.847316
-15.3 0.84814
-15.1 0.848954
-14.9 0.849794
-14.7 0.850636
-14.5 0.851492
-14.3 0.852327
-14.1 0.853202
-13.9 0.854017
-13.7 0.854855
-13.5 0.855699
-13.3 0.856588
-13.1 0.857412
-12.9 0.858281
-12.7 0.859106
-12.5 0.859939
-12.3 0.860791
-12.1 0.861621
-11.9 0.862413
-11.7 0.863244
-11.5 0.864072
-11.3 0.864901
-11.1 0.865744
-10.9 0.866566
-10.7 0.867403
-10.5 0.868251
-10.3 0.869085
-10.1 0.869882
-9.9 0.870699
-9.7 0.87152
-9.5 0.872352
-9.3 0.873188
-9.1 0.874032
-8.9 0.874852
-8.7 0.875667
-8.5 0.876497
-8.3 0.877311
-8.1 0.878151
-7.9 0.878992
-7.7 0.879799
-7.5 0.880639
-7.3 0.88149
-7.1 0.882295
-6.9 0.883104
-6.7 0.88396
-6.5 0.884773
-6.3 0.885618
-6.1 0.886473
-5.9 0.887292
-5.7 0.888094
-5.5 0.888897
-5.3 0.889709
-5.1 0.890528
-4.9 0.891363
-4.7 0.892182
-4.5 0.893001
-4.3 0.893818
-4.1 0.894639
-3.9 0.89544
-3.7 0.896256
-3.5 0.897089
-3.3 0.897916
-3.1 0.898749
-2.9 0.899585
-2.7 0.900385
-2.5 0.90121
-2.3 0.90205
-2.1 0.90289
-1.9 0.903707
-1.7 0.904547
-1.5 0.905358
-1.3 0.906174
-1.1 0.907018
-0.899999 0.907873
-0.699999 0.908707
-0.499999 0.90955
-0.299999 0.910398
-0.0999994 0.911223
0.100001 0.912048
0.300001 0.912899
0.500001 0.913706
0.700001 0.914534
0.900001 0.915366
1.1 0.916162
1.3 0.916978
1.5 0.917834
1.7 0.918687
1.9 0.919479
2.1 0.920304
2.3 0.921089
2.5 0.921919
2.7 0.922749
2.9 0.923575
3.1 0.924442
3.3 0.92527
3.5 0.926097
3.7 0.926901
3.9 0.927722
4.1 0.928573
4.3 0.929393
4.5 0.930241
4.7 0.931031
4.9 0.931875
5.1 0.932705
5.3 0.933536
5.5 0.934367
5.7 0.935166
5.9 0.93599
6.1 0.936835
6.3 0.937657
6.5 0.938479
6.7 0.9393
6.9 0.940124
7.1 0.940942
7.3 0.941731
7.5 0.942529
7.7 0.943351
7.9 0.944156
8.1 0.94494
8.3 0.945778
8.5 0.946608
8.7 0.947411
8.9 0.948195
9.1 0.948996
9.3 0.949835
9.5 0.950637
9.7 0.951411
9.9 0.952209
10.1 0.952995
10.3 0.953787
10.5 0.954568
10.7 0.955345
10.9 0.956107
11.1 0.956884
11.3 0.957656
11.5 0.958467
11.7 0.959236
11.9 0.960008
12.1 0.960766
12.3 0.961513
12.5 0.962242
12.7 0.963002
12.9 0.963735
13.1 0.964481
13.3 0.965188
13.5 0.965906
13.7 0.966612
13.9 0.967344
14.1 0.968055
14.3 0.968716
14.5 0.969401
14.7 0.97008
14.9 0.970777
15.1 0.971444
15.3 0.972118
15.5 0.972732
15.7 0.973392
15.9 0.974039
16.1 0.974678
16.3 0.975322
16.5 0.97594
16.7 0.976549
16.9 0.977125
17.1 0.977691
17.3 0.978283
17.5 0.978873
17.7 0.979412
17.9 0.979972
18.1 0.980507
18.3 0.981067
18.5 0.981598
18.7 0.982125
18.9 0.982638
19.1 0.983164
19.3 0.983668
19.5 0.984163
19.7 0.984673
19.9 0.985142
20.1 0.985576
20.3 0.986032
20.5 0.986479
20.7 0.986913
20.9 0.98732
21.1 0.987747
21.3 0.988176
21.5 0.988574
21.7 0.988975
21.9 0.989328
22.1 0.98969
22.3 0.990075
22.5 0.990434
22.7 0.990778
22.9 0.991121
23.1 0.99146
23.3 0.991795
23.5 0.992121
23.7 0.992411
23.9 0.992698
24.1 0.992994
24.3 0.993289
24.5 0.993562
24.7 0.993817
24.9 0.994073
25.1 0.994331
25.3 0.994563
25.5 0.994801
25.7 0.99503
25.9 0.995256
26.1 0.995468
26.3 0.995667
26.5 0.995872
26.7 0.996051
26.9 0.99624
27.1 0.99642
27.3 0.996588
27.5 0.996762
27.7 0.996914
27.9 0.99706
28.1 0.997207
28.3 0.997338
28.5 0.997462
28.7 0.997576
28.9 0.9977
29.1 0.997811
29.3 0.997927
29.5 0.998033
29.7 0.998133
29.9 0.998238
30.1 0.998329
30.3 0.99842
30.5 0.998499
30.7 0.998585
30.9 0.998661
31.1 0.998734
31.3 0.998802
31.5 0.998864
31.7 0.998922
31.9 0.998981
32.1 0.999026
32.3 0.999078
32.5 0.999125
32.7 0.99917
32.9 0.999217
33.1 0.999259
33.3 0.999302
33.5 0.999339
33.7 0.99937
33.9 0.999403
34.1 0.999431
34.3 0.999462
34.5 0.999493
34.7 0.999518
34.9 0.99954
35.1 0.999566
35.3 0.99959
35.5 0.999609
35.7 0.999628
35.9 0.999641
36.1 0.999659
36.3 0.999673
36.5 0.999688
36.7 0.999705
36.9 0.999716
37.1 0.99973
37.3 0.999745
37.5 0.999755
37.7 0.999765
37.9 0.999777
38.1 0.999788
38.3 0.999796
38.5 0.999804
38.7 0.999812
38.9 0.999821
39.1 0.999828
39.3 0.999836
39.5 0.999843
39.7 0.999848
39.9 0.999853
40.1 0.999859
40.3 0.999862
40.5 0.999866
40.7 0.999871
40.9 0.999875
41.1 0.999879
41.3 0.999881
41.5 0.999884
41.7 0.999888
41.9 0.999893
42.1 0.999898
42.3 0.999903
42.5 0.999905
42.7 0.999909
42.9 0.999913
43.1 0.999917
43.3 0.99992
43.5 0.999924
43.7 0.999926
43.9 0.999929
44.1 0.999932
44.3 0.999935
44.5 0.999938
44.7 0.999939
44.9 0.999941
45.1 0.999945
45.3 0.999949
45.5 0.999953
45.7 0.999955
45.9 0.999956
46.1 0.999958
46.3 0.999962
46.5 0.999964
46.7 0.999967
46.9 0.999969
47.1 0.99997
47.3 0.999972
47.5 0.999975
47.7 0.999977
47.9 0.999979
48.1 0.999981
48.3 0.999983
48.5 0.999987
48.7 0.999987
48.9 0.99999
49.1 0.999992
49.3 0.999993
49.5 0.999994
49.7 0.999997
49.9 0.999999
50.1 1
