1296
-208.9 3.60135e-07
-208.7 3.60135e-07
-208.5 3.60135e-07
-208.3 3.60135e-07
-208.1 3.60135e-07
-207.9 7.2027e-07
-207.7 1.0804e-06
-207.5 1.44054e-06
-207.3 1.44054e-06
-207.1 1.44054e-06
-206.9 2.16081e-06
-206.7 2.52094e-06
-206.5 2.52094e-06
-206.3 2.52094e-06
-206.1 2.52094e-06
-205.9 2.52094e-06
-205.7 2.88108e-06
-205.5 2.88108e-06
-205.3 2.88108e-06
-205.1 2.88108e-06
-204.9 2.88108e-06
-204.7 2.88108e-06
-204.5 2.88108e-06
-204.3 2.88108e-06
-204.1 3.24121e-06
-203.9 3.24121e-06
-203.7 3.24121e-06
-203.5 3.24121e-06
-203.3 3.60135e-06
-203.1 3.60135e-06
-202.9 3.96148e-06
-202.7 4.32162e-06
-202.5 4.32162e-06
-202.3 5.04189e-06
-202.1 5.04189e-06
-201.9 5.04189e-06
-201.7 5.04189e-06
-201.5 5.04189e-06
-201.3 5.04189e-06
-201.1 5.04189e-06
-200.9 5.04189e-06
-200.7 5.04189e-06
-200.5 5.04189e-06
-200.3 5.04189e-06
-200.1 5.04189e-06
-199.9 5.04189e-06
-199.7 5.40202e-06
-199.5 5.40202e-06
-199.3 5.40202e-06
-199.1 5.40202e-06
-198.9 5.76216e-06
-198.7 5.76216e-06
-198.5 5.76216e-06
-198.3 6.48243e-06
-198.1 8.64324e-06
-197.9 1.22446e-05
-197.7 1.94473e-05
-197.5 3.45729e-05
-197.3 5.54608e-05
-197.1 9.14742e-05
-196.9 0.000144414
-196.7 0.000210679
-196.5 0.000311156
-196.3 0.000441525
-196.1 0.000616191
-195.9 0.000832632
-195.7 0.00113118
-195.5 0.00149132
-195.3 0.00195697
-195.1 0.00253319
-194.9 0.003207
-194.7 0.00402919
-194.5 0.00493385
-194.3 0.0059948
-194.1 0.00714868
-193.9 0.00847829
-193.7 0.00985761
-193.5 0.0113374
-193.3 0.0128788
-193.1 0.0144655
-192.9 0.0161362
-192.7 0.0178447
-192.5 0.0195849
-192.3 0.0213117
-192.1 0.0230616
-191.9 0.0248288
-191.7 0.0265877
-191.5 0.0283448
-191.3 0.0300867
-191.1 0.0318557
-190.9 0.0335833
-190.7 0.0353321
-190.5 0.0370816
-190.3 0.0387566
-190.1 0.0404496
-189.9 0.0421379
-189.7 0.043818
-189.5 0.0454483
-189.3 0.0470988
-189.1 0.048683
-188.9 0.0502611
-188.7 0.0518659
-188.5 0.0534346
-188.3 0.0549854
-188.1 0.0565757
-187.9 0.0580991
-187.7 0.0596329
-187.5 0.061139
-187.3 0.0626595
-187.1 0.0641796
-186.9 0.0656681
-186.7 0.0671687
-186.5 0.0686827
-186.3 0.0701625
-186.1 0.0715663
-185.9 0.0730289
-185.7 0.0744953
-185.5 0.0759175
-185.3 0.0773209
-185.1 0.0787384
-184.9 0.0801801
-184.7 0.0816055
-184.5 0.0829869
-184.3 0.0843753
-184.1 0.0857506
-183.9 0.0871357
-183.7 0.0884732
-183.5 0.0898533
-183.3 0.0911598
-183.1 0.0924859
-182.9 0.0938173
-182.7 0.0951728
-182.5 0.09651
-182.3 0.097791
-182.1 0.0990727
-181.9 0.100346
-181.7 0.101659
-181.5 0.10293
-181.3 0.104204
-181.1 0.105483
-180.9 0.106724
-180.7 0.107985
-180.5 0.109201
-180.3 0.110429
-180.1 0.111627
-179.9 0.112858
-179.7 0.11405
-179.5 0.115213
-179.3 0.116344
-179.1 0.117519
-178.9 0.118685
-178.7 0.119834
-178.5 0.120991
-178.3 0.122133
-178.1 0.123295
-177.9 0.124401
-177.7 0.125473
-177.5 0.12657
-177.3 0.127673
-177.1 0.128738
-176.9 0.129846
-176.7 0.130902
-176.5 0.131975
-176.3 0.13303
-176.1 0.134085
-175.9 0.135134
-175.7 0.136167
-175.5 0.137203
-175.3 0.138236
-175.1 0.139239
-174.9 0.140307
-174.7 0.141351
-174.5 0.142389
-174.3 0.143414
-174.1 0.144426
-173.9 0.145418
-173.7 0.146439
-173.5 0.14745
-173.3 0.148456
-173.1 0.14942
-172.9 0.150366
-172.7 0.15134
-172.5 0.152312
-172.3 0.153285
-172.1 0.154269
-171.9 0.155238
-171.7 0.156238
-171.5 0.157188
-171.3 0.158195
-171.1 0.159176
-170.9 0.160156
-170.7 0.161138
-170.5 0.162099
-170.3 0.163046
-170.1 0.163999
-169.9 0.164917
-169.7 0.165825
-169.5 0.166803
-169.3 0.167762
-169.1 0.168713
-168.9 0.169674
-168.7 0.17063
-168.5 0.171591
-168.3 0.17256
-168.1 0.173499
-167.9 0.174431
-167.7 0.175347
-167.5 0.176294
-167.3 0.177231
-167.1 0.178156
-166.9 0.179079
-166.7 0.180017
-166.5 0.180934
-166.3 0.181871
-166.1 0.182794
-165.9 0.183711
-165.7 0.184656
-165.5 0.185574
-165.3 0.186476
-165.1 0.187406
-164.9 0.188381
-164.7 0.189314
-164.5 0.190261
-164.3 0.191176
-164.1 0.192092
-163.9 0.193024
-163.7 0.19394
-163.5 0.194856
-163.3 0.195766
-163.1 0.196687
-162.9 0.197549
-162.7 0.198485
-162.5 0.199428
-162.3 0.200349
-162.1 0.201245
-161.9 0.202165
-161.7 0.203045
-161.5 0.203913
-161.3 0.20483
-161.1 0.205762
-160.9 0.206675
-160.7 0.207599
-160.5 0.208526
-160.3 0.209438
-160.1 0.210326
-159.9 0.211201
-159.7 0.2121
-159.5 0.213015
-159.3 0.213934
-159.1 0.214839
-158.9 0.215758
-158.7 0.216666
-158.5 0.21758
-158.3 0.218524
-158.1 0.21942
-157.9 0.220295
-157.7 0.221192
-157.5 0.222112
-157.3 0.223014
-157.1 0.223916
-156.9 0.224809
-156.7 0.225724
-156.5 0.226613
-156.3 0.227534
-156.1 0.228404
-155.9 0.229324
-155.7 0.230218
-155.5 0.231097
-155.3 0.232031
-155.1 0.232925
-154.9 0.233848
-154.7 0.234747
-154.5 0.235646
-154.3 0.236547
-154.1 0.237462
-153.9 0.238367
-153.7 0.239274
-153.5 0.240152
-153.3 0.241084
-153.1 0.241993
-152.9 0.242888
-152.7 0.243778
-152.5 0.244682
-152.3 0.245578
-152.1 0.246464
-151.9 0.247355
-151.7 0.248254
-151.5 0.249162
-151.3 0.250042
-151.1 0.250943
-150.9 0.251823
-150.7 0.252705
-150.5 0.253577
-150.3 0.25449
-150.1 0.255392
-149.9 0.256276
-149.7 0.25718
-149.5 0.258039
-149.3 0.25891
-149.1 0.259788
-148.9 0.260646
-148.7 0.261563
-148.5 0.262451
-148.3 0.263358
-148.1 0.264268
-147.9 0.26515
-147.7 0.265999
-147.5 0.2669
-147.3 0.267776
-147.1 0.268654
-146.9 0.269544
-146.7 0.270403
-146.5 0.271306
-146.3 0.272204
-146.1 0.273078
-145.9 0.273963
-145.7 0.274847
-145.5 0.275728
-145.3 0.276606
-145.1 0.277506
-144.9 0.27837
-144.7 0.279238
-144.5 0.280134
-144.3 0.281011
-144.1 0.281901
-143.9 0.282764
-143.7 0.283624
-143.5 0.284505
-143.3 0.285384
-143.1 0.286261
-142.9 0.287129
-142.7 0.287986
-142.5 0.288866
-142.3 0.289712
-142.1 0.290602
-141.9 0.291456
-141.7 0.292326
-141.5 0.293199
-141.3 0.294079
-141.1 0.29491
-140.9 0.295762
-140.7 0.296641
-140.5 0.297503
-140.3 0.298365
-140.1 0.299256
-139.9 0.300145
-139.7 0.301001
-139.5 0.301882
-139.3 0.302788
-139.1 0.303693
-138.9 0.304554
-138.7 0.305404
-138.5 0.306285
-138.3 0.307164
-138.1 0.308003
-137.9 0.308885
-137.7 0.30974
-137.5 0.310621
-137.3 0.311516
-137.1 0.312378
-136.9 0.313264
-136.7 0.314121
-136.5 0.315001
-136.3 0.31591
-136.1 0.316842
-135.9 0.317716
-135.7 0.318611
-135.5 0.319532
-135.3 0.320421
-135.1 0.321298
-134.9 0.322196
-134.7 0.323048
-134.5 0.323954
-134.3 0.324858
-134.1 0.325753
-133.9 0.326637
-133.7 0.327501
-133.5 0.328399
-133.3 0.32932
-133.1 0.330239
-132.9 0.331154
-132.7 0.332072
-132.5 0.332968
-132.3 0.333889
-132.1 0.334798
-131.9 0.3357
-131.7 0.336619
-131.5 0.337548
-131.3 0.338447
-131.1 0.339357
-130.9 0.340247
-130.7 0.341169
-130.5 0.342075
-130.3 0.343002
-130.1 0.343918
-129.9 0.344824
-129.7 0.345718
-129.5 0.346626
-129.3 0.347578
-129.1 0.3485
-128.9 0.349401
-128.7 0.350319
-128.5 0.351241
-128.3 0.352141
-128.1 0.353041
-127.9 0.353929
-127.7 0.354843
-127.5 0.355747
-127.3 0.35665
-127.1 0.357562
-126.9 0.358466
-126.7 0.359402
-126.5 0.360304
-126.3 0.361204
-126.1 0.362128
-125.9 0.363043
-125.7 0.363954
-125.5 0.364894
-125.3 0.36581
-125.1 0.366722
-124.9 0.367642
-124.7 0.368575
-124.5 0.369455
-124.3 0.370369
-124.1 0.371298
-123.9 0.372199
-123.7 0.373107
-123.5 0.374037
-123.3 0.374924
-123.1 0.375832
-122.9 0.376694
-122.7 0.377606
-122.5 0.378498
-122.3 0.379374
-122.1 0.380267
-121.9 0.381148
-121.7 0.382049
-121.5 0.382935
-121.3 0.383835
-121.1 0.384713
-120.9 0.385606
-120.7 0.386512
-120.5 0.387403
-120.3 0.388304
-120.1 0.389185
-119.9 0.390084
-119.7 0.390984
-119.5 0.391875
-119.3 0.392754
-119.1 0.393629
-118.9 0.394545
-118.7 0.395395
-118.5 0.396263
-118.3 0.397129
-118.1 0.398024
-117.9 0.398876
-117.7 0.399755
-117.5 0.400624
-117.3 0.401487
-117.1 0.40235
-116.9 0.403221
-116.7 0.404108
-116.5 0.404968
-116.3 0.405856
-116.1 0.406755
-115.9 0.407624
-115.7 0.408503
-115.5 0.409363
-115.3 0.410234
-115.1 0.411107
-114.9 0.411983
-114.7 0.412831
-114.5 0.413721
-114.3 0.414597
-114.1 0.415466
-113.9 0.416341
-113.7 0.417201
-113.5 0.418071
-113.3 0.41895
-113.1 0.419822
-112.9 0.420698
-112.7 0.421541
-112.5 0.422408
-112.3 0.42328
-112.1 0.42414
-111.9 0.425031
-111.7 0.425903
-111.5 0.426782
-111.3 0.42765
-111.1 0.428492
-110.9 0.429324
-110.7 0.430182
-110.5 0.431095
-110.3 0.43197
-110.1 0.432844
-109.9 0.433725
-109.7 0.434635
-109.5 0.435508
-109.3 0.436403
-109.1 0.437298
-108.9 0.438195
-108.7 0.439082
-108.5 0.439963
-108.3 0.440846
-108.1 0.441726
-107.9 0.44261
-107.7 0.443471
-107.5 0.444336
-107.3 0.445219
-107.1 0.446066
-106.9 0.446951
-106.7 0.447822
-106.5 0.448679
-106.3 0.449559
-106.1 0.450417
-105.9 0.451318
-105.7 0.452198
-105.5 0.453039
-105.3 0.453912
-105.1 0.454819
-104.9 0.4557
-104.7 0.45658
-104.5 0.457452
-104.3 0.458334
-104.1 0.459207
-103.9 0.460041
-103.7 0.460896
-103.5 0.461774
-103.3 0.46268
-103.1 0.46359
-102.9 0.464469
-102.7 0.465326
-102.5 0.466205
-102.3 0.467089
-102.1 0.467954
-101.9 0.468833
-101.7 0.469674
-101.5 0.470546
-101.3 0.47142
-101.1 0.472285
-100.9 0.473155
-100.7 0.474036
-100.5 0.474919
-100.3 0.475803
-100.1 0.476697
-99.9 0.477581
-99.7 0.478479
-99.5 0.47938
-99.3 0.480286
-99.1 0.481183
-98.9 0.482083
-98.7 0.482945
-98.5 0.483801
-98.3 0.484676
-98.1 0.485544
-97.9 0.486426
-97.7 0.487326
-97.5 0.488186
-97.3 0.489049
-97.1 0.489917
-96.9 0.490796
-96.7 0.491664
-96.5 0.492569
-96.3 0.493456
-96.1 0.494324
-95.9 0.495172
-95.7 0.49606
-95.5 0.496939
-95.3 0.497809
-95.1 0.498673
-94.9 0.499531
-94.7 0.500422
-94.5 0.501288
-94.3 0.502155
-94.1 0.503026
-93.9 0.503874
-93.7 0.504734
-93.5 0.505582
-93.3 0.506424
-93.1 0.507326
-92.9 0.508219
-92.7 0.509077
-92.5 0.509957
-92.3 0.510811
-92.1 0.511666
-91.9 0.512547
-91.7 0.513436
-91.5 0.514325
-91.3 0.515205
-91.1 0.516083
-90.9 0.516964
-90.7 0.51785
-90.5 0.518723
-90.3 0.519613
-90.1 0.520491
-89.9 0.521385
-89.7 0.522237
-89.5 0.523112
-89.3 0.524008
-89.1 0.524903
-88.9 0.525774
-88.7 0.526653
-88.5 0.527513
-88.3 0.528377
-88.1 0.529247
-87.9 0.530111
-87.7 0.53096
-87.5 0.531855
-87.3 0.532731
-87.1 0.533594
-86.9 0.534455
-86.7 0.535338
-86.5 0.536205
-86.3 0.537088
-86.1 0.537992
-85.9 0.538873
-85.7 0.539755
-85.5 0.540649
-85.3 0.541525
-85.1 0.54238
-84.9 0.543188
-84.7 0.544041
-84.5 0.544898
-84.3 0.545761
-84.1 0.546642
-83.9 0.547495
-83.7 0.548387
-83.5 0.549238
-83.3 0.550095
-83.1 0.550971
-82.9 0.551826
-82.7 0.552699
-82.5 0.553569
-82.3 0.554423
-82.1 0.555281
-81.9 0.556144
-81.7 0.557004
-81.5 0.557901
-81.3 0.558778
-81.1 0.559653
-80.9 0.560513
-80.7 0.561376
-80.5 0.562263
-80.3 0.563118
-80.1 0.564
-79.9 0.564867
-79.7 0.565716
-79.5 0.566608
-79.3 0.567514
-79.1 0.568367
-78.9 0.56926
-78.7 0.570115
-78.5 0.570971
-78.3 0.571822
-78.1 0.572703
-77.9 0.573593
-77.7 0.574482
-77.5 0.575384
-77.3 0.576253
-77.1 0.577128
-76.9 0.57801
-76.7 0.578861
-76.5 0.579721
-76.3 0.580603
-76.1 0.581495
-75.9 0.582373
-75.7 0.58324
-75.5 0.584094
-75.3 0.584972
-75.1 0.585836
-74.9 0.58672
-74.7 0.587583
-74.5 0.588461
-74.3 0.589353
-74.1 0.590217
-73.9 0.591067
-73.7 0.591903
-73.5 0.592804
-73.3 0.593656
-73.1 0.594537
-72.9 0.595401
-72.7 0.596253
-72.5 0.597118
-72.3 0.597958
-72.1 0.598815
-71.9 0.599679
-71.7 0.600562
-71.5 0.60143
-71.3 0.602289
-71.1 0.603193
-70.9 0.604067
-70.7 0.604907
-70.5 0.605785
-70.3 0.606669
-70.1 0.607565
-69.9 0.608442
-69.7 0.609304
-69.5 0.610203
-69.3 0.611079
-69.1 0.611964
-68.9 0.612827
-68.7 0.613688
-68.5 0.614574
-68.3 0.615502
-68.1 0.616349
-67.9 0.61722
-67.7 0.618123
-67.5 0.619026
-67.3 0.619906
-67.1 0.620752
-66.9 0.621619
-66.7 0.622494
-66.5 0.623385
-66.3 0.624263
-66.1 0.625152
-65.9 0.626023
-65.7 0.626898
-65.5 0.627764
-65.3 0.62865
-65.1 0.629497
-64.9 0.630326
-64.7 0.631218
-64.5 0.632052
-64.3 0.632934
-64.1 0.633806
-63.9 0.634691
-63.7 0.635555
-63.5 0.636441
-63.3 0.637343
-63.1 0.63819
-62.9 0.639081
-62.7 0.639965
-62.5 0.640858
-62.3 0.641739
-62.1 0.642616
-61.9 0.643493
-61.7 0.644374
-61.5 0.645236
-61.3 0.646139
-61.1 0.647005
-60.9 0.647884
-60.7 0.648777
-60.5 0.649663
-60.3 0.650539
-60.1 0.651383
-59.9 0.652257
-59.7 0.653133
-59.5 0.654006
-59.3 0.654882
-59.1 0.655758
-58.9 0.656626
-58.7 0.657502
-58.5 0.658356
-58.3 0.659258
-58.1 0.660141
-57.9 0.660997
-57.7 0.661833
-57.5 0.662702
-57.3 0.663574
-57.1 0.664437
-56.9 0.665326
-56.7 0.666221
-56.5 0.667075
-56.3 0.667938
-56.1 0.668855
-55.9 0.669741
-55.7 0.67061
-55.5 0.67148
-55.3 0.672352
-55.1 0.673244
-54.9 0.674135
-54.7 0.675016
-54.5 0.675888
-54.3 0.67673
-54.1 0.677584
-53.9 0.678451
-53.7 0.679307
-53.5 0.680187
-53.3 0.681088
-53.1 0.681958
-52.9 0.682832
-52.7 0.683731
-52.5 0.684635
-52.3 0.685507
-52.1 0.686337
-51.9 0.6872
-51.7 0.688117
-51.5 0.689009
-51.3 0.6899
-51.1 0.690811
-50.9 0.691668
-50.7 0.692557
-50.5 0.693445
-50.3 0.694337
-50.1 0.695265
-49.9 0.696184
-49.7 0.69703
-49.5 0.697916
-49.3 0.698788
-49.1 0.699671
-48.9 0.700527
-48.7 0.701374
-48.5 0.702255
-48.3 0.703131
-48.1 0.704013
-47.9 0.704896
-47.7 0.705713
-47.5 0.706611
-47.3 0.707467
-47.1 0.70831
-46.9 0.709192
-46.7 0.710075
-46.5 0.710943
-46.3 0.711842
-46.1 0.712707
-45.9 0.713556
-45.7 0.714433
-45.5 0.715308
-45.3 0.716195
-45.1 0.717077
-44.9 0.717952
-44.7 0.718827
-44.5 0.719699
-44.3 0.720543
-44.1 0.721424
-43.9 0.7223
-43.7 0.723178
-43.5 0.724032
-43.3 0.724909
-43.1 0.725754
-42.9 0.726657
-42.7 0.727544
-42.5 0.728425
-42.3 0.729301
-42.1 0.730171
-41.9 0.731061
-41.7 0.731929
-41.5 0.732814
-41.3 0.733684
-41.1 0.734528
-40.9 0.735437
-40.7 0.73632
-40.5 0.737215
-40.3 0.738104
-40.1 0.738984
-39.9 0.739889
-39.7 0.740782
-39.5 0.741671
-39.3 0.742503
-39.1 0.743365
-38.9 0.744226
-38.7 0.745111
-38.5 0.745971
-38.3 0.746845
-38.1 0.747728
-37.9 0.748587
-37.7 0.749442
-37.5 0.750298
-37.3 0.751174
-37.1 0.752059
-36.9 0.752951
-36.7 0.753826
-36.5 0.754698
-36.3 0.755564
-36.1 0.756435
-35.9 0.757291
-35.7 0.758141
-35.5 0.759011
-35.3 0.759854
-35.1 0.760726
-34.9 0.761622
-34.7 0.762486
-34.5 0.763362
-34.3 0.764247
-34.1 0.765102
-33.9 0.765969
-33.7 0.766836
-33.5 0.767709
-33.3 0.768575
-33.1 0.769446
-32.9 0.770304
-32.7 0.771189
-32.5 0.77208
-32.3 0.772961
-32.1 0.773844
-31.9 0.7747
-31.7 0.775562
-31.5 0.776429
-31.3 0.777299
-31.1 0.778186
-30.9 0.779041
-30.7 0.779912
-30.5 0.78079
-30.3 0.781666
-30.1 0.782503
-29.9 0.783355
-29.7 0.784236
-29.5 0.785135
-29.3 0.786006
-29.1 0.786882
-28.9 0.787774
-28.7 0.788625
-28.5 0.789473
-28.3 0.790343
-28.1 0.791213
-27.9 0.792062
-27.7 0.79297
-27.5 0.793843
-27.3 0.794729
-27.1 0.795637
-26.9 0.796495
-26.7 0.797362
-26.5 0.798224
-26.3 0.799093
-26.1 0.79997
-25.9 0.800842
-25.7 0.801705
-25.5 0.802599
-25.3 0.803489
-25.1 0.804338
-24.9 0.805198
-24.7 0.8061
-24.5 0.807004
-24.3 0.807866
-24.1 0.808749
-23.9 0.809602
-23.7 0.810472
-23.5 0.811329
-23.3 0.812202
-23.1 0.813104
-22.9 0.813982
-22.7 0.814874
-22.5 0.81577
-22.3 0.816613
-22.1 0.817487
-21.9 0.818339
-21.7 0.819234
-21.5 0.820116
-21.3 0.821009
-21.1 0.821878
-20.9 0.822781
-20.7 0.823661
-20.5 0.824542
-20.3 0.825434
-20.1 0.826297
-19.9 0.827174
-19.7 0.828005
-19.5 0.828872
-19.3 0.829735
-19.1 0.830613
-18.9 0.831518
-18.7 0.832383
-18.5 0.833254
-18.3 0.834137
-18.1 0.835019
-17.9 0.835917
-17.7 0.836781
-17.5 0.837661
-17.3 0.838525
-17.1 0.839354
-16.9 0.840211
-16.7 0.841119
-16.5 0.84197
-16.3 0.842842
-16.1 0.843704
-15.9 0.844558
-15.7 0.845423
-15.5 0.846323
-15.3 0.847193
-15.1 0.848063
-14.9 0.84893
-14.7 0.849799
-14.5 0.850677
-14.3 0.851539
-14.1 0.852428
-13.9 0.853256
-13.7 0.85412
-13.5 0.855004
-13.3 0.855903
-13.1 0.856761
-12.9 0.85759
-12.7 0.858475
-12.5 0.859341
-12.3 0.860204
-12.1 0.861076
-11.9 0.861925
-11.7 0.8628
-11.5 0.86366
-11.3 0.86452
-11.1 0.865403
-10.9 0.866265
-10.7 0.867136
-10.5 0.868015
-10.3 0.868879
-10.1 0.869786
-9.9 0.870661
-9.7 0.871529
-9.5 0.872386
-9.3 0.873256
-9.1 0.874105
-8.9 0.874981
-8.7 0.875885
-8.5 0.876762
-8.3 0.877644
-8.1 0.878519
-7.9 0.879388
-7.7 0.880227
-7.5 0.881099
-7.3 0.881991
-7.1 0.882867
-6.9 0.883726
-6.7 0.884583
-6.5 0.885459
-6.3 0.886314
-6.1 0.887182
-5.9 0.888029
-5.7 0.888885
-5.5 0.88977
-5.3 0.890632
-5.1 0.891539
-4.9 0.892392
-4.7 0.8933
-4.5 0.894175
-4.3 0.895049
-4.1 0.895902
-3.9 0.896772
-3.7 0.897648
-3.5 0.898526
-3.3 0.899391
-3.1 0.90027
-2.9 0.901155
-2.7 0.902043
-2.5 0.902903
-2.3 0.903746
-2.1 0.904608
-1.9 0.905473
-1.7 0.906327
-1.5 0.907203
-1.3 0.90806
-1.1 0.908952
-0.899999 0.909805
-0.699999 0.910693
-0.499999 0.911583
-0.299999 0.912447
-0.0999994 0.91332
0.100001 0.914192
0.300001 0.915063
0.500001 0.91591
0.700001 0.916788
0.900001 0.917634
1.1 0.918511
1.3 0.919384
1.5 0.920251
1.7 0.921085
1.9 0.92193
2.1 0.922779
2.3 0.923619
2.5 0.924514
2.7 0.925367
2.9 0.926213
3.1 0.927071
3.3 0.927904
3.5 0.928787
3.7 0.929622
3.9 0.930474
4.1 0.931344
4.3 0.932198
4.5 0.933026
4.7 0.933866
4.9 0.93471
5.1 0.935546
5.3 0.936403
5.5 0.937253
5.7 0.938112
5.9 0.938937
6.1 0.939769
6.3 0.940608
6.5 0.941431
6.7 0.942273
6.9 0.943119
7.1 0.94395
7.3 0.944819
7.5 0.945641
7.7 0.946487
7.9 0.947339
8.1 0.948189
8.3 0.949018
8.5 0.949841
8.7 0.950671
8.9 0.951471
9.1 0.952279
9.3 0.953082
9.5 0.953938
9.7 0.954769
9.9 0.955614
10.1 0.956424
10.3 0.957227
10.5 0.958039
10.7 0.958853
10.9 0.959636
11.1 0.960418
11.3 0.961233
11.5 0.962032
11.7 0.962812
11.9 0.963589
12.1 0.964368
12.3 0.965118
12.5 0.965858
12.7 0.966594
12.9 0.967331
13.1 0.968064
13.3 0.968776
13.5 0.969481
13.7 0.970214
13.9 0.970917
14.1 0.971589
14.3 0.972298
14.5 0.972975
14.7 0.973632
14.9 0.974285
15.1 0.974943
15.3 0.975586
15.5 0.976197
15.7 0.976817
15.9 0.977411
16.1 0.978018
16.3 0.978607
16.5 0.979164
16.7 0.979758
16.9 0.980316
17.1 0.980882
17.3 0.981407
17.5 0.981904
17.7 0.982444
17.9 0.982984
18.1 0.983477
18.3 0.983985
18.5 0.984477
18.7 0.984935
18.9 0.985384
19.1 0.985837
19.3 0.986281
19.5 0.98671
19.7 0.98714
19.9 0.987574
20.1 0.987979
20.3 0.988383
20.5 0.988779
20.7 0.989168
20.9 0.989527
21.1 0.989898
21.3 0.990258
21.5 0.990595
21.7 0.990943
21.9 0.991256
22.1 0.991567
22.3 0.991865
22.5 0.992164
22.7 0.992478
22.9 0.99279
23.1 0.993061
23.3 0.993353
23.5 0.993624
23.7 0.993878
23.9 0.994136
24.1 0.994397
24.3 0.99463
24.5 0.994858
24.7 0.995079
24.9 0.995288
25.1 0.995503
25.3 0.995695
25.5 0.995888
25.7 0.996068
25.9 0.996245
26.1 0.996416
26.3 0.996583
26.5 0.996733
26.7 0.996881
26.9 0.997022
27.1 0.997173
27.3 0.997301
27.5 0.997436
27.7 0.997554
27.9 0.99766
28.1 0.997771
28.3 0.997887
28.5 0.997993
28.7 0.998101
28.9 0.998194
29.1 0.998291
29.3 0.998382
29.5 0.998469
29.7 0.998543
29.9 0.998622
30.1 0.998704
30.3 0.998775
30.5 0.99884
30.7 0.998906
30.9 0.998968
31.1 0.999027
31.3 0.999075
31.5 0.999123
31.7 0.999169
31.9 0.999209
32.1 0.999251
32.3 0.999296
32.5 0.999336
32.7 0.999369
32.9 0.999403
33.1 0.999437
33.3 0.999469
33.5 0.999498
33.7 0.999528
33.9 0.999551
34.1 0.999572
34.3 0.999598
34.5 0.99962
34.7 0.999639
34.9 0.999658
35.1 0.999678
35.3 0.999694
35.5 0.999708
35.7 0.999721
35.9 0.999732
36.1 0.999744
36.3 0.999758
36.5 0.999767
36.7 0.999779
36.9 0.999785
37.1 0.999794
37.3 0.9998
37.5 0.999811
37.7 0.999817
37.9 0.999822
38.1 0.999829
38.3 0.999834
38.5 0.999839
38.7 0.999845
38.9 0.999852
39.1 0.999856
39.3 0.999861
39.5 0.999867
39.7 0.999873
39.9 0.999876
40.1 0.999879
40.3 0.999882
40.5 0.999885
40.7 0.999888
40.9 0.999891
41.1 0.999895
41.3 0.999899
41.5 0.999901
41.7 0.999904
41.9 0.999907
42.1 0.999909
42.3 0.99991
42.5 0.999913
42.7 0.999916
42.9 0.999917
43.1 0.999918
43.3 0.999921
43.5 0.999923
43.7 0.999926
43.9 0.999928
44.1 0.99993
44.3 0.999933
44.5 0.999937
44.7 0.99994
44.9 0.999942
45.1 0.999944
45.3 0.999947
45.5 0.999949
45.7 0.999952
45.9 0.999956
46.1 0.999959
46.3 0.99996
46.5 0.999961
46.7 0.999963
46.9 0.999967
47.1 0.999969
47.3 0.999972
47.5 0.999973
47.7 0.999975
47.9 0.999977
48.1 0.999979
48.3 0.999982
48.5 0.999984
48.7 0.999986
48.9 0.999989
49.1 0.999991
49.3 0.999993
49.5 0.999996
49.7 0.999997
49.9 0.999999
50.1 1
