-1599.9 0
-1599.7 0
-1599.5 1
-1599.3 0
-1599.1 1
-1598.9 1
-1598.7 0
-1598.5 0
-1598.3 0
-1598.1 1
-1597.9 1
-1597.7 1
-1597.5 1
-1597.3 1
-1597.1 1
-1596.9 1
-1596.7 0
-1596.5 2
-1596.3 0
-1596.1 2
-1595.9 1
-1595.7 1
-1595.5 0
-1595.3 0
-1595.1 1
-1594.9 0
-1594.7 1
-1594.5 0
-1594.3 2
-1594.1 1
-1593.9 0
-1593.7 0
-1593.5 0
-1593.3 0
-1593.1 0
-1592.9 1
-1592.7 0
-1592.5 1
-1592.3 0
-1592.1 0
-1591.9 0
-1591.7 0
-1591.5 0
-1591.3 0
-1591.1 0
-1590.9 1
-1590.7 1
-1590.5 0
-1590.3 0
-1590.1 0
-1589.9 1
-1589.7 0
-1589.5 0
-1589.3 0
-1589.1 0
-1588.9 0
-1588.7 0
-1588.5 0
-1588.3 1
-1588.1 0
-1587.9 1
-1587.7 0
-1587.5 0
-1587.3 3
-1587.1 1
-1586.9 0
-1586.7 0
-1586.5 1
-1586.3 1
-1586.1 1
-1585.9 0
-1585.7 0
-1585.5 0
-1585.3 1
-1585.1 0
-1584.9 1
-1584.7 0
-1584.5 0
-1584.3 0
-1584.1 1
-1583.9 0
-1583.7 0
-1583.5 1
-1583.3 0
-1583.1 0
-1582.9 1
-1582.7 0
-1582.5 0
-1582.3 0
-1582.1 0
-1581.9 0
-1581.7 0
-1581.5 0
-1581.3 1
-1581.1 0
-1580.9 0
-1580.7 0
-1580.5 1
-1580.3 0
-1580.1 0
-1579.9 0
-1579.7 0
-1579.5 0
-1579.3 0
-1579.1 0
-1578.9 0
-1578.7 0
-1578.5 0
-1578.3 0
-1578.1 0
-1577.9 1
-1577.7 0
-1577.5 2
-1577.3 0
-1577.1 0
-1576.9 0
-1576.7 1
-1576.5 0
-1576.3 0
-1576.1 0
-1575.9 0
-1575.7 1
-1575.5 0
-1575.3 0
-1575.1 0
-1574.9 0
-1574.7 0
-1574.5 0
-1574.3 0
-1574.1 0
-1573.9 0
-1573.7 0
-1573.5 0
-1573.3 0
-1573.1 1
-1572.9 0
-1572.7 0
-1572.5 1
-1572.3 1
-1572.1 2
-1571.9 0
-1571.7 0
-1571.5 0
-1571.3 0
-1571.1 0
-1570.9 0
-1570.7 1
-1570.5 0
-1570.3 1
-1570.1 1
-1569.9 1
-1569.7 0
-1569.5 2
-1569.3 2
-1569.1 2
-1568.9 4
-1568.7 4
-1568.5 4
-1568.3 9
-1568.1 11
-1567.9 16
-1567.7 22
-1567.5 19
-1567.3 22
-1567.1 31
-1566.9 38
-1566.7 28
-1566.5 46
-1566.3 63
-1566.1 43
-1565.9 58
-1565.7 80
-1565.5 76
-1565.3 70
-1565.1 96
-1564.9 90
-1564.7 108
-1564.5 110
-1564.3 107
-1564.1 127
-1563.9 100
-1563.7 122
-1563.5 130
-1563.3 142
-1563.1 158
-1562.9 151
-1562.7 152
-1562.5 149
-1562.3 165
-1562.1 178
-1561.9 175
-1561.7 201
-1561.5 193
-1561.3 191
-1561.1 206
-1560.9 183
-1560.7 209
-1560.5 231
-1560.3 225
-1560.1 254
-1559.9 262
-1559.7 263
-1559.5 270
-1559.3 282
-1559.1 291
-1558.9 319
-1558.7 301
-1558.5 329
-1558.3 364
-1558.1 363
-1557.9 361
-1557.7 373
-1557.5 373
-1557.3 423
-1557.1 425
-1556.9 448
-1556.7 468
-1556.5 445
-1556.3 447
-1556.1 496
-1555.9 583
-1555.7 566
-1555.5 592
-1555.3 553
-1555.1 621
-1554.9 585
-1554.7 638
-1554.5 563
-1554.3 619
-1554.1 693
-1553.9 710
-1553.7 668
-1553.5 750
-1553.3 770
-1553.1 784
-1552.9 780
-1552.7 767
-1552.5 843
-1552.3 837
-1552.1 844
-1551.9 891
-1551.7 829
-1551.5 918
-1551.3 923
-1551.1 911
-1550.9 942
-1550.7 926
-1550.5 904
-1550.3 972
-1550.1 923
-1549.9 932
-1549.7 995
-1549.5 963
-1549.3 1005
-1549.1 989
-1548.9 938
-1548.7 936
-1548.5 960
-1548.3 979
-1548.1 955
-1547.9 1010
-1547.7 999
-1547.5 1031
-1547.3 1004
-1547.1 915
-1546.9 1018
-1546.7 944
-1546.5 979
-1546.3 974
-1546.1 1005
-1545.9 1036
-1545.7 990
-1545.5 934
-1545.3 995
-1545.1 995
-1544.9 970
-1544.7 953
-1544.5 966
-1544.3 933
-1544.1 919
-1543.9 915
-1543.7 948
-1543.5 1014
-1543.3 942
-1543.1 911
-1542.9 906
-1542.7 934
-1542.5 891
-1542.3 904
-1542.1 881
-1541.9 938
-1541.7 940
-1541.5 903
-1541.3 809
-1541.1 883
-1540.9 872
-1540.7 900
-1540.5 840
-1540.3 914
-1540.1 834
-1539.9 808
-1539.7 858
-1539.5 812
-1539.3 875
-1539.1 844
-1538.9 870
-1538.7 830
-1538.5 816
-1538.3 828
-1538.1 812
-1537.9 788
-1537.7 818
-1537.5 869
-1537.3 818
-1537.1 838
-1536.9 793
-1536.7 790
-1536.5 822
-1536.3 827
-1536.1 839
-1535.9 827
-1535.7 769
-1535.5 789
-1535.3 755
-1535.1 743
-1534.9 767
-1534.7 745
-1534.5 769
-1534.3 782
-1534.1 732
-1533.9 788
-1533.7 729
-1533.5 769
-1533.3 719
-1533.1 707
-1532.9 747
-1532.7 719
-1532.5 698
-1532.3 768
-1532.1 702
-1531.9 707
-1531.7 737
-1531.5 744
-1531.3 712
-1531.1 722
-1530.9 736
-1530.7 754
-1530.5 732
-1530.3 781
-1530.1 728
-1529.9 710
-1529.7 764
-1529.5 738
-1529.3 728
-1529.1 720
-1528.9 701
-1528.7 771
-1528.5 735
-1528.3 749
-1528.1 709
-1527.9 715
-1527.7 738
-1527.5 712
-1527.3 727
-1527.1 762
-1526.9 767
-1526.7 768
-1526.5 718
-1526.3 740
-1526.1 764
-1525.9 740
-1525.7 778
-1525.5 759
-1525.3 764
-1525.1 681
-1524.9 722
-1524.7 688
-1524.5 723
-1524.3 746
-1524.1 763
-1523.9 769
-1523.7 752
-1523.5 735
-1523.3 752
-1523.1 719
-1522.9 663
-1522.7 763
-1522.5 704
-1522.3 728
-1522.1 756
-1521.9 687
-1521.7 755
-1521.5 729
-1521.3 708
-1521.1 708
-1520.9 705
-1520.7 690
-1520.5 679
-1520.3 705
-1520.1 715
-1519.9 687
-1519.7 691
-1519.5 683
-1519.3 677
-1519.1 650
-1518.9 685
-1518.7 700
-1518.5 659
-1518.3 649
-1518.1 673
-1517.9 694
-1517.7 656
-1517.5 678
-1517.3 674
-1517.1 705
-1516.9 644
-1516.7 701
-1516.5 659
-1516.3 655
-1516.1 695
-1515.9 719
-1515.7 672
-1515.5 642
-1515.3 658
-1515.1 661
-1514.9 615
-1514.7 641
-1514.5 649
-1514.3 647
-1514.1 612
-1513.9 674
-1513.7 665
-1513.5 619
-1513.3 653
-1513.1 664
-1512.9 694
-1512.7 670
-1512.5 661
-1512.3 641
-1512.1 678
-1511.9 684
-1511.7 633
-1511.5 651
-1511.3 658
-1511.1 640
-1510.9 666
-1510.7 617
-1510.5 633
-1510.3 651
-1510.1 677
-1509.9 662
-1509.7 709
-1509.5 664
-1509.3 667
-1509.1 659
-1508.9 690
-1508.7 713
-1508.5 746
-1508.3 696
-1508.1 692
-1507.9 715
-1507.7 670
-1507.5 699
-1507.3 714
-1507.1 743
-1506.9 708
-1506.7 799
-1506.5 735
-1506.3 734
-1506.1 804
-1505.9 772
-1505.7 823
-1505.5 762
-1505.3 777
-1505.1 798
-1504.9 813
-1504.7 775
-1504.5 774
-1504.3 765
-1504.1 780
-1503.9 690
-1503.7 714
-1503.5 762
-1503.3 733
-1503.1 709
-1502.9 755
-1502.7 763
-1502.5 713
-1502.3 704
-1502.1 695
-1501.9 666
-1501.7 730
-1501.5 687
-1501.3 673
-1501.1 666
-1500.9 671
-1500.7 684
-1500.5 688
-1500.3 692
-1500.1 648
-1499.9 690
-1499.7 630
-1499.5 612
-1499.3 584
-1499.1 627
-1498.9 628
-1498.7 659
-1498.5 620
-1498.3 639
-1498.1 667
-1497.9 565
-1497.7 670
-1497.5 602
-1497.3 605
-1497.1 610
-1496.9 624
-1496.7 697
-1496.5 634
-1496.3 643
-1496.1 651
-1495.9 649
-1495.7 659
-1495.5 645
-1495.3 647
-1495.1 665
-1494.9 670
-1494.7 684
-1494.5 660
-1494.3 659
-1494.1 658
-1493.9 687
-1493.7 646
-1493.5 727
-1493.3 740
-1493.1 682
-1492.9 639
-1492.7 674
-1492.5 660
-1492.3 649
-1492.1 661
-1491.9 710
-1491.7 635
-1491.5 680
-1491.3 723
-1491.1 670
-1490.9 721
-1490.7 648
-1490.5 665
-1490.3 704
-1490.1 664
-1489.9 706
-1489.7 680
-1489.5 681
-1489.3 686
-1489.1 650
-1488.9 689
-1488.7 680
-1488.5 690
-1488.3 668
-1488.1 716
-1487.9 711
-1487.7 729
-1487.5 666
-1487.3 661
-1487.1 714
-1486.9 693
-1486.7 695
-1486.5 704
-1486.3 687
-1486.1 726
-1485.9 714
-1485.7 662
-1485.5 750
-1485.3 661
-1485.1 712
-1484.9 670
-1484.7 747
-1484.5 663
-1484.3 713
-1484.1 664
-1483.9 701
-1483.7 689
-1483.5 677
-1483.3 672
-1483.1 726
-1482.9 741
-1482.7 649
-1482.5 691
-1482.3 684
-1482.1 702
-1481.9 664
-1481.7 725
-1481.5 682
-1481.3 701
-1481.1 697
-1480.9 682
-1480.7 661
-1480.5 651
-1480.3 650
-1480.1 679
-1479.9 700
-1479.7 658
-1479.5 636
-1479.3 664
-1479.1 650
-1478.9 637
-1478.7 634
-1478.5 627
-1478.3 668
-1478.1 671
-1477.9 626
-1477.7 664
-1477.5 648
-1477.3 656
-1477.1 648
-1476.9 616
-1476.7 716
-1476.5 612
-1476.3 613
-1476.1 634
-1475.9 638
-1475.7 642
-1475.5 644
-1475.3 623
-1475.1 638
-1474.9 635
-1474.7 666
-1474.5 629
-1474.3 673
-1474.1 700
-1473.9 637
-1473.7 701
-1473.5 663
-1473.3 707
-1473.1 688
-1472.9 657
-1472.7 712
-1472.5 693
-1472.3 702
-1472.1 666
-1471.9 694
-1471.7 622
-1471.5 692
-1471.3 733
-1471.1 699
-1470.9 711
-1470.7 691
-1470.5 707
-1470.3 701
-1470.1 732
-1469.9 710
-1469.7 754
-1469.5 723
-1469.3 739
-1469.1 772
-1468.9 679
-1468.7 730
-1468.5 756
-1468.3 746
-1468.1 759
-1467.9 712
-1467.7 762
-1467.5 736
-1467.3 754
-1467.1 716
-1466.9 734
-1466.7 713
-1466.5 740
-1466.3 734
-1466.1 751
-1465.9 759
-1465.7 754
-1465.5 736
-1465.3 782
-1465.1 715
-1464.9 708
-1464.7 780
-1464.5 698
-1464.3 681
-1464.1 736
-1463.9 728
-1463.7 756
-1463.5 711
-1463.3 697
-1463.1 655
-1462.9 699
-1462.7 677
-1462.5 658
-1462.3 662
-1462.1 697
-1461.9 657
-1461.7 654
-1461.5 660
-1461.3 645
-1461.1 632
-1460.9 594
-1460.7 634
-1460.5 618
-1460.3 617
-1460.1 649
-1459.9 623
-1459.7 638
-1459.5 618
-1459.3 580
-1459.1 608
-1458.9 664
-1458.7 612
-1458.5 593
-1458.3 622
-1458.1 658
-1457.9 687
-1457.7 659
-1457.5 629
-1457.3 634
-1457.1 637
-1456.9 608
-1456.7 676
-1456.5 666
-1456.3 667
-1456.1 609
-1455.9 668
-1455.7 680
-1455.5 630
-1455.3 680
-1455.1 727
-1454.9 659
-1454.7 716
-1454.5 763
-1454.3 676
-1454.1 740
-1453.9 723
-1453.7 746
-1453.5 715
-1453.3 743
-1453.1 768
-1452.9 747
-1452.7 731
-1452.5 762
-1452.3 738
-1452.1 834
-1451.9 763
-1451.7 780
-1451.5 780
-1451.3 801
-1451.1 761
-1450.9 728
-1450.7 736
-1450.5 702
-1450.3 741
-1450.1 798
-1449.9 777
-1449.7 742
-1449.5 742
-1449.3 729
-1449.1 743
-1448.9 699
-1448.7 632
-1448.5 680
-1448.3 731
-1448.1 698
-1447.9 693
-1447.7 625
-1447.5 702
-1447.3 665
-1447.1 679
-1446.9 630
-1446.7 661
-1446.5 677
-1446.3 674
-1446.1 635
-1445.9 668
-1445.7 665
-1445.5 629
-1445.3 672
-1445.1 601
-1444.9 653
-1444.7 672
-1444.5 633
-1444.3 613
-1444.1 634
-1443.9 602
-1443.7 649
-1443.5 640
-1443.3 656
-1443.1 722
-1442.9 656
-1442.7 642
-1442.5 603
-1442.3 660
-1442.1 636
-1441.9 655
-1441.7 647
-1441.5 636
-1441.3 630
-1441.1 651
-1440.9 673
-1440.7 681
-1440.5 683
-1440.3 683
-1440.1 709
-1439.9 634
-1439.7 696
-1439.5 678
-1439.3 688
-1439.1 634
-1438.9 651
-1438.7 679
-1438.5 689
-1438.3 724
-1438.1 725
-1437.9 722
-1437.7 720
-1437.5 689
-1437.3 676
-1437.1 711
-1436.9 684
-1436.7 674
-1436.5 702
-1436.3 668
-1436.1 655
-1435.9 720
-1435.7 670
-1435.5 694
-1435.3 696
-1435.1 706
-1434.9 696
-1434.7 635
-1434.5 671
-1434.3 640
-1434.1 721
-1433.9 681
-1433.7 692
-1433.5 687
-1433.3 690
-1433.1 665
-1432.9 688
-1432.7 629
-1432.5 694
-1432.3 631
-1432.1 678
-1431.9 692
-1431.7 647
-1431.5 675
-1431.3 685
-1431.1 636
-1430.9 657
-1430.7 631
-1430.5 688
-1430.3 649
-1430.1 655
-1429.9 691
-1429.7 715
-1429.5 676
-1429.3 641
-1429.1 665
-1428.9 669
-1428.7 685
-1428.5 671
-1428.3 687
-1428.1 667
-1427.9 682
-1427.7 665
-1427.5 723
-1427.3 738
-1427.1 691
-1426.9 701
-1426.7 700
-1426.5 690
-1426.3 661
-1426.1 697
-1425.9 680
-1425.7 692
-1425.5 694
-1425.3 688
-1425.1 724
-1424.9 706
-1424.7 705
-1424.5 688
-1424.3 658
-1424.1 635
-1423.9 685
-1423.7 711
-1423.5 669
-1423.3 696
-1423.1 643
-1422.9 662
-1422.7 674
-1422.5 697
-1422.3 655
-1422.1 685
-1421.9 692
-1421.7 678
-1421.5 709
-1421.3 664
-1421.1 631
-1420.9 662
-1420.7 695
-1420.5 630
-1420.3 643
-1420.1 628
-1419.9 623
-1419.7 647
-1419.5 701
-1419.3 683
-1419.1 620
-1418.9 659
-1418.7 646
-1418.5 629
-1418.3 629
-1418.1 649
-1417.9 627
-1417.7 672
-1417.5 671
-1417.3 620
-1417.1 639
-1416.9 685
-1416.7 682
-1416.5 684
-1416.3 604
-1416.1 621
-1415.9 709
-1415.7 633
-1415.5 639
-1415.3 706
-1415.1 734
-1414.9 646
-1414.7 634
-1414.5 706
-1414.3 679
-1414.1 733
-1413.9 647
-1413.7 732
-1413.5 684
-1413.3 727
-1413.1 699
-1412.9 709
-1412.7 653
-1412.5 735
-1412.3 658
-1412.1 729
-1411.9 699
-1411.7 737
-1411.5 704
-1411.3 708
-1411.1 724
-1410.9 712
-1410.7 672
-1410.5 767
-1410.3 720
-1410.1 711
-1409.9 663
-1409.7 725
-1409.5 713
-1409.3 731
-1409.1 718
-1408.9 708
-1408.7 730
-1408.5 682
-1408.3 699
-1408.1 678
-1407.9 711
-1407.7 683
-1407.5 644
-1407.3 697
-1407.1 742
-1406.9 703
-1406.7 694
-1406.5 667
-1406.3 663
-1406.1 672
-1405.9 709
-1405.7 578
-1405.5 649
-1405.3 681
-1405.1 663
-1404.9 656
-1404.7 677
-1404.5 657
-1404.3 656
-1404.1 599
-1403.9 628
-1403.7 646
-1403.5 617
-1403.3 615
-1403.1 677
-1402.9 659
-1402.7 650
-1402.5 671
-1402.3 632
-1402.1 698
-1401.9 629
-1401.7 647
-1401.5 688
-1401.3 685
-1401.1 654
-1400.9 652
-1400.7 680
-1400.5 686
-1400.3 682
-1400.1 664
-1399.9 690
-1399.7 701
-1399.5 635
-1399.3 722
-1399.1 635
-1398.9 709
-1398.7 701
-1398.5 675
-1398.3 694
-1398.1 715
-1397.9 729
-1397.7 686
-1397.5 670
-1397.3 709
-1397.1 711
-1396.9 679
-1396.7 674
-1396.5 703
-1396.3 661
-1396.1 668
-1395.9 707
-1395.7 691
-1395.5 706
-1395.3 702
-1395.1 697
-1394.9 734
-1394.7 701
-1394.5 703
-1394.3 677
-1394.1 664
-1393.9 704
-1393.7 666
-1393.5 644
-1393.3 724
-1393.1 638
-1392.9 664
-1392.7 681
-1392.5 666
-1392.3 679
-1392.1 670
-1391.9 653
-1391.7 679
-1391.5 656
-1391.3 691
-1391.1 652
-1390.9 642
-1390.7 679
-1390.5 667
-1390.3 687
-1390.1 662
-1389.9 662
-1389.7 645
-1389.5 652
-1389.3 644
-1389.1 654
-1388.9 668
-1388.7 661
-1388.5 686
-1388.3 604
-1388.1 661
-1387.9 688
-1387.7 652
-1387.5 611
-1387.3 669
-1387.1 671
-1386.9 644
-1386.7 665
-1386.5 699
-1386.3 671
-1386.1 678
-1385.9 645
-1385.7 648
-1385.5 653
-1385.3 682
-1385.1 668
-1384.9 666
-1384.7 702
-1384.5 641
-1384.3 679
-1384.1 675
-1383.9 688
-1383.7 663
-1383.5 700
-1383.3 661
-1383.1 652
-1382.9 624
-1382.7 698
-1382.5 656
-1382.3 683
-1382.1 662
-1381.9 666
-1381.7 727
-1381.5 678
-1381.3 717
-1381.1 704
-1380.9 694
-1380.7 672
-1380.5 749
-1380.3 674
-1380.1 710
-1379.9 624
-1379.7 667
-1379.5 680
-1379.3 695
-1379.1 658
-1378.9 610
-1378.7 662
-1378.5 668
-1378.3 616
-1378.1 682
-1377.9 662
-1377.7 625
-1377.5 711
-1377.3 663
-1377.1 625
-1376.9 644
-1376.7 667
-1376.5 644
-1376.3 668
-1376.1 671
-1375.9 629
-1375.7 700
-1375.5 668
-1375.3 622
-1375.1 738
-1374.9 699
-1374.7 652
-1374.5 650
-1374.3 644
-1374.1 651
-1373.9 706
-1373.7 655
-1373.5 650
-1373.3 652
-1373.1 711
-1372.9 710
-1372.7 692
-1372.5 716
-1372.3 674
-1372.1 720
-1371.9 658
-1371.7 713
-1371.5 670
-1371.3 679
-1371.1 731
-1370.9 672
-1370.7 708
-1370.5 685
-1370.3 676
-1370.1 711
-1369.9 693
-1369.7 668
-1369.5 683
-1369.3 687
-1369.1 718
-1368.9 684
-1368.7 657
-1368.5 695
-1368.3 699
-1368.1 653
-1367.9 672
-1367.7 653
-1367.5 675
-1367.3 668
-1367.1 677
-1366.9 655
-1366.7 674
-1366.5 667
-1366.3 680
-1366.1 679
-1365.9 659
-1365.7 634
-1365.5 656
-1365.3 632
-1365.1 684
-1364.9 635
-1364.7 615
-1364.5 635
-1364.3 644
-1364.1 603
-1363.9 629
-1363.7 609
-1363.5 649
-1363.3 653
-1363.1 624
-1362.9 618
-1362.7 659
-1362.5 648
-1362.3 681
-1362.1 637
-1361.9 604
-1361.7 639
-1361.5 640
-1361.3 607
-1361.1 710
-1360.9 641
-1360.7 691
-1360.5 651
-1360.3 640
-1360.1 628
-1359.9 680
-1359.7 631
-1359.5 676
-1359.3 648
-1359.1 655
-1358.9 649
-1358.7 622
-1358.5 663
-1358.3 697
-1358.1 606
-1357.9 678
-1357.7 642
-1357.5 658
-1357.3 715
-1357.1 678
-1356.9 646
-1356.7 657
-1356.5 637
-1356.3 636
-1356.1 654
-1355.9 645
-1355.7 718
-1355.5 685
-1355.3 677
-1355.1 741
-1354.9 681
-1354.7 671
-1354.5 657
-1354.3 680
-1354.1 674
-1353.9 668
-1353.7 648
-1353.5 647
-1353.3 639
-1353.1 668
-1352.9 636
-1352.7 663
-1352.5 639
-1352.3 645
-1352.1 653
-1351.9 631
-1351.7 632
-1351.5 667
-1351.3 639
-1351.1 697
-1350.9 644
-1350.7 703
-1350.5 669
-1350.3 709
-1350.1 722
-1349.9 645
-1349.7 637
-1349.5 620
-1349.3 665
-1349.1 685
-1348.9 677
-1348.7 624
-1348.5 628
-1348.3 626
-1348.1 650
-1347.9 663
-1347.7 658
-1347.5 625
-1347.3 624
-1347.1 645
-1346.9 617
-1346.7 644
-1346.5 641
-1346.3 659
-1346.1 620
-1345.9 633
-1345.7 634
-1345.5 579
-1345.3 605
-1345.1 616
-1344.9 592
-1344.7 587
-1344.5 610
-1344.3 561
-1344.1 614
-1343.9 616
-1343.7 601
-1343.5 601
-1343.3 542
-1343.1 543
-1342.9 558
-1342.7 558
-1342.5 552
-1342.3 535
-1342.1 591
-1341.9 553
-1341.7 531
-1341.5 535
-1341.3 537
-1341.1 491
-1340.9 511
-1340.7 515
-1340.5 501
-1340.3 489
-1340.1 479
-1339.9 453
-1339.7 446
-1339.5 487
-1339.3 467
-1339.1 476
-1338.9 440
-1338.7 462
-1338.5 426
-1338.3 422
-1338.1 391
-1337.9 456
-1337.7 430
-1337.5 422
-1337.3 382
-1337.1 412
-1336.9 381
-1336.7 359
-1336.5 385
-1336.3 378
-1336.1 389
-1335.9 329
-1335.7 335
-1335.5 375
-1335.3 354
-1335.1 373
-1334.9 341
-1334.7 314
-1334.5 329
-1334.3 338
-1334.1 308
-1333.9 321
-1333.7 291
-1333.5 305
-1333.3 290
-1333.1 313
-1332.9 253
-1332.7 305
-1332.5 270
-1332.3 300
-1332.1 246
-1331.9 268
-1331.7 269
-1331.5 204
-1331.3 268
-1331.1 241
-1330.9 217
-1330.7 226
-1330.5 232
-1330.3 216
-1330.1 229
-1329.9 205
-1329.7 203
-1329.5 208
-1329.3 181
-1329.1 189
-1328.9 200
-1328.7 215
-1328.5 180
-1328.3 184
-1328.1 153
-1327.9 170
-1327.7 148
-1327.5 152
-1327.3 137
-1327.1 170
-1326.9 131
-1326.7 145
-1326.5 154
-1326.3 158
-1326.1 117
-1325.9 125
-1325.7 123
-1325.5 136
-1325.3 125
-1325.1 114
-1324.9 134
-1324.7 92
-1324.5 100
-1324.3 91
-1324.1 85
-1323.9 96
-1323.7 95
-1323.5 104
-1323.3 84
-1323.1 87
-1322.9 93
-1322.7 96
-1322.5 65
-1322.3 83
-1322.1 80
-1321.9 68
-1321.7 70
-1321.5 80
-1321.3 63
-1321.1 80
-1320.9 71
-1320.7 65
-1320.5 51
-1320.3 58
-1320.1 57
-1319.9 47
-1319.7 49
-1319.5 49
-1319.3 49
-1319.1 48
-1318.9 47
-1318.7 49
-1318.5 44
-1318.3 51
-1318.1 40
-1317.9 36
-1317.7 40
-1317.5 39
-1317.3 32
-1317.1 31
-1316.9 30
-1316.7 39
-1316.5 30
-1316.3 17
-1316.1 25
-1315.9 28
-1315.7 24
-1315.5 24
-1315.3 33
-1315.1 26
-1314.9 17
-1314.7 25
-1314.5 27
-1314.3 21
-1314.1 21
-1313.9 19
-1313.7 17
-1313.5 18
-1313.3 16
-1313.1 18
-1312.9 12
-1312.7 17
-1312.5 14
-1312.3 13
-1312.1 9
-1311.9 13
-1311.7 17
-1311.5 10
-1311.3 14
-1311.1 8
-1310.9 12
-1310.7 12
-1310.5 9
-1310.3 10
-1310.1 6
-1309.9 10
-1309.7 9
-1309.5 7
-1309.3 10
-1309.1 10
-1308.9 5
-1308.7 6
-1308.5 5
-1308.3 14
-1308.1 7
-1307.9 10
-1307.7 5
-1307.5 6
-1307.3 7
-1307.1 3
-1306.9 10
-1306.7 4
-1306.5 8
-1306.3 10
-1306.1 7
-1305.9 7
-1305.7 9
-1305.5 3
-1305.3 7
-1305.1 9
-1304.9 4
-1304.7 9
-1304.5 5
-1304.3 9
-1304.1 5
-1303.9 2
-1303.7 3
-1303.5 5
-1303.3 6
-1303.1 8
-1302.9 4
-1302.7 6
-1302.5 3
-1302.3 4
-1302.1 5
-1301.9 3
-1301.7 4
-1301.5 6
-1301.3 5
-1301.1 5
-1300.9 5
-1300.7 9
-1300.5 7
-1300.3 3
-1300.1 3
