-1584.9 0
-1584.7 0
-1584.5 0
-1584.3 0
-1584.1 0
-1583.9 0
-1583.7 0
-1583.5 0
-1583.3 0
-1583.1 0
-1582.9 0
-1582.7 0
-1582.5 0
-1582.3 1
-1582.1 0
-1581.9 0
-1581.7 0
-1581.5 0
-1581.3 0
-1581.1 0
-1580.9 0
-1580.7 0
-1580.5 0
-1580.3 0
-1580.1 0
-1579.9 1
-1579.7 1
-1579.5 0
-1579.3 0
-1579.1 0
-1578.9 0
-1578.7 0
-1578.5 0
-1578.3 0
-1578.1 0
-1577.9 0
-1577.7 0
-1577.5 0
-1577.3 0
-1577.1 0
-1576.9 0
-1576.7 0
-1576.5 0
-1576.3 0
-1576.1 0
-1575.9 0
-1575.7 0
-1575.5 0
-1575.3 0
-1575.1 0
-1574.9 0
-1574.7 0
-1574.5 0
-1574.3 0
-1574.1 1
-1573.9 1
-1573.7 0
-1573.5 1
-1573.3 0
-1573.1 0
-1572.9 0
-1572.7 0
-1572.5 0
-1572.3 0
-1572.1 0
-1571.9 0
-1571.7 0
-1571.5 0
-1571.3 0
-1571.1 0
-1570.9 0
-1570.7 0
-1570.5 0
-1570.3 0
-1570.1 0
-1569.9 0
-1569.7 0
-1569.5 0
-1569.3 0
-1569.1 0
-1568.9 0
-1568.7 0
-1568.5 1
-1568.3 0
-1568.1 4
-1567.9 2
-1567.7 4
-1567.5 1
-1567.3 3
-1567.1 2
-1566.9 4
-1566.7 8
-1566.5 12
-1566.3 15
-1566.1 14
-1565.9 16
-1565.7 19
-1565.5 27
-1565.3 23
-1565.1 30
-1564.9 44
-1564.7 38
-1564.5 36
-1564.3 46
-1564.1 47
-1563.9 54
-1563.7 55
-1563.5 34
-1563.3 55
-1563.1 81
-1562.9 57
-1562.7 61
-1562.5 66
-1562.3 77
-1562.1 75
-1561.9 63
-1561.7 79
-1561.5 80
-1561.3 102
-1561.1 112
-1560.9 91
-1560.7 106
-1560.5 118
-1560.3 121
-1560.1 107
-1559.9 113
-1559.7 125
-1559.5 131
-1559.3 140
-1559.1 145
-1558.9 128
-1558.7 172
-1558.5 152
-1558.3 176
-1558.1 191
-1557.9 170
-1557.7 179
-1557.5 152
-1557.3 179
-1557.1 190
-1556.9 196
-1556.7 241
-1556.5 234
-1556.3 231
-1556.1 238
-1555.9 232
-1555.7 274
-1555.5 248
-1555.3 273
-1555.1 277
-1554.9 312
-1554.7 298
-1554.5 348
-1554.3 342
-1554.1 317
-1553.9 343
-1553.7 369
-1553.5 354
-1553.3 388
-1553.1 378
-1552.9 412
-1552.7 428
-1552.5 417
-1552.3 454
-1552.1 453
-1551.9 465
-1551.7 469
-1551.5 487
-1551.3 494
-1551.1 496
-1550.9 500
-1550.7 498
-1550.5 508
-1550.3 494
-1550.1 503
-1549.9 529
-1549.7 527
-1549.5 576
-1549.3 531
-1549.1 574
-1548.9 547
-1548.7 559
-1548.5 540
-1548.3 594
-1548.1 576
-1547.9 567
-1547.7 569
-1547.5 558
-1547.3 611
-1547.1 528
-1546.9 546
-1546.7 518
-1546.5 583
-1546.3 595
-1546.1 547
-1545.9 535
-1545.7 529
-1545.5 547
-1545.3 538
-1545.1 533
-1544.9 536
-1544.7 558
-1544.5 566
-1544.3 558
-1544.1 526
-1543.9 581
-1543.7 543
-1543.5 530
-1543.3 526
-1543.1 557
-1542.9 523
-1542.7 542
-1542.5 544
-1542.3 522
-1542.1 506
-1541.9 529
-1541.7 495
-1541.5 519
-1541.3 478
-1541.1 485
-1540.9 527
-1540.7 499
-1540.5 484
-1540.3 514
-1540.1 489
-1539.9 487
-1539.7 484
-1539.5 482
-1539.3 436
-1539.1 470
-1538.9 476
-1538.7 489
-1538.5 488
-1538.3 447
-1538.1 464
-1537.9 461
-1537.7 439
-1537.5 468
-1537.3 485
-1537.1 432
-1536.9 427
-1536.7 436
-1536.5 466
-1536.3 466
-1536.1 433
-1535.9 493
-1535.7 430
-1535.5 431
-1535.3 433
-1535.1 434
-1534.9 456
-1534.7 412
-1534.5 424
-1534.3 456
-1534.1 396
-1533.9 446
-1533.7 433
-1533.5 405
-1533.3 431
-1533.1 378
-1532.9 383
-1532.7 374
-1532.5 416
-1532.3 378
-1532.1 402
-1531.9 404
-1531.7 388
-1531.5 400
-1531.3 390
-1531.1 436
-1530.9 411
-1530.7 417
-1530.5 421
-1530.3 419
-1530.1 406
-1529.9 379
-1529.7 363
-1529.5 390
-1529.3 389
-1529.1 351
-1528.9 371
-1528.7 374
-1528.5 400
-1528.3 392
-1528.1 406
-1527.9 339
-1527.7 393
-1527.5 380
-1527.3 375
-1527.1 355
-1526.9 355
-1526.7 392
-1526.5 420
-1526.3 354
-1526.1 399
-1525.9 353
-1525.7 364
-1525.5 396
-1525.3 402
-1525.1 396
-1524.9 406
-1524.7 377
-1524.5 412
-1524.3 398
-1524.1 387
-1523.9 415
-1523.7 438
-1523.5 390
-1523.3 418
-1523.1 394
-1522.9 370
-1522.7 424
-1522.5 410
-1522.3 382
-1522.1 406
-1521.9 407
-1521.7 396
-1521.5 384
-1521.3 397
-1521.1 418
-1520.9 413
-1520.7 403
-1520.5 416
-1520.3 414
-1520.1 405
-1519.9 395
-1519.7 419
-1519.5 443
-1519.3 411
-1519.1 405
-1518.9 395
-1518.7 413
-1518.5 410
-1518.3 383
-1518.1 427
-1517.9 385
-1517.7 375
-1517.5 399
-1517.3 386
-1517.1 369
-1516.9 399
-1516.7 389
-1516.5 361
-1516.3 398
-1516.1 417
-1515.9 370
-1515.7 387
-1515.5 392
-1515.3 389
-1515.1 366
-1514.9 358
-1514.7 369
-1514.5 376
-1514.3 377
-1514.1 409
-1513.9 356
-1513.7 370
-1513.5 326
-1513.3 335
-1513.1 365
-1512.9 342
-1512.7 344
-1512.5 346
-1512.3 323
-1512.1 361
-1511.9 329
-1511.7 323
-1511.5 336
-1511.3 378
-1511.1 332
-1510.9 363
-1510.7 365
-1510.5 356
-1510.3 330
-1510.1 367
-1509.9 388
-1509.7 342
-1509.5 353
-1509.3 351
-1509.1 352
-1508.9 354
-1508.7 339
-1508.5 332
-1508.3 355
-1508.1 335
-1507.9 390
-1507.7 357
-1507.5 362
-1507.3 358
-1507.1 368
-1506.9 387
-1506.7 375
-1506.5 392
-1506.3 376
-1506.1 379
-1505.9 334
-1505.7 378
-1505.5 386
-1505.3 421
-1505.1 405
-1504.9 418
-1504.7 385
-1504.5 405
-1504.3 430
-1504.1 403
-1503.9 385
-1503.7 412
-1503.5 388
-1503.3 395
-1503.1 369
-1502.9 389
-1502.7 371
-1502.5 397
-1502.3 430
-1502.1 399
-1501.9 392
-1501.7 377
-1501.5 382
-1501.3 382
-1501.1 416
-1500.9 426
-1500.7 415
-1500.5 398
-1500.3 373
-1500.1 366
-1499.9 391
-1499.7 394
-1499.5 372
-1499.3 399
-1499.1 370
-1498.9 359
-1498.7 420
-1498.5 348
-1498.3 373
-1498.1 375
-1497.9 393
-1497.7 377
-1497.5 396
-1497.3 375
-1497.1 360
-1496.9 360
-1496.7 402
-1496.5 357
-1496.3 353
-1496.1 351
-1495.9 306
-1495.7 349
-1495.5 329
-1495.3 340
-1495.1 330
-1494.9 345
-1494.7 335
-1494.5 345
-1494.3 346
-1494.1 354
-1493.9 319
-1493.7 307
-1493.5 352
-1493.3 371
-1493.1 333
-1492.9 339
-1492.7 362
-1492.5 316
-1492.3 320
-1492.1 342
-1491.9 338
-1491.7 343
-1491.5 376
-1491.3 343
-1491.1 321
-1490.9 368
-1490.7 406
-1490.5 388
-1490.3 386
-1490.1 371
-1489.9 368
-1489.7 386
-1489.5 400
-1489.3 392
-1489.1 380
-1488.9 409
-1488.7 350
-1488.5 417
-1488.3 396
-1488.1 396
-1487.9 386
-1487.7 372
-1487.5 408
-1487.3 429
-1487.1 381
-1486.9 389
-1486.7 383
-1486.5 395
-1486.3 398
-1486.1 429
-1485.9 420
-1485.7 375
-1485.5 387
-1485.3 374
-1485.1 391
-1484.9 395
-1484.7 367
-1484.5 357
-1484.3 341
-1484.1 360
-1483.9 367
-1483.7 375
-1483.5 368
-1483.3 376
-1483.1 351
-1482.9 348
-1482.7 375
-1482.5 365
-1482.3 340
-1482.1 351
-1481.9 352
-1481.7 346
-1481.5 356
-1481.3 368
-1481.1 350
-1480.9 348
-1480.7 346
-1480.5 367
-1480.3 348
-1480.1 349
-1479.9 356
-1479.7 359
-1479.5 360
-1479.3 393
-1479.1 348
-1478.9 383
-1478.7 355
-1478.5 368
-1478.3 393
-1478.1 379
-1477.9 361
-1477.7 407
-1477.5 429
-1477.3 402
-1477.1 387
-1476.9 382
-1476.7 391
-1476.5 362
-1476.3 387
-1476.1 379
-1475.9 399
-1475.7 392
-1475.5 379
-1475.3 383
-1475.1 374
-1474.9 388
-1474.7 394
-1474.5 369
-1474.3 358
-1474.1 406
-1473.9 371
-1473.7 391
-1473.5 393
-1473.3 397
-1473.1 419
-1472.9 362
-1472.7 351
-1472.5 381
-1472.3 393
-1472.1 336
-1471.9 386
-1471.7 392
-1471.5 411
-1471.3 420
-1471.1 393
-1470.9 397
-1470.7 357
-1470.5 392
-1470.3 378
-1470.1 390
-1469.9 393
-1469.7 364
-1469.5 428
-1469.3 370
-1469.1 385
-1468.9 371
-1468.7 359
-1468.5 359
-1468.3 410
-1468.1 391
-1467.9 367
-1467.7 378
-1467.5 382
-1467.3 329
-1467.1 387
-1466.9 383
-1466.7 369
-1466.5 357
-1466.3 381
-1466.1 373
-1465.9 369
-1465.7 349
-1465.5 343
-1465.3 381
-1465.1 370
-1464.9 343
-1464.7 372
-1464.5 373
-1464.3 345
-1464.1 374
-1463.9 358
-1463.7 356
-1463.5 415
-1463.3 362
-1463.1 394
-1462.9 381
-1462.7 359
-1462.5 365
-1462.3 402
-1462.1 375
-1461.9 411
-1461.7 409
-1461.5 368
-1461.3 365
-1461.1 372
-1460.9 405
-1460.7 416
-1460.5 380
-1460.3 389
-1460.1 346
-1459.9 402
-1459.7 361
-1459.5 400
-1459.3 370
-1459.1 398
-1458.9 346
-1458.7 395
-1458.5 388
-1458.3 415
-1458.1 360
-1457.9 387
-1457.7 374
-1457.5 397
-1457.3 360
-1457.1 384
-1456.9 355
-1456.7 380
-1456.5 379
-1456.3 397
-1456.1 372
-1455.9 372
-1455.7 383
-1455.5 373
-1455.3 369
-1455.1 361
-1454.9 364
-1454.7 380
-1454.5 407
-1454.3 367
-1454.1 360
-1453.9 357
-1453.7 374
-1453.5 349
-1453.3 375
-1453.1 375
-1452.9 373
-1452.7 370
-1452.5 337
-1452.3 361
-1452.1 395
-1451.9 372
-1451.7 354
-1451.5 378
-1451.3 364
-1451.1 367
-1450.9 354
-1450.7 351
-1450.5 360
-1450.3 363
-1450.1 370
-1449.9 388
-1449.7 389
-1449.5 375
-1449.3 378
-1449.1 366
-1448.9 389
-1448.7 389
-1448.5 407
-1448.3 419
-1448.1 387
-1447.9 368
-1447.7 373
-1447.5 385
-1447.3 405
-1447.1 387
-1446.9 381
-1446.7 389
-1446.5 431
-1446.3 371
-1446.1 430
-1445.9 377
-1445.7 407
-1445.5 367
-1445.3 349
-1445.1 402
-1444.9 380
-1444.7 387
-1444.5 385
-1444.3 369
-1444.1 366
-1443.9 386
-1443.7 382
-1443.5 375
-1443.3 386
-1443.1 411
-1442.9 402
-1442.7 343
-1442.5 357
-1442.3 383
-1442.1 344
-1441.9 343
-1441.7 381
-1441.5 344
-1441.3 386
-1441.1 378
-1440.9 373
-1440.7 355
-1440.5 378
-1440.3 352
-1440.1 355
-1439.9 346
-1439.7 364
-1439.5 351
-1439.3 368
-1439.1 352
-1438.9 342
-1438.7 364
-1438.5 357
-1438.3 337
-1438.1 339
-1437.9 378
-1437.7 412
-1437.5 384
-1437.3 355
-1437.1 382
-1436.9 348
-1436.7 373
-1436.5 370
-1436.3 379
-1436.1 327
-1435.9 405
-1435.7 383
-1435.5 365
-1435.3 383
-1435.1 368
-1434.9 380
-1434.7 367
-1434.5 394
-1434.3 356
-1434.1 393
-1433.9 402
-1433.7 399
-1433.5 376
-1433.3 370
-1433.1 394
-1432.9 381
-1432.7 382
-1432.5 378
-1432.3 400
-1432.1 387
-1431.9 390
-1431.7 369
-1431.5 403
-1431.3 373
-1431.1 387
-1430.9 368
-1430.7 340
-1430.5 430
-1430.3 365
-1430.1 390
-1429.9 380
-1429.7 365
-1429.5 388
-1429.3 389
-1429.1 354
-1428.9 350
-1428.7 361
-1428.5 351
-1428.3 410
-1428.1 380
-1427.9 350
-1427.7 363
-1427.5 391
-1427.3 357
-1427.1 386
-1426.9 348
-1426.7 335
-1426.5 359
-1426.3 377
-1426.1 364
-1425.9 342
-1425.7 387
-1425.5 370
-1425.3 368
-1425.1 361
-1424.9 336
-1424.7 328
-1424.5 327
-1424.3 380
-1424.1 358
-1423.9 338
-1423.7 343
-1423.5 365
-1423.3 366
-1423.1 361
-1422.9 374
-1422.7 388
-1422.5 357
-1422.3 397
-1422.1 381
-1421.9 385
-1421.7 404
-1421.5 389
-1421.3 373
-1421.1 351
-1420.9 362
-1420.7 393
-1420.5 392
-1420.3 386
-1420.1 390
-1419.9 343
-1419.7 364
-1419.5 405
-1419.3 369
-1419.1 365
-1418.9 337
-1418.7 391
-1418.5 350
-1418.3 380
-1418.1 382
-1417.9 377
-1417.7 388
-1417.5 399
-1417.3 393
-1417.1 388
-1416.9 389
-1416.7 366
-1416.5 386
-1416.3 321
-1416.1 382
-1415.9 397
-1415.7 351
-1415.5 410
-1415.3 371
-1415.1 327
-1414.9 368
-1414.7 380
-1414.5 365
-1414.3 347
-1414.1 379
-1413.9 332
-1413.7 370
-1413.5 388
-1413.3 386
-1413.1 406
-1412.9 360
-1412.7 389
-1412.5 373
-1412.3 357
-1412.1 351
-1411.9 407
-1411.7 354
-1411.5 358
-1411.3 349
-1411.1 393
-1410.9 359
-1410.7 379
-1410.5 362
-1410.3 366
-1410.1 358
-1409.9 364
-1409.7 360
-1409.5 398
-1409.3 341
-1409.1 346
-1408.9 370
-1408.7 333
-1408.5 381
-1408.3 414
-1408.1 350
-1407.9 365
-1407.7 401
-1407.5 391
-1407.3 354
-1407.1 382
-1406.9 395
-1406.7 366
-1406.5 375
-1406.3 374
-1406.1 365
-1405.9 395
-1405.7 416
-1405.5 390
-1405.3 359
-1405.1 371
-1404.9 379
-1404.7 367
-1404.5 407
-1404.3 379
-1404.1 350
-1403.9 363
-1403.7 425
-1403.5 355
-1403.3 387
-1403.1 413
-1402.9 377
-1402.7 378
-1402.5 370
-1402.3 345
-1402.1 379
-1401.9 377
-1401.7 395
-1401.5 395
-1401.3 362
-1401.1 384
-1400.9 372
-1400.7 340
-1400.5 397
-1400.3 365
-1400.1 388
-1399.9 378
-1399.7 351
-1399.5 348
-1399.3 369
-1399.1 357
-1398.9 348
-1398.7 352
-1398.5 376
-1398.3 373
-1398.1 362
-1397.9 361
-1397.7 353
-1397.5 328
-1397.3 324
-1397.1 339
-1396.9 353
-1396.7 339
-1396.5 343
-1396.3 360
-1396.1 349
-1395.9 353
-1395.7 332
-1395.5 367
-1395.3 354
-1395.1 347
-1394.9 365
-1394.7 342
-1394.5 353
-1394.3 374
-1394.1 355
-1393.9 335
-1393.7 348
-1393.5 393
-1393.3 351
-1393.1 341
-1392.9 353
-1392.7 357
-1392.5 382
-1392.3 388
-1392.1 366
-1391.9 370
-1391.7 353
-1391.5 366
-1391.3 385
-1391.1 406
-1390.9 365
-1390.7 379
-1390.5 382
-1390.3 356
-1390.1 379
-1389.9 366
-1389.7 369
-1389.5 369
-1389.3 392
-1389.1 367
-1388.9 396
-1388.7 375
-1388.5 374
-1388.3 404
-1388.1 371
-1387.9 360
-1387.7 382
-1387.5 374
-1387.3 385
-1387.1 366
-1386.9 372
-1386.7 380
-1386.5 384
-1386.3 365
-1386.1 378
-1385.9 391
-1385.7 390
-1385.5 340
-1385.3 370
-1385.1 368
-1384.9 374
-1384.7 376
-1384.5 389
-1384.3 365
-1384.1 374
-1383.9 342
-1383.7 327
-1383.5 392
-1383.3 386
-1383.1 404
-1382.9 369
-1382.7 352
-1382.5 398
-1382.3 393
-1382.1 370
-1381.9 366
-1381.7 346
-1381.5 377
-1381.3 371
-1381.1 369
-1380.9 426
-1380.7 326
-1380.5 383
-1380.3 365
-1380.1 377
-1379.9 411
-1379.7 375
-1379.5 348
-1379.3 386
-1379.1 417
-1378.9 392
-1378.7 394
-1378.5 366
-1378.3 364
-1378.1 363
-1377.9 391
-1377.7 360
-1377.5 370
-1377.3 386
-1377.1 353
-1376.9 385
-1376.7 367
-1376.5 381
-1376.3 380
-1376.1 336
-1375.9 366
-1375.7 399
-1375.5 355
-1375.3 335
-1375.1 367
-1374.9 358
-1374.7 329
-1374.5 364
-1374.3 368
-1374.1 350
-1373.9 380
-1373.7 364
-1373.5 366
-1373.3 406
-1373.1 382
-1372.9 361
-1372.7 348
-1372.5 361
-1372.3 375
-1372.1 390
-1371.9 370
-1371.7 394
-1371.5 364
-1371.3 354
-1371.1 365
-1370.9 363
-1370.7 321
-1370.5 347
-1370.3 355
-1370.1 376
-1369.9 367
-1369.7 352
-1369.5 362
-1369.3 338
-1369.1 355
-1368.9 354
-1368.7 335
-1368.5 373
-1368.3 350
-1368.1 373
-1367.9 396
-1367.7 337
-1367.5 371
-1367.3 329
-1367.1 386
-1366.9 398
-1366.7 365
-1366.5 356
-1366.3 346
-1366.1 372
-1365.9 383
-1365.7 351
-1365.5 346
-1365.3 364
-1365.1 393
-1364.9 363
-1364.7 373
-1364.5 356
-1364.3 374
-1364.1 383
-1363.9 365
-1363.7 332
-1363.5 393
-1363.3 353
-1363.1 364
-1362.9 357
-1362.7 382
-1362.5 358
-1362.3 368
-1362.1 363
-1361.9 391
-1361.7 395
-1361.5 377
-1361.3 354
-1361.1 316
-1360.9 354
-1360.7 387
-1360.5 323
-1360.3 414
-1360.1 325
-1359.9 313
-1359.7 346
-1359.5 368
-1359.3 352
-1359.1 389
-1358.9 388
-1358.7 323
-1358.5 348
-1358.3 345
-1358.1 349
-1357.9 315
-1357.7 348
-1357.5 334
-1357.3 362
-1357.1 385
-1356.9 338
-1356.7 365
-1356.5 355
-1356.3 375
-1356.1 362
-1355.9 376
-1355.7 374
-1355.5 326
-1355.3 341
-1355.1 340
-1354.9 355
-1354.7 361
-1354.5 364
-1354.3 335
-1354.1 351
-1353.9 374
-1353.7 370
-1353.5 354
-1353.3 372
-1353.1 389
-1352.9 324
-1352.7 361
-1352.5 380
-1352.3 350
-1352.1 350
-1351.9 363
-1351.7 395
-1351.5 371
-1351.3 376
-1351.1 396
-1350.9 336
-1350.7 368
-1350.5 359
-1350.3 363
-1350.1 385
-1349.9 372
-1349.7 398
-1349.5 381
-1349.3 333
-1349.1 377
-1348.9 346
-1348.7 371
-1348.5 357
-1348.3 355
-1348.1 368
-1347.9 344
-1347.7 335
-1347.5 385
-1347.3 366
-1347.1 314
-1346.9 364
-1346.7 334
-1346.5 311
-1346.3 347
-1346.1 349
-1345.9 358
-1345.7 346
-1345.5 300
-1345.3 309
-1345.1 366
-1344.9 345
-1344.7 335
-1344.5 323
-1344.3 321
-1344.1 301
-1343.9 342
-1343.7 307
-1343.5 283
-1343.3 326
-1343.1 283
-1342.9 314
-1342.7 288
-1342.5 266
-1342.3 286
-1342.1 314
-1341.9 311
-1341.7 305
-1341.5 330
-1341.3 308
-1341.1 303
-1340.9 315
-1340.7 259
-1340.5 287
-1340.3 261
-1340.1 270
-1339.9 298
-1339.7 230
-1339.5 259
-1339.3 269
-1339.1 271
-1338.9 239
-1338.7 239
-1338.5 248
-1338.3 229
-1338.1 238
-1337.9 224
-1337.7 245
-1337.5 241
-1337.3 249
-1337.1 219
-1336.9 209
-1336.7 205
-1336.5 225
-1336.3 218
-1336.1 212
-1335.9 212
-1335.7 208
-1335.5 199
-1335.3 202
-1335.1 151
-1334.9 190
-1334.7 174
-1334.5 157
-1334.3 161
-1334.1 176
-1333.9 168
-1333.7 140
-1333.5 140
-1333.3 159
-1333.1 170
-1332.9 134
-1332.7 137
-1332.5 140
-1332.3 168
-1332.1 158
-1331.9 111
-1331.7 132
-1331.5 144
-1331.3 125
-1331.1 138
-1330.9 126
-1330.7 124
-1330.5 129
-1330.3 114
-1330.1 118
-1329.9 113
-1329.7 120
-1329.5 97
-1329.3 96
-1329.1 100
-1328.9 88
-1328.7 96
-1328.5 80
-1328.3 88
-1328.1 100
-1327.9 89
-1327.7 91
-1327.5 104
-1327.3 82
-1327.1 76
-1326.9 76
-1326.7 82
-1326.5 66
-1326.3 80
-1326.1 70
-1325.9 69
-1325.7 75
-1325.5 68
-1325.3 70
-1325.1 61
-1324.9 65
-1324.7 58
-1324.5 81
-1324.3 49
-1324.1 56
-1323.9 59
-1323.7 55
-1323.5 55
-1323.3 52
-1323.1 40
-1322.9 55
-1322.7 49
-1322.5 51
-1322.3 48
-1322.1 39
-1321.9 51
-1321.7 37
-1321.5 37
-1321.3 32
-1321.1 31
-1320.9 26
-1320.7 55
-1320.5 29
-1320.3 30
-1320.1 37
-1319.9 30
-1319.7 28
-1319.5 38
-1319.3 24
-1319.1 32
-1318.9 21
-1318.7 26
-1318.5 24
-1318.3 16
-1318.1 18
-1317.9 21
-1317.7 26
-1317.5 26
-1317.3 16
-1317.1 25
-1316.9 15
-1316.7 17
-1316.5 15
-1316.3 18
-1316.1 20
-1315.9 12
-1315.7 13
-1315.5 15
-1315.3 12
-1315.1 22
-1314.9 15
-1314.7 9
-1314.5 23
-1314.3 20
-1314.1 11
-1313.9 16
-1313.7 11
-1313.5 10
-1313.3 12
-1313.1 13
-1312.9 12
-1312.7 8
-1312.5 18
-1312.3 8
-1312.1 12
-1311.9 10
-1311.7 9
-1311.5 9
-1311.3 11
-1311.1 4
-1310.9 9
-1310.7 12
-1310.5 10
-1310.3 6
-1310.1 6
-1309.9 8
-1309.7 7
-1309.5 4
-1309.3 8
-1309.1 10
-1308.9 8
-1308.7 4
-1308.5 4
-1308.3 6
-1308.1 5
-1307.9 3
-1307.7 6
-1307.5 6
-1307.3 6
-1307.1 8
-1306.9 3
-1306.7 4
-1306.5 5
-1306.3 5
-1306.1 7
-1305.9 8
-1305.7 8
-1305.5 1
-1305.3 4
-1305.1 3
-1304.9 2
-1304.7 3
-1304.5 3
-1304.3 4
-1304.1 1
-1303.9 5
-1303.7 5
-1303.5 3
-1303.3 1
-1303.1 4
-1302.9 1
-1302.7 6
-1302.5 2
-1302.3 2
-1302.1 2
-1301.9 3
-1301.7 2
-1301.5 4
-1301.3 1
-1301.1 2
-1300.9 4
-1300.7 2
-1300.5 1
-1300.3 6
-1300.1 1
