-1584.9 0
-1584.7 0
-1584.5 0
-1584.3 0
-1584.1 0
-1583.9 0
-1583.7 0
-1583.5 0
-1583.3 0
-1583.1 0
-1582.9 0
-1582.7 0
-1582.5 0
-1582.3 1
-1582.1 0
-1581.9 0
-1581.7 0
-1581.5 0
-1581.3 1
-1581.1 0
-1580.9 2
-1580.7 1
-1580.5 1
-1580.3 1
-1580.1 0
-1579.9 0
-1579.7 2
-1579.5 0
-1579.3 0
-1579.1 3
-1578.9 2
-1578.7 5
-1578.5 3
-1578.3 7
-1578.1 5
-1577.9 9
-1577.7 7
-1577.5 14
-1577.3 6
-1577.1 17
-1576.9 18
-1576.7 17
-1576.5 19
-1576.3 26
-1576.1 18
-1575.9 27
-1575.7 40
-1575.5 36
-1575.3 38
-1575.1 33
-1574.9 42
-1574.7 44
-1574.5 47
-1574.3 55
-1574.1 53
-1573.9 43
-1573.7 64
-1573.5 61
-1573.3 49
-1573.1 77
-1572.9 72
-1572.7 76
-1572.5 84
-1572.3 83
-1572.1 78
-1571.9 111
-1571.7 79
-1571.5 95
-1571.3 105
-1571.1 97
-1570.9 90
-1570.7 101
-1570.5 105
-1570.3 110
-1570.1 123
-1569.9 116
-1569.7 121
-1569.5 137
-1569.3 142
-1569.1 145
-1568.9 144
-1568.7 181
-1568.5 152
-1568.3 150
-1568.1 164
-1567.9 152
-1567.7 169
-1567.5 186
-1567.3 198
-1567.1 192
-1566.9 228
-1566.7 200
-1566.5 207
-1566.3 198
-1566.1 197
-1565.9 228
-1565.7 254
-1565.5 239
-1565.3 245
-1565.1 269
-1564.9 271
-1564.7 295
-1564.5 285
-1564.3 303
-1564.1 303
-1563.9 306
-1563.7 357
-1563.5 290
-1563.3 349
-1563.1 344
-1562.9 372
-1562.7 337
-1562.5 357
-1562.3 372
-1562.1 388
-1561.9 399
-1561.7 409
-1561.5 417
-1561.3 375
-1561.1 414
-1560.9 384
-1560.7 433
-1560.5 395
-1560.3 463
-1560.1 472
-1559.9 463
-1559.7 485
-1559.5 426
-1559.3 454
-1559.1 508
-1558.9 453
-1558.7 460
-1558.5 464
-1558.3 474
-1558.1 478
-1557.9 499
-1557.7 476
-1557.5 472
-1557.3 499
-1557.1 510
-1556.9 529
-1556.7 464
-1556.5 504
-1556.3 508
-1556.1 510
-1555.9 492
-1555.7 501
-1555.5 503
-1555.3 514
-1555.1 489
-1554.9 506
-1554.7 451
-1554.5 502
-1554.3 483
-1554.1 486
-1553.9 511
-1553.7 477
-1553.5 501
-1553.3 483
-1553.1 485
-1552.9 500
-1552.7 485
-1552.5 472
-1552.3 497
-1552.1 473
-1551.9 502
-1551.7 463
-1551.5 505
-1551.3 453
-1551.1 483
-1550.9 461
-1550.7 478
-1550.5 492
-1550.3 453
-1550.1 513
-1549.9 487
-1549.7 428
-1549.5 514
-1549.3 446
-1549.1 503
-1548.9 438
-1548.7 456
-1548.5 467
-1548.3 492
-1548.1 463
-1547.9 448
-1547.7 444
-1547.5 462
-1547.3 450
-1547.1 496
-1546.9 465
-1546.7 426
-1546.5 471
-1546.3 449
-1546.1 419
-1545.9 458
-1545.7 435
-1545.5 408
-1545.3 434
-1545.1 437
-1544.9 376
-1544.7 410
-1544.5 453
-1544.3 440
-1544.1 421
-1543.9 414
-1543.7 444
-1543.5 396
-1543.3 428
-1543.1 400
-1542.9 407
-1542.7 421
-1542.5 397
-1542.3 437
-1542.1 399
-1541.9 433
-1541.7 430
-1541.5 399
-1541.3 429
-1541.1 391
-1540.9 388
-1540.7 367
-1540.5 436
-1540.3 413
-1540.1 417
-1539.9 402
-1539.7 377
-1539.5 427
-1539.3 413
-1539.1 402
-1538.9 428
-1538.7 357
-1538.5 387
-1538.3 394
-1538.1 400
-1537.9 388
-1537.7 389
-1537.5 402
-1537.3 372
-1537.1 386
-1536.9 390
-1536.7 419
-1536.5 374
-1536.3 392
-1536.1 386
-1535.9 362
-1535.7 375
-1535.5 398
-1535.3 417
-1535.1 389
-1534.9 405
-1534.7 436
-1534.5 385
-1534.3 366
-1534.1 390
-1533.9 431
-1533.7 444
-1533.5 391
-1533.3 402
-1533.1 428
-1532.9 371
-1532.7 396
-1532.5 335
-1532.3 374
-1532.1 392
-1531.9 410
-1531.7 388
-1531.5 403
-1531.3 399
-1531.1 382
-1530.9 347
-1530.7 378
-1530.5 393
-1530.3 396
-1530.1 401
-1529.9 394
-1529.7 377
-1529.5 394
-1529.3 382
-1529.1 378
-1528.9 360
-1528.7 398
-1528.5 395
-1528.3 371
-1528.1 338
-1527.9 350
-1527.7 389
-1527.5 372
-1527.3 354
-1527.1 355
-1526.9 380
-1526.7 379
-1526.5 368
-1526.3 377
-1526.1 358
-1525.9 386
-1525.7 338
-1525.5 342
-1525.3 358
-1525.1 349
-1524.9 347
-1524.7 377
-1524.5 355
-1524.3 357
-1524.1 385
-1523.9 382
-1523.7 335
-1523.5 361
-1523.3 354
-1523.1 389
-1522.9 372
-1522.7 349
-1522.5 385
-1522.3 365
-1522.1 361
-1521.9 354
-1521.7 368
-1521.5 364
-1521.3 348
-1521.1 349
-1520.9 332
-1520.7 405
-1520.5 367
-1520.3 320
-1520.1 355
-1519.9 363
-1519.7 392
-1519.5 372
-1519.3 364
-1519.1 395
-1518.9 405
-1518.7 355
-1518.5 397
-1518.3 364
-1518.1 391
-1517.9 385
-1517.7 377
-1517.5 345
-1517.3 365
-1517.1 375
-1516.9 367
-1516.7 370
-1516.5 404
-1516.3 387
-1516.1 412
-1515.9 387
-1515.7 366
-1515.5 347
-1515.3 393
-1515.1 393
-1514.9 372
-1514.7 350
-1514.5 363
-1514.3 350
-1514.1 351
-1513.9 331
-1513.7 342
-1513.5 410
-1513.3 330
-1513.1 368
-1512.9 335
-1512.7 371
-1512.5 326
-1512.3 352
-1512.1 325
-1511.9 351
-1511.7 368
-1511.5 344
-1511.3 316
-1511.1 326
-1510.9 318
-1510.7 380
-1510.5 355
-1510.3 317
-1510.1 332
-1509.9 343
-1509.7 330
-1509.5 328
-1509.3 346
-1509.1 347
-1508.9 324
-1508.7 358
-1508.5 378
-1508.3 338
-1508.1 319
-1507.9 331
-1507.7 347
-1507.5 346
-1507.3 360
-1507.1 355
-1506.9 348
-1506.7 331
-1506.5 357
-1506.3 356
-1506.1 384
-1505.9 318
-1505.7 369
-1505.5 357
-1505.3 364
-1505.1 360
-1504.9 354
-1504.7 339
-1504.5 361
-1504.3 378
-1504.1 334
-1503.9 377
-1503.7 371
-1503.5 381
-1503.3 384
-1503.1 408
-1502.9 375
-1502.7 409
-1502.5 352
-1502.3 364
-1502.1 387
-1501.9 431
-1501.7 381
-1501.5 417
-1501.3 360
-1501.1 389
-1500.9 408
-1500.7 388
-1500.5 366
-1500.3 403
-1500.1 430
-1499.9 392
-1499.7 393
-1499.5 424
-1499.3 381
-1499.1 422
-1498.9 385
-1498.7 409
-1498.5 422
-1498.3 422
-1498.1 434
-1497.9 395
-1497.7 401
-1497.5 403
-1497.3 368
-1497.1 411
-1496.9 393
-1496.7 395
-1496.5 400
-1496.3 380
-1496.1 391
-1495.9 381
-1495.7 387
-1495.5 397
-1495.3 377
-1495.1 345
-1494.9 348
-1494.7 378
-1494.5 383
-1494.3 350
-1494.1 352
-1493.9 381
-1493.7 359
-1493.5 347
-1493.3 373
-1493.1 326
-1492.9 361
-1492.7 363
-1492.5 296
-1492.3 293
-1492.1 350
-1491.9 329
-1491.7 352
-1491.5 347
-1491.3 301
-1491.1 315
-1490.9 291
-1490.7 303
-1490.5 357
-1490.3 370
-1490.1 350
-1489.9 391
-1489.7 334
-1489.5 352
-1489.3 363
-1489.1 334
-1488.9 352
-1488.7 371
-1488.5 366
-1488.3 344
-1488.1 386
-1487.9 398
-1487.7 347
-1487.5 358
-1487.3 363
-1487.1 371
-1486.9 398
-1486.7 358
-1486.5 345
-1486.3 369
-1486.1 396
-1485.9 368
-1485.7 362
-1485.5 333
-1485.3 410
-1485.1 373
-1484.9 397
-1484.7 403
-1484.5 393
-1484.3 378
-1484.1 385
-1483.9 368
-1483.7 409
-1483.5 356
-1483.3 361
-1483.1 397
-1482.9 405
-1482.7 396
-1482.5 410
-1482.3 400
-1482.1 389
-1481.9 407
-1481.7 414
-1481.5 392
-1481.3 406
-1481.1 389
-1480.9 409
-1480.7 407
-1480.5 433
-1480.3 394
-1480.1 406
-1479.9 348
-1479.7 384
-1479.5 407
-1479.3 398
-1479.1 402
-1478.9 419
-1478.7 377
-1478.5 352
-1478.3 362
-1478.1 365
-1477.9 363
-1477.7 368
-1477.5 340
-1477.3 338
-1477.1 375
-1476.9 346
-1476.7 382
-1476.5 373
-1476.3 337
-1476.1 367
-1475.9 354
-1475.7 339
-1475.5 308
-1475.3 335
-1475.1 320
-1474.9 342
-1474.7 357
-1474.5 333
-1474.3 350
-1474.1 327
-1473.9 348
-1473.7 339
-1473.5 349
-1473.3 357
-1473.1 343
-1472.9 357
-1472.7 328
-1472.5 335
-1472.3 405
-1472.1 326
-1471.9 353
-1471.7 312
-1471.5 375
-1471.3 336
-1471.1 351
-1470.9 349
-1470.7 329
-1470.5 340
-1470.3 352
-1470.1 387
-1469.9 379
-1469.7 372
-1469.5 382
-1469.3 396
-1469.1 354
-1468.9 386
-1468.7 419
-1468.5 376
-1468.3 408
-1468.1 391
-1467.9 403
-1467.7 335
-1467.5 353
-1467.3 400
-1467.1 459
-1466.9 383
-1466.7 401
-1466.5 371
-1466.3 401
-1466.1 378
-1465.9 395
-1465.7 379
-1465.5 383
-1465.3 412
-1465.1 387
-1464.9 402
-1464.7 402
-1464.5 393
-1464.3 398
-1464.1 437
-1463.9 446
-1463.7 406
-1463.5 397
-1463.3 415
-1463.1 404
-1462.9 376
-1462.7 393
-1462.5 420
-1462.3 364
-1462.1 375
-1461.9 402
-1461.7 375
-1461.5 402
-1461.3 366
-1461.1 359
-1460.9 351
-1460.7 357
-1460.5 364
-1460.3 368
-1460.1 329
-1459.9 368
-1459.7 343
-1459.5 341
-1459.3 371
-1459.1 308
-1458.9 343
-1458.7 362
-1458.5 344
-1458.3 327
-1458.1 332
-1457.9 333
-1457.7 358
-1457.5 347
-1457.3 333
-1457.1 341
-1456.9 323
-1456.7 343
-1456.5 340
-1456.3 362
-1456.1 341
-1455.9 326
-1455.7 334
-1455.5 350
-1455.3 350
-1455.1 358
-1454.9 382
-1454.7 349
-1454.5 334
-1454.3 377
-1454.1 356
-1453.9 355
-1453.7 359
-1453.5 328
-1453.3 329
-1453.1 375
-1452.9 373
-1452.7 336
-1452.5 362
-1452.3 374
-1452.1 378
-1451.9 369
-1451.7 400
-1451.5 364
-1451.3 390
-1451.1 387
-1450.9 359
-1450.7 382
-1450.5 403
-1450.3 349
-1450.1 393
-1449.9 378
-1449.7 391
-1449.5 373
-1449.3 365
-1449.1 383
-1448.9 391
-1448.7 387
-1448.5 393
-1448.3 376
-1448.1 367
-1447.9 392
-1447.7 346
-1447.5 404
-1447.3 403
-1447.1 408
-1446.9 398
-1446.7 385
-1446.5 370
-1446.3 386
-1446.1 371
-1445.9 375
-1445.7 345
-1445.5 376
-1445.3 361
-1445.1 375
-1444.9 355
-1444.7 372
-1444.5 367
-1444.3 385
-1444.1 399
-1443.9 389
-1443.7 335
-1443.5 393
-1443.3 311
-1443.1 379
-1442.9 353
-1442.7 347
-1442.5 394
-1442.3 386
-1442.1 385
-1441.9 366
-1441.7 369
-1441.5 348
-1441.3 366
-1441.1 376
-1440.9 367
-1440.7 367
-1440.5 393
-1440.3 340
-1440.1 353
-1439.9 339
-1439.7 374
-1439.5 349
-1439.3 352
-1439.1 372
-1438.9 368
-1438.7 358
-1438.5 372
-1438.3 354
-1438.1 351
-1437.9 392
-1437.7 361
-1437.5 361
-1437.3 363
-1437.1 337
-1436.9 380
-1436.7 364
-1436.5 402
-1436.3 387
-1436.1 376
-1435.9 364
-1435.7 362
-1435.5 339
-1435.3 355
-1435.1 370
-1434.9 372
-1434.7 421
-1434.5 378
-1434.3 391
-1434.1 359
-1433.9 382
-1433.7 369
-1433.5 381
-1433.3 336
-1433.1 369
-1432.9 348
-1432.7 391
-1432.5 353
-1432.3 360
-1432.1 343
-1431.9 334
-1431.7 368
-1431.5 349
-1431.3 364
-1431.1 362
-1430.9 378
-1430.7 358
-1430.5 362
-1430.3 377
-1430.1 377
-1429.9 378
-1429.7 396
-1429.5 396
-1429.3 362
-1429.1 388
-1428.9 368
-1428.7 396
-1428.5 387
-1428.3 383
-1428.1 393
-1427.9 404
-1427.7 380
-1427.5 363
-1427.3 346
-1427.1 403
-1426.9 373
-1426.7 403
-1426.5 395
-1426.3 347
-1426.1 378
-1425.9 359
-1425.7 344
-1425.5 357
-1425.3 364
-1425.1 398
-1424.9 374
-1424.7 330
-1424.5 369
-1424.3 363
-1424.1 350
-1423.9 380
-1423.7 348
-1423.5 376
-1423.3 399
-1423.1 408
-1422.9 368
-1422.7 366
-1422.5 383
-1422.3 383
-1422.1 370
-1421.9 373
-1421.7 378
-1421.5 387
-1421.3 354
-1421.1 393
-1420.9 355
-1420.7 380
-1420.5 390
-1420.3 308
-1420.1 373
-1419.9 327
-1419.7 405
-1419.5 380
-1419.3 401
-1419.1 360
-1418.9 368
-1418.7 381
-1418.5 387
-1418.3 350
-1418.1 357
-1417.9 337
-1417.7 328
-1417.5 384
-1417.3 364
-1417.1 328
-1416.9 355
-1416.7 354
-1416.5 377
-1416.3 388
-1416.1 376
-1415.9 360
-1415.7 341
-1415.5 346
-1415.3 317
-1415.1 349
-1414.9 351
-1414.7 364
-1414.5 373
-1414.3 344
-1414.1 369
-1413.9 349
-1413.7 381
-1413.5 336
-1413.3 350
-1413.1 360
-1412.9 348
-1412.7 336
-1412.5 378
-1412.3 382
-1412.1 387
-1411.9 363
-1411.7 337
-1411.5 398
-1411.3 385
-1411.1 358
-1410.9 372
-1410.7 340
-1410.5 346
-1410.3 393
-1410.1 341
-1409.9 394
-1409.7 343
-1409.5 379
-1409.3 394
-1409.1 376
-1408.9 390
-1408.7 372
-1408.5 386
-1408.3 418
-1408.1 378
-1407.9 384
-1407.7 375
-1407.5 363
-1407.3 361
-1407.1 389
-1406.9 358
-1406.7 358
-1406.5 370
-1406.3 360
-1406.1 370
-1405.9 343
-1405.7 376
-1405.5 395
-1405.3 351
-1405.1 362
-1404.9 371
-1404.7 382
-1404.5 376
-1404.3 377
-1404.1 372
-1403.9 355
-1403.7 389
-1403.5 358
-1403.3 402
-1403.1 344
-1402.9 394
-1402.7 360
-1402.5 384
-1402.3 360
-1402.1 346
-1401.9 346
-1401.7 339
-1401.5 367
-1401.3 334
-1401.1 353
-1400.9 329
-1400.7 363
-1400.5 359
-1400.3 350
-1400.1 363
-1399.9 381
-1399.7 375
-1399.5 405
-1399.3 382
-1399.1 347
-1398.9 353
-1398.7 365
-1398.5 347
-1398.3 366
-1398.1 377
-1397.9 356
-1397.7 361
-1397.5 358
-1397.3 402
-1397.1 353
-1396.9 387
-1396.7 373
-1396.5 355
-1396.3 376
-1396.1 361
-1395.9 349
-1395.7 369
-1395.5 348
-1395.3 357
-1395.1 365
-1394.9 350
-1394.7 393
-1394.5 358
-1394.3 379
-1394.1 381
-1393.9 349
-1393.7 383
-1393.5 325
-1393.3 381
-1393.1 335
-1392.9 413
-1392.7 363
-1392.5 370
-1392.3 371
-1392.1 346
-1391.9 384
-1391.7 395
-1391.5 360
-1391.3 376
-1391.1 372
-1390.9 342
-1390.7 359
-1390.5 382
-1390.3 359
-1390.1 386
-1389.9 356
-1389.7 374
-1389.5 358
-1389.3 362
-1389.1 374
-1388.9 364
-1388.7 345
-1388.5 363
-1388.3 335
-1388.1 346
-1387.9 313
-1387.7 354
-1387.5 352
-1387.3 379
-1387.1 360
-1386.9 359
-1386.7 352
-1386.5 396
-1386.3 371
-1386.1 352
-1385.9 323
-1385.7 357
-1385.5 338
-1385.3 345
-1385.1 334
-1384.9 344
-1384.7 367
-1384.5 364
-1384.3 350
-1384.1 364
-1383.9 358
-1383.7 328
-1383.5 324
-1383.3 342
-1383.1 350
-1382.9 352
-1382.7 370
-1382.5 361
-1382.3 357
-1382.1 333
-1381.9 358
-1381.7 369
-1381.5 355
-1381.3 363
-1381.1 345
-1380.9 367
-1380.7 321
-1380.5 369
-1380.3 332
-1380.1 348
-1379.9 361
-1379.7 322
-1379.5 370
-1379.3 368
-1379.1 326
-1378.9 345
-1378.7 337
-1378.5 368
-1378.3 345
-1378.1 351
-1377.9 362
-1377.7 353
-1377.5 412
-1377.3 333
-1377.1 382
-1376.9 376
-1376.7 363
-1376.5 371
-1376.3 377
-1376.1 366
-1375.9 388
-1375.7 386
-1375.5 357
-1375.3 350
-1375.1 346
-1374.9 365
-1374.7 350
-1374.5 337
-1374.3 360
-1374.1 329
-1373.9 343
-1373.7 340
-1373.5 306
-1373.3 338
-1373.1 355
-1372.9 344
-1372.7 343
-1372.5 324
-1372.3 364
-1372.1 324
-1371.9 330
-1371.7 323
-1371.5 341
-1371.3 317
-1371.1 310
-1370.9 294
-1370.7 326
-1370.5 340
-1370.3 298
-1370.1 307
-1369.9 324
-1369.7 356
-1369.5 310
-1369.3 309
-1369.1 314
-1368.9 273
-1368.7 307
-1368.5 290
-1368.3 295
-1368.1 273
-1367.9 287
-1367.7 304
-1367.5 285
-1367.3 272
-1367.1 286
-1366.9 273
-1366.7 274
-1366.5 257
-1366.3 255
-1366.1 251
-1365.9 239
-1365.7 242
-1365.5 256
-1365.3 266
-1365.1 261
-1364.9 260
-1364.7 245
-1364.5 245
-1364.3 234
-1364.1 238
-1363.9 250
-1363.7 236
-1363.5 217
-1363.3 207
-1363.1 252
-1362.9 224
-1362.7 183
-1362.5 209
-1362.3 212
-1362.1 170
-1361.9 222
-1361.7 232
-1361.5 203
-1361.3 219
-1361.1 164
-1360.9 183
-1360.7 183
-1360.5 183
-1360.3 165
-1360.1 165
-1359.9 170
-1359.7 168
-1359.5 178
-1359.3 142
-1359.1 149
-1358.9 165
-1358.7 157
-1358.5 143
-1358.3 144
-1358.1 137
-1357.9 114
-1357.7 145
-1357.5 135
-1357.3 131
-1357.1 125
-1356.9 132
-1356.7 139
-1356.5 103
-1356.3 111
-1356.1 101
-1355.9 105
-1355.7 110
-1355.5 110
-1355.3 86
-1355.1 82
-1354.9 116
-1354.7 97
-1354.5 92
-1354.3 95
-1354.1 105
-1353.9 90
-1353.7 86
-1353.5 77
-1353.3 79
-1353.1 89
-1352.9 94
-1352.7 80
-1352.5 83
-1352.3 74
-1352.1 59
-1351.9 55
-1351.7 63
-1351.5 79
-1351.3 71
-1351.1 57
-1350.9 60
-1350.7 45
-1350.5 45
-1350.3 58
-1350.1 40
-1349.9 56
-1349.7 53
-1349.5 44
-1349.3 42
-1349.1 42
-1348.9 40
-1348.7 46
-1348.5 42
-1348.3 33
-1348.1 50
-1347.9 38
-1347.7 29
-1347.5 33
-1347.3 35
-1347.1 22
-1346.9 25
-1346.7 36
-1346.5 30
-1346.3 21
-1346.1 26
-1345.9 31
-1345.7 17
-1345.5 23
-1345.3 28
-1345.1 20
-1344.9 29
-1344.7 17
-1344.5 20
-1344.3 24
-1344.1 19
-1343.9 19
-1343.7 14
-1343.5 20
-1343.3 8
-1343.1 20
-1342.9 12
-1342.7 16
-1342.5 9
-1342.3 15
-1342.1 14
-1341.9 12
-1341.7 17
-1341.5 15
-1341.3 9
-1341.1 8
-1340.9 15
-1340.7 12
-1340.5 8
-1340.3 10
-1340.1 11
-1339.9 13
-1339.7 11
-1339.5 4
-1339.3 11
-1339.1 6
-1338.9 10
-1338.7 8
-1338.5 11
-1338.3 9
-1338.1 4
-1337.9 2
-1337.7 9
-1337.5 8
-1337.3 7
-1337.1 1
-1336.9 8
-1336.7 6
-1336.5 3
-1336.3 8
-1336.1 3
-1335.9 4
-1335.7 6
-1335.5 7
-1335.3 1
-1335.1 5
-1334.9 2
-1334.7 3
-1334.5 2
-1334.3 4
-1334.1 6
-1333.9 5
-1333.7 6
-1333.5 3
-1333.3 4
-1333.1 5
-1332.9 4
-1332.7 4
-1332.5 3
-1332.3 3
-1332.1 5
-1331.9 4
-1331.7 2
-1331.5 4
-1331.3 4
-1331.1 3
-1330.9 2
-1330.7 1
-1330.5 3
-1330.3 3
-1330.1 0
-1329.9 2
-1329.7 6
-1329.5 3
-1329.3 1
-1329.1 2
-1328.9 1
-1328.7 3
-1328.5 2
-1328.3 4
-1328.1 2
-1327.9 0
-1327.7 1
-1327.5 2
-1327.3 4
-1327.1 1
-1326.9 2
-1326.7 1
-1326.5 1
-1326.3 4
-1326.1 0
-1325.9 3
-1325.7 0
-1325.5 0
-1325.3 2
-1325.1 1
-1324.9 1
-1324.7 5
-1324.5 2
-1324.3 4
-1324.1 2
-1323.9 3
-1323.7 6
-1323.5 0
-1323.3 3
-1323.1 1
-1322.9 0
-1322.7 2
-1322.5 2
-1322.3 2
-1322.1 4
-1321.9 4
-1321.7 2
-1321.5 1
-1321.3 3
-1321.1 3
-1320.9 3
-1320.7 3
-1320.5 2
-1320.3 3
-1320.1 1
-1319.9 2
-1319.7 2
-1319.5 5
-1319.3 1
-1319.1 2
-1318.9 2
-1318.7 2
-1318.5 3
-1318.3 2
-1318.1 1
-1317.9 3
-1317.7 2
-1317.5 3
-1317.3 2
-1317.1 3
-1316.9 1
-1316.7 3
-1316.5 1
-1316.3 2
-1316.1 2
-1315.9 1
-1315.7 2
-1315.5 2
-1315.3 5
-1315.1 2
-1314.9 4
-1314.7 0
-1314.5 0
-1314.3 3
-1314.1 3
-1313.9 3
-1313.7 2
-1313.5 1
-1313.3 0
-1313.1 0
-1312.9 1
-1312.7 3
-1312.5 1
-1312.3 1
-1312.1 0
-1311.9 6
-1311.7 6
-1311.5 1
-1311.3 2
-1311.1 3
-1310.9 2
-1310.7 3
-1310.5 1
-1310.3 3
-1310.1 2
-1309.9 4
-1309.7 1
-1309.5 0
-1309.3 1
-1309.1 4
-1308.9 5
-1308.7 1
-1308.5 0
-1308.3 0
-1308.1 2
-1307.9 1
-1307.7 2
-1307.5 1
-1307.3 2
-1307.1 2
-1306.9 1
-1306.7 0
-1306.5 1
-1306.3 4
-1306.1 3
-1305.9 0
-1305.7 2
-1305.5 2
-1305.3 2
-1305.1 2
-1304.9 2
-1304.7 2
-1304.5 2
-1304.3 6
-1304.1 2
-1303.9 3
-1303.7 1
-1303.5 2
-1303.3 1
-1303.1 3
-1302.9 1
-1302.7 6
-1302.5 1
-1302.3 3
-1302.1 1
-1301.9 0
-1301.7 5
-1301.5 0
-1301.3 3
-1301.1 3
-1300.9 1
-1300.7 2
-1300.5 0
-1300.3 0
-1300.1 1
