-1584.9 0
-1584.7 0
-1584.5 1
-1584.3 1
-1584.1 0
-1583.9 0
-1583.7 0
-1583.5 2
-1583.3 0
-1583.1 1
-1582.9 0
-1582.7 0
-1582.5 0
-1582.3 0
-1582.1 0
-1581.9 0
-1581.7 2
-1581.5 0
-1581.3 3
-1581.1 2
-1580.9 1
-1580.7 2
-1580.5 5
-1580.3 4
-1580.1 7
-1579.9 3
-1579.7 6
-1579.5 8
-1579.3 15
-1579.1 7
-1578.9 10
-1578.7 14
-1578.5 16
-1578.3 15
-1578.1 20
-1577.9 24
-1577.7 25
-1577.5 31
-1577.3 36
-1577.1 32
-1576.9 36
-1576.7 44
-1576.5 46
-1576.3 44
-1576.1 46
-1575.9 54
-1575.7 59
-1575.5 57
-1575.3 61
-1575.1 55
-1574.9 66
-1574.7 78
-1574.5 73
-1574.3 73
-1574.1 74
-1573.9 86
-1573.7 96
-1573.5 94
-1573.3 93
-1573.1 77
-1572.9 93
-1572.7 100
-1572.5 88
-1572.3 96
-1572.1 118
-1571.9 111
-1571.7 109
-1571.5 114
-1571.3 127
-1571.1 133
-1570.9 125
-1570.7 125
-1570.5 124
-1570.3 156
-1570.1 147
-1569.9 174
-1569.7 143
-1569.5 173
-1569.3 147
-1569.1 192
-1568.9 157
-1568.7 195
-1568.5 180
-1568.3 203
-1568.1 193
-1567.9 202
-1567.7 225
-1567.5 200
-1567.3 237
-1567.1 219
-1566.9 244
-1566.7 230
-1566.5 252
-1566.3 259
-1566.1 278
-1565.9 272
-1565.7 293
-1565.5 283
-1565.3 291
-1565.1 293
-1564.9 314
-1564.7 327
-1564.5 317
-1564.3 355
-1564.1 316
-1563.9 364
-1563.7 312
-1563.5 373
-1563.3 334
-1563.1 388
-1562.9 390
-1562.7 362
-1562.5 375
-1562.3 403
-1562.1 399
-1561.9 413
-1561.7 426
-1561.5 405
-1561.3 407
-1561.1 420
-1560.9 403
-1560.7 469
-1560.5 464
-1560.3 446
-1560.1 437
-1559.9 442
-1559.7 470
-1559.5 472
-1559.3 437
-1559.1 471
-1558.9 471
-1558.7 445
-1558.5 482
-1558.3 513
-1558.1 503
-1557.9 516
-1557.7 495
-1557.5 523
-1557.3 470
-1557.1 497
-1556.9 511
-1556.7 481
-1556.5 467
-1556.3 478
-1556.1 546
-1555.9 491
-1555.7 515
-1555.5 503
-1555.3 530
-1555.1 516
-1554.9 523
-1554.7 515
-1554.5 467
-1554.3 514
-1554.1 508
-1553.9 517
-1553.7 481
-1553.5 513
-1553.3 490
-1553.1 515
-1552.9 493
-1552.7 467
-1552.5 490
-1552.3 481
-1552.1 442
-1551.9 505
-1551.7 522
-1551.5 491
-1551.3 493
-1551.1 491
-1550.9 525
-1550.7 467
-1550.5 472
-1550.3 491
-1550.1 506
-1549.9 471
-1549.7 490
-1549.5 517
-1549.3 466
-1549.1 507
-1548.9 474
-1548.7 441
-1548.5 451
-1548.3 465
-1548.1 467
-1547.9 468
-1547.7 498
-1547.5 480
-1547.3 505
-1547.1 491
-1546.9 433
-1546.7 462
-1546.5 486
-1546.3 446
-1546.1 420
-1545.9 487
-1545.7 488
-1545.5 473
-1545.3 465
-1545.1 452
-1544.9 468
-1544.7 460
-1544.5 482
-1544.3 440
-1544.1 457
-1543.9 432
-1543.7 443
-1543.5 426
-1543.3 451
-1543.1 425
-1542.9 490
-1542.7 431
-1542.5 432
-1542.3 446
-1542.1 475
-1541.9 448
-1541.7 408
-1541.5 444
-1541.3 433
-1541.1 440
-1540.9 457
-1540.7 436
-1540.5 463
-1540.3 435
-1540.1 438
-1539.9 438
-1539.7 438
-1539.5 454
-1539.3 454
-1539.1 469
-1538.9 461
-1538.7 457
-1538.5 437
-1538.3 421
-1538.1 449
-1537.9 412
-1537.7 439
-1537.5 428
-1537.3 394
-1537.1 459
-1536.9 438
-1536.7 392
-1536.5 437
-1536.3 409
-1536.1 474
-1535.9 414
-1535.7 418
-1535.5 401
-1535.3 429
-1535.1 437
-1534.9 381
-1534.7 434
-1534.5 417
-1534.3 430
-1534.1 419
-1533.9 400
-1533.7 413
-1533.5 399
-1533.3 400
-1533.1 429
-1532.9 413
-1532.7 425
-1532.5 437
-1532.3 417
-1532.1 366
-1531.9 398
-1531.7 410
-1531.5 407
-1531.3 415
-1531.1 385
-1530.9 397
-1530.7 411
-1530.5 369
-1530.3 421
-1530.1 369
-1529.9 381
-1529.7 438
-1529.5 388
-1529.3 424
-1529.1 421
-1528.9 401
-1528.7 391
-1528.5 404
-1528.3 427
-1528.1 400
-1527.9 397
-1527.7 406
-1527.5 375
-1527.3 391
-1527.1 413
-1526.9 397
-1526.7 409
-1526.5 392
-1526.3 415
-1526.1 405
-1525.9 400
-1525.7 405
-1525.5 407
-1525.3 397
-1525.1 418
-1524.9 435
-1524.7 405
-1524.5 406
-1524.3 385
-1524.1 395
-1523.9 391
-1523.7 409
-1523.5 437
-1523.3 387
-1523.1 343
-1522.9 381
-1522.7 369
-1522.5 370
-1522.3 364
-1522.1 383
-1521.9 382
-1521.7 387
-1521.5 417
-1521.3 393
-1521.1 385
-1520.9 382
-1520.7 383
-1520.5 383
-1520.3 404
-1520.1 400
-1519.9 359
-1519.7 373
-1519.5 363
-1519.3 391
-1519.1 379
-1518.9 416
-1518.7 383
-1518.5 366
-1518.3 412
-1518.1 376
-1517.9 384
-1517.7 383
-1517.5 404
-1517.3 366
-1517.1 362
-1516.9 390
-1516.7 387
-1516.5 369
-1516.3 368
-1516.1 348
-1515.9 372
-1515.7 406
-1515.5 391
-1515.3 414
-1515.1 383
-1514.9 398
-1514.7 439
-1514.5 395
-1514.3 400
-1514.1 418
-1513.9 364
-1513.7 413
-1513.5 358
-1513.3 387
-1513.1 376
-1512.9 391
-1512.7 365
-1512.5 411
-1512.3 376
-1512.1 399
-1511.9 414
-1511.7 376
-1511.5 387
-1511.3 376
-1511.1 388
-1510.9 391
-1510.7 390
-1510.5 351
-1510.3 395
-1510.1 403
-1509.9 416
-1509.7 400
-1509.5 405
-1509.3 426
-1509.1 381
-1508.9 381
-1508.7 399
-1508.5 414
-1508.3 389
-1508.1 384
-1507.9 387
-1507.7 411
-1507.5 389
-1507.3 394
-1507.1 403
-1506.9 392
-1506.7 398
-1506.5 411
-1506.3 408
-1506.1 381
-1505.9 404
-1505.7 389
-1505.5 423
-1505.3 413
-1505.1 379
-1504.9 408
-1504.7 414
-1504.5 405
-1504.3 368
-1504.1 415
-1503.9 426
-1503.7 385
-1503.5 384
-1503.3 354
-1503.1 375
-1502.9 366
-1502.7 372
-1502.5 367
-1502.3 386
-1502.1 382
-1501.9 397
-1501.7 418
-1501.5 449
-1501.3 376
-1501.1 376
-1500.9 371
-1500.7 388
-1500.5 393
-1500.3 383
-1500.1 410
-1499.9 410
-1499.7 379
-1499.5 437
-1499.3 394
-1499.1 365
-1498.9 397
-1498.7 382
-1498.5 432
-1498.3 372
-1498.1 389
-1497.9 411
-1497.7 401
-1497.5 391
-1497.3 383
-1497.1 373
-1496.9 382
-1496.7 397
-1496.5 438
-1496.3 406
-1496.1 388
-1495.9 399
-1495.7 377
-1495.5 367
-1495.3 394
-1495.1 426
-1494.9 449
-1494.7 406
-1494.5 404
-1494.3 414
-1494.1 382
-1493.9 400
-1493.7 396
-1493.5 385
-1493.3 405
-1493.1 410
-1492.9 400
-1492.7 416
-1492.5 411
-1492.3 413
-1492.1 376
-1491.9 389
-1491.7 398
-1491.5 406
-1491.3 401
-1491.1 440
-1490.9 395
-1490.7 421
-1490.5 405
-1490.3 424
-1490.1 431
-1489.9 405
-1489.7 390
-1489.5 411
-1489.3 431
-1489.1 374
-1488.9 410
-1488.7 420
-1488.5 379
-1488.3 419
-1488.1 388
-1487.9 401
-1487.7 400
-1487.5 417
-1487.3 396
-1487.1 428
-1486.9 389
-1486.7 368
-1486.5 388
-1486.3 383
-1486.1 382
-1485.9 398
-1485.7 398
-1485.5 406
-1485.3 372
-1485.1 423
-1484.9 383
-1484.7 415
-1484.5 403
-1484.3 402
-1484.1 389
-1483.9 408
-1483.7 400
-1483.5 410
-1483.3 415
-1483.1 339
-1482.9 418
-1482.7 378
-1482.5 392
-1482.3 423
-1482.1 402
-1481.9 404
-1481.7 392
-1481.5 383
-1481.3 394
-1481.1 380
-1480.9 403
-1480.7 348
-1480.5 402
-1480.3 401
-1480.1 390
-1479.9 445
-1479.7 375
-1479.5 387
-1479.3 397
-1479.1 386
-1478.9 389
-1478.7 394
-1478.5 437
-1478.3 366
-1478.1 416
-1477.9 410
-1477.7 392
-1477.5 413
-1477.3 411
-1477.1 401
-1476.9 387
-1476.7 380
-1476.5 379
-1476.3 389
-1476.1 414
-1475.9 413
-1475.7 414
-1475.5 418
-1475.3 383
-1475.1 389
-1474.9 398
-1474.7 382
-1474.5 404
-1474.3 412
-1474.1 406
-1473.9 435
-1473.7 384
-1473.5 392
-1473.3 368
-1473.1 435
-1472.9 385
-1472.7 408
-1472.5 403
-1472.3 387
-1472.1 460
-1471.9 407
-1471.7 360
-1471.5 379
-1471.3 417
-1471.1 422
-1470.9 426
-1470.7 382
-1470.5 429
-1470.3 405
-1470.1 405
-1469.9 412
-1469.7 411
-1469.5 421
-1469.3 385
-1469.1 412
-1468.9 368
-1468.7 415
-1468.5 399
-1468.3 436
-1468.1 396
-1467.9 413
-1467.7 404
-1467.5 431
-1467.3 411
-1467.1 413
-1466.9 432
-1466.7 412
-1466.5 406
-1466.3 417
-1466.1 405
-1465.9 384
-1465.7 390
-1465.5 402
-1465.3 403
-1465.1 381
-1464.9 385
-1464.7 411
-1464.5 417
-1464.3 409
-1464.1 414
-1463.9 420
-1463.7 430
-1463.5 412
-1463.3 405
-1463.1 394
-1462.9 420
-1462.7 416
-1462.5 425
-1462.3 423
-1462.1 384
-1461.9 402
-1461.7 411
-1461.5 392
-1461.3 388
-1461.1 420
-1460.9 401
-1460.7 377
-1460.5 389
-1460.3 410
-1460.1 387
-1459.9 381
-1459.7 405
-1459.5 358
-1459.3 381
-1459.1 401
-1458.9 376
-1458.7 367
-1458.5 399
-1458.3 394
-1458.1 424
-1457.9 402
-1457.7 417
-1457.5 364
-1457.3 390
-1457.1 413
-1456.9 404
-1456.7 410
-1456.5 356
-1456.3 362
-1456.1 364
-1455.9 381
-1455.7 379
-1455.5 378
-1455.3 364
-1455.1 386
-1454.9 404
-1454.7 393
-1454.5 361
-1454.3 391
-1454.1 365
-1453.9 377
-1453.7 400
-1453.5 423
-1453.3 423
-1453.1 388
-1452.9 389
-1452.7 345
-1452.5 377
-1452.3 373
-1452.1 383
-1451.9 380
-1451.7 400
-1451.5 395
-1451.3 388
-1451.1 390
-1450.9 384
-1450.7 386
-1450.5 362
-1450.3 370
-1450.1 434
-1449.9 397
-1449.7 411
-1449.5 410
-1449.3 374
-1449.1 405
-1448.9 398
-1448.7 386
-1448.5 424
-1448.3 397
-1448.1 388
-1447.9 397
-1447.7 419
-1447.5 380
-1447.3 375
-1447.1 360
-1446.9 379
-1446.7 421
-1446.5 417
-1446.3 359
-1446.1 398
-1445.9 387
-1445.7 376
-1445.5 396
-1445.3 377
-1445.1 378
-1444.9 409
-1444.7 398
-1444.5 391
-1444.3 404
-1444.1 417
-1443.9 436
-1443.7 416
-1443.5 410
-1443.3 408
-1443.1 372
-1442.9 392
-1442.7 419
-1442.5 411
-1442.3 446
-1442.1 388
-1441.9 375
-1441.7 365
-1441.5 430
-1441.3 394
-1441.1 379
-1440.9 398
-1440.7 411
-1440.5 401
-1440.3 371
-1440.1 415
-1439.9 422
-1439.7 359
-1439.5 403
-1439.3 419
-1439.1 411
-1438.9 392
-1438.7 421
-1438.5 426
-1438.3 397
-1438.1 410
-1437.9 374
-1437.7 425
-1437.5 382
-1437.3 407
-1437.1 412
-1436.9 413
-1436.7 427
-1436.5 371
-1436.3 375
-1436.1 408
-1435.9 382
-1435.7 406
-1435.5 374
-1435.3 422
-1435.1 405
-1434.9 411
-1434.7 405
-1434.5 393
-1434.3 378
-1434.1 426
-1433.9 393
-1433.7 445
-1433.5 394
-1433.3 432
-1433.1 389
-1432.9 419
-1432.7 382
-1432.5 400
-1432.3 406
-1432.1 441
-1431.9 408
-1431.7 400
-1431.5 430
-1431.3 425
-1431.1 383
-1430.9 370
-1430.7 394
-1430.5 386
-1430.3 396
-1430.1 425
-1429.9 406
-1429.7 405
-1429.5 399
-1429.3 380
-1429.1 417
-1428.9 399
-1428.7 395
-1428.5 392
-1428.3 367
-1428.1 395
-1427.9 414
-1427.7 403
-1427.5 353
-1427.3 404
-1427.1 422
-1426.9 383
-1426.7 416
-1426.5 385
-1426.3 370
-1426.1 416
-1425.9 413
-1425.7 386
-1425.5 403
-1425.3 384
-1425.1 413
-1424.9 401
-1424.7 366
-1424.5 397
-1424.3 394
-1424.1 358
-1423.9 392
-1423.7 391
-1423.5 383
-1423.3 407
-1423.1 401
-1422.9 390
-1422.7 441
-1422.5 409
-1422.3 398
-1422.1 383
-1421.9 365
-1421.7 381
-1421.5 382
-1421.3 383
-1421.1 413
-1420.9 429
-1420.7 376
-1420.5 395
-1420.3 384
-1420.1 374
-1419.9 402
-1419.7 383
-1419.5 400
-1419.3 387
-1419.1 376
-1418.9 382
-1418.7 351
-1418.5 403
-1418.3 399
-1418.1 385
-1417.9 423
-1417.7 389
-1417.5 368
-1417.3 371
-1417.1 352
-1416.9 405
-1416.7 351
-1416.5 397
-1416.3 372
-1416.1 368
-1415.9 400
-1415.7 375
-1415.5 397
-1415.3 394
-1415.1 394
-1414.9 374
-1414.7 418
-1414.5 364
-1414.3 373
-1414.1 360
-1413.9 357
-1413.7 386
-1413.5 333
-1413.3 417
-1413.1 377
-1412.9 368
-1412.7 386
-1412.5 441
-1412.3 399
-1412.1 398
-1411.9 400
-1411.7 401
-1411.5 385
-1411.3 380
-1411.1 384
-1410.9 402
-1410.7 405
-1410.5 374
-1410.3 382
-1410.1 401
-1409.9 375
-1409.7 393
-1409.5 427
-1409.3 401
-1409.1 401
-1408.9 422
-1408.7 401
-1408.5 395
-1408.3 410
-1408.1 390
-1407.9 375
-1407.7 415
-1407.5 401
-1407.3 415
-1407.1 440
-1406.9 403
-1406.7 419
-1406.5 419
-1406.3 416
-1406.1 404
-1405.9 414
-1405.7 356
-1405.5 374
-1405.3 374
-1405.1 359
-1404.9 381
-1404.7 399
-1404.5 433
-1404.3 399
-1404.1 380
-1403.9 425
-1403.7 400
-1403.5 403
-1403.3 404
-1403.1 386
-1402.9 393
-1402.7 390
-1402.5 358
-1402.3 418
-1402.1 404
-1401.9 417
-1401.7 362
-1401.5 396
-1401.3 381
-1401.1 397
-1400.9 387
-1400.7 389
-1400.5 399
-1400.3 400
-1400.1 408
-1399.9 369
-1399.7 373
-1399.5 345
-1399.3 401
-1399.1 419
-1398.9 430
-1398.7 389
-1398.5 380
-1398.3 355
-1398.1 367
-1397.9 386
-1397.7 382
-1397.5 387
-1397.3 386
-1397.1 417
-1396.9 427
-1396.7 384
-1396.5 405
-1396.3 384
-1396.1 390
-1395.9 412
-1395.7 427
-1395.5 406
-1395.3 415
-1395.1 372
-1394.9 413
-1394.7 451
-1394.5 425
-1394.3 362
-1394.1 367
-1393.9 419
-1393.7 369
-1393.5 416
-1393.3 399
-1393.1 422
-1392.9 420
-1392.7 407
-1392.5 384
-1392.3 408
-1392.1 373
-1391.9 404
-1391.7 406
-1391.5 381
-1391.3 397
-1391.1 413
-1390.9 378
-1390.7 380
-1390.5 420
-1390.3 390
-1390.1 374
-1389.9 380
-1389.7 352
-1389.5 398
-1389.3 372
-1389.1 358
-1388.9 374
-1388.7 398
-1388.5 408
-1388.3 333
-1388.1 392
-1387.9 397
-1387.7 375
-1387.5 395
-1387.3 371
-1387.1 402
-1386.9 412
-1386.7 413
-1386.5 407
-1386.3 391
-1386.1 402
-1385.9 388
-1385.7 384
-1385.5 375
-1385.3 376
-1385.1 431
-1384.9 362
-1384.7 398
-1384.5 413
-1384.3 392
-1384.1 370
-1383.9 398
-1383.7 353
-1383.5 371
-1383.3 426
-1383.1 447
-1382.9 406
-1382.7 361
-1382.5 384
-1382.3 413
-1382.1 394
-1381.9 385
-1381.7 395
-1381.5 412
-1381.3 388
-1381.1 424
-1380.9 409
-1380.7 403
-1380.5 400
-1380.3 390
-1380.1 395
-1379.9 422
-1379.7 401
-1379.5 357
-1379.3 381
-1379.1 360
-1378.9 392
-1378.7 390
-1378.5 418
-1378.3 355
-1378.1 377
-1377.9 402
-1377.7 370
-1377.5 353
-1377.3 408
-1377.1 394
-1376.9 390
-1376.7 362
-1376.5 393
-1376.3 418
-1376.1 405
-1375.9 372
-1375.7 348
-1375.5 369
-1375.3 365
-1375.1 363
-1374.9 411
-1374.7 354
-1374.5 396
-1374.3 370
-1374.1 391
-1373.9 385
-1373.7 350
-1373.5 371
-1373.3 374
-1373.1 344
-1372.9 363
-1372.7 353
-1372.5 386
-1372.3 343
-1372.1 334
-1371.9 366
-1371.7 368
-1371.5 351
-1371.3 370
-1371.1 359
-1370.9 354
-1370.7 309
-1370.5 328
-1370.3 350
-1370.1 321
-1369.9 365
-1369.7 348
-1369.5 334
-1369.3 322
-1369.1 334
-1368.9 315
-1368.7 331
-1368.5 309
-1368.3 302
-1368.1 336
-1367.9 310
-1367.7 316
-1367.5 302
-1367.3 303
-1367.1 327
-1366.9 312
-1366.7 270
-1366.5 263
-1366.3 308
-1366.1 291
-1365.9 255
-1365.7 257
-1365.5 246
-1365.3 261
-1365.1 240
-1364.9 231
-1364.7 250
-1364.5 244
-1364.3 258
-1364.1 214
-1363.9 223
-1363.7 222
-1363.5 240
-1363.3 231
-1363.1 227
-1362.9 211
-1362.7 207
-1362.5 203
-1362.3 205
-1362.1 206
-1361.9 213
-1361.7 179
-1361.5 191
-1361.3 182
-1361.1 175
-1360.9 190
-1360.7 161
-1360.5 183
-1360.3 171
-1360.1 131
-1359.9 170
-1359.7 148
-1359.5 182
-1359.3 160
-1359.1 144
-1358.9 163
-1358.7 142
-1358.5 121
-1358.3 115
-1358.1 134
-1357.9 123
-1357.7 127
-1357.5 127
-1357.3 122
-1357.1 120
-1356.9 104
-1356.7 132
-1356.5 126
-1356.3 108
-1356.1 106
-1355.9 98
-1355.7 108
-1355.5 80
-1355.3 89
-1355.1 96
-1354.9 95
-1354.7 86
-1354.5 95
-1354.3 74
-1354.1 91
-1353.9 71
-1353.7 81
-1353.5 70
-1353.3 64
-1353.1 71
-1352.9 64
-1352.7 70
-1352.5 86
-1352.3 66
-1352.1 59
-1351.9 59
-1351.7 47
-1351.5 56
-1351.3 50
-1351.1 51
-1350.9 52
-1350.7 39
-1350.5 47
-1350.3 50
-1350.1 53
-1349.9 46
-1349.7 43
-1349.5 39
-1349.3 32
-1349.1 45
-1348.9 36
-1348.7 27
-1348.5 37
-1348.3 29
-1348.1 30
-1347.9 24
-1347.7 30
-1347.5 30
-1347.3 41
-1347.1 34
-1346.9 29
-1346.7 20
-1346.5 26
-1346.3 26
-1346.1 19
-1345.9 21
-1345.7 26
-1345.5 25
-1345.3 20
-1345.1 19
-1344.9 12
-1344.7 11
-1344.5 16
-1344.3 9
-1344.1 13
-1343.9 20
-1343.7 13
-1343.5 22
-1343.3 15
-1343.1 14
-1342.9 14
-1342.7 13
-1342.5 15
-1342.3 15
-1342.1 12
-1341.9 16
-1341.7 6
-1341.5 12
-1341.3 8
-1341.1 10
-1340.9 7
-1340.7 11
-1340.5 9
-1340.3 7
-1340.1 8
-1339.9 5
-1339.7 9
-1339.5 15
-1339.3 9
-1339.1 5
-1338.9 12
-1338.7 6
-1338.5 9
-1338.3 4
-1338.1 7
-1337.9 5
-1337.7 5
-1337.5 6
-1337.3 8
-1337.1 5
-1336.9 3
-1336.7 3
-1336.5 2
-1336.3 5
-1336.1 5
-1335.9 3
-1335.7 3
-1335.5 2
-1335.3 6
-1335.1 3
-1334.9 3
-1334.7 5
-1334.5 5
-1334.3 1
-1334.1 4
-1333.9 1
-1333.7 4
-1333.5 3
-1333.3 1
-1333.1 4
-1332.9 3
-1332.7 5
-1332.5 2
-1332.3 4
-1332.1 3
-1331.9 4
-1331.7 1
-1331.5 6
-1331.3 1
-1331.1 5
-1330.9 2
-1330.7 3
-1330.5 4
-1330.3 2
-1330.1 3
-1329.9 7
-1329.7 4
-1329.5 5
-1329.3 5
-1329.1 8
-1328.9 0
-1328.7 2
-1328.5 4
-1328.3 3
-1328.1 0
-1327.9 3
-1327.7 2
-1327.5 2
-1327.3 3
-1327.1 3
-1326.9 2
-1326.7 2
-1326.5 1
-1326.3 1
-1326.1 2
-1325.9 1
-1325.7 2
-1325.5 1
-1325.3 0
-1325.1 3
-1324.9 8
-1324.7 1
-1324.5 1
-1324.3 2
-1324.1 1
-1323.9 0
-1323.7 4
-1323.5 4
-1323.3 2
-1323.1 3
-1322.9 2
-1322.7 2
-1322.5 4
-1322.3 5
-1322.1 3
-1321.9 1
-1321.7 3
-1321.5 3
-1321.3 0
-1321.1 1
-1320.9 3
-1320.7 4
-1320.5 0
-1320.3 4
-1320.1 1
-1319.9 5
-1319.7 4
-1319.5 4
-1319.3 2
-1319.1 2
-1318.9 2
-1318.7 1
-1318.5 3
-1318.3 4
-1318.1 4
-1317.9 4
-1317.7 2
-1317.5 1
-1317.3 3
-1317.1 0
-1316.9 3
-1316.7 2
-1316.5 3
-1316.3 3
-1316.1 3
-1315.9 3
-1315.7 6
-1315.5 3
-1315.3 0
-1315.1 3
-1314.9 2
-1314.7 0
-1314.5 4
-1314.3 6
-1314.1 5
-1313.9 4
-1313.7 3
-1313.5 3
-1313.3 4
-1313.1 5
-1312.9 5
-1312.7 7
-1312.5 7
-1312.3 3
-1312.1 3
-1311.9 2
-1311.7 1
-1311.5 8
-1311.3 3
-1311.1 4
-1310.9 3
-1310.7 2
-1310.5 5
-1310.3 1
-1310.1 1
-1309.9 3
-1309.7 2
-1309.5 4
-1309.3 4
-1309.1 6
-1308.9 1
-1308.7 6
-1308.5 2
-1308.3 1
-1308.1 4
-1307.9 1
-1307.7 3
-1307.5 4
-1307.3 1
-1307.1 0
-1306.9 2
-1306.7 3
-1306.5 1
-1306.3 3
-1306.1 3
-1305.9 5
-1305.7 6
-1305.5 2
-1305.3 3
-1305.1 3
-1304.9 4
-1304.7 2
-1304.5 2
-1304.3 1
-1304.1 0
-1303.9 1
-1303.7 4
-1303.5 2
-1303.3 1
-1303.1 5
-1302.9 0
-1302.7 2
-1302.5 3
-1302.3 3
-1302.1 2
-1301.9 2
-1301.7 1
-1301.5 2
-1301.3 2
-1301.1 3
-1300.9 2
-1300.7 3
-1300.5 1
-1300.3 3
-1300.1 3
