1491
-1597.9 1.11132e-06
-1597.7 1.11132e-06
-1597.5 1.11132e-06
-1597.3 2.22264e-06
-1597.1 2.22264e-06
-1596.9 2.22264e-06
-1596.7 2.22264e-06
-1596.5 3.33396e-06
-1596.3 3.33396e-06
-1596.1 4.44527e-06
-1595.9 4.44527e-06
-1595.7 5.55659e-06
-1595.5 5.55659e-06
-1595.3 5.55659e-06
-1595.1 5.55659e-06
-1594.9 6.66791e-06
-1594.7 6.66791e-06
-1594.5 6.66791e-06
-1594.3 7.77923e-06
-1594.1 7.77923e-06
-1593.9 7.77923e-06
-1593.7 7.77923e-06
-1593.5 7.77923e-06
-1593.3 8.89055e-06
-1593.1 8.89055e-06
-1592.9 1.00019e-05
-1592.7 1.11132e-05
-1592.5 1.11132e-05
-1592.3 1.22245e-05
-1592.1 1.33358e-05
-1591.9 1.44471e-05
-1591.7 1.44471e-05
-1591.5 1.44471e-05
-1591.3 1.44471e-05
-1591.1 1.44471e-05
-1590.9 1.55585e-05
-1590.7 1.55585e-05
-1590.5 1.55585e-05
-1590.3 1.55585e-05
-1590.1 1.55585e-05
-1589.9 1.66698e-05
-1589.7 1.77811e-05
-1589.5 1.77811e-05
-1589.3 1.77811e-05
-1589.1 1.77811e-05
-1588.9 1.88924e-05
-1588.7 1.88924e-05
-1588.5 1.88924e-05
-1588.3 1.88924e-05
-1588.1 2.11151e-05
-1587.9 2.33377e-05
-1587.7 2.55603e-05
-1587.5 2.7783e-05
-1587.3 3.00056e-05
-1587.1 3.55622e-05
-1586.9 4.00075e-05
-1586.7 4.66754e-05
-1586.5 5.00093e-05
-1586.3 6.00112e-05
-1586.1 7.00131e-05
-1585.9 7.6681e-05
-1585.7 9.22394e-05
-1585.5 0.000106687
-1585.3 0.000130024
-1585.1 0.000157807
-1584.9 0.000192258
-1584.7 0.000224486
-1584.5 0.00027005
-1584.3 0.000333396
-1584.1 0.000418967
-1583.9 0.000492314
-1583.7 0.000577886
-1583.5 0.000692351
-1583.3 0.000816819
-1583.1 0.000966847
-1582.9 0.00112354
-1582.7 0.00129913
-1582.5 0.00148139
-1582.3 0.00167476
-1582.1 0.00188257
-1581.9 0.00207372
-1581.7 0.00233933
-1581.5 0.00258937
-1581.3 0.00288387
-1581.1 0.00313058
-1580.9 0.00340953
-1580.7 0.00367735
-1580.5 0.00397963
-1580.3 0.0042908
-1580.1 0.00458975
-1579.9 0.00489091
-1579.7 0.00520542
-1579.5 0.00556548
-1579.3 0.00587776
-1579.1 0.00619338
-1578.9 0.00654455
-1578.7 0.00687462
-1578.5 0.00721357
-1578.3 0.00756697
-1578.1 0.00794815
-1577.9 0.00828933
-1577.7 0.00867718
-1577.5 0.0090528
-1577.3 0.00943176
-1577.1 0.00984628
-1576.9 0.0102864
-1576.7 0.0107453
-1576.5 0.0111854
-1576.3 0.0116299
-1576.1 0.0121289
-1575.9 0.0125812
-1575.7 0.0131102
-1575.5 0.0135959
-1575.3 0.0140915
-1575.1 0.0145994
-1574.9 0.0151617
-1574.7 0.0157096
-1574.5 0.0163019
-1574.3 0.0169009
-1574.1 0.0174621
-1573.9 0.0180878
-1573.7 0.018699
-1573.5 0.0193469
-1573.3 0.0200104
-1573.1 0.0207072
-1572.9 0.0213962
-1572.7 0.0221075
-1572.5 0.0228487
-1572.3 0.0236344
-1572.1 0.0244134
-1571.9 0.0251903
-1571.7 0.0260515
-1571.5 0.0268906
-1571.3 0.0277418
-1571.1 0.0286398
-1570.9 0.0295222
-1570.7 0.0303935
-1570.5 0.0313214
-1570.3 0.0322927
-1570.1 0.0333073
-1569.9 0.0343309
-1569.7 0.0353566
-1569.5 0.0364235
-1569.3 0.037507
-1569.1 0.0386217
-1568.9 0.039773
-1568.7 0.0408176
-1568.5 0.0419967
-1568.3 0.0431514
-1568.1 0.0442927
-1567.9 0.0454429
-1567.7 0.0466709
-1567.5 0.0478878
-1567.3 0.0490403
-1567.1 0.0502405
-1566.9 0.0514296
-1566.7 0.0526743
-1566.5 0.0538367
-1566.3 0.0550525
-1566.1 0.0562283
-1565.9 0.0574107
-1565.7 0.0586743
-1565.5 0.0599312
-1565.3 0.0611459
-1565.1 0.0623694
-1564.9 0.0636041
-1564.7 0.0647899
-1564.5 0.0660412
-1564.3 0.0673115
-1564.1 0.0685806
-1563.9 0.0698464
-1563.7 0.0710844
-1563.5 0.0723035
-1563.3 0.073546
-1563.1 0.0748273
-1562.9 0.0760142
-1562.7 0.0772244
-1562.5 0.0784169
-1562.3 0.0796604
-1562.1 0.0808129
-1561.9 0.0819942
-1561.7 0.0831711
-1561.5 0.0843346
-1561.3 0.0855249
-1561.1 0.0867329
-1560.9 0.0878331
-1560.7 0.0889999
-1560.5 0.0901368
-1560.3 0.0912604
-1560.1 0.0923995
-1559.9 0.0935286
-1559.7 0.0946499
-1559.5 0.0957401
-1559.3 0.0968214
-1559.1 0.0979205
-1558.9 0.0991052
-1558.7 0.100186
-1558.5 0.101297
-1558.3 0.102391
-1558.1 0.103548
-1557.9 0.104667
-1557.7 0.105791
-1557.5 0.106833
-1557.3 0.107861
-1557.1 0.108989
-1556.9 0.110008
-1556.7 0.111106
-1556.5 0.112169
-1556.3 0.113244
-1556.1 0.11429
-1555.9 0.115342
-1555.7 0.116359
-1555.5 0.117401
-1555.3 0.118453
-1555.1 0.119429
-1554.9 0.120455
-1554.7 0.121497
-1554.5 0.122507
-1554.3 0.123532
-1554.1 0.124534
-1553.9 0.125526
-1553.7 0.126521
-1553.5 0.127524
-1553.3 0.128553
-1553.1 0.129518
-1552.9 0.130505
-1552.7 0.131507
-1552.5 0.132458
-1552.3 0.133443
-1552.1 0.134352
-1551.9 0.13531
-1551.7 0.136279
-1551.5 0.137281
-1551.3 0.138237
-1551.1 0.139195
-1550.9 0.140088
-1550.7 0.141051
-1550.5 0.142028
-1550.3 0.142958
-1550.1 0.143954
-1549.9 0.144972
-1549.7 0.145928
-1549.5 0.146856
-1549.3 0.147788
-1549.1 0.148763
-1548.9 0.149699
-1548.7 0.150628
-1548.5 0.151568
-1548.3 0.152483
-1548.1 0.153385
-1547.9 0.154305
-1547.7 0.155153
-1547.5 0.156079
-1547.3 0.157022
-1547.1 0.157991
-1546.9 0.158953
-1546.7 0.159913
-1546.5 0.16086
-1546.3 0.161804
-1546.1 0.162756
-1545.9 0.163679
-1545.7 0.164597
-1545.5 0.16552
-1545.3 0.166493
-1545.1 0.167387
-1544.9 0.168264
-1544.7 0.169228
-1544.5 0.170183
-1544.3 0.171092
-1544.1 0.171983
-1543.9 0.172878
-1543.7 0.17387
-1543.5 0.174776
-1543.3 0.175665
-1543.1 0.176615
-1542.9 0.177522
-1542.7 0.178443
-1542.5 0.179348
-1542.3 0.180267
-1542.1 0.181155
-1541.9 0.182065
-1541.7 0.182954
-1541.5 0.183861
-1541.3 0.184771
-1541.1 0.185651
-1540.9 0.186538
-1540.7 0.187451
-1540.5 0.188342
-1540.3 0.189181
-1540.1 0.190039
-1539.9 0.190958
-1539.7 0.191847
-1539.5 0.192705
-1539.3 0.193588
-1539.1 0.194383
-1538.9 0.195274
-1538.7 0.19615
-1538.5 0.197025
-1538.3 0.197862
-1538.1 0.198682
-1537.9 0.199504
-1537.7 0.200309
-1537.5 0.201134
-1537.3 0.202011
-1537.1 0.202879
-1536.9 0.203728
-1536.7 0.20453
-1536.5 0.205398
-1536.3 0.206289
-1536.1 0.207102
-1535.9 0.207935
-1535.7 0.208735
-1535.5 0.209587
-1535.3 0.210476
-1535.1 0.211258
-1534.9 0.21211
-1534.7 0.212952
-1534.5 0.21379
-1534.3 0.214659
-1534.1 0.215518
-1533.9 0.216409
-1533.7 0.217308
-1533.5 0.218132
-1533.3 0.219005
-1533.1 0.219828
-1532.9 0.220729
-1532.7 0.221614
-1532.5 0.222485
-1532.3 0.223353
-1532.1 0.224234
-1531.9 0.225139
-1531.7 0.226087
-1531.5 0.227001
-1531.3 0.227847
-1531.1 0.228729
-1530.9 0.229578
-1530.7 0.230459
-1530.5 0.231314
-1530.3 0.232221
-1530.1 0.233069
-1529.9 0.233944
-1529.7 0.234803
-1529.5 0.235703
-1529.3 0.236576
-1529.1 0.237537
-1528.9 0.238469
-1528.7 0.239404
-1528.5 0.24031
-1528.3 0.241193
-1528.1 0.242085
-1527.9 0.242943
-1527.7 0.243849
-1527.5 0.244727
-1527.3 0.245606
-1527.1 0.246452
-1526.9 0.247333
-1526.7 0.248229
-1526.5 0.249093
-1526.3 0.249927
-1526.1 0.250747
-1525.9 0.251709
-1525.7 0.252564
-1525.5 0.253483
-1525.3 0.254361
-1525.1 0.255185
-1524.9 0.256054
-1524.7 0.256917
-1524.5 0.257767
-1524.3 0.258548
-1524.1 0.259404
-1523.9 0.260213
-1523.7 0.261054
-1523.5 0.261839
-1523.3 0.26262
-1523.1 0.263396
-1522.9 0.264198
-1522.7 0.265002
-1522.5 0.265837
-1522.3 0.266618
-1522.1 0.267453
-1521.9 0.268232
-1521.7 0.269
-1521.5 0.269761
-1521.3 0.270505
-1521.1 0.271282
-1520.9 0.272015
-1520.7 0.272755
-1520.5 0.273498
-1520.3 0.274315
-1520.1 0.275062
-1519.9 0.275885
-1519.7 0.276638
-1519.5 0.277455
-1519.3 0.278226
-1519.1 0.279038
-1518.9 0.279801
-1518.7 0.280637
-1518.5 0.28137
-1518.3 0.282212
-1518.1 0.283005
-1517.9 0.28387
-1517.7 0.284691
-1517.5 0.285476
-1517.3 0.286332
-1517.1 0.287216
-1516.9 0.288053
-1516.7 0.288939
-1516.5 0.2898
-1516.3 0.290682
-1516.1 0.291556
-1515.9 0.292429
-1515.7 0.293349
-1515.5 0.294214
-1515.3 0.295138
-1515.1 0.296103
-1514.9 0.296994
-1514.7 0.297938
-1514.5 0.29881
-1514.3 0.29979
-1514.1 0.300711
-1513.9 0.301616
-1513.7 0.302576
-1513.5 0.303583
-1513.3 0.304538
-1513.1 0.305471
-1512.9 0.306516
-1512.7 0.307431
-1512.5 0.308426
-1512.3 0.309378
-1512.1 0.310339
-1511.9 0.311306
-1511.7 0.312342
-1511.5 0.313304
-1511.3 0.314243
-1511.1 0.315223
-1510.9 0.316148
-1510.7 0.317043
-1510.5 0.317955
-1510.3 0.318918
-1510.1 0.319779
-1509.9 0.320701
-1509.7 0.321576
-1509.5 0.322526
-1509.3 0.323464
-1509.1 0.324293
-1508.9 0.325161
-1508.7 0.325983
-1508.5 0.326814
-1508.3 0.327654
-1508.1 0.32852
-1507.9 0.329335
-1507.7 0.330219
-1507.5 0.331054
-1507.3 0.33186
-1507.1 0.332691
-1506.9 0.333533
-1506.7 0.334339
-1506.5 0.335126
-1506.3 0.335958
-1506.1 0.336751
-1505.9 0.337551
-1505.7 0.33837
-1505.5 0.339159
-1505.3 0.339953
-1505.1 0.340751
-1504.9 0.341566
-1504.7 0.342376
-1504.5 0.343138
-1504.3 0.343932
-1504.1 0.344711
-1503.9 0.345552
-1503.7 0.346352
-1503.5 0.347123
-1503.3 0.347932
-1503.1 0.34875
-1502.9 0.349557
-1502.7 0.350399
-1502.5 0.351184
-1502.3 0.351971
-1502.1 0.352759
-1501.9 0.353542
-1501.7 0.354365
-1501.5 0.355185
-1501.3 0.35596
-1501.1 0.356779
-1500.9 0.357597
-1500.7 0.358369
-1500.5 0.359154
-1500.3 0.359985
-1500.1 0.360798
-1499.9 0.36162
-1499.7 0.362457
-1499.5 0.363362
-1499.3 0.364234
-1499.1 0.365099
-1498.9 0.365959
-1498.7 0.366817
-1498.5 0.367612
-1498.3 0.368468
-1498.1 0.369366
-1497.9 0.370281
-1497.7 0.371195
-1497.5 0.372096
-1497.3 0.373016
-1497.1 0.373939
-1496.9 0.37484
-1496.7 0.375796
-1496.5 0.376695
-1496.3 0.377587
-1496.1 0.378523
-1495.9 0.3795
-1495.7 0.380444
-1495.5 0.381369
-1495.3 0.382321
-1495.1 0.383177
-1494.9 0.384144
-1494.7 0.385101
-1494.5 0.386051
-1494.3 0.387012
-1494.1 0.387936
-1493.9 0.388936
-1493.7 0.389901
-1493.5 0.390773
-1493.3 0.391695
-1493.1 0.392602
-1492.9 0.393559
-1492.7 0.394477
-1492.5 0.39543
-1492.3 0.396345
-1492.1 0.397246
-1491.9 0.398114
-1491.7 0.39899
-1491.5 0.39986
-1491.3 0.400764
-1491.1 0.401683
-1490.9 0.402566
-1490.7 0.403498
-1490.5 0.404408
-1490.3 0.405278
-1490.1 0.406074
-1489.9 0.406903
-1489.7 0.407767
-1489.5 0.408596
-1489.3 0.409453
-1489.1 0.410277
-1488.9 0.41111
-1488.7 0.411895
-1488.5 0.412709
-1488.3 0.413556
-1488.1 0.414378
-1487.9 0.415206
-1487.7 0.416014
-1487.5 0.416859
-1487.3 0.417718
-1487.1 0.418517
-1486.9 0.419391
-1486.7 0.420244
-1486.5 0.421146
-1486.3 0.421975
-1486.1 0.422777
-1485.9 0.423599
-1485.7 0.424416
-1485.5 0.425283
-1485.3 0.426134
-1485.1 0.426953
-1484.9 0.427774
-1484.7 0.428597
-1484.5 0.429416
-1484.3 0.430261
-1484.1 0.43108
-1483.9 0.431918
-1483.7 0.432789
-1483.5 0.433655
-1483.3 0.434466
-1483.1 0.435286
-1482.9 0.436148
-1482.7 0.436995
-1482.5 0.437921
-1482.3 0.438792
-1482.1 0.439647
-1481.9 0.440526
-1481.7 0.441412
-1481.5 0.442301
-1481.3 0.443127
-1481.1 0.443966
-1480.9 0.444862
-1480.7 0.445704
-1480.5 0.446553
-1480.3 0.447479
-1480.1 0.448358
-1479.9 0.449241
-1479.7 0.450102
-1479.5 0.450983
-1479.3 0.451849
-1479.1 0.45281
-1478.9 0.453697
-1478.7 0.454559
-1478.5 0.455419
-1478.3 0.456302
-1478.1 0.45718
-1477.9 0.45806
-1477.7 0.458969
-1477.5 0.459844
-1477.3 0.460743
-1477.1 0.461636
-1476.9 0.462581
-1476.7 0.463459
-1476.5 0.464348
-1476.3 0.465251
-1476.1 0.466171
-1475.9 0.467074
-1475.7 0.467953
-1475.5 0.468833
-1475.3 0.469734
-1475.1 0.470612
-1474.9 0.471558
-1474.7 0.472474
-1474.5 0.473386
-1474.3 0.474297
-1474.1 0.475222
-1473.9 0.476101
-1473.7 0.476989
-1473.5 0.477839
-1473.3 0.478778
-1473.1 0.479593
-1472.9 0.480483
-1472.7 0.481384
-1472.5 0.48223
-1472.3 0.483107
-1472.1 0.483977
-1471.9 0.484886
-1471.7 0.485795
-1471.5 0.486634
-1471.3 0.48748
-1471.1 0.488399
-1470.9 0.48927
-1470.7 0.490114
-1470.5 0.490967
-1470.3 0.491795
-1470.1 0.492666
-1469.9 0.493561
-1469.7 0.494419
-1469.5 0.495248
-1469.3 0.496117
-1469.1 0.496977
-1468.9 0.49787
-1468.7 0.498695
-1468.5 0.499519
-1468.3 0.50037
-1468.1 0.501227
-1467.9 0.502064
-1467.7 0.502927
-1467.5 0.503737
-1467.3 0.504554
-1467.1 0.505404
-1466.9 0.50628
-1466.7 0.507107
-1466.5 0.507964
-1466.3 0.508767
-1466.1 0.509624
-1465.9 0.510466
-1465.7 0.511318
-1465.5 0.512133
-1465.3 0.513068
-1465.1 0.513907
-1464.9 0.514794
-1464.7 0.515668
-1464.5 0.516528
-1464.3 0.517355
-1464.1 0.518186
-1463.9 0.519081
-1463.7 0.519887
-1463.5 0.520744
-1463.3 0.521624
-1463.1 0.522441
-1462.9 0.5233
-1462.7 0.524117
-1462.5 0.524975
-1462.3 0.525837
-1462.1 0.526688
-1461.9 0.527543
-1461.7 0.528443
-1461.5 0.529354
-1461.3 0.530247
-1461.1 0.531081
-1460.9 0.531948
-1460.7 0.532811
-1460.5 0.533666
-1460.3 0.534605
-1460.1 0.53549
-1459.9 0.536369
-1459.7 0.537237
-1459.5 0.538118
-1459.3 0.538956
-1459.1 0.539794
-1458.9 0.540644
-1458.7 0.541461
-1458.5 0.542328
-1458.3 0.543177
-1458.1 0.544078
-1457.9 0.544936
-1457.7 0.545841
-1457.5 0.546725
-1457.3 0.547593
-1457.1 0.548471
-1456.9 0.549353
-1456.7 0.550193
-1456.5 0.551084
-1456.3 0.552012
-1456.1 0.552944
-1455.9 0.553792
-1455.7 0.554655
-1455.5 0.555527
-1455.3 0.556372
-1455.1 0.55724
-1454.9 0.558111
-1454.7 0.558959
-1454.5 0.559841
-1454.3 0.560716
-1454.1 0.561564
-1453.9 0.562403
-1453.7 0.563321
-1453.5 0.564181
-1453.3 0.565052
-1453.1 0.565922
-1452.9 0.56683
-1452.7 0.567716
-1452.5 0.568577
-1452.3 0.569521
-1452.1 0.570389
-1451.9 0.571221
-1451.7 0.572118
-1451.5 0.572987
-1451.3 0.573876
-1451.1 0.574715
-1450.9 0.575556
-1450.7 0.576405
-1450.5 0.577227
-1450.3 0.578069
-1450.1 0.578905
-1449.9 0.579775
-1449.7 0.580638
-1449.5 0.581532
-1449.3 0.582385
-1449.1 0.583243
-1448.9 0.584093
-1448.7 0.584977
-1448.5 0.58584
-1448.3 0.5867
-1448.1 0.587572
-1447.9 0.588386
-1447.7 0.589232
-1447.5 0.5901
-1447.3 0.591048
-1447.1 0.591923
-1446.9 0.592783
-1446.7 0.593599
-1446.5 0.594422
-1446.3 0.595308
-1446.1 0.596156
-1445.9 0.59703
-1445.7 0.597869
-1445.5 0.598728
-1445.3 0.599562
-1445.1 0.600429
-1444.9 0.601287
-1444.7 0.602136
-1444.5 0.603058
-1444.3 0.603903
-1444.1 0.604742
-1443.9 0.605649
-1443.7 0.606503
-1443.5 0.607428
-1443.3 0.608282
-1443.1 0.60912
-1442.9 0.609984
-1442.7 0.610814
-1442.5 0.61171
-1442.3 0.612515
-1442.1 0.613349
-1441.9 0.614202
-1441.7 0.615077
-1441.5 0.615955
-1441.3 0.616818
-1441.1 0.617743
-1440.9 0.618558
-1440.7 0.619351
-1440.5 0.620252
-1440.3 0.621172
-1440.1 0.622043
-1439.9 0.622944
-1439.7 0.623775
-1439.5 0.62463
-1439.3 0.625537
-1439.1 0.626428
-1438.9 0.627309
-1438.7 0.628169
-1438.5 0.629046
-1438.3 0.629951
-1438.1 0.630838
-1437.9 0.631732
-1437.7 0.632601
-1437.5 0.633453
-1437.3 0.634268
-1437.1 0.635175
-1436.9 0.636051
-1436.7 0.636908
-1436.5 0.637745
-1436.3 0.638624
-1436.1 0.639494
-1435.9 0.640321
-1435.7 0.641174
-1435.5 0.642041
-1435.3 0.64293
-1435.1 0.64381
-1434.9 0.64462
-1434.7 0.64547
-1434.5 0.646303
-1434.3 0.647187
-1434.1 0.64805
-1433.9 0.648909
-1433.7 0.64971
-1433.5 0.650611
-1433.3 0.651476
-1433.1 0.652314
-1432.9 0.65316
-1432.7 0.654017
-1432.5 0.654896
-1432.3 0.655705
-1432.1 0.656576
-1431.9 0.657407
-1431.7 0.658242
-1431.5 0.659119
-1431.3 0.65991
-1431.1 0.660794
-1430.9 0.661681
-1430.7 0.66251
-1430.5 0.663349
-1430.3 0.664145
-1430.1 0.665006
-1429.9 0.665853
-1429.7 0.66671
-1429.5 0.667536
-1429.3 0.66844
-1429.1 0.669253
-1428.9 0.670088
-1428.7 0.670952
-1428.5 0.671729
-1428.3 0.672594
-1428.1 0.673497
-1427.9 0.674393
-1427.7 0.675202
-1427.5 0.676048
-1427.3 0.676917
-1427.1 0.677767
-1426.9 0.678616
-1426.7 0.67945
-1426.5 0.680329
-1426.3 0.681215
-1426.1 0.682076
-1425.9 0.682896
-1425.7 0.683774
-1425.5 0.684641
-1425.3 0.68555
-1425.1 0.686384
-1424.9 0.687238
-1424.7 0.688072
-1424.5 0.68891
-1424.3 0.6898
-1424.1 0.690641
-1423.9 0.691494
-1423.7 0.692349
-1423.5 0.693229
-1423.3 0.694135
-1423.1 0.694999
-1422.9 0.695861
-1422.7 0.696709
-1422.5 0.697632
-1422.3 0.698494
-1422.1 0.699412
-1421.9 0.70032
-1421.7 0.70121
-1421.5 0.702124
-1421.3 0.703051
-1421.1 0.703934
-1420.9 0.704829
-1420.7 0.705704
-1420.5 0.706566
-1420.3 0.70747
-1420.1 0.708353
-1419.9 0.709227
-1419.7 0.710029
-1419.5 0.710918
-1419.3 0.711773
-1419.1 0.712609
-1418.9 0.713421
-1418.7 0.71428
-1418.5 0.715222
-1418.3 0.716069
-1418.1 0.716979
-1417.9 0.717903
-1417.7 0.718776
-1417.5 0.719701
-1417.3 0.720577
-1417.1 0.721464
-1416.9 0.722346
-1416.7 0.723165
-1416.5 0.724064
-1416.3 0.724901
-1416.1 0.725759
-1415.9 0.726653
-1415.7 0.727528
-1415.5 0.728373
-1415.3 0.729222
-1415.1 0.730097
-1414.9 0.730944
-1414.7 0.731788
-1414.5 0.732638
-1414.3 0.733497
-1414.1 0.734348
-1413.9 0.735201
-1413.7 0.73606
-1413.5 0.736871
-1413.3 0.73771
-1413.1 0.738545
-1412.9 0.739388
-1412.7 0.740227
-1412.5 0.741066
-1412.3 0.741925
-1412.1 0.742721
-1411.9 0.74358
-1411.7 0.744396
-1411.5 0.745229
-1411.3 0.746103
-1411.1 0.746916
-1410.9 0.747794
-1410.7 0.748672
-1410.5 0.749552
-1410.3 0.750381
-1410.1 0.751234
-1409.9 0.752034
-1409.7 0.752804
-1409.5 0.753608
-1409.3 0.754442
-1409.1 0.755275
-1408.9 0.756084
-1408.7 0.756887
-1408.5 0.757686
-1408.3 0.758562
-1408.1 0.759442
-1407.9 0.760306
-1407.7 0.761093
-1407.5 0.761918
-1407.3 0.762781
-1407.1 0.763627
-1406.9 0.764504
-1406.7 0.765382
-1406.5 0.766254
-1406.3 0.7671
-1406.1 0.767951
-1405.9 0.768766
-1405.7 0.769606
-1405.5 0.770488
-1405.3 0.771347
-1405.1 0.772214
-1404.9 0.77306
-1404.7 0.773894
-1404.5 0.774785
-1404.3 0.77561
-1404.1 0.776467
-1403.9 0.777347
-1403.7 0.778216
-1403.5 0.779073
-1403.3 0.779921
-1403.1 0.780757
-1402.9 0.781557
-1402.7 0.78241
-1402.5 0.783288
-1402.3 0.784182
-1402.1 0.785018
-1401.9 0.785891
-1401.7 0.786718
-1401.5 0.787566
-1401.3 0.788507
-1401.1 0.789368
-1400.9 0.790183
-1400.7 0.79102
-1400.5 0.791957
-1400.3 0.792768
-1400.1 0.79368
-1399.9 0.794538
-1399.7 0.7954
-1399.5 0.79621
-1399.3 0.797069
-1399.1 0.797947
-1398.9 0.79876
-1398.7 0.799633
-1398.5 0.800455
-1398.3 0.80134
-1398.1 0.80222
-1397.9 0.803049
-1397.7 0.80391
-1397.5 0.804785
-1397.3 0.80564
-1397.1 0.806519
-1396.9 0.807358
-1396.7 0.808251
-1396.5 0.809125
-1396.3 0.810038
-1396.1 0.810968
-1395.9 0.811872
-1395.7 0.812738
-1395.5 0.813646
-1395.3 0.814489
-1395.1 0.815332
-1394.9 0.816209
-1394.7 0.817054
-1394.5 0.817905
-1394.3 0.818768
-1394.1 0.819595
-1393.9 0.820418
-1393.7 0.82127
-1393.5 0.822166
-1393.3 0.823011
-1393.1 0.82386
-1392.9 0.824787
-1392.7 0.825621
-1392.5 0.82652
-1392.3 0.827328
-1392.1 0.828128
-1391.9 0.829018
-1391.7 0.829933
-1391.5 0.83077
-1391.3 0.831625
-1391.1 0.832498
-1390.9 0.83338
-1390.7 0.834229
-1390.5 0.83508
-1390.3 0.835966
-1390.1 0.83677
-1389.9 0.837634
-1389.7 0.838481
-1389.5 0.839383
-1389.3 0.840226
-1389.1 0.841094
-1388.9 0.841939
-1388.7 0.842808
-1388.5 0.843654
-1388.3 0.844521
-1388.1 0.845371
-1387.9 0.846235
-1387.7 0.847071
-1387.5 0.847966
-1387.3 0.84888
-1387.1 0.849773
-1386.9 0.850679
-1386.7 0.851501
-1386.5 0.852381
-1386.3 0.853203
-1386.1 0.854076
-1385.9 0.854901
-1385.7 0.855755
-1385.5 0.856565
-1385.3 0.8574
-1385.1 0.858194
-1384.9 0.859067
-1384.7 0.859906
-1384.5 0.860788
-1384.3 0.861606
-1384.1 0.862488
-1383.9 0.863334
-1383.7 0.864122
-1383.5 0.864986
-1383.3 0.865813
-1383.1 0.866656
-1382.9 0.867494
-1382.7 0.868377
-1382.5 0.8692
-1382.3 0.87007
-1382.1 0.87091
-1381.9 0.871765
-1381.7 0.872588
-1381.5 0.873439
-1381.3 0.874329
-1381.1 0.875178
-1380.9 0.876022
-1380.7 0.8769
-1380.5 0.877759
-1380.3 0.87863
-1380.1 0.879525
-1379.9 0.88036
-1379.7 0.881204
-1379.5 0.882049
-1379.3 0.88289
-1379.1 0.883712
-1378.9 0.884565
-1378.7 0.885353
-1378.5 0.886171
-1378.3 0.887011
-1378.1 0.887826
-1377.9 0.888637
-1377.7 0.889412
-1377.5 0.890261
-1377.3 0.891087
-1377.1 0.891952
-1376.9 0.892789
-1376.7 0.893581
-1376.5 0.894434
-1376.3 0.89523
-1376.1 0.896079
-1375.9 0.896945
-1375.7 0.897778
-1375.5 0.89863
-1375.3 0.899502
-1375.1 0.900371
-1374.9 0.901184
-1374.7 0.902021
-1374.5 0.902825
-1374.3 0.903658
-1374.1 0.904499
-1373.9 0.905285
-1373.7 0.906064
-1373.5 0.906916
-1373.3 0.907688
-1373.1 0.908527
-1372.9 0.909385
-1372.7 0.910182
-1372.5 0.910957
-1372.3 0.9118
-1372.1 0.912548
-1371.9 0.913332
-1371.7 0.914155
-1371.5 0.914967
-1371.3 0.915802
-1371.1 0.916596
-1370.9 0.917419
-1370.7 0.918249
-1370.5 0.919103
-1370.3 0.919919
-1370.1 0.920785
-1369.9 0.921586
-1369.7 0.922413
-1369.5 0.923305
-1369.3 0.924145
-1369.1 0.924915
-1368.9 0.925695
-1368.7 0.926564
-1368.5 0.927404
-1368.3 0.928268
-1368.1 0.929143
-1367.9 0.929988
-1367.7 0.930827
-1367.5 0.931706
-1367.3 0.932602
-1367.1 0.933452
-1366.9 0.934287
-1366.7 0.935151
-1366.5 0.936005
-1366.3 0.936847
-1366.1 0.937696
-1365.9 0.938574
-1365.7 0.939371
-1365.5 0.940231
-1365.3 0.941085
-1365.1 0.941897
-1364.9 0.942693
-1364.7 0.943519
-1364.5 0.944324
-1364.3 0.945169
-1364.1 0.945937
-1363.9 0.946711
-1363.7 0.947509
-1363.5 0.948264
-1363.3 0.949032
-1363.1 0.949838
-1362.9 0.950616
-1362.7 0.9514
-1362.5 0.952171
-1362.3 0.952902
-1362.1 0.953682
-1361.9 0.954516
-1361.7 0.955233
-1361.5 0.956031
-1361.3 0.956775
-1361.1 0.957492
-1360.9 0.958223
-1360.7 0.95892
-1360.5 0.959625
-1360.3 0.960335
-1360.1 0.961061
-1359.9 0.961773
-1359.7 0.962426
-1359.5 0.963133
-1359.3 0.96382
-1359.1 0.964473
-1358.9 0.965099
-1358.7 0.965769
-1358.5 0.966432
-1358.3 0.967096
-1358.1 0.96767
-1357.9 0.968299
-1357.7 0.968896
-1357.5 0.969457
-1357.3 0.970037
-1357.1 0.97065
-1356.9 0.971237
-1356.7 0.971794
-1356.5 0.972358
-1356.3 0.972889
-1356.1 0.973475
-1355.9 0.974015
-1355.7 0.97454
-1355.5 0.975076
-1355.3 0.975565
-1355.1 0.976041
-1354.9 0.976546
-1354.7 0.97704
-1354.5 0.977488
-1354.3 0.977984
-1354.1 0.978488
-1353.9 0.978951
-1353.7 0.979434
-1353.5 0.979921
-1353.3 0.980363
-1353.1 0.980781
-1352.9 0.981239
-1352.7 0.981645
-1352.5 0.982043
-1352.3 0.982426
-1352.1 0.982827
-1351.9 0.983176
-1351.7 0.983585
-1351.5 0.984009
-1351.3 0.984424
-1351.1 0.984776
-1350.9 0.985143
-1350.7 0.985516
-1350.5 0.985851
-1350.3 0.986207
-1350.1 0.986535
-1349.9 0.98687
-1349.7 0.987217
-1349.5 0.987533
-1349.3 0.987861
-1349.1 0.988182
-1348.9 0.988467
-1348.7 0.988785
-1348.5 0.989086
-1348.3 0.989358
-1348.1 0.989656
-1347.9 0.989921
-1347.7 0.990177
-1347.5 0.99045
-1347.3 0.990694
-1347.1 0.990961
-1346.9 0.991195
-1346.7 0.991437
-1346.5 0.99165
-1346.3 0.991864
-1346.1 0.992095
-1345.9 0.9923
-1345.7 0.992516
-1345.5 0.99275
-1345.3 0.992946
-1345.1 0.993151
-1344.9 0.993355
-1344.7 0.993541
-1344.5 0.993697
-1344.3 0.993912
-1344.1 0.994072
-1343.9 0.994247
-1343.7 0.9944
-1343.5 0.994562
-1343.3 0.99472
-1343.1 0.994873
-1342.9 0.995021
-1342.7 0.995157
-1342.5 0.995298
-1342.3 0.995431
-1342.1 0.995567
-1341.9 0.995701
-1341.7 0.995831
-1341.5 0.995966
-1341.3 0.99609
-1341.1 0.996206
-1340.9 0.99634
-1340.7 0.996442
-1340.5 0.99654
-1340.3 0.996642
-1340.1 0.996727
-1339.9 0.996828
-1339.7 0.996918
-1339.5 0.997007
-1339.3 0.997088
-1339.1 0.997193
-1338.9 0.997277
-1338.7 0.997366
-1338.5 0.997454
-1338.3 0.997527
-1338.1 0.997597
-1337.9 0.997666
-1337.7 0.997748
-1337.5 0.99782
-1337.3 0.997886
-1337.1 0.997965
-1336.9 0.99804
-1336.7 0.998109
-1336.5 0.998174
-1336.3 0.99822
-1336.1 0.99828
-1335.9 0.99832
-1335.7 0.998374
-1335.5 0.998432
-1335.3 0.998484
-1335.1 0.99854
-1334.9 0.998594
-1334.7 0.998633
-1334.5 0.998676
-1334.3 0.998716
-1334.1 0.99875
-1333.9 0.998783
-1333.7 0.998836
-1333.5 0.998885
-1333.3 0.998905
-1333.1 0.998942
-1332.9 0.998978
-1332.7 0.999015
-1332.5 0.999042
-1332.3 0.999066
-1332.1 0.999095
-1331.9 0.999114
-1331.7 0.999142
-1331.5 0.999167
-1331.3 0.999188
-1331.1 0.999214
-1330.9 0.99923
-1330.7 0.999261
-1330.5 0.999278
-1330.3 0.999303
-1330.1 0.999327
-1329.9 0.999344
-1329.7 0.999361
-1329.5 0.999381
-1329.3 0.999399
-1329.1 0.999418
-1328.9 0.999431
-1328.7 0.999447
-1328.5 0.999458
-1328.3 0.999469
-1328.1 0.999491
-1327.9 0.999505
-1327.7 0.999518
-1327.5 0.999525
-1327.3 0.999538
-1327.1 0.999545
-1326.9 0.999554
-1326.7 0.999564
-1326.5 0.999569
-1326.3 0.999574
-1326.1 0.999585
-1325.9 0.999594
-1325.7 0.999604
-1325.5 0.999612
-1325.3 0.999627
-1325.1 0.99963
-1324.9 0.999635
-1324.7 0.999643
-1324.5 0.999651
-1324.3 0.99966
-1324.1 0.999665
-1323.9 0.999673
-1323.7 0.999678
-1323.5 0.999682
-1323.3 0.999688
-1323.1 0.999695
-1322.9 0.999698
-1322.7 0.9997
-1322.5 0.999706
-1322.3 0.999709
-1322.1 0.999711
-1321.9 0.999714
-1321.7 0.999718
-1321.5 0.999719
-1321.3 0.999723
-1321.1 0.999727
-1320.9 0.999732
-1320.7 0.999733
-1320.5 0.999736
-1320.3 0.999741
-1320.1 0.999742
-1319.9 0.999746
-1319.7 0.99975
-1319.5 0.999758
-1319.3 0.999761
-1319.1 0.999763
-1318.9 0.999763
-1318.7 0.999766
-1318.5 0.999766
-1318.3 0.999769
-1318.1 0.99977
-1317.9 0.999776
-1317.7 0.999776
-1317.5 0.999777
-1317.3 0.999781
-1317.1 0.999786
-1316.9 0.999789
-1316.7 0.999792
-1316.5 0.999797
-1316.3 0.9998
-1316.1 0.999806
-1315.9 0.999811
-1315.7 0.999811
-1315.5 0.999819
-1315.3 0.999819
-1315.1 0.999823
-1314.9 0.999826
-1314.7 0.999829
-1314.5 0.999831
-1314.3 0.999831
-1314.1 0.999836
-1313.9 0.999838
-1313.7 0.999839
-1313.5 0.999843
-1313.3 0.999848
-1313.1 0.99985
-1312.9 0.999851
-1312.7 0.999859
-1312.5 0.99986
-1312.3 0.99986
-1312.1 0.999861
-1311.9 0.999862
-1311.7 0.999864
-1311.5 0.999867
-1311.3 0.999867
-1311.1 0.999868
-1310.9 0.999869
-1310.7 0.999874
-1310.5 0.999874
-1310.3 0.999876
-1310.1 0.999878
-1309.9 0.999879
-1309.7 0.999881
-1309.5 0.999884
-1309.3 0.999886
-1309.1 0.999889
-1308.9 0.999893
-1308.7 0.999894
-1308.5 0.999896
-1308.3 0.999898
-1308.1 0.999898
-1307.9 0.999902
-1307.7 0.999907
-1307.5 0.999908
-1307.3 0.999909
-1307.1 0.999912
-1306.9 0.999917
-1306.7 0.999918
-1306.5 0.99992
-1306.3 0.999923
-1306.1 0.999924
-1305.9 0.999927
-1305.7 0.999928
-1305.5 0.99993
-1305.3 0.999932
-1305.1 0.999937
-1304.9 0.999939
-1304.7 0.999943
-1304.5 0.999947
-1304.3 0.999949
-1304.1 0.999953
-1303.9 0.999956
-1303.7 0.999958
-1303.5 0.999959
-1303.3 0.999963
-1303.1 0.999967
-1302.9 0.999967
-1302.7 0.999969
-1302.5 0.999973
-1302.3 0.999973
-1302.1 0.999974
-1301.9 0.999977
-1301.7 0.999978
-1301.5 0.99998
-1301.3 0.999982
-1301.1 0.999986
-1300.9 0.999988
-1300.7 0.999991
-1300.5 0.999993
-1300.3 0.999994
-1300.1 0.999997
-1299.9 1
