1500
-1599.7 2.52446e-06
-1599.5 5.04891e-06
-1599.3 1.26223e-05
-1599.1 1.26223e-05
-1598.9 1.26223e-05
-1598.7 1.76712e-05
-1598.5 2.01956e-05
-1598.3 2.27201e-05
-1598.1 2.7769e-05
-1597.9 3.28179e-05
-1597.7 3.53424e-05
-1597.5 3.53424e-05
-1597.3 3.78668e-05
-1597.1 3.78668e-05
-1596.9 4.03913e-05
-1596.7 4.29157e-05
-1596.5 4.29157e-05
-1596.3 4.29157e-05
-1596.1 4.29157e-05
-1595.9 4.54402e-05
-1595.7 4.79647e-05
-1595.5 4.79647e-05
-1595.3 5.04891e-05
-1595.1 5.30136e-05
-1594.9 5.30136e-05
-1594.7 5.5538e-05
-1594.5 6.05869e-05
-1594.3 6.05869e-05
-1594.1 6.56358e-05
-1593.9 6.81603e-05
-1593.7 7.06848e-05
-1593.5 7.57337e-05
-1593.3 7.82581e-05
-1593.1 8.07826e-05
-1592.9 8.58315e-05
-1592.7 9.08804e-05
-1592.5 9.08804e-05
-1592.3 9.34049e-05
-1592.1 9.34049e-05
-1591.9 9.59293e-05
-1591.7 9.84538e-05
-1591.5 0.000100978
-1591.3 0.000106027
-1591.1 0.000111076
-1590.9 0.000121174
-1590.7 0.000136321
-1590.5 0.000136321
-1590.3 0.000136321
-1590.1 0.00014137
-1589.9 0.00014137
-1589.7 0.000143894
-1589.5 0.000143894
-1589.3 0.000143894
-1589.1 0.000146418
-1588.9 0.000148943
-1588.7 0.000156516
-1588.5 0.000161565
-1588.3 0.000166614
-1588.1 0.000169139
-1587.9 0.000176712
-1587.7 0.000181761
-1587.5 0.00018681
-1587.3 0.000189334
-1587.1 0.000191859
-1586.9 0.000194383
-1586.7 0.000194383
-1586.5 0.000196908
-1586.3 0.000201956
-1586.1 0.000207005
-1585.9 0.000212054
-1585.7 0.000214579
-1585.5 0.000214579
-1585.3 0.000217103
-1585.1 0.000217103
-1584.9 0.000219628
-1584.7 0.000222152
-1584.5 0.000222152
-1584.3 0.000224677
-1584.1 0.000229725
-1583.9 0.000234774
-1583.7 0.000237299
-1583.5 0.000239823
-1583.3 0.000242348
-1583.1 0.000242348
-1582.9 0.000249921
-1582.7 0.00025497
-1582.5 0.000257494
-1582.3 0.000257494
-1582.1 0.000262543
-1581.9 0.000265068
-1581.7 0.000267592
-1581.5 0.000267592
-1581.3 0.000272641
-1581.1 0.000275166
-1580.9 0.000275166
-1580.7 0.00027769
-1580.5 0.000280215
-1580.3 0.000282739
-1580.1 0.000282739
-1579.9 0.000287788
-1579.7 0.000290312
-1579.5 0.000290312
-1579.3 0.000292837
-1579.1 0.000295361
-1578.9 0.000295361
-1578.7 0.00030041
-1578.5 0.000305459
-1578.3 0.000305459
-1578.1 0.000307984
-1577.9 0.000310508
-1577.7 0.000310508
-1577.5 0.000313033
-1577.3 0.000313033
-1577.1 0.000318081
-1576.9 0.000325655
-1576.7 0.000330704
-1576.5 0.000330704
-1576.3 0.000335753
-1576.1 0.000338277
-1575.9 0.000343326
-1575.7 0.000343326
-1575.5 0.00034585
-1575.3 0.00034585
-1575.1 0.000350899
-1574.9 0.000355948
-1574.7 0.000358473
-1574.5 0.000366046
-1574.3 0.000368571
-1574.1 0.000368571
-1573.9 0.000383717
-1573.7 0.000383717
-1573.5 0.000388766
-1573.3 0.000401388
-1573.1 0.000403913
-1572.9 0.000411486
-1572.7 0.000411486
-1572.5 0.000416535
-1572.3 0.000416535
-1572.1 0.000424109
-1571.9 0.000436731
-1571.7 0.000446829
-1571.5 0.000454402
-1571.3 0.000482171
-1571.1 0.000504891
-1570.9 0.000522562
-1570.7 0.000560429
-1570.5 0.000583149
-1570.3 0.000621016
-1570.1 0.000686652
-1569.9 0.000747239
-1569.7 0.000820448
-1569.5 0.000903755
-1569.3 0.00100221
-1569.1 0.00112338
-1568.9 0.00123951
-1568.7 0.00139098
-1568.5 0.0015172
-1568.3 0.00165857
-1568.1 0.00178479
-1567.9 0.00198422
-1567.7 0.00219375
-1567.5 0.00237299
-1567.3 0.00260524
-1567.1 0.00284001
-1566.9 0.00306974
-1566.7 0.00333985
-1566.5 0.00363774
-1566.3 0.00393563
-1566.1 0.00425118
-1565.9 0.00458694
-1565.7 0.00501609
-1565.5 0.00546545
-1565.3 0.00592237
-1565.1 0.00638182
-1564.9 0.00691701
-1564.7 0.00745219
-1564.5 0.00809593
-1564.3 0.00871947
-1564.1 0.00937583
-1563.9 0.0100701
-1563.7 0.0108198
-1563.5 0.0116352
-1563.3 0.0124658
-1563.1 0.0132963
-1562.9 0.0142177
-1562.7 0.0151568
-1562.5 0.0160833
-1562.3 0.0172294
-1562.1 0.0182341
-1561.9 0.0193373
-1561.7 0.0204027
-1561.5 0.0215589
-1561.3 0.0227378
-1561.1 0.0239243
-1560.9 0.0251335
-1560.7 0.0264361
-1560.5 0.0276276
-1560.3 0.0289429
-1560.1 0.0301975
-1559.9 0.0315809
-1559.7 0.0329517
-1559.5 0.0343881
-1559.3 0.0357059
-1559.1 0.0370742
-1558.9 0.0383944
-1558.7 0.0398384
-1558.5 0.0413304
-1558.3 0.0427618
-1558.1 0.0442108
-1557.9 0.04568
-1557.7 0.0471215
-1557.5 0.0486008
-1557.3 0.0500246
-1557.1 0.0514938
-1556.9 0.0529934
-1556.7 0.0544449
-1556.5 0.0559192
-1556.3 0.0573582
-1556.1 0.0587719
-1555.9 0.0601527
-1555.7 0.0616068
-1555.5 0.0629574
-1555.3 0.0642827
-1555.1 0.0656081
-1554.9 0.0669511
-1554.7 0.0682941
-1554.5 0.0696194
-1554.3 0.0710306
-1554.1 0.0721818
-1553.9 0.07355
-1553.7 0.0749309
-1553.5 0.0762815
-1553.3 0.0775159
-1553.1 0.0787529
-1552.9 0.0800909
-1552.7 0.0812749
-1552.5 0.0825295
-1552.3 0.083721
-1552.1 0.0848974
-1551.9 0.0860966
-1551.7 0.0873133
-1551.5 0.0885352
-1551.3 0.0897469
-1551.1 0.0908804
-1550.9 0.0920618
-1550.7 0.0932408
-1550.5 0.094455
-1550.3 0.0955759
-1550.1 0.0967296
-1549.9 0.097906
-1549.7 0.0989587
-1549.5 0.100027
-1549.3 0.101115
-1549.1 0.102165
-1548.9 0.10319
-1548.7 0.104227
-1548.5 0.105363
-1548.3 0.106393
-1548.1 0.107504
-1547.9 0.108597
-1547.7 0.109635
-1547.5 0.110728
-1547.3 0.111679
-1547.1 0.112717
-1546.9 0.113742
-1546.7 0.114767
-1546.5 0.115769
-1546.3 0.116837
-1546.1 0.117869
-1545.9 0.118768
-1545.7 0.119692
-1545.5 0.120626
-1545.3 0.121633
-1545.1 0.122583
-1544.9 0.123607
-1544.7 0.124549
-1544.5 0.125438
-1544.3 0.126382
-1544.1 0.127346
-1543.9 0.128162
-1543.7 0.129106
-1543.5 0.130098
-1543.3 0.13105
-1543.1 0.131885
-1542.9 0.132812
-1542.7 0.133698
-1542.5 0.134564
-1542.3 0.135465
-1542.1 0.136404
-1541.9 0.137267
-1541.7 0.138176
-1541.5 0.139082
-1541.3 0.139984
-1541.1 0.140817
-1540.9 0.141809
-1540.7 0.14266
-1540.5 0.143482
-1540.3 0.144406
-1540.1 0.145202
-1539.9 0.146121
-1539.7 0.146997
-1539.5 0.147946
-1539.3 0.148817
-1539.1 0.149662
-1538.9 0.150564
-1538.7 0.151485
-1538.5 0.152346
-1538.3 0.153282
-1538.1 0.154204
-1537.9 0.155143
-1537.7 0.156029
-1537.5 0.156966
-1537.3 0.157776
-1537.1 0.15869
-1536.9 0.159626
-1536.7 0.160447
-1536.5 0.16126
-1536.3 0.162224
-1536.1 0.163148
-1535.9 0.164052
-1535.7 0.164933
-1535.5 0.165794
-1535.3 0.16666
-1535.1 0.167548
-1534.9 0.168417
-1534.7 0.169277
-1534.5 0.170176
-1534.3 0.171128
-1534.1 0.172054
-1533.9 0.172928
-1533.7 0.173723
-1533.5 0.174594
-1533.3 0.175404
-1533.1 0.17626
-1532.9 0.177078
-1532.7 0.177946
-1532.5 0.178747
-1532.3 0.179534
-1532.1 0.180438
-1531.9 0.181311
-1531.7 0.182215
-1531.5 0.183079
-1531.3 0.183889
-1531.1 0.184851
-1530.9 0.185661
-1530.7 0.186482
-1530.5 0.187317
-1530.3 0.188138
-1530.1 0.188981
-1529.9 0.189852
-1529.7 0.190652
-1529.5 0.191495
-1529.3 0.192356
-1529.1 0.193181
-1528.9 0.19404
-1528.7 0.194891
-1528.5 0.195706
-1528.3 0.196521
-1528.1 0.197455
-1527.9 0.198208
-1527.7 0.199061
-1527.5 0.199902
-1527.3 0.200702
-1527.1 0.201631
-1526.9 0.202532
-1526.7 0.20333
-1526.5 0.204168
-1526.3 0.204973
-1526.1 0.205824
-1525.9 0.206705
-1525.7 0.2075
-1525.5 0.208328
-1525.3 0.209144
-1525.1 0.209916
-1524.9 0.210767
-1524.7 0.211623
-1524.5 0.212562
-1524.3 0.213508
-1524.1 0.214296
-1523.9 0.215144
-1523.7 0.215932
-1523.5 0.216709
-1523.3 0.217525
-1523.1 0.21834
-1522.9 0.219193
-1522.7 0.220054
-1522.5 0.220832
-1522.3 0.221678
-1522.1 0.222511
-1521.9 0.223356
-1521.7 0.22424
-1521.5 0.225108
-1521.3 0.225962
-1521.1 0.226777
-1520.9 0.227623
-1520.7 0.228511
-1520.5 0.229372
-1520.3 0.230119
-1520.1 0.231013
-1519.9 0.231861
-1519.7 0.232616
-1519.5 0.233447
-1519.3 0.234234
-1519.1 0.235027
-1518.9 0.235883
-1518.7 0.236741
-1518.5 0.23763
-1518.3 0.238397
-1518.1 0.239187
-1517.9 0.239982
-1517.7 0.24074
-1517.5 0.241492
-1517.3 0.242368
-1517.1 0.243095
-1516.9 0.243842
-1516.7 0.24467
-1516.5 0.245415
-1516.3 0.246291
-1516.1 0.247139
-1515.9 0.248025
-1515.7 0.248868
-1515.5 0.249671
-1515.3 0.250497
-1515.1 0.251325
-1514.9 0.252092
-1514.7 0.252986
-1514.5 0.253806
-1514.3 0.254601
-1514.1 0.255399
-1513.9 0.256182
-1513.7 0.257043
-1513.5 0.257825
-1513.3 0.258605
-1513.1 0.259388
-1512.9 0.260168
-1512.7 0.261054
-1512.5 0.261862
-1512.3 0.262607
-1512.1 0.26345
-1511.9 0.26424
-1511.7 0.265038
-1511.5 0.265843
-1511.3 0.266658
-1511.1 0.267494
-1510.9 0.268357
-1510.7 0.269188
-1510.5 0.270071
-1510.3 0.270952
-1510.1 0.27179
-1509.9 0.27255
-1509.7 0.273315
-1509.5 0.274085
-1509.3 0.274916
-1509.1 0.275736
-1508.9 0.276567
-1508.7 0.277395
-1508.5 0.27818
-1508.3 0.278988
-1508.1 0.279768
-1507.9 0.280631
-1507.7 0.281507
-1507.5 0.282312
-1507.3 0.283188
-1507.1 0.284072
-1506.9 0.284875
-1506.7 0.285741
-1506.5 0.286632
-1506.3 0.287389
-1506.1 0.288169
-1505.9 0.289111
-1505.7 0.289997
-1505.5 0.290938
-1505.3 0.291835
-1505.1 0.292749
-1504.9 0.293589
-1504.7 0.294453
-1504.5 0.295379
-1504.3 0.296227
-1504.1 0.297063
-1503.9 0.297924
-1503.7 0.298888
-1503.5 0.299736
-1503.3 0.300595
-1503.1 0.30142
-1502.9 0.302291
-1502.7 0.303139
-1502.5 0.30403
-1502.3 0.30476
-1502.1 0.305643
-1501.9 0.306502
-1501.7 0.307332
-1501.5 0.308153
-1501.3 0.309059
-1501.1 0.30991
-1500.9 0.31072
-1500.7 0.311599
-1500.5 0.312452
-1500.3 0.313252
-1500.1 0.314095
-1499.9 0.314858
-1499.7 0.31564
-1499.5 0.316425
-1499.3 0.317304
-1499.1 0.318132
-1498.9 0.318904
-1498.7 0.319659
-1498.5 0.320573
-1498.3 0.321335
-1498.1 0.322153
-1497.9 0.322951
-1497.7 0.323779
-1497.5 0.324541
-1497.3 0.325382
-1497.1 0.326251
-1496.9 0.327063
-1496.7 0.327914
-1496.5 0.328646
-1496.3 0.329457
-1496.1 0.330254
-1495.9 0.331123
-1495.7 0.331948
-1495.5 0.332754
-1495.3 0.333657
-1495.1 0.334541
-1494.9 0.335374
-1494.7 0.336141
-1494.5 0.33699
-1494.3 0.337881
-1494.1 0.338726
-1493.9 0.339615
-1493.7 0.340372
-1493.5 0.34121
-1493.3 0.342059
-1493.1 0.34299
-1492.9 0.343854
-1492.7 0.344894
-1492.5 0.345659
-1492.3 0.346572
-1492.1 0.347363
-1491.9 0.348165
-1491.7 0.349003
-1491.5 0.349842
-1491.3 0.350705
-1491.1 0.351551
-1490.9 0.352406
-1490.7 0.353234
-1490.5 0.35406
-1490.3 0.354893
-1490.1 0.355792
-1489.9 0.356597
-1489.7 0.35746
-1489.5 0.358213
-1489.3 0.359084
-1489.1 0.359836
-1488.9 0.36073
-1488.7 0.36151
-1488.5 0.362431
-1488.3 0.363193
-1488.1 0.364074
-1487.9 0.36489
-1487.7 0.365748
-1487.5 0.366614
-1487.3 0.367399
-1487.1 0.368222
-1486.9 0.369073
-1486.7 0.369881
-1486.5 0.370787
-1486.3 0.371577
-1486.1 0.372375
-1485.9 0.373218
-1485.7 0.373991
-1485.5 0.374839
-1485.3 0.375636
-1485.1 0.376417
-1484.9 0.377396
-1484.7 0.378328
-1484.5 0.379231
-1484.3 0.38011
-1484.1 0.38095
-1483.9 0.381733
-1483.7 0.382553
-1483.5 0.383394
-1483.3 0.384197
-1483.1 0.38499
-1482.9 0.385782
-1482.7 0.386706
-1482.5 0.387499
-1482.3 0.388284
-1482.1 0.38918
-1481.9 0.38998
-1481.7 0.390728
-1481.5 0.391591
-1481.3 0.392396
-1481.1 0.393214
-1480.9 0.394007
-1480.7 0.394832
-1480.5 0.39563
-1480.3 0.39643
-1480.1 0.39721
-1479.9 0.398097
-1479.7 0.399003
-1479.5 0.399841
-1479.3 0.40081
-1479.1 0.401729
-1478.9 0.402676
-1478.7 0.403514
-1478.5 0.404395
-1478.3 0.405256
-1478.1 0.406064
-1477.9 0.406874
-1477.7 0.407712
-1477.5 0.408588
-1477.3 0.409424
-1477.1 0.410242
-1476.9 0.411118
-1476.7 0.411991
-1476.5 0.412837
-1476.3 0.413655
-1476.1 0.414503
-1475.9 0.415376
-1475.7 0.416242
-1475.5 0.41708
-1475.3 0.417956
-1475.1 0.418853
-1474.9 0.419751
-1474.7 0.420582
-1474.5 0.421417
-1474.3 0.422261
-1474.1 0.42298
-1473.9 0.423775
-1473.7 0.424644
-1473.5 0.425454
-1473.3 0.426292
-1473.1 0.427103
-1472.9 0.427953
-1472.7 0.428809
-1472.5 0.42971
-1472.3 0.430599
-1472.1 0.431495
-1471.9 0.432411
-1471.7 0.433325
-1471.5 0.434232
-1471.3 0.435151
-1471.1 0.435963
-1470.9 0.436827
-1470.7 0.437662
-1470.5 0.43849
-1470.3 0.439361
-1470.1 0.440227
-1469.9 0.441103
-1469.7 0.441929
-1469.5 0.442764
-1469.3 0.443559
-1469.1 0.444367
-1468.9 0.44519
-1468.7 0.446049
-1468.5 0.446816
-1468.3 0.447644
-1468.1 0.448457
-1467.9 0.44927
-1467.7 0.450113
-1467.5 0.450981
-1467.3 0.451822
-1467.1 0.452665
-1466.9 0.453453
-1466.7 0.454253
-1466.5 0.455061
-1466.3 0.455944
-1466.1 0.456788
-1465.9 0.457636
-1465.7 0.458461
-1465.5 0.459277
-1465.3 0.460092
-1465.1 0.461006
-1464.9 0.46195
-1464.7 0.462796
-1464.5 0.463649
-1464.3 0.46453
-1464.1 0.465353
-1463.9 0.466163
-1463.7 0.467002
-1463.5 0.467847
-1463.3 0.46865
-1463.1 0.46945
-1462.9 0.470278
-1462.7 0.471099
-1462.5 0.471939
-1462.3 0.4728
-1462.1 0.473696
-1461.9 0.474595
-1461.7 0.475443
-1461.5 0.476309
-1461.3 0.47718
-1461.1 0.478013
-1460.9 0.478861
-1460.7 0.479672
-1460.5 0.480558
-1460.3 0.481399
-1460.1 0.482211
-1459.9 0.483037
-1459.7 0.483875
-1459.5 0.484673
-1459.3 0.485602
-1459.1 0.486397
-1458.9 0.487228
-1458.7 0.488035
-1458.5 0.488838
-1458.3 0.489676
-1458.1 0.490454
-1457.9 0.49133
-1457.7 0.492221
-1457.5 0.493084
-1457.3 0.493897
-1457.1 0.494639
-1456.9 0.49544
-1456.7 0.49628
-1456.5 0.497156
-1456.3 0.497903
-1456.1 0.49881
-1455.9 0.4996
-1455.7 0.500458
-1455.5 0.501274
-1455.3 0.502074
-1455.1 0.502864
-1454.9 0.503755
-1454.7 0.504631
-1454.5 0.505515
-1454.3 0.506358
-1454.1 0.507183
-1453.9 0.508039
-1453.7 0.508852
-1453.5 0.509667
-1453.3 0.510475
-1453.1 0.511306
-1452.9 0.512129
-1452.7 0.512979
-1452.5 0.513805
-1452.3 0.514608
-1452.1 0.515476
-1451.9 0.516264
-1451.7 0.517039
-1451.5 0.517816
-1451.3 0.518604
-1451.1 0.519339
-1450.9 0.520187
-1450.7 0.521005
-1450.5 0.521797
-1450.3 0.522633
-1450.1 0.523446
-1449.9 0.524292
-1449.7 0.525175
-1449.5 0.525985
-1449.3 0.526844
-1449.1 0.527689
-1448.9 0.52851
-1448.7 0.529275
-1448.5 0.530174
-1448.3 0.530999
-1448.1 0.531777
-1447.9 0.532524
-1447.7 0.533284
-1447.5 0.53418
-1447.3 0.535119
-1447.1 0.535902
-1446.9 0.5368
-1446.7 0.537565
-1446.5 0.538348
-1446.3 0.539191
-1446.1 0.540052
-1445.9 0.540933
-1445.7 0.541766
-1445.5 0.542541
-1445.3 0.543374
-1445.1 0.544237
-1444.9 0.545111
-1444.7 0.54608
-1444.5 0.546961
-1444.3 0.547799
-1444.1 0.54862
-1443.9 0.549377
-1443.7 0.550215
-1443.5 0.551101
-1443.3 0.551922
-1443.1 0.552689
-1442.9 0.55355
-1442.7 0.554413
-1442.5 0.555257
-1442.3 0.556133
-1442.1 0.556966
-1441.9 0.557806
-1441.7 0.558627
-1441.5 0.559364
-1441.3 0.56023
-1441.1 0.561098
-1440.9 0.561921
-1440.7 0.562757
-1440.5 0.563585
-1440.3 0.564403
-1440.1 0.565296
-1439.9 0.566104
-1439.7 0.566955
-1439.5 0.567806
-1439.3 0.568573
-1439.1 0.569424
-1438.9 0.570287
-1438.7 0.571123
-1438.5 0.571885
-1438.3 0.572695
-1438.1 0.573481
-1437.9 0.57444
-1437.7 0.575243
-1437.5 0.576003
-1437.3 0.576886
-1437.1 0.577724
-1436.9 0.578479
-1436.7 0.579274
-1436.5 0.580029
-1436.3 0.580802
-1436.1 0.581657
-1435.9 0.58242
-1435.7 0.583273
-1435.5 0.584096
-1435.3 0.584914
-1435.1 0.585709
-1434.9 0.586532
-1434.7 0.58731
-1434.5 0.588059
-1434.3 0.588824
-1434.1 0.589566
-1433.9 0.590392
-1433.7 0.591202
-1433.5 0.592043
-1433.3 0.592818
-1433.1 0.593666
-1432.9 0.594403
-1432.7 0.595178
-1432.5 0.595931
-1432.3 0.596688
-1432.1 0.597529
-1431.9 0.598359
-1431.7 0.599096
-1431.5 0.59996
-1431.3 0.600851
-1431.1 0.601727
-1430.9 0.602535
-1430.7 0.603448
-1430.5 0.604289
-1430.3 0.605024
-1430.1 0.605905
-1429.9 0.606748
-1429.7 0.607457
-1429.5 0.608303
-1429.3 0.609166
-1429.1 0.61006
-1428.9 0.610976
-1428.7 0.611802
-1428.5 0.612635
-1428.3 0.613415
-1428.1 0.614339
-1427.9 0.615175
-1427.7 0.616025
-1427.5 0.616957
-1427.3 0.617818
-1427.1 0.618683
-1426.9 0.619542
-1426.7 0.620337
-1426.5 0.621279
-1426.3 0.622107
-1426.1 0.62292
-1425.9 0.62375
-1425.7 0.624601
-1425.5 0.625436
-1425.3 0.626297
-1425.1 0.627176
-1424.9 0.627951
-1424.7 0.628786
-1424.5 0.629579
-1424.3 0.630432
-1424.1 0.631323
-1423.9 0.632086
-1423.7 0.632896
-1423.5 0.633669
-1423.3 0.634537
-1423.1 0.635352
-1422.9 0.636155
-1422.7 0.637009
-1422.5 0.637897
-1422.3 0.638629
-1422.1 0.639452
-1421.9 0.640179
-1421.7 0.641063
-1421.5 0.641818
-1421.3 0.642666
-1421.1 0.643393
-1420.9 0.644281
-1420.7 0.645089
-1420.5 0.645907
-1420.3 0.646753
-1420.1 0.647578
-1419.9 0.648326
-1419.7 0.649169
-1419.5 0.649992
-1419.3 0.650714
-1419.1 0.651572
-1418.9 0.652393
-1418.7 0.653246
-1418.5 0.653975
-1418.3 0.654796
-1418.1 0.655684
-1417.9 0.65652
-1417.7 0.65731
-1417.5 0.658131
-1417.3 0.658964
-1417.1 0.659734
-1416.9 0.660536
-1416.7 0.661392
-1416.5 0.662288
-1416.3 0.663053
-1416.1 0.663944
-1415.9 0.664745
-1415.7 0.665611
-1415.5 0.666507
-1415.3 0.667307
-1415.1 0.668198
-1414.9 0.669137
-1414.7 0.669953
-1414.5 0.670776
-1414.3 0.671589
-1414.1 0.672364
-1413.9 0.673232
-1413.7 0.67407
-1413.5 0.674954
-1413.3 0.675744
-1413.1 0.676579
-1412.9 0.677455
-1412.7 0.678344
-1412.5 0.679109
-1412.3 0.679992
-1412.1 0.680894
-1411.9 0.681686
-1411.7 0.682492
-1411.5 0.683355
-1411.3 0.684148
-1411.1 0.685026
-1410.9 0.685973
-1410.7 0.686821
-1410.5 0.687687
-1410.3 0.688626
-1410.1 0.689515
-1409.9 0.69032
-1409.7 0.691135
-1409.5 0.691979
-1409.3 0.692872
-1409.1 0.693731
-1408.9 0.694543
-1408.7 0.695341
-1408.5 0.696167
-1408.3 0.697088
-1408.1 0.697946
-1407.9 0.698853
-1407.7 0.69961
-1407.5 0.700473
-1407.3 0.701299
-1407.1 0.702167
-1406.9 0.703038
-1406.7 0.703783
-1406.5 0.704687
-1406.3 0.705595
-1406.1 0.706383
-1405.9 0.707231
-1405.7 0.707973
-1405.5 0.708751
-1405.3 0.709612
-1405.1 0.710455
-1404.9 0.711301
-1404.7 0.712141
-1404.5 0.712947
-1404.3 0.71376
-1404.1 0.714547
-1403.9 0.715342
-1403.7 0.716201
-1403.5 0.717019
-1403.3 0.717811
-1403.1 0.718609
-1402.9 0.71945
-1402.7 0.72029
-1402.5 0.721033
-1402.3 0.7218
-1402.1 0.722613
-1401.9 0.72339
-1401.7 0.724246
-1401.5 0.725079
-1401.3 0.725917
-1401.1 0.726692
-1400.9 0.727604
-1400.7 0.728401
-1400.5 0.72925
-1400.3 0.730169
-1400.1 0.731024
-1399.9 0.731807
-1399.7 0.732706
-1399.5 0.733503
-1399.3 0.734266
-1399.1 0.735076
-1398.9 0.735977
-1398.7 0.736853
-1398.5 0.737613
-1398.3 0.738421
-1398.1 0.739274
-1397.9 0.74011
-1397.7 0.740983
-1397.5 0.741834
-1397.3 0.742675
-1397.1 0.743513
-1396.9 0.744371
-1396.7 0.745232
-1396.5 0.746073
-1396.3 0.746969
-1396.1 0.747779
-1395.9 0.748706
-1395.7 0.749602
-1395.5 0.750402
-1395.3 0.751301
-1395.1 0.752071
-1394.9 0.752982
-1394.7 0.75379
-1394.5 0.754605
-1394.3 0.755448
-1394.1 0.75636
-1393.9 0.757185
-1393.7 0.758041
-1393.5 0.758803
-1393.3 0.759571
-1393.1 0.760333
-1392.9 0.761227
-1392.7 0.761997
-1392.5 0.762873
-1392.3 0.763572
-1392.1 0.764385
-1391.9 0.765286
-1391.7 0.765991
-1391.5 0.766814
-1391.3 0.767568
-1391.1 0.768369
-1390.9 0.769146
-1390.7 0.769979
-1390.5 0.770805
-1390.3 0.771582
-1390.1 0.772334
-1389.9 0.773183
-1389.7 0.77396
-1389.5 0.774791
-1389.3 0.775652
-1389.1 0.776452
-1388.9 0.777298
-1388.7 0.77803
-1388.5 0.778825
-1388.3 0.779567
-1388.1 0.780458
-1387.9 0.781271
-1387.7 0.782129
-1387.5 0.782851
-1387.3 0.783657
-1387.1 0.784515
-1386.9 0.785303
-1386.7 0.786133
-1386.5 0.786964
-1386.3 0.78784
-1386.1 0.788597
-1385.9 0.789483
-1385.7 0.790258
-1385.5 0.791076
-1385.3 0.791934
-1385.1 0.79281
-1384.9 0.793659
-1384.7 0.794451
-1384.5 0.795234
-1384.3 0.796067
-1384.1 0.796882
-1383.9 0.79768
-1383.7 0.798488
-1383.5 0.799392
-1383.3 0.80024
-1383.1 0.801065
-1382.9 0.801896
-1382.7 0.802731
-1382.5 0.803491
-1382.3 0.804342
-1382.1 0.805175
-1381.9 0.80598
-1381.7 0.806766
-1381.5 0.807642
-1381.3 0.80849
-1381.1 0.80927
-1380.9 0.81005
-1380.7 0.810848
-1380.5 0.811658
-1380.3 0.812526
-1380.1 0.813294
-1379.9 0.814117
-1379.7 0.81499
-1379.5 0.815859
-1379.3 0.816613
-1379.1 0.817409
-1378.9 0.818227
-1378.7 0.819017
-1378.5 0.8199
-1378.3 0.820751
-1378.1 0.821589
-1377.9 0.822362
-1377.7 0.823217
-1377.5 0.824093
-1377.3 0.824901
-1377.1 0.825633
-1376.9 0.826466
-1376.7 0.827236
-1376.5 0.828062
-1376.3 0.828892
-1376.1 0.829784
-1375.9 0.830647
-1375.7 0.831364
-1375.5 0.832237
-1375.3 0.833048
-1375.1 0.833886
-1374.9 0.834757
-1374.7 0.835534
-1374.5 0.836413
-1374.3 0.83716
-1374.1 0.838084
-1373.9 0.838904
-1373.7 0.839745
-1373.5 0.840578
-1373.3 0.841376
-1373.1 0.842166
-1372.9 0.842971
-1372.7 0.84382
-1372.5 0.844698
-1372.3 0.845584
-1372.1 0.846362
-1371.9 0.847195
-1371.7 0.84799
-1371.5 0.84882
-1371.3 0.84957
-1371.1 0.850421
-1370.9 0.851239
-1370.7 0.85209
-1370.5 0.85291
-1370.3 0.853796
-1370.1 0.854647
-1369.9 0.85551
-1369.7 0.856311
-1369.5 0.857091
-1369.3 0.857871
-1369.1 0.858676
-1368.9 0.859476
-1368.7 0.860388
-1368.5 0.861163
-1368.3 0.862026
-1368.1 0.862849
-1367.9 0.863616
-1367.7 0.864432
-1367.5 0.865318
-1367.3 0.866123
-1367.1 0.867037
-1366.9 0.867867
-1366.7 0.868703
-1366.5 0.86945
-1366.3 0.870281
-1366.1 0.871207
-1365.9 0.87195
-1365.7 0.872836
-1365.5 0.873638
-1365.3 0.874474
-1365.1 0.875246
-1364.9 0.876105
-1364.7 0.876935
-1364.5 0.877683
-1364.3 0.878498
-1364.1 0.879311
-1363.9 0.880129
-1363.7 0.880962
-1363.5 0.881724
-1363.3 0.88259
-1363.1 0.883441
-1362.9 0.884234
-1362.7 0.885044
-1362.5 0.885829
-1362.3 0.886637
-1362.1 0.887397
-1361.9 0.88823
-1361.7 0.888972
-1361.5 0.88985
-1361.3 0.890681
-1361.1 0.89139
-1360.9 0.892216
-1360.7 0.892966
-1360.5 0.893768
-1360.3 0.894581
-1360.1 0.895382
-1359.9 0.896174
-1359.7 0.897025
-1359.5 0.897825
-1359.3 0.898641
-1359.1 0.899443
-1358.9 0.900312
-1358.7 0.901163
-1358.5 0.902011
-1358.3 0.902771
-1358.1 0.903523
-1357.9 0.904331
-1357.7 0.905159
-1357.5 0.905914
-1357.3 0.906681
-1357.1 0.907514
-1356.9 0.908372
-1356.7 0.909205
-1356.5 0.910021
-1356.3 0.910952
-1356.1 0.911745
-1355.9 0.912603
-1355.7 0.913376
-1355.5 0.914242
-1355.3 0.915004
-1355.1 0.91586
-1354.9 0.916648
-1354.7 0.917478
-1354.5 0.918324
-1354.3 0.919159
-1354.1 0.919909
-1353.9 0.920677
-1353.7 0.92151
-1353.5 0.922401
-1353.3 0.9231
-1353.1 0.92388
-1352.9 0.924718
-1352.7 0.925524
-1352.5 0.926306
-1352.3 0.927192
-1352.1 0.927992
-1351.9 0.928755
-1351.7 0.929547
-1351.5 0.930396
-1351.3 0.931193
-1351.1 0.931943
-1350.9 0.932819
-1350.7 0.933607
-1350.5 0.934359
-1350.3 0.935157
-1350.1 0.93597
-1349.9 0.936717
-1349.7 0.937542
-1349.5 0.938262
-1349.3 0.939042
-1349.1 0.939827
-1348.9 0.940574
-1348.7 0.941357
-1348.5 0.942132
-1348.3 0.942907
-1348.1 0.943561
-1347.9 0.944316
-1347.7 0.945048
-1347.5 0.945787
-1347.3 0.946504
-1347.1 0.947201
-1346.9 0.947883
-1346.7 0.948625
-1346.5 0.949329
-1346.3 0.950066
-1346.1 0.950846
-1345.9 0.9515
-1345.7 0.952215
-1345.5 0.952921
-1345.3 0.953601
-1345.1 0.954257
-1344.9 0.954913
-1344.7 0.955499
-1344.5 0.956117
-1344.3 0.956711
-1344.1 0.957342
-1343.9 0.95797
-1343.7 0.958531
-1343.5 0.959139
-1343.3 0.95979
-1343.1 0.960444
-1342.9 0.96101
-1342.7 0.961585
-1342.5 0.962179
-1342.3 0.962832
-1342.1 0.96337
-1341.9 0.9639
-1341.7 0.964468
-1341.5 0.964993
-1341.3 0.965473
-1341.1 0.965955
-1340.9 0.966483
-1340.7 0.967023
-1340.5 0.96751
-1340.3 0.967997
-1340.1 0.968472
-1339.9 0.969027
-1339.7 0.969464
-1339.5 0.969926
-1339.3 0.97035
-1339.1 0.970777
-1338.9 0.971274
-1338.7 0.971703
-1338.5 0.97215
-1338.3 0.972574
-1338.1 0.972991
-1337.9 0.973433
-1337.7 0.973849
-1337.5 0.974283
-1337.3 0.97468
-1337.1 0.975038
-1336.9 0.975397
-1336.7 0.975793
-1336.5 0.976197
-1336.3 0.97656
-1336.1 0.976952
-1335.9 0.977346
-1335.7 0.977727
-1335.5 0.97807
-1335.3 0.978413
-1335.1 0.978782
-1334.9 0.979138
-1334.7 0.979466
-1334.5 0.979817
-1334.3 0.98011
-1334.1 0.980491
-1333.9 0.980827
-1333.7 0.98113
-1333.5 0.981473
-1333.3 0.981806
-1333.1 0.982089
-1332.9 0.982382
-1332.7 0.98268
-1332.5 0.982917
-1332.3 0.983283
-1332.1 0.983616
-1331.9 0.983866
-1331.7 0.984104
-1331.5 0.984341
-1331.3 0.984606
-1331.1 0.984879
-1330.9 0.985126
-1330.7 0.985396
-1330.5 0.985681
-1330.3 0.985919
-1330.1 0.986121
-1329.9 0.986393
-1329.7 0.986633
-1329.5 0.986865
-1329.3 0.987077
-1329.1 0.987347
-1328.9 0.987572
-1328.7 0.987792
-1328.5 0.988006
-1328.3 0.988231
-1328.1 0.98843
-1327.9 0.988627
-1327.7 0.988842
-1327.5 0.989062
-1327.3 0.989261
-1327.1 0.989458
-1326.9 0.989645
-1326.7 0.989831
-1326.5 0.989998
-1326.3 0.990162
-1326.1 0.990344
-1325.9 0.990508
-1325.7 0.990697
-1325.5 0.990872
-1325.3 0.991063
-1325.1 0.99122
-1324.9 0.991379
-1324.7 0.991546
-1324.5 0.991657
-1324.3 0.99179
-1324.1 0.991934
-1323.9 0.992086
-1323.7 0.992257
-1323.5 0.992432
-1323.3 0.992583
-1323.1 0.99273
-1322.9 0.992916
-1322.7 0.99303
-1322.5 0.993159
-1322.3 0.993282
-1322.1 0.993391
-1321.9 0.993535
-1321.7 0.993636
-1321.5 0.993754
-1321.3 0.993866
-1321.1 0.993982
-1320.9 0.994103
-1320.7 0.994224
-1320.5 0.994363
-1320.3 0.994499
-1320.1 0.99462
-1319.9 0.994729
-1319.7 0.994832
-1319.5 0.994944
-1319.3 0.995072
-1319.1 0.995198
-1318.9 0.995299
-1318.7 0.995403
-1318.5 0.995504
-1318.3 0.995597
-1318.1 0.995681
-1317.9 0.995779
-1317.7 0.995852
-1317.5 0.995928
-1317.3 0.996004
-1317.1 0.996082
-1316.9 0.99618
-1316.7 0.996239
-1316.5 0.996327
-1316.3 0.99641
-1316.1 0.996481
-1315.9 0.996554
-1315.7 0.996653
-1315.5 0.996723
-1315.3 0.996807
-1315.1 0.996882
-1314.9 0.996961
-1314.7 0.997003
-1314.5 0.997067
-1314.3 0.997132
-1314.1 0.997203
-1313.9 0.997266
-1313.7 0.997339
-1313.5 0.997415
-1313.3 0.997455
-1313.1 0.997493
-1312.9 0.997554
-1312.7 0.997602
-1312.5 0.997662
-1312.3 0.997738
-1312.1 0.997799
-1311.9 0.997844
-1311.7 0.997895
-1311.5 0.997938
-1311.3 0.997996
-1311.1 0.998044
-1310.9 0.998094
-1310.7 0.998139
-1310.5 0.998172
-1310.3 0.99821
-1310.1 0.998243
-1309.9 0.998286
-1309.7 0.998321
-1309.5 0.998364
-1309.3 0.998405
-1309.1 0.99845
-1308.9 0.998495
-1308.7 0.998553
-1308.5 0.998576
-1308.3 0.998617
-1308.1 0.998654
-1307.9 0.998685
-1307.7 0.998723
-1307.5 0.998755
-1307.3 0.998778
-1307.1 0.998811
-1306.9 0.998844
-1306.7 0.998882
-1306.5 0.998897
-1306.3 0.998932
-1306.1 0.998957
-1305.9 0.998998
-1305.7 0.999036
-1305.5 0.999081
-1305.3 0.999119
-1305.1 0.999157
-1304.9 0.999215
-1304.7 0.999253
-1304.5 0.999288
-1304.3 0.999316
-1304.1 0.999364
-1303.9 0.999412
-1303.7 0.999437
-1303.5 0.999475
-1303.3 0.999508
-1303.1 0.999528
-1302.9 0.999551
-1302.7 0.999596
-1302.5 0.999631
-1302.3 0.999657
-1302.1 0.999705
-1301.9 0.999737
-1301.7 0.999758
-1301.5 0.999793
-1301.3 0.999808
-1301.1 0.999841
-1300.9 0.999859
-1300.7 0.999896
-1300.5 0.999914
-1300.3 0.999947
-1300.1 0.99997
-1299.9 1
