1497
-1599.1 4.4915e-06
-1598.9 6.73724e-06
-1598.7 6.73724e-06
-1598.5 6.73724e-06
-1598.3 8.98299e-06
-1598.1 8.98299e-06
-1597.9 8.98299e-06
-1597.7 8.98299e-06
-1597.5 1.57202e-05
-1597.3 1.7966e-05
-1597.1 2.24575e-05
-1596.9 2.47032e-05
-1596.7 2.91947e-05
-1596.5 2.91947e-05
-1596.3 3.81777e-05
-1596.1 3.81777e-05
-1595.9 4.26692e-05
-1595.7 4.71607e-05
-1595.5 4.94064e-05
-1595.3 5.16522e-05
-1595.1 5.16522e-05
-1594.9 5.16522e-05
-1594.7 5.61437e-05
-1594.5 5.83894e-05
-1594.3 6.28809e-05
-1594.1 6.51267e-05
-1593.9 6.51267e-05
-1593.7 7.41097e-05
-1593.5 7.63554e-05
-1593.3 7.86012e-05
-1593.1 8.08469e-05
-1592.9 8.08469e-05
-1592.7 8.08469e-05
-1592.5 8.08469e-05
-1592.3 8.30927e-05
-1592.1 8.53384e-05
-1591.9 8.53384e-05
-1591.7 8.53384e-05
-1591.5 8.98299e-05
-1591.3 9.20757e-05
-1591.1 9.65672e-05
-1590.9 9.65672e-05
-1590.7 9.65672e-05
-1590.5 0.00010555
-1590.3 0.000110042
-1590.1 0.000110042
-1589.9 0.000112287
-1589.7 0.000114533
-1589.5 0.000116779
-1589.3 0.000123516
-1589.1 0.000130253
-1588.9 0.000134745
-1588.7 0.000136991
-1588.5 0.000141482
-1588.3 0.000143728
-1588.1 0.000148219
-1587.9 0.000152711
-1587.7 0.000152711
-1587.5 0.000159448
-1587.3 0.000161694
-1587.1 0.000166185
-1586.9 0.000170677
-1586.7 0.000175168
-1586.5 0.000177414
-1586.3 0.000184151
-1586.1 0.000188643
-1585.9 0.000193134
-1585.7 0.00019538
-1585.5 0.000202117
-1585.3 0.000202117
-1585.1 0.000202117
-1584.9 0.000204363
-1584.7 0.000206609
-1584.5 0.0002111
-1584.3 0.000222329
-1584.1 0.000224575
-1583.9 0.000226821
-1583.7 0.000231312
-1583.5 0.000233558
-1583.3 0.000240295
-1583.1 0.000249278
-1582.9 0.000253769
-1582.7 0.000258261
-1582.5 0.000273981
-1582.3 0.000278473
-1582.1 0.000287456
-1581.9 0.000298684
-1581.7 0.000323388
-1581.5 0.000354828
-1581.3 0.000388514
-1581.1 0.000435675
-1580.9 0.000489573
-1580.7 0.000529996
-1580.5 0.000588386
-1580.3 0.000637792
-1580.1 0.000700673
-1579.9 0.000783766
-1579.7 0.000880333
-1579.5 0.000999358
-1579.3 0.00108694
-1579.1 0.00119923
-1578.9 0.00131152
-1578.7 0.0014283
-1578.5 0.00156079
-1578.3 0.00171575
-1578.1 0.00187969
-1577.9 0.00204588
-1577.7 0.00224575
-1577.5 0.00242765
-1577.3 0.00262303
-1577.1 0.0028768
-1576.9 0.0031171
-1576.7 0.00342027
-1576.5 0.00370548
-1576.3 0.00402663
-1576.1 0.00428489
-1575.9 0.0046195
-1575.7 0.00499903
-1575.5 0.00536734
-1575.3 0.00576933
-1575.1 0.00621398
-1574.9 0.00666089
-1574.7 0.00715046
-1574.5 0.00767821
-1574.3 0.00816554
-1574.1 0.00878087
-1573.9 0.00938049
-1573.7 0.00998459
-1573.5 0.0106651
-1573.3 0.011332
-1573.1 0.0120372
-1572.9 0.0127177
-1572.7 0.0134633
-1572.5 0.0143324
-1572.3 0.0151251
-1572.1 0.0159807
-1571.9 0.0168049
-1571.7 0.0176942
-1571.5 0.0185768
-1571.3 0.0195807
-1571.1 0.0205531
-1570.9 0.0215659
-1570.7 0.0226933
-1570.5 0.0237443
-1570.3 0.0249772
-1570.1 0.0261046
-1569.9 0.0272544
-1569.7 0.0284154
-1569.5 0.0296731
-1569.3 0.0309531
-1569.1 0.032222
-1568.9 0.0334527
-1568.7 0.0348181
-1568.5 0.0362059
-1568.3 0.0375399
-1568.1 0.0388582
-1567.9 0.0401899
-1567.7 0.0415104
-1567.5 0.0428376
-1567.3 0.044111
-1567.1 0.0455101
-1566.9 0.0468171
-1566.7 0.0482027
-1566.5 0.0495928
-1566.3 0.0508235
-1566.1 0.0523304
-1565.9 0.0538171
-1565.7 0.0552117
-1565.5 0.0566108
-1565.3 0.0579852
-1565.1 0.0594113
-1564.9 0.0608081
-1564.7 0.0622117
-1564.5 0.063521
-1564.3 0.0648594
-1564.1 0.0661889
-1563.9 0.0675476
-1563.7 0.0689085
-1563.5 0.0701594
-1563.3 0.0714372
-1563.1 0.0725803
-1562.9 0.0738671
-1562.7 0.0751809
-1562.5 0.0764385
-1562.3 0.0776849
-1562.1 0.0789515
-1561.9 0.080135
-1561.7 0.0813837
-1561.5 0.0826053
-1561.3 0.083827
-1561.1 0.0850869
-1560.9 0.0863176
-1560.7 0.0875123
-1560.5 0.0886127
-1560.3 0.0898164
-1560.1 0.0908787
-1559.9 0.0920689
-1559.7 0.0931895
-1559.5 0.0943079
-1559.3 0.095433
-1559.1 0.0965155
-1558.9 0.0976541
-1558.7 0.0987657
-1558.5 0.099929
-1558.3 0.101072
-1558.1 0.102274
-1557.9 0.103363
-1557.7 0.104533
-1557.5 0.105516
-1557.3 0.106561
-1557.1 0.107654
-1556.9 0.108638
-1556.7 0.109709
-1556.5 0.110763
-1556.3 0.111748
-1556.1 0.112781
-1555.9 0.113884
-1555.7 0.114913
-1555.5 0.115948
-1555.3 0.116927
-1555.1 0.117985
-1554.9 0.119025
-1554.7 0.120114
-1554.5 0.121097
-1554.3 0.122128
-1554.1 0.123107
-1553.9 0.124131
-1553.7 0.125158
-1553.5 0.12624
-1553.3 0.127168
-1553.1 0.128142
-1552.9 0.129097
-1552.7 0.130076
-1552.5 0.131062
-1552.3 0.132005
-1552.1 0.133027
-1551.9 0.134035
-1551.7 0.13501
-1551.5 0.135951
-1551.3 0.136887
-1551.1 0.137918
-1550.9 0.138931
-1550.7 0.139908
-1550.5 0.140959
-1550.3 0.141916
-1550.1 0.142834
-1549.9 0.143842
-1549.7 0.144826
-1549.5 0.145821
-1549.3 0.146854
-1549.1 0.147799
-1548.9 0.148749
-1548.7 0.149791
-1548.5 0.150732
-1548.3 0.151619
-1548.1 0.152583
-1547.9 0.153486
-1547.7 0.154463
-1547.5 0.155361
-1547.3 0.15625
-1547.1 0.157108
-1546.9 0.158087
-1546.7 0.158952
-1546.5 0.159877
-1546.3 0.160791
-1546.1 0.16171
-1545.9 0.16263
-1545.7 0.1636
-1545.5 0.164454
-1545.3 0.165359
-1545.1 0.166277
-1544.9 0.167176
-1544.7 0.168045
-1544.5 0.168954
-1544.3 0.169907
-1544.1 0.170834
-1543.9 0.171762
-1543.7 0.172617
-1543.5 0.17359
-1543.3 0.17445
-1543.1 0.175355
-1542.9 0.1763
-1542.7 0.177158
-1542.5 0.178045
-1542.3 0.178847
-1542.1 0.179709
-1541.9 0.180655
-1541.7 0.181488
-1541.5 0.182402
-1541.3 0.183314
-1541.1 0.184169
-1540.9 0.185128
-1540.7 0.186035
-1540.5 0.186956
-1540.3 0.187848
-1540.1 0.188838
-1539.9 0.189736
-1539.7 0.190653
-1539.5 0.191585
-1539.3 0.192607
-1539.1 0.193487
-1538.9 0.194437
-1538.7 0.195355
-1538.5 0.196222
-1538.3 0.197147
-1538.1 0.197976
-1537.9 0.198841
-1537.7 0.199822
-1537.5 0.20081
-1537.3 0.201628
-1537.1 0.202436
-1536.9 0.203366
-1536.7 0.204213
-1536.5 0.205111
-1536.3 0.206018
-1536.1 0.206824
-1535.9 0.207765
-1535.7 0.208614
-1535.5 0.209531
-1535.3 0.210467
-1535.1 0.211332
-1534.9 0.212194
-1534.7 0.213045
-1534.5 0.213894
-1534.3 0.214734
-1534.1 0.215596
-1533.9 0.216483
-1533.7 0.217359
-1533.5 0.218192
-1533.3 0.219109
-1533.1 0.219944
-1532.9 0.220786
-1532.7 0.221716
-1532.5 0.222634
-1532.3 0.223459
-1532.1 0.224303
-1531.9 0.22526
-1531.7 0.226113
-1531.5 0.227007
-1531.3 0.2278
-1531.1 0.228649
-1530.9 0.229428
-1530.7 0.230283
-1530.5 0.231141
-1530.3 0.231999
-1530.1 0.232823
-1529.9 0.233688
-1529.7 0.23458
-1529.5 0.23544
-1529.3 0.236327
-1529.1 0.237122
-1528.9 0.237919
-1528.7 0.238795
-1528.5 0.239655
-1528.3 0.240526
-1528.1 0.241373
-1527.9 0.24224
-1527.7 0.243057
-1527.5 0.243985
-1527.3 0.244827
-1527.1 0.245692
-1526.9 0.246572
-1526.7 0.247425
-1526.5 0.24831
-1526.3 0.249123
-1526.1 0.250015
-1525.9 0.250998
-1525.7 0.251917
-1525.5 0.252824
-1525.3 0.25365
-1525.1 0.254603
-1524.9 0.255479
-1524.7 0.256368
-1524.5 0.257271
-1524.3 0.258099
-1524.1 0.259
-1523.9 0.259876
-1523.7 0.260698
-1523.5 0.261544
-1523.3 0.262526
-1523.1 0.263453
-1522.9 0.2643
-1522.7 0.265209
-1522.5 0.266038
-1522.3 0.266936
-1522.1 0.267765
-1521.9 0.268699
-1521.7 0.269539
-1521.5 0.270415
-1521.3 0.271275
-1521.1 0.272167
-1520.9 0.273085
-1520.7 0.274001
-1520.5 0.274785
-1520.3 0.275591
-1520.1 0.276566
-1519.9 0.277489
-1519.7 0.278383
-1519.5 0.279196
-1519.3 0.280101
-1519.1 0.280981
-1518.9 0.281871
-1518.7 0.282724
-1518.5 0.283575
-1518.3 0.284437
-1518.1 0.285367
-1517.9 0.286288
-1517.7 0.287166
-1517.5 0.288001
-1517.3 0.288877
-1517.1 0.289708
-1516.9 0.290512
-1516.7 0.29135
-1516.5 0.292208
-1516.3 0.293072
-1516.1 0.293935
-1515.9 0.294793
-1515.7 0.295736
-1515.5 0.296591
-1515.3 0.297469
-1515.1 0.298348
-1514.9 0.299302
-1514.7 0.300173
-1514.5 0.301123
-1514.3 0.301916
-1514.1 0.302846
-1513.9 0.303749
-1513.7 0.3046
-1513.5 0.305469
-1513.3 0.306378
-1513.1 0.307324
-1512.9 0.308148
-1512.7 0.308997
-1512.5 0.309857
-1512.3 0.310764
-1512.1 0.311633
-1511.9 0.312599
-1511.7 0.313513
-1511.5 0.314407
-1511.3 0.31524
-1511.1 0.316147
-1510.9 0.317037
-1510.7 0.317939
-1510.5 0.318849
-1510.3 0.319741
-1510.1 0.32067
-1509.9 0.321519
-1509.7 0.322483
-1509.5 0.323408
-1509.3 0.324365
-1509.1 0.32524
-1508.9 0.326233
-1508.7 0.327118
-1508.5 0.327989
-1508.3 0.328912
-1508.1 0.329766
-1507.9 0.330597
-1507.7 0.331549
-1507.5 0.332501
-1507.3 0.333509
-1507.1 0.334369
-1506.9 0.335241
-1506.7 0.336157
-1506.5 0.33708
-1506.3 0.338041
-1506.1 0.338951
-1505.9 0.339829
-1505.7 0.340785
-1505.5 0.341711
-1505.3 0.342602
-1505.1 0.343494
-1504.9 0.344401
-1504.7 0.345223
-1504.5 0.346148
-1504.3 0.347022
-1504.1 0.347896
-1503.9 0.348785
-1503.7 0.349753
-1503.5 0.350602
-1503.3 0.351473
-1503.1 0.352311
-1502.9 0.353133
-1502.7 0.354035
-1502.5 0.35492
-1502.3 0.355794
-1502.1 0.356679
-1501.9 0.357586
-1501.7 0.358484
-1501.5 0.359367
-1501.3 0.36029
-1501.1 0.361181
-1500.9 0.362062
-1500.7 0.362973
-1500.5 0.363908
-1500.3 0.364833
-1500.1 0.365677
-1499.9 0.366656
-1499.7 0.367566
-1499.5 0.368455
-1499.3 0.369338
-1499.1 0.370151
-1498.9 0.371
-1498.7 0.371965
-1498.5 0.372861
-1498.3 0.373764
-1498.1 0.374705
-1497.9 0.375671
-1497.7 0.376612
-1497.5 0.377488
-1497.3 0.378391
-1497.1 0.379314
-1496.9 0.380232
-1496.7 0.381088
-1496.5 0.381961
-1496.3 0.382889
-1496.1 0.38378
-1495.9 0.384638
-1495.7 0.385503
-1495.5 0.386365
-1495.3 0.387277
-1495.1 0.388137
-1494.9 0.389069
-1494.7 0.389918
-1494.5 0.390839
-1494.3 0.391712
-1494.1 0.392566
-1493.9 0.393455
-1493.7 0.39438
-1493.5 0.395236
-1493.3 0.396065
-1493.1 0.396945
-1492.9 0.397805
-1492.7 0.398721
-1492.5 0.399527
-1492.3 0.400489
-1492.1 0.401488
-1491.9 0.402411
-1491.7 0.403264
-1491.5 0.404232
-1491.3 0.405119
-1491.1 0.406054
-1490.9 0.406914
-1490.7 0.407821
-1490.5 0.408793
-1490.3 0.409674
-1490.1 0.410568
-1489.9 0.411443
-1489.7 0.412418
-1489.5 0.413274
-1489.3 0.414183
-1489.1 0.41501
-1488.9 0.415856
-1488.7 0.416732
-1488.5 0.417635
-1488.3 0.418531
-1488.1 0.419382
-1487.9 0.420213
-1487.7 0.421109
-1487.5 0.421983
-1487.3 0.422973
-1487.1 0.423856
-1486.9 0.42472
-1486.7 0.425567
-1486.5 0.426456
-1486.3 0.427343
-1486.1 0.428307
-1485.9 0.429194
-1485.7 0.430117
-1485.5 0.43095
-1485.3 0.431833
-1485.1 0.432722
-1484.9 0.4336
-1484.7 0.434451
-1484.5 0.435385
-1484.3 0.436221
-1484.1 0.437108
-1483.9 0.437975
-1483.7 0.438889
-1483.5 0.439744
-1483.3 0.440625
-1483.1 0.44146
-1482.9 0.442433
-1482.7 0.443268
-1482.5 0.444119
-1482.3 0.445029
-1482.1 0.445949
-1481.9 0.446809
-1481.7 0.447703
-1481.5 0.448581
-1481.3 0.449439
-1481.1 0.450284
-1480.9 0.451209
-1480.7 0.452038
-1480.5 0.452922
-1480.3 0.453812
-1480.1 0.454728
-1479.9 0.455595
-1479.7 0.456457
-1479.5 0.457358
-1479.3 0.458128
-1479.1 0.459051
-1478.9 0.459972
-1478.7 0.460785
-1478.5 0.461717
-1478.3 0.462588
-1478.1 0.463477
-1477.9 0.464333
-1477.7 0.465213
-1477.5 0.466114
-1477.3 0.466996
-1477.1 0.467886
-1476.9 0.468768
-1476.7 0.469613
-1476.5 0.470558
-1476.3 0.471472
-1476.1 0.472409
-1475.9 0.47328
-1475.7 0.474205
-1475.5 0.475065
-1475.3 0.475894
-1475.1 0.476748
-1474.9 0.477608
-1474.7 0.478582
-1474.5 0.479422
-1474.3 0.480312
-1474.1 0.481178
-1473.9 0.481971
-1473.7 0.482811
-1473.5 0.483714
-1473.3 0.484529
-1473.1 0.485463
-1472.9 0.486393
-1472.7 0.487312
-1472.5 0.488217
-1472.3 0.489025
-1472.1 0.489988
-1471.9 0.490846
-1471.7 0.491796
-1471.5 0.492629
-1471.3 0.49353
-1471.1 0.494431
-1470.9 0.495369
-1470.7 0.49622
-1470.5 0.497078
-1470.3 0.497934
-1470.1 0.498812
-1469.9 0.499717
-1469.7 0.500564
-1469.5 0.501471
-1469.3 0.502322
-1469.1 0.503268
-1468.9 0.504211
-1468.7 0.505136
-1468.5 0.506088
-1468.3 0.507072
-1468.1 0.507912
-1467.9 0.508779
-1467.7 0.509711
-1467.5 0.510546
-1467.3 0.511447
-1467.1 0.512363
-1466.9 0.513414
-1466.7 0.514335
-1466.5 0.515354
-1466.3 0.516264
-1466.1 0.517268
-1465.9 0.518168
-1465.7 0.519136
-1465.5 0.52001
-1465.3 0.520966
-1465.1 0.521851
-1464.9 0.522758
-1464.7 0.523625
-1464.5 0.524512
-1464.3 0.525332
-1464.1 0.526208
-1463.9 0.527088
-1463.7 0.527964
-1463.5 0.528847
-1463.3 0.529767
-1463.1 0.530641
-1462.9 0.531474
-1462.7 0.53235
-1462.5 0.5333
-1462.3 0.534151
-1462.1 0.534987
-1461.9 0.535842
-1461.7 0.536756
-1461.5 0.53767
-1461.3 0.538586
-1461.1 0.539469
-1460.9 0.540385
-1460.7 0.541245
-1460.5 0.542106
-1460.3 0.542979
-1460.1 0.543868
-1459.9 0.544744
-1459.7 0.545679
-1459.5 0.546568
-1459.3 0.547374
-1459.1 0.548306
-1458.9 0.549155
-1458.7 0.549999
-1458.5 0.550826
-1458.3 0.551681
-1458.1 0.55255
-1457.9 0.553415
-1457.7 0.554325
-1457.5 0.555147
-1457.3 0.556027
-1457.1 0.556887
-1456.9 0.557682
-1456.7 0.558607
-1456.5 0.55944
-1456.3 0.560256
-1456.1 0.561131
-1455.9 0.56209
-1455.7 0.562865
-1455.5 0.563741
-1455.3 0.564662
-1455.1 0.565587
-1454.9 0.566405
-1454.7 0.567292
-1454.5 0.568212
-1454.3 0.569093
-1454.1 0.569944
-1453.9 0.570838
-1453.7 0.571648
-1453.5 0.572614
-1453.3 0.573456
-1453.1 0.574393
-1452.9 0.575336
-1452.7 0.576205
-1452.5 0.577058
-1452.3 0.577932
-1452.1 0.578889
-1451.9 0.579755
-1451.7 0.580631
-1451.5 0.581431
-1451.3 0.582343
-1451.1 0.583223
-1450.9 0.584058
-1450.7 0.584975
-1450.5 0.585893
-1450.3 0.586717
-1450.1 0.587593
-1449.9 0.588451
-1449.7 0.589331
-1449.5 0.590236
-1449.3 0.591148
-1449.1 0.592031
-1448.9 0.592877
-1448.7 0.593724
-1448.5 0.594582
-1448.3 0.595539
-1448.1 0.596441
-1447.9 0.597236
-1447.7 0.598088
-1447.5 0.598988
-1447.3 0.599819
-1447.1 0.60069
-1446.9 0.601584
-1446.7 0.602521
-1446.5 0.603345
-1446.3 0.604272
-1446.1 0.605141
-1445.9 0.60606
-1445.7 0.606911
-1445.5 0.607823
-1445.3 0.608762
-1445.1 0.609568
-1444.9 0.610437
-1444.7 0.611326
-1444.5 0.612177
-1444.3 0.613055
-1444.1 0.613951
-1443.9 0.61478
-1443.7 0.615656
-1443.5 0.616543
-1443.3 0.61732
-1443.1 0.61825
-1442.9 0.619128
-1442.7 0.620035
-1442.5 0.620895
-1442.3 0.621818
-1442.1 0.622705
-1441.9 0.623595
-1441.7 0.624426
-1441.5 0.625326
-1441.3 0.626305
-1441.1 0.627233
-1440.9 0.628196
-1440.7 0.629117
-1440.5 0.62997
-1440.3 0.63086
-1440.1 0.631673
-1439.9 0.632584
-1439.7 0.63344
-1439.5 0.634316
-1439.3 0.635234
-1439.1 0.63611
-1438.9 0.637024
-1438.7 0.637896
-1438.5 0.638727
-1438.3 0.639605
-1438.1 0.640463
-1437.9 0.641412
-1437.7 0.642318
-1437.5 0.643157
-1437.3 0.64406
-1437.1 0.644943
-1436.9 0.645823
-1436.7 0.646643
-1436.5 0.647539
-1436.3 0.648399
-1436.1 0.649286
-1435.9 0.650301
-1435.7 0.651184
-1435.5 0.652012
-1435.3 0.652868
-1435.1 0.653789
-1434.9 0.654615
-1434.7 0.655473
-1434.5 0.65636
-1434.3 0.657297
-1434.1 0.658197
-1433.9 0.659091
-1433.7 0.660019
-1433.5 0.66089
-1433.3 0.661741
-1433.1 0.662682
-1432.9 0.663616
-1432.7 0.66438
-1432.5 0.665287
-1432.3 0.666167
-1432.1 0.667041
-1431.9 0.66791
-1431.7 0.668824
-1431.5 0.669731
-1431.3 0.670627
-1431.1 0.671595
-1430.9 0.672536
-1430.7 0.673405
-1430.5 0.674288
-1430.3 0.675121
-1430.1 0.676033
-1429.9 0.676949
-1429.7 0.677841
-1429.5 0.678719
-1429.3 0.679568
-1429.1 0.680448
-1428.9 0.68129
-1428.7 0.682272
-1428.5 0.683141
-1428.3 0.684075
-1428.1 0.684975
-1427.9 0.68589
-1427.7 0.686678
-1427.5 0.687506
-1427.3 0.6884
-1427.1 0.689245
-1426.9 0.690154
-1426.7 0.69105
-1426.5 0.691975
-1426.3 0.692885
-1426.1 0.693759
-1425.9 0.694655
-1425.7 0.695582
-1425.5 0.696474
-1425.3 0.697473
-1425.1 0.698365
-1424.9 0.699189
-1424.7 0.700018
-1424.5 0.700893
-1424.3 0.701861
-1424.1 0.70273
-1423.9 0.703644
-1423.7 0.704529
-1423.5 0.705374
-1423.3 0.706245
-1423.1 0.707222
-1422.9 0.708109
-1422.7 0.709016
-1422.5 0.709888
-1422.3 0.710721
-1422.1 0.71161
-1421.9 0.712506
-1421.7 0.713335
-1421.5 0.714154
-1421.3 0.714981
-1421.1 0.715819
-1420.9 0.716665
-1420.7 0.717505
-1420.5 0.718379
-1420.3 0.719277
-1420.1 0.72016
-1419.9 0.720984
-1419.7 0.721804
-1419.5 0.722664
-1419.3 0.723562
-1419.1 0.724453
-1418.9 0.725311
-1418.7 0.726142
-1418.5 0.726919
-1418.3 0.727737
-1418.1 0.728581
-1417.9 0.729473
-1417.7 0.730337
-1417.5 0.731197
-1417.3 0.732089
-1417.1 0.732974
-1416.9 0.733782
-1416.7 0.73469
-1416.5 0.735516
-1416.3 0.736316
-1416.1 0.737171
-1415.9 0.738103
-1415.7 0.738979
-1415.5 0.739927
-1415.3 0.740719
-1415.1 0.741589
-1414.9 0.742393
-1414.7 0.743257
-1414.5 0.744102
-1414.3 0.744939
-1414.1 0.745781
-1413.9 0.746644
-1413.7 0.747515
-1413.5 0.748353
-1413.3 0.749188
-1413.1 0.750086
-1412.9 0.750974
-1412.7 0.75182
-1412.5 0.752687
-1412.3 0.753552
-1412.1 0.75447
-1411.9 0.755299
-1411.7 0.756154
-1411.5 0.756988
-1411.3 0.757904
-1411.1 0.758829
-1410.9 0.759683
-1410.7 0.760583
-1410.5 0.761535
-1410.3 0.762454
-1410.1 0.763341
-1409.9 0.764266
-1409.7 0.765176
-1409.5 0.766042
-1409.3 0.766905
-1409.1 0.767796
-1408.9 0.76874
-1408.7 0.769615
-1408.5 0.770476
-1408.3 0.771333
-1408.1 0.772173
-1407.9 0.773067
-1407.7 0.774004
-1407.5 0.774873
-1407.3 0.775726
-1407.1 0.776663
-1406.9 0.777514
-1406.7 0.778365
-1406.5 0.779252
-1406.3 0.780179
-1406.1 0.781042
-1405.9 0.781965
-1405.7 0.782834
-1405.5 0.783676
-1405.3 0.7845
-1405.1 0.78539
-1404.9 0.7862
-1404.7 0.787123
-1404.5 0.788017
-1404.3 0.788778
-1404.1 0.789663
-1403.9 0.790499
-1403.7 0.791428
-1403.5 0.792313
-1403.3 0.793223
-1403.1 0.794101
-1402.9 0.794981
-1402.7 0.795796
-1402.5 0.796618
-1402.3 0.797476
-1402.1 0.798316
-1401.9 0.799201
-1401.7 0.800052
-1401.5 0.800964
-1401.3 0.80186
-1401.1 0.802787
-1400.9 0.803641
-1400.7 0.804528
-1400.5 0.805363
-1400.3 0.806172
-1400.1 0.807018
-1399.9 0.807944
-1399.7 0.808837
-1399.5 0.809702
-1399.3 0.810549
-1399.1 0.81142
-1398.9 0.812339
-1398.7 0.813221
-1398.5 0.814158
-1398.3 0.814971
-1398.1 0.815936
-1397.9 0.816835
-1397.7 0.817645
-1397.5 0.81853
-1397.3 0.819426
-1397.1 0.820239
-1396.9 0.821137
-1396.7 0.82204
-1396.5 0.822914
-1396.3 0.823729
-1396.1 0.824639
-1395.9 0.825454
-1395.7 0.826357
-1395.5 0.827244
-1395.3 0.828077
-1395.1 0.828968
-1394.9 0.829934
-1394.7 0.830891
-1394.5 0.831832
-1394.3 0.83269
-1394.1 0.833646
-1393.9 0.834529
-1393.7 0.835418
-1393.5 0.836222
-1393.3 0.837129
-1393.1 0.838032
-1392.9 0.838847
-1392.7 0.839737
-1392.5 0.840682
-1392.3 0.841612
-1392.1 0.842486
-1391.9 0.843377
-1391.7 0.844179
-1391.5 0.845028
-1391.3 0.845908
-1391.1 0.846703
-1390.9 0.84766
-1390.7 0.848455
-1390.5 0.849308
-1390.3 0.8502
-1390.1 0.851075
-1389.9 0.851911
-1389.7 0.852782
-1389.5 0.853645
-1389.3 0.854485
-1389.1 0.855372
-1388.9 0.856277
-1388.7 0.857143
-1388.5 0.858035
-1388.3 0.85887
-1388.1 0.859823
-1387.9 0.86073
-1387.7 0.861581
-1387.5 0.862405
-1387.3 0.863342
-1387.1 0.864155
-1386.9 0.864961
-1386.7 0.865767
-1386.5 0.866661
-1386.3 0.867532
-1386.1 0.868406
-1385.9 0.869226
-1385.7 0.870113
-1385.5 0.870946
-1385.3 0.871781
-1385.1 0.872646
-1384.9 0.873481
-1384.7 0.874413
-1384.5 0.875339
-1384.3 0.876212
-1384.1 0.877052
-1383.9 0.877989
-1383.7 0.878833
-1383.5 0.879709
-1383.3 0.880634
-1383.1 0.881472
-1382.9 0.882316
-1382.7 0.88321
-1382.5 0.88405
-1382.3 0.884874
-1382.1 0.885759
-1381.9 0.88661
-1381.7 0.887425
-1381.5 0.888305
-1381.3 0.889211
-1381.1 0.890109
-1380.9 0.890976
-1380.7 0.891829
-1380.5 0.892687
-1380.3 0.893543
-1380.1 0.8944
-1379.9 0.895308
-1379.7 0.896163
-1379.5 0.897019
-1379.3 0.897884
-1379.1 0.898757
-1378.9 0.89964
-1378.7 0.9005
-1378.5 0.901421
-1378.3 0.902314
-1378.1 0.903199
-1377.9 0.904057
-1377.7 0.904973
-1377.5 0.905809
-1377.3 0.906691
-1377.1 0.90757
-1376.9 0.908405
-1376.7 0.909326
-1376.5 0.910249
-1376.3 0.911143
-1376.1 0.911962
-1375.9 0.91282
-1375.7 0.913703
-1375.5 0.914538
-1375.3 0.915362
-1375.1 0.916247
-1374.9 0.917172
-1374.7 0.918041
-1374.5 0.918902
-1374.3 0.91971
-1374.1 0.920563
-1373.9 0.921415
-1373.7 0.922308
-1373.5 0.923103
-1373.3 0.923975
-1373.1 0.924806
-1372.9 0.925668
-1372.7 0.926519
-1372.5 0.927415
-1372.3 0.928289
-1372.1 0.929126
-1371.9 0.929915
-1371.7 0.930764
-1371.5 0.931691
-1371.3 0.932571
-1371.1 0.93342
-1370.9 0.934258
-1370.7 0.935114
-1370.5 0.935967
-1370.3 0.936766
-1370.1 0.937564
-1369.9 0.938332
-1369.7 0.939174
-1369.5 0.939982
-1369.3 0.94073
-1369.1 0.941559
-1368.9 0.942338
-1368.7 0.943176
-1368.5 0.943973
-1368.3 0.944698
-1368.1 0.945509
-1367.9 0.94634
-1367.7 0.947122
-1367.5 0.947892
-1367.3 0.948669
-1367.1 0.949399
-1366.9 0.95012
-1366.7 0.950843
-1366.5 0.951595
-1366.3 0.952307
-1366.1 0.953068
-1365.9 0.953722
-1365.7 0.954423
-1365.5 0.95509
-1365.3 0.955743
-1365.1 0.956428
-1364.9 0.957032
-1364.7 0.957659
-1364.5 0.958301
-1364.3 0.958968
-1364.1 0.959568
-1363.9 0.960199
-1363.7 0.960774
-1363.5 0.961339
-1363.3 0.961957
-1363.1 0.962514
-1362.9 0.963134
-1362.7 0.963691
-1362.5 0.964234
-1362.3 0.964764
-1362.1 0.965281
-1361.9 0.965806
-1361.7 0.966347
-1361.5 0.966898
-1361.3 0.967421
-1361.1 0.967915
-1360.9 0.968393
-1360.7 0.968896
-1360.5 0.96939
-1360.3 0.969918
-1360.1 0.970403
-1359.9 0.97085
-1359.7 0.971331
-1359.5 0.97178
-1359.3 0.972173
-1359.1 0.972564
-1358.9 0.97302
-1358.7 0.973426
-1358.5 0.973812
-1358.3 0.974223
-1358.1 0.974628
-1357.9 0.975012
-1357.7 0.975384
-1357.5 0.975755
-1357.3 0.976159
-1357.1 0.976523
-1356.9 0.976851
-1356.7 0.977219
-1356.5 0.977594
-1356.3 0.977951
-1356.1 0.978279
-1355.9 0.97862
-1355.7 0.978935
-1355.5 0.979258
-1355.3 0.979627
-1355.1 0.979934
-1354.9 0.980226
-1354.7 0.980518
-1354.5 0.980862
-1354.3 0.981201
-1354.1 0.981544
-1353.9 0.981821
-1353.7 0.982124
-1353.5 0.982445
-1353.3 0.982741
-1353.1 0.982997
-1352.9 0.983256
-1352.7 0.983505
-1352.5 0.983774
-1352.3 0.984015
-1352.1 0.984246
-1351.9 0.984486
-1351.7 0.984724
-1351.5 0.984967
-1351.3 0.985174
-1351.1 0.985425
-1350.9 0.98562
-1350.7 0.985861
-1350.5 0.986137
-1350.3 0.986326
-1350.1 0.986555
-1349.9 0.986743
-1349.7 0.98699
-1349.5 0.987201
-1349.3 0.987392
-1349.1 0.987615
-1348.9 0.98783
-1348.7 0.988026
-1348.5 0.988232
-1348.3 0.988398
-1348.1 0.988565
-1347.9 0.988749
-1347.7 0.988989
-1347.5 0.989169
-1347.3 0.989326
-1347.1 0.989474
-1346.9 0.989638
-1346.7 0.989818
-1346.5 0.989977
-1346.3 0.99011
-1346.1 0.990276
-1345.9 0.990431
-1345.7 0.990581
-1345.5 0.990736
-1345.3 0.990885
-1345.1 0.991046
-1344.9 0.991192
-1344.7 0.991322
-1344.5 0.991455
-1344.3 0.991558
-1344.1 0.991686
-1343.9 0.991832
-1343.7 0.99198
-1343.5 0.992104
-1343.3 0.992216
-1343.1 0.99232
-1342.9 0.992436
-1342.7 0.992533
-1342.5 0.992663
-1342.3 0.99276
-1342.1 0.992865
-1341.9 0.992964
-1341.7 0.993049
-1341.5 0.993133
-1341.3 0.99324
-1341.1 0.993326
-1340.9 0.993449
-1340.7 0.993555
-1340.5 0.993613
-1340.3 0.993721
-1340.1 0.993829
-1339.9 0.993898
-1339.7 0.993972
-1339.5 0.994029
-1339.3 0.994121
-1339.1 0.994181
-1338.9 0.994251
-1338.7 0.994334
-1338.5 0.994408
-1338.3 0.99446
-1338.1 0.994536
-1337.9 0.994637
-1337.7 0.994693
-1337.5 0.994763
-1337.3 0.994824
-1337.1 0.994904
-1336.9 0.994958
-1336.7 0.995014
-1336.5 0.995071
-1336.3 0.995124
-1336.1 0.995183
-1335.9 0.995246
-1335.7 0.995291
-1335.5 0.995338
-1335.3 0.995401
-1335.1 0.99545
-1334.9 0.995509
-1334.7 0.995556
-1334.5 0.995603
-1334.3 0.995634
-1334.1 0.995677
-1333.9 0.995715
-1333.7 0.99576
-1333.5 0.995825
-1333.3 0.995888
-1333.1 0.995922
-1332.9 0.995953
-1332.7 0.99598
-1332.5 0.996016
-1332.3 0.996063
-1332.1 0.996104
-1331.9 0.996128
-1331.7 0.996171
-1331.5 0.996216
-1331.3 0.99625
-1331.1 0.996283
-1330.9 0.996333
-1330.7 0.996353
-1330.5 0.996387
-1330.3 0.996409
-1330.1 0.996443
-1329.9 0.996474
-1329.7 0.996526
-1329.5 0.996537
-1329.3 0.996571
-1329.1 0.996618
-1328.9 0.996658
-1328.7 0.996692
-1328.5 0.996719
-1328.3 0.996755
-1328.1 0.996777
-1327.9 0.996802
-1327.7 0.996831
-1327.5 0.996878
-1327.3 0.996896
-1327.1 0.996917
-1326.9 0.996955
-1326.7 0.996982
-1326.5 0.996988
-1326.3 0.997009
-1326.1 0.997042
-1325.9 0.997067
-1325.7 0.997081
-1325.5 0.997112
-1325.3 0.997139
-1325.1 0.99715
-1324.9 0.997173
-1324.7 0.9972
-1324.5 0.99722
-1324.3 0.99724
-1324.1 0.997276
-1323.9 0.997301
-1323.7 0.997312
-1323.5 0.997334
-1323.3 0.997361
-1323.1 0.997399
-1322.9 0.997424
-1322.7 0.997451
-1322.5 0.997483
-1322.3 0.997509
-1322.1 0.997525
-1321.9 0.997545
-1321.7 0.997563
-1321.5 0.997584
-1321.3 0.997604
-1321.1 0.99762
-1320.9 0.997644
-1320.7 0.997669
-1320.5 0.997687
-1320.3 0.997712
-1320.1 0.997732
-1319.9 0.99775
-1319.7 0.997774
-1319.5 0.997804
-1319.3 0.997826
-1319.1 0.997846
-1318.9 0.997876
-1318.7 0.997887
-1318.5 0.997914
-1318.3 0.997934
-1318.1 0.997963
-1317.9 0.99799
-1317.7 0.998008
-1317.5 0.998035
-1317.3 0.998053
-1317.1 0.998075
-1316.9 0.998093
-1316.7 0.998109
-1316.5 0.998136
-1316.3 0.998154
-1316.1 0.998167
-1315.9 0.998192
-1315.7 0.998203
-1315.5 0.998221
-1315.3 0.998235
-1315.1 0.998264
-1314.9 0.998291
-1314.7 0.998311
-1314.5 0.998336
-1314.3 0.998358
-1314.1 0.998379
-1313.9 0.998408
-1313.7 0.998426
-1313.5 0.998441
-1313.3 0.998446
-1313.1 0.998471
-1312.9 0.998498
-1312.7 0.998527
-1312.5 0.998551
-1312.3 0.998581
-1312.1 0.998594
-1311.9 0.998617
-1311.7 0.998644
-1311.5 0.998668
-1311.3 0.998691
-1311.1 0.998715
-1310.9 0.998736
-1310.7 0.998758
-1310.5 0.998781
-1310.3 0.998803
-1310.1 0.998825
-1309.9 0.99885
-1309.7 0.998875
-1309.5 0.998893
-1309.3 0.998931
-1309.1 0.998962
-1308.9 0.998989
-1308.7 0.999012
-1308.5 0.999037
-1308.3 0.99905
-1308.1 0.99909
-1307.9 0.999108
-1307.7 0.999126
-1307.5 0.999153
-1307.3 0.999174
-1307.1 0.999194
-1306.9 0.999221
-1306.7 0.999261
-1306.5 0.999284
-1306.3 0.999306
-1306.1 0.999329
-1305.9 0.999342
-1305.7 0.999346
-1305.5 0.999362
-1305.3 0.999378
-1305.1 0.999403
-1304.9 0.999425
-1304.7 0.999457
-1304.5 0.999481
-1304.3 0.999499
-1304.1 0.999519
-1303.9 0.999542
-1303.7 0.999562
-1303.5 0.999587
-1303.3 0.999607
-1303.1 0.999623
-1302.9 0.999652
-1302.7 0.999683
-1302.5 0.999715
-1302.3 0.999737
-1302.1 0.999748
-1301.9 0.99978
-1301.7 0.999802
-1301.5 0.999827
-1301.3 0.999843
-1301.1 0.999874
-1300.9 0.999899
-1300.7 0.999924
-1300.5 0.999942
-1300.3 0.999966
-1300.1 0.999982
-1299.9 1
