1499
-1599.5 2.20167e-06
-1599.3 6.60502e-06
-1599.1 6.60502e-06
-1598.9 8.80669e-06
-1598.7 1.10084e-05
-1598.5 1.10084e-05
-1598.3 1.10084e-05
-1598.1 1.76134e-05
-1597.9 2.20167e-05
-1597.7 2.64201e-05
-1597.5 2.64201e-05
-1597.3 2.86218e-05
-1597.1 3.52268e-05
-1596.9 3.52268e-05
-1596.7 3.96301e-05
-1596.5 3.96301e-05
-1596.3 3.96301e-05
-1596.1 4.40335e-05
-1595.9 4.40335e-05
-1595.7 4.40335e-05
-1595.5 4.84368e-05
-1595.3 5.28402e-05
-1595.1 5.28402e-05
-1594.9 5.50418e-05
-1594.7 5.94452e-05
-1594.5 6.16469e-05
-1594.3 6.60502e-05
-1594.1 6.82519e-05
-1593.9 6.82519e-05
-1593.7 6.82519e-05
-1593.5 6.82519e-05
-1593.3 6.82519e-05
-1593.1 6.82519e-05
-1592.9 7.26552e-05
-1592.7 7.26552e-05
-1592.5 7.70586e-05
-1592.3 7.92602e-05
-1592.1 8.58653e-05
-1591.9 8.58653e-05
-1591.7 9.02686e-05
-1591.5 9.4672e-05
-1591.3 9.68736e-05
-1591.1 9.68736e-05
-1590.9 0.000101277
-1590.7 0.000101277
-1590.5 0.00010568
-1590.3 0.00010568
-1590.1 0.000112285
-1589.9 0.000114487
-1589.7 0.000116689
-1589.5 0.00011889
-1589.3 0.000121092
-1589.1 0.000121092
-1588.9 0.000123294
-1588.7 0.000129899
-1588.5 0.000129899
-1588.3 0.000129899
-1588.1 0.0001321
-1587.9 0.000140907
-1587.7 0.000143109
-1587.5 0.000143109
-1587.3 0.000151915
-1587.1 0.00015852
-1586.9 0.000165125
-1586.7 0.000171731
-1586.5 0.000176134
-1586.3 0.000178336
-1586.1 0.000182739
-1585.9 0.000195949
-1585.7 0.000217966
-1585.5 0.000239982
-1585.3 0.000261999
-1585.1 0.000299428
-1584.9 0.000347864
-1584.7 0.000380889
-1584.5 0.00044694
-1584.3 0.000517393
-1584.1 0.000583443
-1583.9 0.000660502
-1583.7 0.000735359
-1583.5 0.000830031
-1583.3 0.000970938
-1583.1 0.00109423
-1582.9 0.00126156
-1582.7 0.00141788
-1582.5 0.00155658
-1582.3 0.00170189
-1582.1 0.00186482
-1581.9 0.00204315
-1581.7 0.00225672
-1581.5 0.0024967
-1581.3 0.0027653
-1581.1 0.00296565
-1580.9 0.00320123
-1580.7 0.00350727
-1580.5 0.00377367
-1580.3 0.00409511
-1580.1 0.00448701
-1579.9 0.00487891
-1579.7 0.00531704
-1579.5 0.00570454
-1579.3 0.0061801
-1579.1 0.00667768
-1578.9 0.00719507
-1578.7 0.00775209
-1578.5 0.00835315
-1578.3 0.0089432
-1578.1 0.00964773
-1577.9 0.0103501
-1577.7 0.0110612
-1577.5 0.0118802
-1577.3 0.0126332
-1577.1 0.0134368
-1576.9 0.014247
-1576.7 0.0150727
-1576.5 0.016026
-1576.3 0.0169617
-1576.1 0.0179767
-1575.9 0.0190401
-1575.7 0.0201189
-1575.5 0.0212483
-1575.3 0.0223492
-1575.1 0.0235007
-1574.9 0.0246565
-1574.7 0.025852
-1574.5 0.0270079
-1574.3 0.0282563
-1574.1 0.029498
-1573.9 0.0308476
-1573.7 0.0321422
-1573.5 0.0335381
-1573.3 0.0348525
-1573.1 0.0360986
-1572.9 0.0374395
-1572.7 0.0388265
-1572.5 0.0401783
-1572.3 0.0415324
-1572.1 0.0430009
-1571.9 0.0443835
-1571.7 0.0457992
-1571.5 0.0472787
-1571.3 0.0485931
-1571.1 0.049989
-1570.9 0.0513232
-1570.7 0.0527367
-1570.5 0.0541744
-1570.3 0.0556165
-1570.1 0.0570057
-1569.9 0.0582893
-1569.7 0.0596037
-1569.5 0.0608895
-1569.3 0.0622963
-1569.1 0.0635843
-1568.9 0.0649317
-1568.7 0.0661933
-1568.5 0.0675561
-1568.3 0.0688441
-1568.1 0.0701255
-1567.9 0.0713959
-1567.7 0.0725627
-1567.5 0.0737406
-1567.3 0.075
-1567.1 0.0761845
-1566.9 0.0774395
-1566.7 0.0786724
-1566.5 0.0797996
-1566.3 0.0808983
-1566.1 0.0820454
-1565.9 0.0831352
-1565.7 0.0843219
-1565.5 0.0854161
-1565.3 0.0865852
-1565.1 0.0876618
-1564.9 0.0888177
-1564.7 0.0898195
-1564.5 0.0909137
-1564.3 0.0919661
-1564.1 0.0930339
-1563.9 0.0941678
-1563.7 0.0951783
-1563.5 0.0962219
-1563.3 0.0973404
-1563.1 0.0985337
-1562.9 0.0995927
-1562.7 0.100654
-1562.5 0.10172
-1562.3 0.10277
-1562.1 0.103853
-1561.9 0.104797
-1561.7 0.105852
-1561.5 0.106856
-1561.3 0.107878
-1561.1 0.108879
-1560.9 0.109925
-1560.7 0.110867
-1560.5 0.111871
-1560.3 0.112809
-1560.1 0.113741
-1559.9 0.114723
-1559.7 0.115599
-1559.5 0.116557
-1559.3 0.117464
-1559.1 0.118419
-1558.9 0.119353
-1558.7 0.120319
-1558.5 0.121288
-1558.3 0.122301
-1558.1 0.123234
-1557.9 0.124262
-1557.7 0.125172
-1557.5 0.126105
-1557.3 0.126986
-1557.1 0.127869
-1556.9 0.128754
-1556.7 0.129615
-1556.5 0.130495
-1556.3 0.131422
-1556.1 0.132303
-1555.9 0.13321
-1555.7 0.134108
-1555.5 0.135002
-1555.3 0.135942
-1555.1 0.13688
-1554.9 0.137737
-1554.7 0.138683
-1554.5 0.139648
-1554.3 0.140599
-1554.1 0.141605
-1553.9 0.142468
-1553.7 0.143406
-1553.5 0.144289
-1553.3 0.145181
-1553.1 0.14605
-1552.9 0.146907
-1552.7 0.147875
-1552.5 0.14871
-1552.3 0.149553
-1552.1 0.150396
-1551.9 0.151262
-1551.7 0.152133
-1551.5 0.153098
-1551.3 0.153996
-1551.1 0.15487
-1550.9 0.155702
-1550.7 0.156601
-1550.5 0.157422
-1550.3 0.158364
-1550.1 0.159271
-1549.9 0.160145
-1549.7 0.161044
-1549.5 0.162001
-1549.3 0.162937
-1549.1 0.163796
-1548.9 0.164659
-1548.7 0.1655
-1548.5 0.166363
-1548.3 0.167239
-1548.1 0.168054
-1547.9 0.168849
-1547.7 0.169725
-1547.5 0.170619
-1547.3 0.171499
-1547.1 0.172314
-1546.9 0.173239
-1546.7 0.174077
-1546.5 0.174954
-1546.3 0.175799
-1546.1 0.176664
-1545.9 0.177576
-1545.7 0.178432
-1545.5 0.179326
-1545.3 0.180277
-1545.1 0.181171
-1544.9 0.182083
-1544.7 0.182992
-1544.5 0.18386
-1544.3 0.184676
-1544.1 0.185579
-1543.9 0.186435
-1543.7 0.187274
-1543.5 0.188098
-1543.3 0.188941
-1543.1 0.189806
-1542.9 0.190685
-1542.7 0.19157
-1542.5 0.192446
-1542.3 0.193371
-1542.1 0.194221
-1541.9 0.195181
-1541.7 0.196041
-1541.5 0.196874
-1541.3 0.197682
-1541.1 0.198615
-1540.9 0.199441
-1540.7 0.200324
-1540.5 0.201138
-1540.3 0.201968
-1540.1 0.202913
-1539.9 0.203776
-1539.7 0.204709
-1539.5 0.20552
-1539.3 0.206376
-1539.1 0.207261
-1538.9 0.208146
-1538.7 0.209126
-1538.5 0.209985
-1538.3 0.210771
-1538.1 0.21162
-1537.9 0.21249
-1537.7 0.213331
-1537.5 0.214093
-1537.3 0.214877
-1537.1 0.215735
-1536.9 0.216524
-1536.7 0.217384
-1536.5 0.218256
-1536.3 0.219051
-1536.1 0.219877
-1535.9 0.220656
-1535.7 0.221488
-1535.5 0.222327
-1535.3 0.223192
-1535.1 0.223976
-1534.9 0.224817
-1534.7 0.22563
-1534.5 0.226427
-1534.3 0.227266
-1534.1 0.228085
-1533.9 0.228888
-1533.7 0.22965
-1533.5 0.230462
-1533.3 0.231286
-1533.1 0.232138
-1532.9 0.232972
-1532.7 0.233833
-1532.5 0.234703
-1532.3 0.235522
-1532.1 0.236374
-1531.9 0.237171
-1531.7 0.237981
-1531.5 0.238732
-1531.3 0.239648
-1531.1 0.240502
-1530.9 0.241308
-1530.7 0.242166
-1530.5 0.243014
-1530.3 0.243798
-1530.1 0.244579
-1529.9 0.245513
-1529.7 0.24633
-1529.5 0.24718
-1529.3 0.247968
-1529.1 0.248703
-1528.9 0.249533
-1528.7 0.25035
-1528.5 0.251193
-1528.3 0.252067
-1528.1 0.252946
-1527.9 0.253769
-1527.7 0.254579
-1527.5 0.25541
-1527.3 0.256253
-1527.1 0.257078
-1526.9 0.257922
-1526.7 0.258793
-1526.5 0.259742
-1526.3 0.260539
-1526.1 0.261418
-1525.9 0.262266
-1525.7 0.263122
-1525.5 0.263974
-1525.3 0.264762
-1525.1 0.26561
-1524.9 0.266433
-1524.7 0.267261
-1524.5 0.26808
-1524.3 0.268915
-1524.1 0.269775
-1523.9 0.270588
-1523.7 0.271446
-1523.5 0.272237
-1523.3 0.273045
-1523.1 0.273952
-1522.9 0.274764
-1522.7 0.275555
-1522.5 0.276369
-1522.3 0.277221
-1522.1 0.278054
-1521.9 0.278899
-1521.7 0.279725
-1521.5 0.280566
-1521.3 0.281299
-1521.1 0.282061
-1520.9 0.282906
-1520.7 0.283668
-1520.5 0.284384
-1520.3 0.285216
-1520.1 0.286039
-1519.9 0.28686
-1519.7 0.287675
-1519.5 0.288503
-1519.3 0.289353
-1519.1 0.290187
-1518.9 0.290993
-1518.7 0.291854
-1518.5 0.292756
-1518.3 0.293633
-1518.1 0.294478
-1517.9 0.295288
-1517.7 0.296127
-1517.5 0.296997
-1517.3 0.297838
-1517.1 0.298738
-1516.9 0.29954
-1516.7 0.300368
-1516.5 0.30116
-1516.3 0.302037
-1516.1 0.302809
-1515.9 0.303648
-1515.7 0.304551
-1515.5 0.305473
-1515.3 0.306398
-1515.1 0.307329
-1514.9 0.308199
-1514.7 0.309126
-1514.5 0.310013
-1514.3 0.310848
-1514.1 0.311642
-1513.9 0.312457
-1513.7 0.313303
-1513.5 0.314168
-1513.3 0.31502
-1513.1 0.31585
-1512.9 0.316689
-1512.7 0.31755
-1512.5 0.31836
-1512.3 0.319249
-1512.1 0.320139
-1511.9 0.320989
-1511.7 0.321834
-1511.5 0.322748
-1511.3 0.323675
-1511.1 0.324582
-1510.9 0.325427
-1510.7 0.326281
-1510.5 0.32725
-1510.3 0.328082
-1510.1 0.328978
-1509.9 0.329886
-1509.7 0.330731
-1509.5 0.33151
-1509.3 0.332384
-1509.1 0.333289
-1508.9 0.334223
-1508.7 0.33509
-1508.5 0.335918
-1508.3 0.336821
-1508.1 0.337706
-1507.9 0.338534
-1507.7 0.339443
-1507.5 0.34031
-1507.3 0.341094
-1507.1 0.341869
-1506.9 0.342706
-1506.7 0.343551
-1506.5 0.344335
-1506.3 0.345187
-1506.1 0.346055
-1505.9 0.346878
-1505.7 0.347671
-1505.5 0.34852
-1505.3 0.349322
-1505.1 0.350106
-1504.9 0.350881
-1504.7 0.351772
-1504.5 0.352545
-1504.3 0.353408
-1504.1 0.354269
-1503.9 0.354989
-1503.7 0.355788
-1503.5 0.356605
-1503.3 0.357459
-1503.1 0.358241
-1502.9 0.359084
-1502.7 0.35983
-1502.5 0.360649
-1502.3 0.361378
-1502.1 0.362182
-1501.9 0.363027
-1501.7 0.363888
-1501.5 0.364672
-1501.3 0.365469
-1501.1 0.366297
-1500.9 0.367092
-1500.7 0.367919
-1500.5 0.368835
-1500.3 0.369753
-1500.1 0.370566
-1499.9 0.371427
-1499.7 0.372266
-1499.5 0.373151
-1499.3 0.374027
-1499.1 0.374817
-1498.9 0.375685
-1498.7 0.376466
-1498.5 0.377362
-1498.3 0.378278
-1498.1 0.379104
-1497.9 0.37998
-1497.7 0.380856
-1497.5 0.381724
-1497.3 0.382525
-1497.1 0.383388
-1496.9 0.384251
-1496.7 0.385119
-1496.5 0.386057
-1496.3 0.386909
-1496.1 0.387783
-1495.9 0.388683
-1495.7 0.389551
-1495.5 0.390374
-1495.3 0.391279
-1495.1 0.392224
-1494.9 0.393164
-1494.7 0.394128
-1494.5 0.395073
-1494.3 0.395969
-1494.1 0.396843
-1493.9 0.397653
-1493.7 0.398523
-1493.5 0.399417
-1493.3 0.400315
-1493.1 0.401176
-1492.9 0.402028
-1492.7 0.402988
-1492.5 0.403822
-1492.3 0.404723
-1492.1 0.405612
-1491.9 0.40659
-1491.7 0.407424
-1491.5 0.408292
-1491.3 0.409166
-1491.1 0.409982
-1490.9 0.410819
-1490.7 0.411656
-1490.5 0.412506
-1490.3 0.413382
-1490.1 0.414205
-1489.9 0.415024
-1489.7 0.415883
-1489.5 0.416803
-1489.3 0.41769
-1489.1 0.418551
-1488.9 0.419395
-1488.7 0.420273
-1488.5 0.421079
-1488.3 0.421933
-1488.1 0.422781
-1487.9 0.423606
-1487.7 0.424392
-1487.5 0.425181
-1487.3 0.425986
-1487.1 0.426772
-1486.9 0.427503
-1486.7 0.428366
-1486.5 0.429177
-1486.3 0.430077
-1486.1 0.430962
-1485.9 0.431783
-1485.7 0.432554
-1485.5 0.433338
-1485.3 0.434146
-1485.1 0.435002
-1484.9 0.435795
-1484.7 0.436625
-1484.5 0.437446
-1484.3 0.438274
-1484.1 0.439166
-1483.9 0.440018
-1483.7 0.440843
-1483.5 0.441735
-1483.3 0.442534
-1483.1 0.443369
-1482.9 0.444247
-1482.7 0.44511
-1482.5 0.445923
-1482.3 0.446757
-1482.1 0.447525
-1481.9 0.448325
-1481.7 0.449139
-1481.5 0.44993
-1481.3 0.45076
-1481.1 0.451543
-1480.9 0.452411
-1480.7 0.453239
-1480.5 0.454159
-1480.3 0.454958
-1480.1 0.455863
-1479.9 0.456667
-1479.7 0.457468
-1479.5 0.458294
-1479.3 0.459124
-1479.1 0.459965
-1478.9 0.460826
-1478.7 0.461735
-1478.5 0.462635
-1478.3 0.463501
-1478.1 0.464339
-1477.9 0.465176
-1477.7 0.466063
-1477.5 0.466924
-1477.3 0.467776
-1477.1 0.468642
-1476.9 0.4695
-1476.7 0.47037
-1476.5 0.47127
-1476.3 0.472006
-1476.1 0.472796
-1475.9 0.473628
-1475.7 0.47448
-1475.5 0.475337
-1475.3 0.476273
-1475.1 0.477235
-1474.9 0.47808
-1474.7 0.479005
-1474.5 0.479848
-1474.3 0.480698
-1474.1 0.481563
-1473.9 0.482437
-1473.7 0.483269
-1473.5 0.484036
-1473.3 0.484881
-1473.1 0.485738
-1472.9 0.48655
-1472.7 0.487384
-1472.5 0.488236
-1472.3 0.489073
-1472.1 0.489925
-1471.9 0.490804
-1471.7 0.491671
-1471.5 0.492585
-1471.3 0.493439
-1471.1 0.494254
-1470.9 0.495013
-1470.7 0.495859
-1470.5 0.496825
-1470.3 0.497583
-1470.1 0.49838
-1469.9 0.49921
-1469.7 0.500114
-1469.5 0.500956
-1469.3 0.501805
-1469.1 0.502644
-1468.9 0.50343
-1468.7 0.504256
-1468.5 0.505137
-1468.3 0.505975
-1468.1 0.506728
-1467.9 0.507521
-1467.7 0.50836
-1467.5 0.509157
-1467.3 0.510015
-1467.1 0.510801
-1466.9 0.511662
-1466.7 0.512439
-1466.5 0.513278
-1466.3 0.51404
-1466.1 0.514817
-1465.9 0.515632
-1465.7 0.516473
-1465.5 0.517327
-1465.3 0.518168
-1465.1 0.519022
-1464.9 0.519841
-1464.7 0.520731
-1464.5 0.521653
-1464.3 0.522508
-1464.1 0.523331
-1463.9 0.524082
-1463.7 0.524901
-1463.5 0.525777
-1463.3 0.526631
-1463.1 0.527475
-1462.9 0.52828
-1462.7 0.529117
-1462.5 0.529969
-1462.3 0.530819
-1462.1 0.531794
-1461.9 0.532589
-1461.7 0.53343
-1461.5 0.534245
-1461.3 0.535106
-1461.1 0.536019
-1460.9 0.536926
-1460.7 0.53786
-1460.5 0.538741
-1460.3 0.539555
-1460.1 0.54037
-1459.9 0.541222
-1459.7 0.542118
-1459.5 0.542979
-1459.3 0.543791
-1459.1 0.54461
-1458.9 0.545484
-1458.7 0.546411
-1458.5 0.54727
-1458.3 0.548089
-1458.1 0.548939
-1457.9 0.549819
-1457.7 0.550779
-1457.5 0.551704
-1457.3 0.552585
-1457.1 0.553435
-1456.9 0.554337
-1456.7 0.555209
-1456.5 0.556024
-1456.3 0.556962
-1456.1 0.557851
-1455.9 0.558668
-1455.7 0.559452
-1455.5 0.560341
-1455.3 0.561229
-1455.1 0.562074
-1454.9 0.562933
-1454.7 0.563822
-1454.5 0.56469
-1454.3 0.56552
-1454.1 0.566306
-1453.9 0.567048
-1453.7 0.567889
-1453.5 0.568727
-1453.3 0.569637
-1453.1 0.570476
-1452.9 0.571332
-1452.7 0.572085
-1452.5 0.572961
-1452.3 0.573778
-1452.1 0.574544
-1451.9 0.575412
-1451.7 0.576218
-1451.5 0.577083
-1451.3 0.577882
-1451.1 0.578697
-1450.9 0.579445
-1450.7 0.580244
-1450.5 0.581046
-1450.3 0.581911
-1450.1 0.582779
-1449.9 0.583558
-1449.7 0.584386
-1449.5 0.58526
-1449.3 0.586121
-1449.1 0.586946
-1448.9 0.587812
-1448.7 0.588617
-1448.5 0.589421
-1448.3 0.590231
-1448.1 0.591147
-1447.9 0.591966
-1447.7 0.592818
-1447.5 0.593694
-1447.3 0.594544
-1447.1 0.595372
-1446.9 0.59622
-1446.7 0.597103
-1446.5 0.59797
-1446.3 0.598844
-1446.1 0.599714
-1445.9 0.600599
-1445.7 0.601389
-1445.5 0.602283
-1445.3 0.603122
-1445.1 0.603906
-1444.9 0.604837
-1444.7 0.605674
-1444.5 0.606497
-1444.3 0.607382
-1444.1 0.608126
-1443.9 0.609014
-1443.7 0.609899
-1443.5 0.610777
-1443.3 0.611678
-1443.1 0.612494
-1442.9 0.613388
-1442.7 0.614251
-1442.5 0.615066
-1442.3 0.615942
-1442.1 0.616781
-1441.9 0.617545
-1441.7 0.618419
-1441.5 0.619311
-1441.3 0.620125
-1441.1 0.621024
-1440.9 0.62181
-1440.7 0.622587
-1440.5 0.623441
-1440.3 0.624335
-1440.1 0.625207
-1439.9 0.62614
-1439.7 0.626918
-1439.5 0.627745
-1439.3 0.62854
-1439.1 0.629344
-1438.9 0.6302
-1438.7 0.630971
-1438.5 0.631777
-1438.3 0.632607
-1438.1 0.633428
-1437.9 0.634311
-1437.7 0.635145
-1437.5 0.636046
-1437.3 0.636871
-1437.1 0.637712
-1436.9 0.638536
-1436.7 0.639373
-1436.5 0.640225
-1436.3 0.641013
-1436.1 0.64179
-1435.9 0.642563
-1435.7 0.643373
-1435.5 0.644218
-1435.3 0.645042
-1435.1 0.64585
-1434.9 0.646706
-1434.7 0.647629
-1434.5 0.648435
-1434.3 0.649205
-1434.1 0.650042
-1433.9 0.650918
-1433.7 0.651814
-1433.5 0.6526
-1433.3 0.65345
-1433.1 0.654302
-1432.9 0.655132
-1432.7 0.655956
-1432.5 0.656779
-1432.3 0.657655
-1432.1 0.658481
-1431.9 0.659335
-1431.7 0.66017
-1431.5 0.661017
-1431.3 0.661856
-1431.1 0.66277
-1430.9 0.663556
-1430.7 0.664408
-1430.5 0.665273
-1430.3 0.666101
-1430.1 0.666962
-1429.9 0.667823
-1429.7 0.668745
-1429.5 0.669628
-1429.3 0.670449
-1429.1 0.671323
-1428.9 0.672109
-1428.7 0.672948
-1428.5 0.673736
-1428.3 0.674562
-1428.1 0.67546
-1427.9 0.676319
-1427.7 0.677206
-1427.5 0.678069
-1427.3 0.678893
-1427.1 0.679782
-1426.9 0.680652
-1426.7 0.681499
-1426.5 0.68236
-1426.3 0.683201
-1426.1 0.684007
-1425.9 0.684797
-1425.7 0.685658
-1425.5 0.686469
-1425.3 0.687389
-1425.1 0.688225
-1424.9 0.689097
-1424.7 0.689879
-1424.5 0.690711
-1424.3 0.691554
-1424.1 0.6924
-1423.9 0.693221
-1423.7 0.694003
-1423.5 0.694857
-1423.3 0.69572
-1423.1 0.69655
-1422.9 0.697365
-1422.7 0.698173
-1422.5 0.698956
-1422.3 0.699764
-1422.1 0.700502
-1421.9 0.701325
-1421.7 0.70207
-1421.5 0.702849
-1421.3 0.70371
-1421.1 0.70452
-1420.9 0.705313
-1420.7 0.706099
-1420.5 0.707004
-1420.3 0.707937
-1420.1 0.708804
-1419.9 0.709571
-1419.7 0.710392
-1419.5 0.711198
-1419.3 0.712043
-1419.1 0.712858
-1418.9 0.713653
-1418.7 0.714494
-1418.5 0.715284
-1418.3 0.716026
-1418.1 0.716882
-1417.9 0.717675
-1417.7 0.718518
-1417.5 0.719326
-1417.3 0.720192
-1417.1 0.72103
-1416.9 0.721777
-1416.7 0.722629
-1416.5 0.723461
-1416.3 0.724289
-1416.1 0.725106
-1415.9 0.726066
-1415.7 0.726907
-1415.5 0.727809
-1415.3 0.728606
-1415.1 0.729439
-1414.9 0.730302
-1414.7 0.731118
-1414.5 0.731982
-1414.3 0.732732
-1414.1 0.733569
-1413.9 0.734489
-1413.7 0.735403
-1413.5 0.736193
-1413.3 0.736946
-1413.1 0.737768
-1412.9 0.738699
-1412.7 0.739535
-1412.5 0.740341
-1412.3 0.741136
-1412.1 0.741931
-1411.9 0.742706
-1411.7 0.743483
-1411.5 0.744265
-1411.3 0.74517
-1411.1 0.746046
-1410.9 0.746944
-1410.7 0.747693
-1410.5 0.748503
-1410.3 0.749386
-1410.1 0.75022
-1409.9 0.751151
-1409.7 0.751975
-1409.5 0.752768
-1409.3 0.75352
-1409.1 0.7543
-1408.9 0.755101
-1408.7 0.755848
-1408.5 0.7567
-1408.3 0.757519
-1408.1 0.758402
-1407.9 0.759174
-1407.7 0.759958
-1407.5 0.760826
-1407.3 0.761616
-1407.1 0.762457
-1406.9 0.763181
-1406.7 0.764049
-1406.5 0.764833
-1406.3 0.765674
-1406.1 0.76657
-1405.9 0.767457
-1405.7 0.768261
-1405.5 0.769082
-1405.3 0.769921
-1405.1 0.770716
-1404.9 0.771466
-1404.7 0.772277
-1404.5 0.773045
-1404.3 0.773952
-1404.1 0.77478
-1403.9 0.775632
-1403.7 0.77646
-1403.5 0.777281
-1403.3 0.778223
-1403.1 0.778998
-1402.9 0.779839
-1402.7 0.780672
-1402.5 0.781508
-1402.3 0.78236
-1402.1 0.783214
-1401.9 0.784
-1401.7 0.784936
-1401.5 0.785738
-1401.3 0.786541
-1401.1 0.787367
-1400.9 0.788254
-1400.7 0.789148
-1400.5 0.789947
-1400.3 0.79068
-1400.1 0.791488
-1399.9 0.7924
-1399.7 0.793269
-1399.5 0.794082
-1399.3 0.794965
-1399.1 0.795784
-1398.9 0.796653
-1398.7 0.797572
-1398.5 0.798397
-1398.3 0.799278
-1398.1 0.800119
-1397.9 0.800958
-1397.7 0.801856
-1397.5 0.802759
-1397.3 0.803633
-1397.1 0.804533
-1396.9 0.805399
-1396.7 0.806264
-1396.5 0.807087
-1396.3 0.807915
-1396.1 0.80873
-1395.9 0.8095
-1395.7 0.810407
-1395.5 0.811215
-1395.3 0.812074
-1395.1 0.812944
-1394.9 0.813807
-1394.7 0.814734
-1394.5 0.81557
-1394.3 0.816446
-1394.1 0.817312
-1393.9 0.818126
-1393.7 0.818985
-1393.5 0.819797
-1393.3 0.820698
-1393.1 0.821519
-1392.9 0.8224
-1392.7 0.823186
-1392.5 0.824055
-1392.3 0.824976
-1392.1 0.825815
-1391.9 0.826647
-1391.7 0.827448
-1391.5 0.828327
-1391.3 0.829139
-1391.1 0.829958
-1390.9 0.83081
-1390.7 0.831585
-1390.5 0.832453
-1390.3 0.833316
-1390.1 0.834155
-1389.9 0.83493
-1389.7 0.835738
-1389.5 0.83662
-1389.3 0.837466
-1389.1 0.838303
-1388.9 0.839181
-1388.7 0.839949
-1388.5 0.840742
-1388.3 0.841616
-1388.1 0.842398
-1387.9 0.843278
-1387.7 0.84408
-1387.5 0.84498
-1387.3 0.845817
-1387.1 0.846669
-1386.9 0.847508
-1386.7 0.848386
-1386.5 0.849311
-1386.3 0.850103
-1386.1 0.85098
-1385.9 0.851832
-1385.7 0.852653
-1385.5 0.853432
-1385.3 0.854331
-1385.1 0.855187
-1384.9 0.856094
-1384.7 0.856869
-1384.5 0.857657
-1384.3 0.858417
-1384.1 0.859223
-1383.9 0.860088
-1383.7 0.860951
-1383.5 0.861808
-1383.3 0.862646
-1383.1 0.86343
-1382.9 0.864278
-1382.7 0.865068
-1382.5 0.866019
-1382.3 0.866819
-1382.1 0.867655
-1381.9 0.868551
-1381.7 0.869346
-1381.5 0.870156
-1381.3 0.870907
-1381.1 0.871667
-1380.9 0.872492
-1380.7 0.873325
-1380.5 0.874199
-1380.3 0.874974
-1380.1 0.875799
-1379.9 0.876647
-1379.7 0.877499
-1379.5 0.878347
-1379.3 0.879163
-1379.1 0.879919
-1378.9 0.88076
-1378.7 0.881607
-1378.5 0.882378
-1378.3 0.883236
-1378.1 0.884071
-1377.9 0.884877
-1377.7 0.885696
-1377.5 0.886585
-1377.3 0.887428
-1377.1 0.888276
-1376.9 0.889106
-1376.7 0.88989
-1376.5 0.89076
-1376.3 0.89159
-1376.1 0.892466
-1375.9 0.893325
-1375.7 0.894188
-1375.5 0.895062
-1375.3 0.895839
-1375.1 0.896601
-1374.9 0.89745
-1374.7 0.898228
-1374.5 0.899053
-1374.3 0.89989
-1374.1 0.90068
-1373.9 0.901462
-1373.7 0.902303
-1373.5 0.903173
-1373.3 0.903981
-1373.1 0.90485
-1372.9 0.905683
-1372.7 0.906438
-1372.5 0.907246
-1372.3 0.908063
-1372.1 0.908822
-1371.9 0.909564
-1371.7 0.910447
-1371.5 0.911244
-1371.3 0.912001
-1371.1 0.912792
-1370.9 0.913622
-1370.7 0.914434
-1370.5 0.91526
-1370.3 0.916041
-1370.1 0.916779
-1369.9 0.917633
-1369.7 0.918432
-1369.5 0.919212
-1369.3 0.920112
-1369.1 0.921011
-1368.9 0.921865
-1368.7 0.922739
-1368.5 0.923549
-1368.3 0.924445
-1368.1 0.925222
-1367.9 0.926055
-1367.7 0.926854
-1367.5 0.927693
-1367.3 0.928487
-1367.1 0.929256
-1366.9 0.930024
-1366.7 0.93083
-1366.5 0.93168
-1366.3 0.932554
-1366.1 0.933391
-1365.9 0.934205
-1365.7 0.935002
-1365.5 0.935768
-1365.3 0.93653
-1365.1 0.937314
-1364.9 0.938041
-1364.7 0.938789
-1364.5 0.939615
-1364.3 0.94048
-1364.1 0.941317
-1363.9 0.942043
-1363.7 0.942798
-1363.5 0.94349
-1363.3 0.944214
-1363.1 0.944947
-1362.9 0.945746
-1362.7 0.946559
-1362.5 0.947299
-1362.3 0.947972
-1362.1 0.948727
-1361.9 0.949384
-1361.7 0.95013
-1361.5 0.950828
-1361.3 0.95148
-1361.1 0.952147
-1360.9 0.952807
-1360.7 0.953494
-1360.5 0.954106
-1360.3 0.954815
-1360.1 0.955484
-1359.9 0.956143
-1359.7 0.956812
-1359.5 0.957417
-1359.3 0.958041
-1359.1 0.958589
-1358.9 0.959174
-1358.7 0.959808
-1358.5 0.960394
-1358.3 0.96096
-1358.1 0.96151
-1357.9 0.96203
-1357.7 0.962666
-1357.5 0.96323
-1357.3 0.963776
-1357.1 0.964309
-1356.9 0.964859
-1356.7 0.96541
-1356.5 0.965905
-1356.3 0.966409
-1356.1 0.966982
-1355.9 0.967461
-1355.7 0.967911
-1355.5 0.968432
-1355.3 0.96886
-1355.1 0.969346
-1354.9 0.969839
-1354.7 0.970297
-1354.5 0.970738
-1354.3 0.971235
-1354.1 0.971702
-1353.9 0.972149
-1353.7 0.97253
-1353.5 0.972946
-1353.3 0.973314
-1353.1 0.973699
-1352.9 0.974117
-1352.7 0.97448
-1352.5 0.974894
-1352.3 0.975264
-1352.1 0.975654
-1351.9 0.975993
-1351.7 0.976334
-1351.5 0.976702
-1351.3 0.977052
-1351.1 0.977382
-1350.9 0.977759
-1350.7 0.978093
-1350.5 0.978421
-1350.3 0.978789
-1350.1 0.979152
-1349.9 0.97948
-1349.7 0.979822
-1349.5 0.980192
-1349.3 0.980546
-1349.1 0.980843
-1348.9 0.981156
-1348.7 0.981453
-1348.5 0.981728
-1348.3 0.982026
-1348.1 0.982358
-1347.9 0.98262
-1347.7 0.982884
-1347.5 0.983186
-1347.3 0.983474
-1347.1 0.983732
-1346.9 0.984009
-1346.7 0.984309
-1346.5 0.984553
-1346.3 0.984764
-1346.1 0.985004
-1345.9 0.985238
-1345.7 0.985454
-1345.5 0.985678
-1345.3 0.985936
-1345.1 0.986145
-1344.9 0.98633
-1344.7 0.986559
-1344.5 0.986786
-1344.3 0.986966
-1344.1 0.98721
-1343.9 0.987409
-1343.7 0.987578
-1343.5 0.98775
-1343.3 0.987957
-1343.1 0.988175
-1342.9 0.988373
-1342.7 0.988551
-1342.5 0.988738
-1342.3 0.988912
-1342.1 0.989091
-1341.9 0.989247
-1341.7 0.989441
-1341.5 0.989586
-1341.3 0.989771
-1341.1 0.989921
-1340.9 0.990092
-1340.7 0.990236
-1340.5 0.990401
-1340.3 0.990537
-1340.1 0.990687
-1339.9 0.990841
-1339.7 0.991017
-1339.5 0.991149
-1339.3 0.991286
-1339.1 0.991413
-1338.9 0.991557
-1338.7 0.991711
-1338.5 0.991816
-1338.3 0.991929
-1338.1 0.99207
-1337.9 0.992171
-1337.7 0.992255
-1337.5 0.99238
-1337.3 0.992483
-1337.1 0.9926
-1336.9 0.99273
-1336.7 0.992823
-1336.5 0.992946
-1336.3 0.993023
-1336.1 0.993133
-1335.9 0.993225
-1335.7 0.993322
-1335.5 0.993424
-1335.3 0.993518
-1335.1 0.993587
-1334.9 0.993677
-1334.7 0.993776
-1334.5 0.993864
-1334.3 0.99395
-1334.1 0.99406
-1333.9 0.994137
-1333.7 0.994234
-1333.5 0.994311
-1333.3 0.994388
-1333.1 0.994489
-1332.9 0.994562
-1332.7 0.994624
-1332.5 0.994698
-1332.3 0.99478
-1332.1 0.994861
-1331.9 0.994932
-1331.7 0.995018
-1331.5 0.995088
-1331.3 0.995141
-1331.1 0.995189
-1330.9 0.995249
-1330.7 0.995304
-1330.5 0.995376
-1330.3 0.995429
-1330.1 0.995509
-1329.9 0.99557
-1329.7 0.995627
-1329.5 0.99568
-1329.3 0.995749
-1329.1 0.995797
-1328.9 0.995841
-1328.7 0.995898
-1328.5 0.995951
-1328.3 0.996002
-1328.1 0.996028
-1327.9 0.996096
-1327.7 0.996151
-1327.5 0.996193
-1327.3 0.996242
-1327.1 0.996279
-1326.9 0.996328
-1326.7 0.996383
-1326.5 0.996418
-1326.3 0.996473
-1326.1 0.996517
-1325.9 0.996563
-1325.7 0.996594
-1325.5 0.99662
-1325.3 0.996682
-1325.1 0.996713
-1324.9 0.996757
-1324.7 0.996794
-1324.5 0.996823
-1324.3 0.996865
-1324.1 0.996896
-1323.9 0.99692
-1323.7 0.996953
-1323.5 0.997001
-1323.3 0.99703
-1323.1 0.997056
-1322.9 0.997094
-1322.7 0.997109
-1322.5 0.997147
-1322.3 0.997169
-1322.1 0.997193
-1321.9 0.997221
-1321.7 0.997263
-1321.5 0.997303
-1321.3 0.997334
-1321.1 0.997376
-1320.9 0.997404
-1320.7 0.997437
-1320.5 0.997466
-1320.3 0.997486
-1320.1 0.997508
-1319.9 0.997536
-1319.7 0.997567
-1319.5 0.997594
-1319.3 0.997631
-1319.1 0.99766
-1318.9 0.997695
-1318.7 0.99773
-1318.5 0.997759
-1318.3 0.997776
-1318.1 0.997805
-1317.9 0.997827
-1317.7 0.997856
-1317.5 0.997882
-1317.3 0.997922
-1317.1 0.99795
-1316.9 0.997985
-1316.7 0.998001
-1316.5 0.998025
-1316.3 0.998049
-1316.1 0.99808
-1315.9 0.998113
-1315.7 0.998157
-1315.5 0.998186
-1315.3 0.998201
-1315.1 0.998225
-1314.9 0.998254
-1314.7 0.998287
-1314.5 0.998311
-1314.3 0.998336
-1314.1 0.998362
-1313.9 0.998382
-1313.7 0.998404
-1313.5 0.998424
-1313.3 0.998441
-1313.1 0.998483
-1312.9 0.998509
-1312.7 0.998536
-1312.5 0.998571
-1312.3 0.998584
-1312.1 0.998609
-1311.9 0.998626
-1311.7 0.998653
-1311.5 0.998688
-1311.3 0.998716
-1311.1 0.998741
-1310.9 0.998776
-1310.7 0.998798
-1310.5 0.998818
-1310.3 0.998851
-1310.1 0.998864
-1309.9 0.998888
-1309.7 0.99891
-1309.5 0.998926
-1309.3 0.998937
-1309.1 0.998963
-1308.9 0.998992
-1308.7 0.999014
-1308.5 0.999036
-1308.3 0.999053
-1308.1 0.999077
-1307.9 0.999093
-1307.7 0.999117
-1307.5 0.999157
-1307.3 0.999188
-1307.1 0.999205
-1306.9 0.999227
-1306.7 0.999249
-1306.5 0.999284
-1306.3 0.999304
-1306.1 0.999331
-1305.9 0.999359
-1305.7 0.999386
-1305.5 0.999412
-1305.3 0.999434
-1305.1 0.999447
-1304.9 0.999467
-1304.7 0.999489
-1304.5 0.99952
-1304.3 0.999533
-1304.1 0.999557
-1303.9 0.99959
-1303.7 0.999621
-1303.5 0.999637
-1303.3 0.999672
-1303.1 0.999685
-1302.9 0.999709
-1302.7 0.999734
-1302.5 0.999749
-1302.3 0.999764
-1302.1 0.999795
-1301.9 0.999808
-1301.7 0.999824
-1301.5 0.999848
-1301.3 0.999875
-1301.1 0.999901
-1300.9 0.999921
-1300.7 0.999945
-1300.5 0.999954
-1300.3 0.999965
-1300.1 0.999982
-1299.9 1
