-1599.9 0
-1599.7 0
-1599.5 0
-1599.3 0
-1599.1 0
-1598.9 1
-1598.7 0
-1598.5 0
-1598.3 0
-1598.1 0
-1597.9 0
-1597.7 0
-1597.5 0
-1597.3 1
-1597.1 1
-1596.9 0
-1596.7 0
-1596.5 0
-1596.3 0
-1596.1 0
-1595.9 0
-1595.7 1
-1595.5 0
-1595.3 1
-1595.1 1
-1594.9 0
-1594.7 2
-1594.5 0
-1594.3 0
-1594.1 0
-1593.9 0
-1593.7 0
-1593.5 0
-1593.3 0
-1593.1 0
-1592.9 0
-1592.7 0
-1592.5 0
-1592.3 0
-1592.1 1
-1591.9 0
-1591.7 0
-1591.5 1
-1591.3 0
-1591.1 0
-1590.9 1
-1590.7 1
-1590.5 0
-1590.3 0
-1590.1 0
-1589.9 0
-1589.7 0
-1589.5 0
-1589.3 0
-1589.1 0
-1588.9 0
-1588.7 0
-1588.5 0
-1588.3 0
-1588.1 0
-1587.9 0
-1587.7 0
-1587.5 0
-1587.3 0
-1587.1 0
-1586.9 2
-1586.7 0
-1586.5 0
-1586.3 0
-1586.1 0
-1585.9 1
-1585.7 1
-1585.5 0
-1585.3 0
-1585.1 0
-1584.9 0
-1584.7 1
-1584.5 0
-1584.3 0
-1584.1 0
-1583.9 0
-1583.7 0
-1583.5 0
-1583.3 0
-1583.1 1
-1582.9 0
-1582.7 0
-1582.5 0
-1582.3 0
-1582.1 0
-1581.9 0
-1581.7 1
-1581.5 0
-1581.3 0
-1581.1 0
-1580.9 0
-1580.7 0
-1580.5 1
-1580.3 0
-1580.1 0
-1579.9 1
-1579.7 0
-1579.5 0
-1579.3 0
-1579.1 1
-1578.9 1
-1578.7 0
-1578.5 0
-1578.3 0
-1578.1 0
-1577.9 0
-1577.7 0
-1577.5 0
-1577.3 0
-1577.1 1
-1576.9 0
-1576.7 1
-1576.5 0
-1576.3 0
-1576.1 0
-1575.9 1
-1575.7 0
-1575.5 0
-1575.3 2
-1575.1 0
-1574.9 1
-1574.7 3
-1574.5 0
-1574.3 0
-1574.1 2
-1573.9 5
-1573.7 4
-1573.5 6
-1573.3 12
-1573.1 7
-1572.9 9
-1572.7 11
-1572.5 12
-1572.3 11
-1572.1 9
-1571.9 15
-1571.7 8
-1571.5 21
-1571.3 17
-1571.1 28
-1570.9 28
-1570.7 30
-1570.5 21
-1570.3 25
-1570.1 24
-1569.9 32
-1569.7 26
-1569.5 27
-1569.3 46
-1569.1 24
-1568.9 38
-1568.7 29
-1568.5 35
-1568.3 37
-1568.1 40
-1567.9 31
-1567.7 39
-1567.5 33
-1567.3 33
-1567.1 47
-1566.9 50
-1566.7 52
-1566.5 52
-1566.3 43
-1566.1 49
-1565.9 50
-1565.7 70
-1565.5 58
-1565.3 70
-1565.1 45
-1564.9 77
-1564.7 62
-1564.5 71
-1564.3 90
-1564.1 70
-1563.9 80
-1563.7 98
-1563.5 120
-1563.3 104
-1563.1 117
-1562.9 108
-1562.7 140
-1562.5 125
-1562.3 139
-1562.1 147
-1561.9 130
-1561.7 173
-1561.5 156
-1561.3 152
-1561.1 149
-1560.9 159
-1560.7 167
-1560.5 200
-1560.3 174
-1560.1 184
-1559.9 172
-1559.7 181
-1559.5 196
-1559.3 215
-1559.1 194
-1558.9 198
-1558.7 234
-1558.5 205
-1558.3 239
-1558.1 215
-1557.9 211
-1557.7 182
-1557.5 184
-1557.3 230
-1557.1 197
-1556.9 220
-1556.7 219
-1556.5 202
-1556.3 196
-1556.1 206
-1555.9 220
-1555.7 183
-1555.5 180
-1555.3 197
-1555.1 198
-1554.9 212
-1554.7 180
-1554.5 192
-1554.3 188
-1554.1 163
-1553.9 190
-1553.7 169
-1553.5 171
-1553.3 171
-1553.1 175
-1552.9 163
-1552.7 175
-1552.5 173
-1552.3 166
-1552.1 149
-1551.9 156
-1551.7 178
-1551.5 159
-1551.3 170
-1551.1 174
-1550.9 155
-1550.7 151
-1550.5 172
-1550.3 141
-1550.1 158
-1549.9 160
-1549.7 146
-1549.5 150
-1549.3 165
-1549.1 134
-1548.9 137
-1548.7 167
-1548.5 157
-1548.3 159
-1548.1 147
-1547.9 158
-1547.7 141
-1547.5 157
-1547.3 140
-1547.1 123
-1546.9 158
-1546.7 152
-1546.5 185
-1546.3 144
-1546.1 126
-1545.9 162
-1545.7 160
-1545.5 139
-1545.3 145
-1545.1 150
-1544.9 151
-1544.7 166
-1544.5 132
-1544.3 160
-1544.1 134
-1543.9 147
-1543.7 144
-1543.5 159
-1543.3 121
-1543.1 155
-1542.9 132
-1542.7 141
-1542.5 146
-1542.3 131
-1542.1 143
-1541.9 129
-1541.7 144
-1541.5 139
-1541.3 125
-1541.1 113
-1540.9 136
-1540.7 139
-1540.5 138
-1540.3 132
-1540.1 143
-1539.9 135
-1539.7 130
-1539.5 130
-1539.3 149
-1539.1 138
-1538.9 135
-1538.7 153
-1538.5 121
-1538.3 131
-1538.1 150
-1537.9 130
-1537.7 148
-1537.5 148
-1537.3 160
-1537.1 124
-1536.9 144
-1536.7 132
-1536.5 133
-1536.3 120
-1536.1 136
-1535.9 127
-1535.7 106
-1535.5 143
-1535.3 138
-1535.1 129
-1534.9 126
-1534.7 122
-1534.5 130
-1534.3 126
-1534.1 143
-1533.9 140
-1533.7 134
-1533.5 118
-1533.3 147
-1533.1 124
-1532.9 136
-1532.7 157
-1532.5 141
-1532.3 136
-1532.1 109
-1531.9 133
-1531.7 134
-1531.5 124
-1531.3 134
-1531.1 137
-1530.9 136
-1530.7 121
-1530.5 137
-1530.3 130
-1530.1 149
-1529.9 146
-1529.7 127
-1529.5 152
-1529.3 137
-1529.1 131
-1528.9 120
-1528.7 116
-1528.5 114
-1528.3 113
-1528.1 128
-1527.9 132
-1527.7 118
-1527.5 116
-1527.3 135
-1527.1 131
-1526.9 137
-1526.7 140
-1526.5 153
-1526.3 123
-1526.1 135
-1525.9 137
-1525.7 151
-1525.5 132
-1525.3 137
-1525.1 113
-1524.9 133
-1524.7 140
-1524.5 117
-1524.3 148
-1524.1 147
-1523.9 130
-1523.7 136
-1523.5 131
-1523.3 136
-1523.1 135
-1522.9 137
-1522.7 131
-1522.5 137
-1522.3 130
-1522.1 148
-1521.9 138
-1521.7 147
-1521.5 146
-1521.3 127
-1521.1 138
-1520.9 123
-1520.7 122
-1520.5 126
-1520.3 130
-1520.1 128
-1519.9 113
-1519.7 139
-1519.5 131
-1519.3 113
-1519.1 135
-1518.9 110
-1518.7 115
-1518.5 120
-1518.3 123
-1518.1 142
-1517.9 126
-1517.7 130
-1517.5 123
-1517.3 117
-1517.1 133
-1516.9 118
-1516.7 95
-1516.5 136
-1516.3 127
-1516.1 129
-1515.9 110
-1515.7 126
-1515.5 121
-1515.3 115
-1515.1 109
-1514.9 122
-1514.7 129
-1514.5 116
-1514.3 136
-1514.1 113
-1513.9 127
-1513.7 136
-1513.5 102
-1513.3 141
-1513.1 119
-1512.9 93
-1512.7 123
-1512.5 117
-1512.3 126
-1512.1 144
-1511.9 148
-1511.7 124
-1511.5 105
-1511.3 121
-1511.1 102
-1510.9 112
-1510.7 128
-1510.5 120
-1510.3 129
-1510.1 119
-1509.9 118
-1509.7 117
-1509.5 131
-1509.3 129
-1509.1 115
-1508.9 151
-1508.7 119
-1508.5 115
-1508.3 147
-1508.1 143
-1507.9 101
-1507.7 145
-1507.5 135
-1507.3 118
-1507.1 121
-1506.9 141
-1506.7 131
-1506.5 126
-1506.3 123
-1506.1 125
-1505.9 138
-1505.7 125
-1505.5 122
-1505.3 124
-1505.1 137
-1504.9 137
-1504.7 103
-1504.5 112
-1504.3 143
-1504.1 136
-1503.9 135
-1503.7 131
-1503.5 120
-1503.3 132
-1503.1 150
-1502.9 101
-1502.7 123
-1502.5 144
-1502.3 127
-1502.1 140
-1501.9 123
-1501.7 126
-1501.5 133
-1501.3 122
-1501.1 139
-1500.9 133
-1500.7 143
-1500.5 144
-1500.3 130
-1500.1 119
-1499.9 124
-1499.7 144
-1499.5 133
-1499.3 113
-1499.1 121
-1498.9 131
-1498.7 132
-1498.5 124
-1498.3 134
-1498.1 127
-1497.9 122
-1497.7 132
-1497.5 125
-1497.3 143
-1497.1 130
-1496.9 106
-1496.7 146
-1496.5 134
-1496.3 109
-1496.1 138
-1495.9 121
-1495.7 123
-1495.5 123
-1495.3 136
-1495.1 124
-1494.9 114
-1494.7 124
-1494.5 110
-1494.3 109
-1494.1 114
-1493.9 142
-1493.7 114
-1493.5 130
-1493.3 98
-1493.1 116
-1492.9 104
-1492.7 117
-1492.5 147
-1492.3 145
-1492.1 138
-1491.9 114
-1491.7 136
-1491.5 125
-1491.3 143
-1491.1 132
-1490.9 129
-1490.7 124
-1490.5 130
-1490.3 122
-1490.1 120
-1489.9 124
-1489.7 128
-1489.5 147
-1489.3 113
-1489.1 107
-1488.9 117
-1488.7 140
-1488.5 156
-1488.3 157
-1488.1 126
-1487.9 108
-1487.7 128
-1487.5 127
-1487.3 127
-1487.1 133
-1486.9 133
-1486.7 138
-1486.5 135
-1486.3 129
-1486.1 134
-1485.9 126
-1485.7 133
-1485.5 147
-1485.3 132
-1485.1 128
-1484.9 133
-1484.7 121
-1484.5 134
-1484.3 139
-1484.1 141
-1483.9 127
-1483.7 119
-1483.5 151
-1483.3 111
-1483.1 154
-1482.9 102
-1482.7 118
-1482.5 139
-1482.3 143
-1482.1 128
-1481.9 132
-1481.7 128
-1481.5 120
-1481.3 135
-1481.1 123
-1480.9 115
-1480.7 126
-1480.5 126
-1480.3 119
-1480.1 126
-1479.9 139
-1479.7 123
-1479.5 109
-1479.3 119
-1479.1 125
-1478.9 147
-1478.7 115
-1478.5 108
-1478.3 101
-1478.1 117
-1477.9 113
-1477.7 117
-1477.5 126
-1477.3 119
-1477.1 145
-1476.9 128
-1476.7 136
-1476.5 135
-1476.3 122
-1476.1 110
-1475.9 120
-1475.7 129
-1475.5 129
-1475.3 136
-1475.1 131
-1474.9 140
-1474.7 120
-1474.5 115
-1474.3 120
-1474.1 117
-1473.9 134
-1473.7 121
-1473.5 120
-1473.3 119
-1473.1 137
-1472.9 139
-1472.7 108
-1472.5 140
-1472.3 104
-1472.1 136
-1471.9 139
-1471.7 132
-1471.5 131
-1471.3 123
-1471.1 125
-1470.9 136
-1470.7 114
-1470.5 115
-1470.3 125
-1470.1 127
-1469.9 122
-1469.7 136
-1469.5 125
-1469.3 134
-1469.1 144
-1468.9 144
-1468.7 119
-1468.5 131
-1468.3 125
-1468.1 135
-1467.9 130
-1467.7 131
-1467.5 135
-1467.3 145
-1467.1 149
-1466.9 106
-1466.7 139
-1466.5 133
-1466.3 145
-1466.1 120
-1465.9 101
-1465.7 133
-1465.5 121
-1465.3 129
-1465.1 123
-1464.9 128
-1464.7 128
-1464.5 123
-1464.3 132
-1464.1 124
-1463.9 146
-1463.7 126
-1463.5 108
-1463.3 118
-1463.1 120
-1462.9 128
-1462.7 116
-1462.5 107
-1462.3 122
-1462.1 134
-1461.9 106
-1461.7 143
-1461.5 130
-1461.3 123
-1461.1 118
-1460.9 131
-1460.7 135
-1460.5 125
-1460.3 126
-1460.1 136
-1459.9 102
-1459.7 131
-1459.5 140
-1459.3 107
-1459.1 120
-1458.9 131
-1458.7 119
-1458.5 122
-1458.3 159
-1458.1 145
-1457.9 127
-1457.7 123
-1457.5 137
-1457.3 116
-1457.1 130
-1456.9 124
-1456.7 131
-1456.5 125
-1456.3 111
-1456.1 109
-1455.9 119
-1455.7 135
-1455.5 120
-1455.3 120
-1455.1 133
-1454.9 127
-1454.7 127
-1454.5 152
-1454.3 134
-1454.1 135
-1453.9 133
-1453.7 125
-1453.5 122
-1453.3 147
-1453.1 107
-1452.9 129
-1452.7 112
-1452.5 128
-1452.3 108
-1452.1 124
-1451.9 145
-1451.7 130
-1451.5 132
-1451.3 131
-1451.1 121
-1450.9 138
-1450.7 106
-1450.5 139
-1450.3 123
-1450.1 120
-1449.9 121
-1449.7 113
-1449.5 153
-1449.3 136
-1449.1 130
-1448.9 115
-1448.7 133
-1448.5 136
-1448.3 123
-1448.1 136
-1447.9 128
-1447.7 145
-1447.5 116
-1447.3 109
-1447.1 128
-1446.9 122
-1446.7 119
-1446.5 121
-1446.3 125
-1446.1 124
-1445.9 158
-1445.7 134
-1445.5 122
-1445.3 113
-1445.1 122
-1444.9 123
-1444.7 124
-1444.5 125
-1444.3 127
-1444.1 126
-1443.9 113
-1443.7 121
-1443.5 116
-1443.3 145
-1443.1 126
-1442.9 131
-1442.7 122
-1442.5 128
-1442.3 122
-1442.1 102
-1441.9 122
-1441.7 140
-1441.5 106
-1441.3 129
-1441.1 142
-1440.9 127
-1440.7 131
-1440.5 137
-1440.3 133
-1440.1 127
-1439.9 118
-1439.7 138
-1439.5 136
-1439.3 138
-1439.1 133
-1438.9 148
-1438.7 103
-1438.5 141
-1438.3 121
-1438.1 139
-1437.9 130
-1437.7 114
-1437.5 130
-1437.3 130
-1437.1 129
-1436.9 121
-1436.7 131
-1436.5 135
-1436.3 137
-1436.1 113
-1435.9 129
-1435.7 143
-1435.5 131
-1435.3 135
-1435.1 130
-1434.9 124
-1434.7 131
-1434.5 130
-1434.3 108
-1434.1 130
-1433.9 131
-1433.7 132
-1433.5 124
-1433.3 133
-1433.1 101
-1432.9 117
-1432.7 138
-1432.5 125
-1432.3 128
-1432.1 118
-1431.9 130
-1431.7 117
-1431.5 149
-1431.3 131
-1431.1 105
-1430.9 143
-1430.7 126
-1430.5 132
-1430.3 120
-1430.1 129
-1429.9 126
-1429.7 116
-1429.5 134
-1429.3 104
-1429.1 128
-1428.9 114
-1428.7 140
-1428.5 126
-1428.3 137
-1428.1 139
-1427.9 125
-1427.7 138
-1427.5 125
-1427.3 147
-1427.1 136
-1426.9 139
-1426.7 147
-1426.5 137
-1426.3 139
-1426.1 101
-1425.9 140
-1425.7 127
-1425.5 128
-1425.3 105
-1425.1 139
-1424.9 109
-1424.7 139
-1424.5 105
-1424.3 124
-1424.1 146
-1423.9 121
-1423.7 109
-1423.5 113
-1423.3 137
-1423.1 122
-1422.9 135
-1422.7 102
-1422.5 117
-1422.3 142
-1422.1 132
-1421.9 125
-1421.7 118
-1421.5 135
-1421.3 143
-1421.1 123
-1420.9 118
-1420.7 96
-1420.5 126
-1420.3 125
-1420.1 130
-1419.9 130
-1419.7 112
-1419.5 122
-1419.3 124
-1419.1 126
-1418.9 131
-1418.7 133
-1418.5 104
-1418.3 118
-1418.1 113
-1417.9 145
-1417.7 129
-1417.5 106
-1417.3 104
-1417.1 130
-1416.9 123
-1416.7 130
-1416.5 146
-1416.3 120
-1416.1 137
-1415.9 140
-1415.7 125
-1415.5 119
-1415.3 123
-1415.1 134
-1414.9 128
-1414.7 111
-1414.5 135
-1414.3 135
-1414.1 116
-1413.9 117
-1413.7 125
-1413.5 121
-1413.3 114
-1413.1 119
-1412.9 141
-1412.7 128
-1412.5 123
-1412.3 118
-1412.1 128
-1411.9 106
-1411.7 140
-1411.5 129
-1411.3 116
-1411.1 127
-1410.9 126
-1410.7 143
-1410.5 121
-1410.3 118
-1410.1 121
-1409.9 122
-1409.7 122
-1409.5 145
-1409.3 108
-1409.1 132
-1408.9 138
-1408.7 136
-1408.5 125
-1408.3 131
-1408.1 110
-1407.9 114
-1407.7 127
-1407.5 129
-1407.3 128
-1407.1 119
-1406.9 122
-1406.7 132
-1406.5 125
-1406.3 120
-1406.1 112
-1405.9 116
-1405.7 113
-1405.5 111
-1405.3 133
-1405.1 125
-1404.9 106
-1404.7 114
-1404.5 115
-1404.3 150
-1404.1 107
-1403.9 113
-1403.7 133
-1403.5 122
-1403.3 137
-1403.1 110
-1402.9 118
-1402.7 128
-1402.5 132
-1402.3 119
-1402.1 124
-1401.9 122
-1401.7 138
-1401.5 123
-1401.3 121
-1401.1 130
-1400.9 136
-1400.7 134
-1400.5 115
-1400.3 114
-1400.1 113
-1399.9 125
-1399.7 117
-1399.5 113
-1399.3 112
-1399.1 117
-1398.9 114
-1398.7 110
-1398.5 131
-1398.3 122
-1398.1 130
-1397.9 121
-1397.7 133
-1397.5 133
-1397.3 123
-1397.1 131
-1396.9 133
-1396.7 128
-1396.5 121
-1396.3 119
-1396.1 125
-1395.9 122
-1395.7 120
-1395.5 129
-1395.3 108
-1395.1 128
-1394.9 113
-1394.7 136
-1394.5 150
-1394.3 124
-1394.1 127
-1393.9 126
-1393.7 132
-1393.5 154
-1393.3 155
-1393.1 127
-1392.9 118
-1392.7 127
-1392.5 141
-1392.3 127
-1392.1 118
-1391.9 126
-1391.7 109
-1391.5 113
-1391.3 122
-1391.1 124
-1390.9 124
-1390.7 125
-1390.5 106
-1390.3 119
-1390.1 129
-1389.9 142
-1389.7 130
-1389.5 131
-1389.3 108
-1389.1 120
-1388.9 128
-1388.7 124
-1388.5 108
-1388.3 124
-1388.1 129
-1387.9 120
-1387.7 125
-1387.5 108
-1387.3 110
-1387.1 135
-1386.9 111
-1386.7 136
-1386.5 121
-1386.3 121
-1386.1 115
-1385.9 111
-1385.7 135
-1385.5 126
-1385.3 127
-1385.1 115
-1384.9 117
-1384.7 131
-1384.5 117
-1384.3 128
-1384.1 125
-1383.9 117
-1383.7 131
-1383.5 105
-1383.3 117
-1383.1 132
-1382.9 157
-1382.7 132
-1382.5 142
-1382.3 146
-1382.1 126
-1381.9 109
-1381.7 115
-1381.5 128
-1381.3 131
-1381.1 111
-1380.9 130
-1380.7 123
-1380.5 132
-1380.3 130
-1380.1 141
-1379.9 149
-1379.7 107
-1379.5 135
-1379.3 128
-1379.1 121
-1378.9 124
-1378.7 134
-1378.5 138
-1378.3 137
-1378.1 135
-1377.9 116
-1377.7 121
-1377.5 107
-1377.3 113
-1377.1 122
-1376.9 139
-1376.7 119
-1376.5 128
-1376.3 130
-1376.1 124
-1375.9 135
-1375.7 104
-1375.5 88
-1375.3 106
-1375.1 113
-1374.9 130
-1374.7 116
-1374.5 107
-1374.3 110
-1374.1 94
-1373.9 103
-1373.7 90
-1373.5 121
-1373.3 126
-1373.1 113
-1372.9 104
-1372.7 99
-1372.5 104
-1372.3 112
-1372.1 92
-1371.9 78
-1371.7 102
-1371.5 95
-1371.3 85
-1371.1 92
-1370.9 77
-1370.7 87
-1370.5 88
-1370.3 80
-1370.1 79
-1369.9 85
-1369.7 95
-1369.5 102
-1369.3 103
-1369.1 69
-1368.9 73
-1368.7 69
-1368.5 64
-1368.3 95
-1368.1 88
-1367.9 81
-1367.7 63
-1367.5 82
-1367.3 60
-1367.1 77
-1366.9 66
-1366.7 64
-1366.5 58
-1366.3 61
-1366.1 63
-1365.9 78
-1365.7 54
-1365.5 56
-1365.3 66
-1365.1 58
-1364.9 52
-1364.7 62
-1364.5 54
-1364.3 61
-1364.1 49
-1363.9 55
-1363.7 47
-1363.5 54
-1363.3 73
-1363.1 50
-1362.9 63
-1362.7 31
-1362.5 53
-1362.3 44
-1362.1 53
-1361.9 38
-1361.7 56
-1361.5 40
-1361.3 46
-1361.1 38
-1360.9 39
-1360.7 52
-1360.5 46
-1360.3 43
-1360.1 61
-1359.9 32
-1359.7 33
-1359.5 39
-1359.3 35
-1359.1 40
-1358.9 40
-1358.7 38
-1358.5 30
-1358.3 42
-1358.1 32
-1357.9 35
-1357.7 28
-1357.5 38
-1357.3 46
-1357.1 31
-1356.9 27
-1356.7 28
-1356.5 23
-1356.3 35
-1356.1 30
-1355.9 25
-1355.7 18
-1355.5 34
-1355.3 33
-1355.1 36
-1354.9 19
-1354.7 29
-1354.5 22
-1354.3 24
-1354.1 22
-1353.9 33
-1353.7 19
-1353.5 25
-1353.3 36
-1353.1 19
-1352.9 25
-1352.7 22
-1352.5 21
-1352.3 14
-1352.1 17
-1351.9 19
-1351.7 15
-1351.5 25
-1351.3 18
-1351.1 16
-1350.9 23
-1350.7 21
-1350.5 24
-1350.3 16
-1350.1 10
