-1599.9 0
-1599.7 1
-1599.5 0
-1599.3 0
-1599.1 0
-1598.9 0
-1598.7 0
-1598.5 0
-1598.3 1
-1598.1 0
-1597.9 0
-1597.7 2
-1597.5 0
-1597.3 1
-1597.1 0
-1596.9 1
-1596.7 0
-1596.5 0
-1596.3 1
-1596.1 0
-1595.9 0
-1595.7 3
-1595.5 1
-1595.3 2
-1595.1 4
-1594.9 0
-1594.7 2
-1594.5 2
-1594.3 0
-1594.1 0
-1593.9 1
-1593.7 3
-1593.5 0
-1593.3 2
-1593.1 2
-1592.9 0
-1592.7 2
-1592.5 1
-1592.3 2
-1592.1 4
-1591.9 3
-1591.7 4
-1591.5 1
-1591.3 3
-1591.1 2
-1590.9 8
-1590.7 4
-1590.5 10
-1590.3 4
-1590.1 6
-1589.9 6
-1589.7 2
-1589.5 3
-1589.3 4
-1589.1 3
-1588.9 4
-1588.7 9
-1588.5 6
-1588.3 10
-1588.1 12
-1587.9 16
-1587.7 12
-1587.5 4
-1587.3 9
-1587.1 15
-1586.9 14
-1586.7 8
-1586.5 15
-1586.3 21
-1586.1 20
-1585.9 9
-1585.7 20
-1585.5 22
-1585.3 18
-1585.1 17
-1584.9 26
-1584.7 22
-1584.5 23
-1584.3 21
-1584.1 20
-1583.9 19
-1583.7 22
-1583.5 28
-1583.3 27
-1583.1 19
-1582.9 23
-1582.7 23
-1582.5 30
-1582.3 22
-1582.1 24
-1581.9 32
-1581.7 25
-1581.5 33
-1581.3 30
-1581.1 24
-1580.9 30
-1580.7 29
-1580.5 30
-1580.3 33
-1580.1 41
-1579.9 40
-1579.7 52
-1579.5 30
-1579.3 35
-1579.1 43
-1578.9 43
-1578.7 48
-1578.5 50
-1578.3 34
-1578.1 45
-1577.9 64
-1577.7 46
-1577.5 58
-1577.3 56
-1577.1 52
-1576.9 53
-1576.7 60
-1576.5 80
-1576.3 53
-1576.1 60
-1575.9 81
-1575.7 76
-1575.5 74
-1575.3 84
-1575.1 78
-1574.9 69
-1574.7 84
-1574.5 104
-1574.3 96
-1574.1 99
-1573.9 106
-1573.7 112
-1573.5 132
-1573.3 117
-1573.1 119
-1572.9 134
-1572.7 128
-1572.5 138
-1572.3 138
-1572.1 147
-1571.9 156
-1571.7 156
-1571.5 170
-1571.3 176
-1571.1 178
-1570.9 165
-1570.7 186
-1570.5 201
-1570.3 200
-1570.1 191
-1569.9 205
-1569.7 195
-1569.5 205
-1569.3 193
-1569.1 196
-1568.9 211
-1568.7 233
-1568.5 218
-1568.3 208
-1568.1 203
-1567.9 179
-1567.7 196
-1567.5 209
-1567.3 213
-1567.1 219
-1566.9 214
-1566.7 220
-1566.5 220
-1566.3 198
-1566.1 214
-1565.9 207
-1565.7 222
-1565.5 190
-1565.3 171
-1565.1 202
-1564.9 184
-1564.7 210
-1564.5 201
-1564.3 203
-1564.1 195
-1563.9 217
-1563.7 184
-1563.5 215
-1563.3 180
-1563.1 181
-1562.9 199
-1562.7 213
-1562.5 182
-1562.3 177
-1562.1 166
-1561.9 188
-1561.7 173
-1561.5 182
-1561.3 174
-1561.1 164
-1560.9 168
-1560.7 175
-1560.5 151
-1560.3 201
-1560.1 161
-1559.9 155
-1559.7 167
-1559.5 192
-1559.3 162
-1559.1 159
-1558.9 182
-1558.7 165
-1558.5 164
-1558.3 161
-1558.1 162
-1557.9 188
-1557.7 150
-1557.5 153
-1557.3 153
-1557.1 151
-1556.9 161
-1556.7 140
-1556.5 172
-1556.3 144
-1556.1 138
-1555.9 155
-1555.7 155
-1555.5 169
-1555.3 176
-1555.1 153
-1554.9 154
-1554.7 156
-1554.5 161
-1554.3 137
-1554.1 157
-1553.9 145
-1553.7 157
-1553.5 156
-1553.3 155
-1553.1 152
-1552.9 146
-1552.7 151
-1552.5 151
-1552.3 155
-1552.1 140
-1551.9 146
-1551.7 152
-1551.5 173
-1551.3 146
-1551.1 135
-1550.9 143
-1550.7 148
-1550.5 161
-1550.3 141
-1550.1 143
-1549.9 135
-1549.7 160
-1549.5 136
-1549.3 163
-1549.1 149
-1548.9 156
-1548.7 156
-1548.5 152
-1548.3 150
-1548.1 154
-1547.9 152
-1547.7 149
-1547.5 148
-1547.3 153
-1547.1 166
-1546.9 169
-1546.7 145
-1546.5 127
-1546.3 144
-1546.1 134
-1545.9 131
-1545.7 138
-1545.5 131
-1545.3 139
-1545.1 129
-1544.9 131
-1544.7 134
-1544.5 147
-1544.3 141
-1544.1 124
-1543.9 150
-1543.7 140
-1543.5 149
-1543.3 138
-1543.1 142
-1542.9 160
-1542.7 136
-1542.5 137
-1542.3 148
-1542.1 148
-1541.9 186
-1541.7 139
-1541.5 149
-1541.3 147
-1541.1 120
-1540.9 145
-1540.7 155
-1540.5 149
-1540.3 118
-1540.1 141
-1539.9 141
-1539.7 139
-1539.5 128
-1539.3 144
-1539.1 127
-1538.9 138
-1538.7 144
-1538.5 133
-1538.3 140
-1538.1 154
-1537.9 131
-1537.7 124
-1537.5 142
-1537.3 134
-1537.1 135
-1536.9 148
-1536.7 146
-1536.5 148
-1536.3 125
-1536.1 147
-1535.9 137
-1535.7 127
-1535.5 114
-1535.3 142
-1535.1 139
-1534.9 132
-1534.7 132
-1534.5 132
-1534.3 155
-1534.1 135
-1533.9 151
-1533.7 140
-1533.5 153
-1533.3 156
-1533.1 127
-1532.9 160
-1532.7 141
-1532.5 147
-1532.3 140
-1532.1 145
-1531.9 161
-1531.7 132
-1531.5 125
-1531.3 145
-1531.1 148
-1530.9 140
-1530.7 144
-1530.5 140
-1530.3 159
-1530.1 134
-1529.9 161
-1529.7 138
-1529.5 121
-1529.3 158
-1529.1 141
-1528.9 139
-1528.7 152
-1528.5 144
-1528.3 128
-1528.1 132
-1527.9 128
-1527.7 123
-1527.5 136
-1527.3 136
-1527.1 134
-1526.9 145
-1526.7 134
-1526.5 139
-1526.3 154
-1526.1 135
-1525.9 118
-1525.7 150
-1525.5 135
-1525.3 154
-1525.1 147
-1524.9 129
-1524.7 152
-1524.5 134
-1524.3 129
-1524.1 135
-1523.9 159
-1523.7 143
-1523.5 141
-1523.3 163
-1523.1 152
-1522.9 142
-1522.7 139
-1522.5 154
-1522.3 134
-1522.1 129
-1521.9 150
-1521.7 144
-1521.5 133
-1521.3 135
-1521.1 133
-1520.9 130
-1520.7 136
-1520.5 174
-1520.3 131
-1520.1 131
-1519.9 143
-1519.7 147
-1519.5 161
-1519.3 131
-1519.1 144
-1518.9 139
-1518.7 137
-1518.5 140
-1518.3 126
-1518.1 147
-1517.9 135
-1517.7 151
-1517.5 132
-1517.3 131
-1517.1 168
-1516.9 144
-1516.7 127
-1516.5 136
-1516.3 144
-1516.1 159
-1515.9 144
-1515.7 129
-1515.5 140
-1515.3 147
-1515.1 116
-1514.9 149
-1514.7 145
-1514.5 129
-1514.3 137
-1514.1 142
-1513.9 156
-1513.7 125
-1513.5 145
-1513.3 131
-1513.1 165
-1512.9 148
-1512.7 150
-1512.5 142
-1512.3 136
-1512.1 148
-1511.9 135
-1511.7 149
-1511.5 146
-1511.3 141
-1511.1 130
-1510.9 146
-1510.7 135
-1510.5 151
-1510.3 136
-1510.1 147
-1509.9 149
-1509.7 139
-1509.5 145
-1509.3 118
-1509.1 131
-1508.9 157
-1508.7 142
-1508.5 145
-1508.3 138
-1508.1 122
-1507.9 127
-1507.7 148
-1507.5 134
-1507.3 143
-1507.1 147
-1506.9 135
-1506.7 148
-1506.5 143
-1506.3 151
-1506.1 150
-1505.9 109
-1505.7 170
-1505.5 163
-1505.3 146
-1505.1 147
-1504.9 151
-1504.7 144
-1504.5 139
-1504.3 152
-1504.1 147
-1503.9 125
-1503.7 142
-1503.5 155
-1503.3 143
-1503.1 136
-1502.9 134
-1502.7 169
-1502.5 123
-1502.3 153
-1502.1 147
-1501.9 137
-1501.7 145
-1501.5 131
-1501.3 132
-1501.1 135
-1500.9 139
-1500.7 130
-1500.5 154
-1500.3 154
-1500.1 145
-1499.9 136
-1499.7 152
-1499.5 164
-1499.3 154
-1499.1 129
-1498.9 144
-1498.7 159
-1498.5 142
-1498.3 120
-1498.1 142
-1497.9 130
-1497.7 142
-1497.5 143
-1497.3 107
-1497.1 162
-1496.9 130
-1496.7 123
-1496.5 154
-1496.3 140
-1496.1 123
-1495.9 137
-1495.7 139
-1495.5 142
-1495.3 154
-1495.1 143
-1494.9 140
-1494.7 143
-1494.5 147
-1494.3 134
-1494.1 153
-1493.9 134
-1493.7 143
-1493.5 133
-1493.3 141
-1493.1 120
-1492.9 156
-1492.7 144
-1492.5 132
-1492.3 129
-1492.1 118
-1491.9 152
-1491.7 149
-1491.5 147
-1491.3 132
-1491.1 117
-1490.9 141
-1490.7 129
-1490.5 140
-1490.3 167
-1490.1 130
-1489.9 163
-1489.7 152
-1489.5 145
-1489.3 148
-1489.1 149
-1488.9 124
-1488.7 159
-1488.5 131
-1488.3 128
-1488.1 139
-1487.9 131
-1487.7 125
-1487.5 130
-1487.3 136
-1487.1 146
-1486.9 140
-1486.7 153
-1486.5 149
-1486.3 162
-1486.1 140
-1485.9 124
-1485.7 144
-1485.5 157
-1485.3 135
-1485.1 146
-1484.9 148
-1484.7 146
-1484.5 107
-1484.3 146
-1484.1 142
-1483.9 153
-1483.7 152
-1483.5 131
-1483.3 141
-1483.1 135
-1482.9 136
-1482.7 136
-1482.5 136
-1482.3 149
-1482.1 159
-1481.9 140
-1481.7 142
-1481.5 156
-1481.3 152
-1481.1 168
-1480.9 148
-1480.7 126
-1480.5 142
-1480.3 156
-1480.1 124
-1479.9 144
-1479.7 129
-1479.5 135
-1479.3 141
-1479.1 136
-1478.9 149
-1478.7 134
-1478.5 130
-1478.3 141
-1478.1 166
-1477.9 134
-1477.7 143
-1477.5 123
-1477.3 122
-1477.1 139
-1476.9 165
-1476.7 125
-1476.5 152
-1476.3 139
-1476.1 128
-1475.9 126
-1475.7 119
-1475.5 154
-1475.3 138
-1475.1 137
-1474.9 151
-1474.7 134
-1474.5 162
-1474.3 144
-1474.1 132
-1473.9 141
-1473.7 162
-1473.5 123
-1473.3 134
-1473.1 117
-1472.9 138
-1472.7 135
-1472.5 144
-1472.3 139
-1472.1 140
-1471.9 135
-1471.7 151
-1471.5 158
-1471.3 143
-1471.1 139
-1470.9 122
-1470.7 156
-1470.5 129
-1470.3 158
-1470.1 135
-1469.9 118
-1469.7 148
-1469.5 128
-1469.3 130
-1469.1 159
-1468.9 132
-1468.7 158
-1468.5 134
-1468.3 141
-1468.1 144
-1467.9 139
-1467.7 135
-1467.5 128
-1467.3 157
-1467.1 141
-1466.9 138
-1466.7 136
-1466.5 142
-1466.3 145
-1466.1 118
-1465.9 145
-1465.7 121
-1465.5 123
-1465.3 145
-1465.1 130
-1464.9 148
-1464.7 134
-1464.5 140
-1464.3 148
-1464.1 137
-1463.9 140
-1463.7 138
-1463.5 148
-1463.3 137
-1463.1 133
-1462.9 120
-1462.7 149
-1462.5 153
-1462.3 126
-1462.1 139
-1461.9 141
-1461.7 139
-1461.5 133
-1461.3 128
-1461.1 145
-1460.9 143
-1460.7 144
-1460.5 145
-1460.3 131
-1460.1 136
-1459.9 138
-1459.7 149
-1459.5 131
-1459.3 128
-1459.1 132
-1458.9 134
-1458.7 163
-1458.5 143
-1458.3 141
-1458.1 148
-1457.9 102
-1457.7 166
-1457.5 143
-1457.3 127
-1457.1 140
-1456.9 122
-1456.7 149
-1456.5 136
-1456.3 128
-1456.1 136
-1455.9 114
-1455.7 132
-1455.5 132
-1455.3 123
-1455.1 154
-1454.9 152
-1454.7 138
-1454.5 143
-1454.3 141
-1454.1 132
-1453.9 146
-1453.7 139
-1453.5 145
-1453.3 142
-1453.1 126
-1452.9 128
-1452.7 127
-1452.5 148
-1452.3 155
-1452.1 155
-1451.9 136
-1451.7 162
-1451.5 150
-1451.3 148
-1451.1 131
-1450.9 156
-1450.7 165
-1450.5 135
-1450.3 132
-1450.1 125
-1449.9 129
-1449.7 129
-1449.5 129
-1449.3 141
-1449.1 115
-1448.9 111
-1448.7 133
-1448.5 150
-1448.3 144
-1448.1 148
-1447.9 150
-1447.7 130
-1447.5 153
-1447.3 141
-1447.1 142
-1446.9 139
-1446.7 165
-1446.5 129
-1446.3 135
-1446.1 147
-1445.9 139
-1445.7 156
-1445.5 119
-1445.3 150
-1445.1 107
-1444.9 141
-1444.7 148
-1444.5 127
-1444.3 145
-1444.1 141
-1443.9 133
-1443.7 154
-1443.5 129
-1443.3 140
-1443.1 163
-1442.9 123
-1442.7 121
-1442.5 156
-1442.3 141
-1442.1 117
-1441.9 137
-1441.7 148
-1441.5 133
-1441.3 158
-1441.1 132
-1440.9 136
-1440.7 120
-1440.5 139
-1440.3 134
-1440.1 129
-1439.9 148
-1439.7 148
-1439.5 142
-1439.3 145
-1439.1 162
-1438.9 138
-1438.7 152
-1438.5 144
-1438.3 146
-1438.1 152
-1437.9 140
-1437.7 150
-1437.5 148
-1437.3 138
-1437.1 135
-1436.9 143
-1436.7 144
-1436.5 141
-1436.3 140
-1436.1 126
-1435.9 150
-1435.7 129
-1435.5 131
-1435.3 156
-1435.1 114
-1434.9 133
-1434.7 147
-1434.5 146
-1434.3 130
-1434.1 131
-1433.9 136
-1433.7 134
-1433.5 141
-1433.3 121
-1433.1 132
-1432.9 169
-1432.7 133
-1432.5 138
-1432.3 136
-1432.1 135
-1431.9 148
-1431.7 150
-1431.5 131
-1431.3 148
-1431.1 135
-1430.9 129
-1430.7 135
-1430.5 159
-1430.3 129
-1430.1 152
-1429.9 137
-1429.7 145
-1429.5 138
-1429.3 126
-1429.1 155
-1428.9 149
-1428.7 156
-1428.5 135
-1428.3 154
-1428.1 135
-1427.9 128
-1427.7 135
-1427.5 143
-1427.3 144
-1427.1 152
-1426.9 131
-1426.7 134
-1426.5 121
-1426.3 124
-1426.1 147
-1425.9 161
-1425.7 143
-1425.5 143
-1425.3 156
-1425.1 138
-1424.9 157
-1424.7 157
-1424.5 140
-1424.3 121
-1424.1 153
-1423.9 128
-1423.7 158
-1423.5 164
-1423.3 119
-1423.1 146
-1422.9 147
-1422.7 137
-1422.5 141
-1422.3 139
-1422.1 134
-1421.9 136
-1421.7 114
-1421.5 111
-1421.3 136
-1421.1 105
-1420.9 135
-1420.7 128
-1420.5 128
-1420.3 152
-1420.1 151
-1419.9 149
-1419.7 133
-1419.5 143
-1419.3 150
-1419.1 121
-1418.9 155
-1418.7 126
-1418.5 134
-1418.3 130
-1418.1 150
-1417.9 136
-1417.7 126
-1417.5 143
-1417.3 135
-1417.1 134
-1416.9 146
-1416.7 141
-1416.5 126
-1416.3 134
-1416.1 143
-1415.9 145
-1415.7 142
-1415.5 151
-1415.3 124
-1415.1 153
-1414.9 149
-1414.7 141
-1414.5 129
-1414.3 136
-1414.1 129
-1413.9 158
-1413.7 135
-1413.5 142
-1413.3 122
-1413.1 158
-1412.9 140
-1412.7 144
-1412.5 137
-1412.3 166
-1412.1 133
-1411.9 147
-1411.7 159
-1411.5 147
-1411.3 126
-1411.1 147
-1410.9 122
-1410.7 125
-1410.5 121
-1410.3 138
-1410.1 141
-1409.9 138
-1409.7 119
-1409.5 135
-1409.3 125
-1409.1 134
-1408.9 161
-1408.7 142
-1408.5 143
-1408.3 142
-1408.1 140
-1407.9 139
-1407.7 151
-1407.5 149
-1407.3 159
-1407.1 162
-1406.9 138
-1406.7 157
-1406.5 148
-1406.3 166
-1406.1 133
-1405.9 153
-1405.7 148
-1405.5 152
-1405.3 132
-1405.1 127
-1404.9 142
-1404.7 166
-1404.5 148
-1404.3 151
-1404.1 150
-1403.9 129
-1403.7 134
-1403.5 151
-1403.3 134
-1403.1 136
-1402.9 140
-1402.7 140
-1402.5 130
-1402.3 128
-1402.1 139
-1401.9 125
-1401.7 132
-1401.5 143
-1401.3 131
-1401.1 145
-1400.9 140
-1400.7 146
-1400.5 148
-1400.3 131
-1400.1 124
-1399.9 126
-1399.7 140
-1399.5 139
-1399.3 106
-1399.1 145
-1398.9 119
-1398.7 144
-1398.5 120
-1398.3 116
-1398.1 138
-1397.9 141
-1397.7 124
-1397.5 142
-1397.3 141
-1397.1 154
-1396.9 134
-1396.7 151
-1396.5 127
-1396.3 140
-1396.1 139
-1395.9 139
-1395.7 109
-1395.5 153
-1395.3 137
-1395.1 143
-1394.9 126
-1394.7 142
-1394.5 125
-1394.3 137
-1394.1 142
-1393.9 141
-1393.7 143
-1393.5 126
-1393.3 124
-1393.1 114
-1392.9 138
-1392.7 121
-1392.5 127
-1392.3 120
-1392.1 123
-1391.9 133
-1391.7 151
-1391.5 124
-1391.3 130
-1391.1 126
-1390.9 142
-1390.7 135
-1390.5 147
-1390.3 140
-1390.1 131
-1389.9 143
-1389.7 131
-1389.5 124
-1389.3 135
-1389.1 123
-1388.9 139
-1388.7 132
-1388.5 130
-1388.3 120
-1388.1 125
-1387.9 116
-1387.7 99
-1387.5 120
-1387.3 110
-1387.1 108
-1386.9 113
-1386.7 116
-1386.5 92
-1386.3 119
-1386.1 116
-1385.9 109
-1385.7 102
-1385.5 122
-1385.3 122
-1385.1 119
-1384.9 98
-1384.7 103
-1384.5 99
-1384.3 98
-1384.1 103
-1383.9 113
-1383.7 90
-1383.5 88
-1383.3 90
-1383.1 99
-1382.9 81
-1382.7 90
-1382.5 87
-1382.3 110
-1382.1 92
-1381.9 100
-1381.7 94
-1381.5 81
-1381.3 76
-1381.1 81
-1380.9 84
-1380.7 82
-1380.5 71
-1380.3 81
-1380.1 83
-1379.9 72
-1379.7 78
-1379.5 84
-1379.3 70
-1379.1 59
-1378.9 77
-1378.7 71
-1378.5 72
-1378.3 63
-1378.1 60
-1377.9 58
-1377.7 49
-1377.5 57
-1377.3 61
-1377.1 66
-1376.9 68
-1376.7 45
-1376.5 60
-1376.3 57
-1376.1 53
-1375.9 49
-1375.7 55
-1375.5 53
-1375.3 54
-1375.1 51
-1374.9 42
-1374.7 60
-1374.5 52
-1374.3 45
-1374.1 38
-1373.9 52
-1373.7 46
-1373.5 40
-1373.3 38
-1373.1 53
-1372.9 25
-1372.7 52
-1372.5 34
-1372.3 45
-1372.1 51
-1371.9 36
-1371.7 51
-1371.5 30
-1371.3 28
-1371.1 40
-1370.9 43
-1370.7 31
-1370.5 39
-1370.3 33
-1370.1 30
-1369.9 37
-1369.7 32
-1369.5 39
-1369.3 40
-1369.1 34
-1368.9 19
-1368.7 40
-1368.5 34
-1368.3 25
-1368.1 33
-1367.9 33
-1367.7 31
-1367.5 25
-1367.3 18
-1367.1 25
-1366.9 31
-1366.7 27
-1366.5 30
-1366.3 24
-1366.1 20
-1365.9 24
-1365.7 23
-1365.5 24
-1365.3 24
-1365.1 16
-1364.9 22
-1364.7 20
-1364.5 16
-1364.3 18
-1364.1 26
-1363.9 19
-1363.7 17
-1363.5 16
-1363.3 21
-1363.1 17
-1362.9 13
-1362.7 26
-1362.5 23
-1362.3 13
-1362.1 17
-1361.9 14
-1361.7 11
-1361.5 11
-1361.3 15
-1361.1 12
-1360.9 13
-1360.7 13
-1360.5 18
-1360.3 16
-1360.1 16
-1359.9 16
-1359.7 13
-1359.5 8
-1359.3 10
-1359.1 3
-1358.9 15
-1358.7 9
-1358.5 8
-1358.3 10
-1358.1 9
-1357.9 16
-1357.7 15
-1357.5 7
-1357.3 11
-1357.1 10
-1356.9 14
-1356.7 7
-1356.5 10
-1356.3 9
-1356.1 13
-1355.9 12
-1355.7 6
-1355.5 3
-1355.3 4
-1355.1 3
-1354.9 5
-1354.7 7
-1354.5 7
-1354.3 5
-1354.1 7
-1353.9 2
-1353.7 2
-1353.5 6
-1353.3 7
-1353.1 2
-1352.9 6
-1352.7 6
-1352.5 3
-1352.3 5
-1352.1 7
-1351.9 6
-1351.7 4
-1351.5 2
-1351.3 6
-1351.1 5
-1350.9 10
-1350.7 2
-1350.5 4
-1350.3 4
-1350.1 1
