-1599.9 0
-1599.7 0
-1599.5 0
-1599.3 0
-1599.1 0
-1598.9 0
-1598.7 0
-1598.5 0
-1598.3 0
-1598.1 0
-1597.9 0
-1597.7 0
-1597.5 0
-1597.3 0
-1597.1 0
-1596.9 0
-1596.7 0
-1596.5 0
-1596.3 0
-1596.1 0
-1595.9 0
-1595.7 0
-1595.5 0
-1595.3 0
-1595.1 0
-1594.9 0
-1594.7 0
-1594.5 0
-1594.3 0
-1594.1 0
-1593.9 0
-1593.7 0
-1593.5 0
-1593.3 0
-1593.1 0
-1592.9 0
-1592.7 0
-1592.5 0
-1592.3 0
-1592.1 0
-1591.9 0
-1591.7 0
-1591.5 0
-1591.3 1
-1591.1 0
-1590.9 0
-1590.7 0
-1590.5 0
-1590.3 0
-1590.1 1
-1589.9 0
-1589.7 0
-1589.5 0
-1589.3 0
-1589.1 0
-1588.9 0
-1588.7 0
-1588.5 0
-1588.3 0
-1588.1 0
-1587.9 0
-1587.7 0
-1587.5 0
-1587.3 0
-1587.1 0
-1586.9 0
-1586.7 0
-1586.5 0
-1586.3 0
-1586.1 0
-1585.9 1
-1585.7 0
-1585.5 0
-1585.3 0
-1585.1 0
-1584.9 0
-1584.7 0
-1584.5 0
-1584.3 0
-1584.1 0
-1583.9 0
-1583.7 0
-1583.5 0
-1583.3 0
-1583.1 0
-1582.9 0
-1582.7 0
-1582.5 0
-1582.3 1
-1582.1 1
-1581.9 0
-1581.7 1
-1581.5 0
-1581.3 0
-1581.1 0
-1580.9 0
-1580.7 0
-1580.5 0
-1580.3 0
-1580.1 0
-1579.9 0
-1579.7 0
-1579.5 0
-1579.3 0
-1579.1 0
-1578.9 0
-1578.7 0
-1578.5 0
-1578.3 0
-1578.1 0
-1577.9 0
-1577.7 0
-1577.5 0
-1577.3 1
-1577.1 0
-1576.9 0
-1576.7 0
-1576.5 0
-1576.3 0
-1576.1 0
-1575.9 0
-1575.7 0
-1575.5 0
-1575.3 1
-1575.1 0
-1574.9 0
-1574.7 0
-1574.5 0
-1574.3 0
-1574.1 0
-1573.9 0
-1573.7 0
-1573.5 0
-1573.3 0
-1573.1 0
-1572.9 0
-1572.7 0
-1572.5 0
-1572.3 0
-1572.1 0
-1571.9 0
-1571.7 0
-1571.5 0
-1571.3 0
-1571.1 0
-1570.9 0
-1570.7 0
-1570.5 0
-1570.3 0
-1570.1 0
-1569.9 0
-1569.7 0
-1569.5 0
-1569.3 1
-1569.1 0
-1568.9 0
-1568.7 0
-1568.5 0
-1568.3 0
-1568.1 0
-1567.9 0
-1567.7 0
-1567.5 0
-1567.3 0
-1567.1 0
-1566.9 0
-1566.7 0
-1566.5 0
-1566.3 0
-1566.1 0
-1565.9 0
-1565.7 0
-1565.5 0
-1565.3 0
-1565.1 1
-1564.9 0
-1564.7 0
-1564.5 0
-1564.3 0
-1564.1 0
-1563.9 0
-1563.7 0
-1563.5 0
-1563.3 0
-1563.1 1
-1562.9 0
-1562.7 2
-1562.5 0
-1562.3 0
-1562.1 0
-1561.9 0
-1561.7 1
-1561.5 0
-1561.3 2
-1561.1 2
-1560.9 0
-1560.7 2
-1560.5 2
-1560.3 2
-1560.1 4
-1559.9 2
-1559.7 8
-1559.5 8
-1559.3 7
-1559.1 10
-1558.9 8
-1558.7 12
-1558.5 14
-1558.3 16
-1558.1 24
-1557.9 22
-1557.7 22
-1557.5 21
-1557.3 25
-1557.1 27
-1556.9 23
-1556.7 36
-1556.5 44
-1556.3 50
-1556.1 44
-1555.9 57
-1555.7 51
-1555.5 46
-1555.3 64
-1555.1 63
-1554.9 57
-1554.7 84
-1554.5 75
-1554.3 93
-1554.1 95
-1553.9 96
-1553.7 89
-1553.5 107
-1553.3 100
-1553.1 118
-1552.9 111
-1552.7 100
-1552.5 111
-1552.3 114
-1552.1 123
-1551.9 118
-1551.7 132
-1551.5 129
-1551.3 139
-1551.1 124
-1550.9 161
-1550.7 144
-1550.5 118
-1550.3 138
-1550.1 131
-1549.9 144
-1549.7 138
-1549.5 160
-1549.3 134
-1549.1 132
-1548.9 171
-1548.7 152
-1548.5 168
-1548.3 172
-1548.1 164
-1547.9 192
-1547.7 161
-1547.5 151
-1547.3 134
-1547.1 186
-1546.9 153
-1546.7 150
-1546.5 161
-1546.3 142
-1546.1 137
-1545.9 167
-1545.7 136
-1545.5 160
-1545.3 147
-1545.1 152
-1544.9 149
-1544.7 150
-1544.5 145
-1544.3 160
-1544.1 137
-1543.9 137
-1543.7 140
-1543.5 134
-1543.3 160
-1543.1 151
-1542.9 140
-1542.7 142
-1542.5 132
-1542.3 134
-1542.1 124
-1541.9 140
-1541.7 129
-1541.5 138
-1541.3 136
-1541.1 122
-1540.9 140
-1540.7 146
-1540.5 147
-1540.3 121
-1540.1 137
-1539.9 128
-1539.7 115
-1539.5 133
-1539.3 129
-1539.1 123
-1538.9 135
-1538.7 125
-1538.5 146
-1538.3 117
-1538.1 115
-1537.9 129
-1537.7 118
-1537.5 112
-1537.3 102
-1537.1 105
-1536.9 123
-1536.7 104
-1536.5 118
-1536.3 117
-1536.1 110
-1535.9 117
-1535.7 108
-1535.5 109
-1535.3 106
-1535.1 115
-1534.9 107
-1534.7 109
-1534.5 100
-1534.3 104
-1534.1 111
-1533.9 97
-1533.7 101
-1533.5 106
-1533.3 78
-1533.1 97
-1532.9 103
-1532.7 106
-1532.5 108
-1532.3 95
-1532.1 107
-1531.9 110
-1531.7 129
-1531.5 98
-1531.3 110
-1531.1 105
-1530.9 89
-1530.7 111
-1530.5 94
-1530.3 91
-1530.1 114
-1529.9 92
-1529.7 91
-1529.5 105
-1529.3 95
-1529.1 115
-1528.9 115
-1528.7 103
-1528.5 99
-1528.3 107
-1528.1 125
-1527.9 130
-1527.7 112
-1527.5 106
-1527.3 101
-1527.1 139
-1526.9 110
-1526.7 111
-1526.5 117
-1526.3 119
-1526.1 110
-1525.9 104
-1525.7 113
-1525.5 108
-1525.3 104
-1525.1 107
-1524.9 113
-1524.7 104
-1524.5 117
-1524.3 110
-1524.1 111
-1523.9 115
-1523.7 122
-1523.5 102
-1523.3 112
-1523.1 127
-1522.9 109
-1522.7 105
-1522.5 116
-1522.3 93
-1522.1 95
-1521.9 100
-1521.7 98
-1521.5 96
-1521.3 100
-1521.1 98
-1520.9 86
-1520.7 103
-1520.5 119
-1520.3 96
-1520.1 94
-1519.9 87
-1519.7 92
-1519.5 82
-1519.3 72
-1519.1 81
-1518.9 94
-1518.7 74
-1518.5 110
-1518.3 91
-1518.1 76
-1517.9 87
-1517.7 76
-1517.5 96
-1517.3 89
-1517.1 70
-1516.9 88
-1516.7 80
-1516.5 84
-1516.3 105
-1516.1 86
-1515.9 96
-1515.7 74
-1515.5 80
-1515.3 75
-1515.1 90
-1514.9 95
-1514.7 97
-1514.5 85
-1514.3 73
-1514.1 98
-1513.9 89
-1513.7 87
-1513.5 80
-1513.3 87
-1513.1 90
-1512.9 96
-1512.7 82
-1512.5 87
-1512.3 81
-1512.1 86
-1511.9 87
-1511.7 87
-1511.5 75
-1511.3 86
-1511.1 78
-1510.9 90
-1510.7 76
-1510.5 80
-1510.3 76
-1510.1 93
-1509.9 93
-1509.7 96
-1509.5 119
-1509.3 106
-1509.1 98
-1508.9 100
-1508.7 104
-1508.5 109
-1508.3 100
-1508.1 137
-1507.9 127
-1507.7 99
-1507.5 117
-1507.3 120
-1507.1 125
-1506.9 129
-1506.7 128
-1506.5 130
-1506.3 141
-1506.1 124
-1505.9 125
-1505.7 130
-1505.5 117
-1505.3 121
-1505.1 137
-1504.9 148
-1504.7 128
-1504.5 137
-1504.3 109
-1504.1 133
-1503.9 125
-1503.7 121
-1503.5 135
-1503.3 106
-1503.1 102
-1502.9 109
-1502.7 95
-1502.5 130
-1502.3 96
-1502.1 98
-1501.9 100
-1501.7 72
-1501.5 100
-1501.3 105
-1501.1 88
-1500.9 81
-1500.7 99
-1500.5 86
-1500.3 73
-1500.1 73
-1499.9 78
-1499.7 66
-1499.5 80
-1499.3 83
-1499.1 93
-1498.9 78
-1498.7 86
-1498.5 64
-1498.3 81
-1498.1 72
-1497.9 73
-1497.7 92
-1497.5 89
-1497.3 73
-1497.1 71
-1496.9 83
-1496.7 78
-1496.5 76
-1496.3 64
-1496.1 72
-1495.9 72
-1495.7 88
-1495.5 91
-1495.3 83
-1495.1 89
-1494.9 93
-1494.7 91
-1494.5 86
-1494.3 73
-1494.1 91
-1493.9 95
-1493.7 111
-1493.5 106
-1493.3 105
-1493.1 105
-1492.9 119
-1492.7 110
-1492.5 125
-1492.3 103
-1492.1 107
-1491.9 121
-1491.7 120
-1491.5 130
-1491.3 106
-1491.1 126
-1490.9 133
-1490.7 106
-1490.5 133
-1490.3 108
-1490.1 117
-1489.9 126
-1489.7 126
-1489.5 114
-1489.3 141
-1489.1 136
-1488.9 94
-1488.7 122
-1488.5 126
-1488.3 132
-1488.1 108
-1487.9 119
-1487.7 132
-1487.5 120
-1487.3 110
-1487.1 121
-1486.9 110
-1486.7 112
-1486.5 102
-1486.3 93
-1486.1 98
-1485.9 113
-1485.7 125
-1485.5 100
-1485.3 112
-1485.1 104
-1484.9 86
-1484.7 85
-1484.5 82
-1484.3 100
-1484.1 96
-1483.9 93
-1483.7 93
-1483.5 94
-1483.3 100
-1483.1 106
-1482.9 104
-1482.7 92
-1482.5 87
-1482.3 90
-1482.1 100
-1481.9 86
-1481.7 83
-1481.5 88
-1481.3 93
-1481.1 99
-1480.9 91
-1480.7 64
-1480.5 73
-1480.3 91
-1480.1 74
-1479.9 92
-1479.7 85
-1479.5 68
-1479.3 91
-1479.1 83
-1478.9 89
-1478.7 82
-1478.5 95
-1478.3 66
-1478.1 86
-1477.9 90
-1477.7 70
-1477.5 75
-1477.3 98
-1477.1 88
-1476.9 76
-1476.7 97
-1476.5 112
-1476.3 115
-1476.1 96
-1475.9 96
-1475.7 71
-1475.5 96
-1475.3 119
-1475.1 94
-1474.9 109
-1474.7 106
-1474.5 111
-1474.3 107
-1474.1 109
-1473.9 122
-1473.7 102
-1473.5 114
-1473.3 116
-1473.1 129
-1472.9 107
-1472.7 125
-1472.5 140
-1472.3 115
-1472.1 98
-1471.9 120
-1471.7 120
-1471.5 126
-1471.3 113
-1471.1 131
-1470.9 106
-1470.7 114
-1470.5 117
-1470.3 95
-1470.1 96
-1469.9 108
-1469.7 114
-1469.5 99
-1469.3 97
-1469.1 98
-1468.9 107
-1468.7 90
-1468.5 108
-1468.3 98
-1468.1 125
-1467.9 86
-1467.7 104
-1467.5 110
-1467.3 111
-1467.1 89
-1466.9 93
-1466.7 99
-1466.5 108
-1466.3 104
-1466.1 81
-1465.9 86
-1465.7 86
-1465.5 100
-1465.3 79
-1465.1 81
-1464.9 86
-1464.7 90
-1464.5 84
-1464.3 89
-1464.1 109
-1463.9 92
-1463.7 94
-1463.5 93
-1463.3 106
-1463.1 93
-1462.9 84
-1462.7 93
-1462.5 97
-1462.3 92
-1462.1 102
-1461.9 112
-1461.7 81
-1461.5 80
-1461.3 79
-1461.1 86
-1460.9 89
-1460.7 81
-1460.5 91
-1460.3 84
-1460.1 95
-1459.9 86
-1459.7 98
-1459.5 79
-1459.3 71
-1459.1 108
-1458.9 100
-1458.7 90
-1458.5 99
-1458.3 88
-1458.1 87
-1457.9 85
-1457.7 100
-1457.5 87
-1457.3 86
-1457.1 127
-1456.9 101
-1456.7 104
-1456.5 83
-1456.3 99
-1456.1 96
-1455.9 88
-1455.7 104
-1455.5 94
-1455.3 93
-1455.1 92
-1454.9 88
-1454.7 105
-1454.5 98
-1454.3 104
-1454.1 122
-1453.9 107
-1453.7 119
-1453.5 100
-1453.3 89
-1453.1 104
-1452.9 113
-1452.7 100
-1452.5 89
-1452.3 113
-1452.1 114
-1451.9 120
-1451.7 112
-1451.5 111
-1451.3 83
-1451.1 103
-1450.9 113
-1450.7 108
-1450.5 115
-1450.3 124
-1450.1 114
-1449.9 105
-1449.7 101
-1449.5 99
-1449.3 91
-1449.1 103
-1448.9 108
-1448.7 100
-1448.5 98
-1448.3 88
-1448.1 84
-1447.9 100
-1447.7 95
-1447.5 73
-1447.3 86
-1447.1 104
-1446.9 85
-1446.7 71
-1446.5 102
-1446.3 93
-1446.1 87
-1445.9 96
-1445.7 100
-1445.5 88
-1445.3 98
-1445.1 111
-1444.9 98
-1444.7 83
-1444.5 77
-1444.3 81
-1444.1 92
-1443.9 92
-1443.7 90
-1443.5 106
-1443.3 86
-1443.1 80
-1442.9 100
-1442.7 73
-1442.5 108
-1442.3 96
-1442.1 94
-1441.9 89
-1441.7 115
-1441.5 90
-1441.3 93
-1441.1 87
-1440.9 96
-1440.7 88
-1440.5 88
-1440.3 99
-1440.1 90
-1439.9 112
-1439.7 85
-1439.5 82
-1439.3 100
-1439.1 102
-1438.9 93
-1438.7 108
-1438.5 105
-1438.3 111
-1438.1 111
-1437.9 98
-1437.7 85
-1437.5 84
-1437.3 81
-1437.1 93
-1436.9 95
-1436.7 93
-1436.5 101
-1436.3 104
-1436.1 101
-1435.9 99
-1435.7 113
-1435.5 98
-1435.3 91
-1435.1 113
-1434.9 90
-1434.7 114
-1434.5 103
-1434.3 99
-1434.1 98
-1433.9 109
-1433.7 106
-1433.5 96
-1433.3 111
-1433.1 106
-1432.9 103
-1432.7 97
-1432.5 125
-1432.3 105
-1432.1 91
-1431.9 87
-1431.7 113
-1431.5 112
-1431.3 107
-1431.1 112
-1430.9 103
-1430.7 98
-1430.5 115
-1430.3 89
-1430.1 96
-1429.9 98
-1429.7 100
-1429.5 93
-1429.3 97
-1429.1 101
-1428.9 103
-1428.7 100
-1428.5 108
-1428.3 100
-1428.1 94
-1427.9 111
-1427.7 98
-1427.5 115
-1427.3 94
-1427.1 96
-1426.9 87
-1426.7 118
-1426.5 89
-1426.3 95
-1426.1 107
-1425.9 84
-1425.7 89
-1425.5 110
-1425.3 85
-1425.1 99
-1424.9 112
-1424.7 121
-1424.5 86
-1424.3 94
-1424.1 86
-1423.9 101
-1423.7 96
-1423.5 102
-1423.3 81
-1423.1 93
-1422.9 91
-1422.7 106
-1422.5 86
-1422.3 91
-1422.1 98
-1421.9 92
-1421.7 81
-1421.5 109
-1421.3 96
-1421.1 97
-1420.9 97
-1420.7 101
-1420.5 90
-1420.3 72
-1420.1 105
-1419.9 72
-1419.7 90
-1419.5 88
-1419.3 86
-1419.1 95
-1418.9 76
-1418.7 93
-1418.5 82
-1418.3 86
-1418.1 88
-1417.9 93
-1417.7 98
-1417.5 84
-1417.3 119
-1417.1 100
-1416.9 86
-1416.7 105
-1416.5 89
-1416.3 100
-1416.1 90
-1415.9 100
-1415.7 129
-1415.5 89
-1415.3 107
-1415.1 112
-1414.9 106
-1414.7 98
-1414.5 95
-1414.3 114
-1414.1 105
-1413.9 99
-1413.7 93
-1413.5 90
-1413.3 104
-1413.1 102
-1412.9 87
-1412.7 103
-1412.5 97
-1412.3 109
-1412.1 100
-1411.9 122
-1411.7 123
-1411.5 100
-1411.3 89
-1411.1 89
-1410.9 100
-1410.7 99
-1410.5 103
-1410.3 101
-1410.1 100
-1409.9 118
-1409.7 93
-1409.5 110
-1409.3 108
-1409.1 96
-1408.9 104
-1408.7 102
-1408.5 83
-1408.3 92
-1408.1 102
-1407.9 95
-1407.7 104
-1407.5 117
-1407.3 97
-1407.1 89
-1406.9 103
-1406.7 107
-1406.5 78
-1406.3 93
-1406.1 96
-1405.9 77
-1405.7 97
-1405.5 91
-1405.3 94
-1405.1 81
-1404.9 94
-1404.7 83
-1404.5 97
-1404.3 79
-1404.1 88
-1403.9 100
-1403.7 99
-1403.5 110
-1403.3 90
-1403.1 86
-1402.9 91
-1402.7 88
-1402.5 99
-1402.3 77
-1402.1 95
-1401.9 101
-1401.7 115
-1401.5 112
-1401.3 88
-1401.1 96
-1400.9 110
-1400.7 97
-1400.5 92
-1400.3 108
-1400.1 91
-1399.9 95
-1399.7 118
-1399.5 86
-1399.3 101
-1399.1 98
-1398.9 101
-1398.7 97
-1398.5 91
-1398.3 87
-1398.1 120
-1397.9 103
-1397.7 101
-1397.5 101
-1397.3 99
-1397.1 101
-1396.9 96
-1396.7 94
-1396.5 111
-1396.3 79
-1396.1 101
-1395.9 124
-1395.7 98
-1395.5 104
-1395.3 96
-1395.1 95
-1394.9 85
-1394.7 107
-1394.5 98
-1394.3 82
-1394.1 83
-1393.9 108
-1393.7 101
-1393.5 89
-1393.3 109
-1393.1 94
-1392.9 108
-1392.7 81
-1392.5 104
-1392.3 92
-1392.1 92
-1391.9 94
-1391.7 82
-1391.5 92
-1391.3 94
-1391.1 115
-1390.9 104
-1390.7 123
-1390.5 98
-1390.3 107
-1390.1 108
-1389.9 98
-1389.7 96
-1389.5 95
-1389.3 83
-1389.1 90
-1388.9 100
-1388.7 87
-1388.5 98
-1388.3 109
-1388.1 102
-1387.9 102
-1387.7 107
-1387.5 94
-1387.3 109
-1387.1 105
-1386.9 92
-1386.7 102
-1386.5 102
-1386.3 97
-1386.1 100
-1385.9 99
-1385.7 90
-1385.5 90
-1385.3 90
-1385.1 85
-1384.9 74
-1384.7 110
-1384.5 83
-1384.3 100
-1384.1 103
-1383.9 126
-1383.7 95
-1383.5 111
-1383.3 84
-1383.1 110
-1382.9 93
-1382.7 93
-1382.5 103
-1382.3 110
-1382.1 115
-1381.9 95
-1381.7 98
-1381.5 90
-1381.3 106
-1381.1 97
-1380.9 101
-1380.7 93
-1380.5 93
-1380.3 91
-1380.1 108
-1379.9 108
-1379.7 102
-1379.5 114
-1379.3 91
-1379.1 99
-1378.9 114
-1378.7 100
-1378.5 88
-1378.3 99
-1378.1 112
-1377.9 105
-1377.7 90
-1377.5 95
-1377.3 91
-1377.1 109
-1376.9 86
-1376.7 83
-1376.5 104
-1376.3 102
-1376.1 84
-1375.9 90
-1375.7 94
-1375.5 95
-1375.3 104
-1375.1 96
-1374.9 122
-1374.7 118
-1374.5 97
-1374.3 117
-1374.1 93
-1373.9 107
-1373.7 92
-1373.5 94
-1373.3 108
-1373.1 108
-1372.9 102
-1372.7 106
-1372.5 97
-1372.3 118
-1372.1 98
-1371.9 93
-1371.7 111
-1371.5 107
-1371.3 100
-1371.1 91
-1370.9 81
-1370.7 103
-1370.5 107
-1370.3 92
-1370.1 98
-1369.9 98
-1369.7 84
-1369.5 81
-1369.3 106
-1369.1 98
-1368.9 110
-1368.7 89
-1368.5 113
-1368.3 84
-1368.1 81
-1367.9 108
-1367.7 97
-1367.5 98
-1367.3 89
-1367.1 91
-1366.9 117
-1366.7 88
-1366.5 91
-1366.3 95
-1366.1 85
-1365.9 105
-1365.7 98
-1365.5 101
-1365.3 87
-1365.1 96
-1364.9 115
-1364.7 97
-1364.5 87
-1364.3 95
-1364.1 101
-1363.9 96
-1363.7 97
-1363.5 88
-1363.3 93
-1363.1 79
-1362.9 101
-1362.7 91
-1362.5 72
-1362.3 103
-1362.1 98
-1361.9 96
-1361.7 102
-1361.5 105
-1361.3 106
-1361.1 99
-1360.9 91
-1360.7 88
-1360.5 85
-1360.3 90
-1360.1 115
-1359.9 99
-1359.7 104
-1359.5 92
-1359.3 92
-1359.1 107
-1358.9 97
-1358.7 109
-1358.5 105
-1358.3 85
-1358.1 95
-1357.9 98
-1357.7 99
-1357.5 104
-1357.3 109
-1357.1 91
-1356.9 95
-1356.7 76
-1356.5 84
-1356.3 104
-1356.1 98
-1355.9 104
-1355.7 96
-1355.5 92
-1355.3 95
-1355.1 85
-1354.9 90
-1354.7 96
-1354.5 121
-1354.3 92
-1354.1 99
-1353.9 78
-1353.7 89
-1353.5 112
-1353.3 93
-1353.1 76
-1352.9 88
-1352.7 99
-1352.5 110
-1352.3 95
-1352.1 83
-1351.9 75
-1351.7 86
-1351.5 103
-1351.3 87
-1351.1 98
-1350.9 91
-1350.7 85
-1350.5 95
-1350.3 106
-1350.1 100
-1349.9 100
-1349.7 99
-1349.5 93
-1349.3 92
-1349.1 96
-1348.9 101
-1348.7 87
-1348.5 93
-1348.3 98
-1348.1 85
-1347.9 86
-1347.7 102
-1347.5 73
-1347.3 84
-1347.1 91
-1346.9 90
-1346.7 106
-1346.5 97
-1346.3 108
-1346.1 77
-1345.9 94
-1345.7 98
-1345.5 89
-1345.3 80
-1345.1 99
-1344.9 67
-1344.7 76
-1344.5 86
-1344.3 82
-1344.1 79
-1343.9 79
-1343.7 84
-1343.5 100
-1343.3 93
-1343.1 81
-1342.9 79
-1342.7 83
-1342.5 75
-1342.3 79
-1342.1 90
-1341.9 73
-1341.7 67
-1341.5 78
-1341.3 63
-1341.1 67
-1340.9 69
-1340.7 70
-1340.5 77
-1340.3 69
-1340.1 75
-1339.9 76
-1339.7 74
-1339.5 57
-1339.3 72
-1339.1 59
-1338.9 65
-1338.7 56
-1338.5 47
-1338.3 50
-1338.1 60
-1337.9 40
-1337.7 51
-1337.5 55
-1337.3 56
-1337.1 45
-1336.9 38
-1336.7 55
-1336.5 53
-1336.3 58
-1336.1 48
-1335.9 56
-1335.7 40
-1335.5 50
-1335.3 34
-1335.1 44
-1334.9 58
-1334.7 44
-1334.5 52
-1334.3 39
-1334.1 48
-1333.9 52
-1333.7 40
-1333.5 41
-1333.3 42
-1333.1 42
-1332.9 45
-1332.7 26
-1332.5 32
-1332.3 32
-1332.1 41
-1331.9 30
-1331.7 25
-1331.5 29
-1331.3 29
-1331.1 25
-1330.9 22
-1330.7 25
-1330.5 27
-1330.3 21
-1330.1 36
-1329.9 24
-1329.7 20
-1329.5 26
-1329.3 11
-1329.1 24
-1328.9 21
-1328.7 26
-1328.5 24
-1328.3 22
-1328.1 17
-1327.9 16
-1327.7 15
-1327.5 18
-1327.3 23
-1327.1 15
-1326.9 13
-1326.7 13
-1326.5 14
-1326.3 17
-1326.1 12
-1325.9 11
-1325.7 15
-1325.5 25
-1325.3 18
-1325.1 17
-1324.9 12
-1324.7 15
-1324.5 14
-1324.3 7
-1324.1 13
-1323.9 13
-1323.7 13
-1323.5 12
-1323.3 15
-1323.1 17
-1322.9 11
-1322.7 15
-1322.5 7
-1322.3 13
-1322.1 12
-1321.9 7
-1321.7 10
-1321.5 6
-1321.3 14
-1321.1 11
-1320.9 9
-1320.7 4
-1320.5 8
-1320.3 8
-1320.1 8
-1319.9 13
-1319.7 7
-1319.5 8
-1319.3 6
-1319.1 3
-1318.9 5
-1318.7 13
-1318.5 4
-1318.3 5
-1318.1 2
-1317.9 4
-1317.7 6
-1317.5 6
-1317.3 5
-1317.1 1
-1316.9 5
-1316.7 6
-1316.5 4
-1316.3 2
-1316.1 4
-1315.9 3
-1315.7 2
-1315.5 0
-1315.3 0
-1315.1 2
-1314.9 0
-1314.7 3
-1314.5 0
-1314.3 0
-1314.1 2
-1313.9 3
-1313.7 0
-1313.5 1
-1313.3 1
-1313.1 0
-1312.9 0
-1312.7 2
-1312.5 1
-1312.3 1
-1312.1 2
-1311.9 2
-1311.7 0
-1311.5 0
-1311.3 0
-1311.1 0
-1310.9 0
-1310.7 1
-1310.5 0
-1310.3 0
-1310.1 0
-1309.9 0
-1309.7 0
-1309.5 0
-1309.3 1
-1309.1 0
-1308.9 0
-1308.7 0
-1308.5 1
-1308.3 1
-1308.1 0
-1307.9 0
-1307.7 0
-1307.5 0
-1307.3 0
-1307.1 1
-1306.9 1
-1306.7 0
-1306.5 0
-1306.3 0
-1306.1 1
-1305.9 0
-1305.7 0
-1305.5 0
-1305.3 0
-1305.1 0
-1304.9 0
-1304.7 1
-1304.5 0
-1304.3 0
-1304.1 1
-1303.9 1
-1303.7 1
-1303.5 0
-1303.3 0
-1303.1 0
-1302.9 0
-1302.7 0
-1302.5 0
-1302.3 1
-1302.1 0
-1301.9 0
-1301.7 1
-1301.5 1
-1301.3 0
-1301.1 0
-1300.9 0
-1300.7 1
-1300.5 0
-1300.3 1
-1300.1 0
