-1599.9 0
-1599.7 0
-1599.5 0
-1599.3 0
-1599.1 0
-1598.9 0
-1598.7 0
-1598.5 0
-1598.3 0
-1598.1 0
-1597.9 0
-1597.7 1
-1597.5 1
-1597.3 0
-1597.1 0
-1596.9 1
-1596.7 0
-1596.5 0
-1596.3 0
-1596.1 0
-1595.9 0
-1595.7 0
-1595.5 0
-1595.3 0
-1595.1 0
-1594.9 0
-1594.7 0
-1594.5 0
-1594.3 0
-1594.1 0
-1593.9 0
-1593.7 1
-1593.5 0
-1593.3 0
-1593.1 0
-1592.9 0
-1592.7 0
-1592.5 0
-1592.3 0
-1592.1 0
-1591.9 1
-1591.7 0
-1591.5 0
-1591.3 0
-1591.1 1
-1590.9 0
-1590.7 0
-1590.5 0
-1590.3 0
-1590.1 0
-1589.9 0
-1589.7 0
-1589.5 0
-1589.3 0
-1589.1 0
-1588.9 0
-1588.7 0
-1588.5 0
-1588.3 0
-1588.1 0
-1587.9 0
-1587.7 0
-1587.5 0
-1587.3 0
-1587.1 0
-1586.9 0
-1586.7 0
-1586.5 0
-1586.3 0
-1586.1 0
-1585.9 0
-1585.7 0
-1585.5 0
-1585.3 0
-1585.1 0
-1584.9 0
-1584.7 0
-1584.5 0
-1584.3 0
-1584.1 0
-1583.9 0
-1583.7 0
-1583.5 0
-1583.3 0
-1583.1 0
-1582.9 0
-1582.7 0
-1582.5 0
-1582.3 0
-1582.1 0
-1581.9 0
-1581.7 0
-1581.5 0
-1581.3 0
-1581.1 0
-1580.9 0
-1580.7 0
-1580.5 0
-1580.3 0
-1580.1 1
-1579.9 0
-1579.7 0
-1579.5 0
-1579.3 0
-1579.1 0
-1578.9 0
-1578.7 0
-1578.5 0
-1578.3 0
-1578.1 0
-1577.9 0
-1577.7 0
-1577.5 0
-1577.3 0
-1577.1 0
-1576.9 0
-1576.7 0
-1576.5 0
-1576.3 0
-1576.1 1
-1575.9 0
-1575.7 0
-1575.5 0
-1575.3 0
-1575.1 1
-1574.9 0
-1574.7 0
-1574.5 0
-1574.3 2
-1574.1 1
-1573.9 0
-1573.7 0
-1573.5 0
-1573.3 0
-1573.1 2
-1572.9 1
-1572.7 1
-1572.5 1
-1572.3 2
-1572.1 1
-1571.9 4
-1571.7 4
-1571.5 0
-1571.3 3
-1571.1 4
-1570.9 2
-1570.7 3
-1570.5 5
-1570.3 4
-1570.1 6
-1569.9 6
-1569.7 7
-1569.5 10
-1569.3 9
-1569.1 12
-1568.9 14
-1568.7 16
-1568.5 18
-1568.3 9
-1568.1 11
-1567.9 12
-1567.7 29
-1567.5 17
-1567.3 26
-1567.1 32
-1566.9 32
-1566.7 42
-1566.5 33
-1566.3 38
-1566.1 50
-1565.9 48
-1565.7 46
-1565.5 48
-1565.3 57
-1565.1 50
-1564.9 55
-1564.7 63
-1564.5 59
-1564.3 60
-1564.1 73
-1563.9 68
-1563.7 82
-1563.5 84
-1563.3 78
-1563.1 89
-1562.9 68
-1562.7 73
-1562.5 104
-1562.3 91
-1562.1 115
-1561.9 106
-1561.7 92
-1561.5 109
-1561.3 114
-1561.1 121
-1560.9 114
-1560.7 117
-1560.5 113
-1560.3 104
-1560.1 131
-1559.9 115
-1559.7 124
-1559.5 116
-1559.3 114
-1559.1 120
-1558.9 125
-1558.7 135
-1558.5 109
-1558.3 127
-1558.1 128
-1557.9 140
-1557.7 140
-1557.5 146
-1557.3 128
-1557.1 151
-1556.9 147
-1556.7 146
-1556.5 125
-1556.3 127
-1556.1 132
-1555.9 130
-1555.7 131
-1555.5 155
-1555.3 136
-1555.1 139
-1554.9 146
-1554.7 140
-1554.5 133
-1554.3 132
-1554.1 143
-1553.9 140
-1553.7 141
-1553.5 119
-1553.3 139
-1553.1 139
-1552.9 146
-1552.7 126
-1552.5 128
-1552.3 136
-1552.1 140
-1551.9 146
-1551.7 129
-1551.5 127
-1551.3 128
-1551.1 129
-1550.9 148
-1550.7 139
-1550.5 147
-1550.3 133
-1550.1 115
-1549.9 147
-1549.7 109
-1549.5 119
-1549.3 105
-1549.1 104
-1548.9 128
-1548.7 105
-1548.5 109
-1548.3 113
-1548.1 122
-1547.9 118
-1547.7 95
-1547.5 159
-1547.3 134
-1547.1 130
-1546.9 145
-1546.7 112
-1546.5 116
-1546.3 116
-1546.1 111
-1545.9 117
-1545.7 131
-1545.5 130
-1545.3 130
-1545.1 123
-1544.9 121
-1544.7 109
-1544.5 100
-1544.3 125
-1544.1 109
-1543.9 104
-1543.7 117
-1543.5 105
-1543.3 127
-1543.1 114
-1542.9 100
-1542.7 114
-1542.5 102
-1542.3 124
-1542.1 103
-1541.9 106
-1541.7 122
-1541.5 119
-1541.3 106
-1541.1 93
-1540.9 107
-1540.7 106
-1540.5 99
-1540.3 100
-1540.1 115
-1539.9 118
-1539.7 124
-1539.5 106
-1539.3 109
-1539.1 86
-1538.9 120
-1538.7 87
-1538.5 93
-1538.3 120
-1538.1 107
-1537.9 109
-1537.7 85
-1537.5 135
-1537.3 93
-1537.1 106
-1536.9 107
-1536.7 89
-1536.5 97
-1536.3 97
-1536.1 109
-1535.9 90
-1535.7 85
-1535.5 99
-1535.3 109
-1535.1 85
-1534.9 101
-1534.7 91
-1534.5 92
-1534.3 107
-1534.1 101
-1533.9 114
-1533.7 109
-1533.5 92
-1533.3 103
-1533.1 97
-1532.9 116
-1532.7 111
-1532.5 102
-1532.3 96
-1532.1 92
-1531.9 118
-1531.7 103
-1531.5 105
-1531.3 124
-1531.1 102
-1530.9 111
-1530.7 104
-1530.5 117
-1530.3 110
-1530.1 110
-1529.9 105
-1529.7 93
-1529.5 108
-1529.3 110
-1529.1 105
-1528.9 106
-1528.7 116
-1528.5 95
-1528.3 116
-1528.1 110
-1527.9 123
-1527.7 100
-1527.5 103
-1527.3 103
-1527.1 100
-1526.9 89
-1526.7 110
-1526.5 96
-1526.3 96
-1526.1 101
-1525.9 98
-1525.7 107
-1525.5 111
-1525.3 86
-1525.1 109
-1524.9 98
-1524.7 92
-1524.5 91
-1524.3 100
-1524.1 119
-1523.9 106
-1523.7 78
-1523.5 102
-1523.3 106
-1523.1 93
-1522.9 102
-1522.7 106
-1522.5 90
-1522.3 110
-1522.1 84
-1521.9 97
-1521.7 109
-1521.5 87
-1521.3 94
-1521.1 105
-1520.9 93
-1520.7 90
-1520.5 84
-1520.3 94
-1520.1 83
-1519.9 91
-1519.7 79
-1519.5 89
-1519.3 84
-1519.1 99
-1518.9 84
-1518.7 84
-1518.5 83
-1518.3 91
-1518.1 85
-1517.9 91
-1517.7 85
-1517.5 87
-1517.3 94
-1517.1 83
-1516.9 86
-1516.7 85
-1516.5 86
-1516.3 89
-1516.1 79
-1515.9 93
-1515.7 104
-1515.5 94
-1515.3 85
-1515.1 89
-1514.9 95
-1514.7 92
-1514.5 92
-1514.3 97
-1514.1 103
-1513.9 102
-1513.7 92
-1513.5 103
-1513.3 112
-1513.1 109
-1512.9 111
-1512.7 102
-1512.5 106
-1512.3 125
-1512.1 121
-1511.9 109
-1511.7 96
-1511.5 112
-1511.3 118
-1511.1 113
-1510.9 120
-1510.7 108
-1510.5 114
-1510.3 110
-1510.1 111
-1509.9 99
-1509.7 106
-1509.5 104
-1509.3 118
-1509.1 111
-1508.9 111
-1508.7 119
-1508.5 95
-1508.3 96
-1508.1 80
-1507.9 112
-1507.7 102
-1507.5 108
-1507.3 103
-1507.1 113
-1506.9 122
-1506.7 91
-1506.5 94
-1506.3 106
-1506.1 106
-1505.9 115
-1505.7 91
-1505.5 95
-1505.3 102
-1505.1 105
-1504.9 97
-1504.7 99
-1504.5 101
-1504.3 107
-1504.1 92
-1503.9 82
-1503.7 99
-1503.5 86
-1503.3 100
-1503.1 97
-1502.9 109
-1502.7 78
-1502.5 85
-1502.3 83
-1502.1 96
-1501.9 89
-1501.7 87
-1501.5 78
-1501.3 81
-1501.1 92
-1500.9 76
-1500.7 84
-1500.5 82
-1500.3 99
-1500.1 80
-1499.9 83
-1499.7 70
-1499.5 97
-1499.3 81
-1499.1 92
-1498.9 86
-1498.7 94
-1498.5 81
-1498.3 117
-1498.1 89
-1497.9 87
-1497.7 93
-1497.5 95
-1497.3 107
-1497.1 86
-1496.9 93
-1496.7 86
-1496.5 113
-1496.3 99
-1496.1 90
-1495.9 112
-1495.7 113
-1495.5 106
-1495.3 98
-1495.1 110
-1494.9 120
-1494.7 120
-1494.5 115
-1494.3 118
-1494.1 118
-1493.9 100
-1493.7 128
-1493.5 96
-1493.3 108
-1493.1 105
-1492.9 110
-1492.7 106
-1492.5 121
-1492.3 110
-1492.1 113
-1491.9 105
-1491.7 109
-1491.5 108
-1491.3 123
-1491.1 104
-1490.9 129
-1490.7 106
-1490.5 114
-1490.3 125
-1490.1 87
-1489.9 107
-1489.7 104
-1489.5 123
-1489.3 108
-1489.1 96
-1488.9 100
-1488.7 125
-1488.5 91
-1488.3 102
-1488.1 110
-1487.9 113
-1487.7 96
-1487.5 76
-1487.3 108
-1487.1 90
-1486.9 89
-1486.7 75
-1486.5 90
-1486.3 85
-1486.1 86
-1485.9 83
-1485.7 98
-1485.5 100
-1485.3 94
-1485.1 86
-1484.9 88
-1484.7 99
-1484.5 81
-1484.3 87
-1484.1 103
-1483.9 74
-1483.7 91
-1483.5 68
-1483.3 91
-1483.1 92
-1482.9 80
-1482.7 89
-1482.5 93
-1482.3 78
-1482.1 79
-1481.9 88
-1481.7 81
-1481.5 76
-1481.3 90
-1481.1 80
-1480.9 70
-1480.7 86
-1480.5 91
-1480.3 76
-1480.1 94
-1479.9 90
-1479.7 86
-1479.5 88
-1479.3 91
-1479.1 116
-1478.9 102
-1478.7 102
-1478.5 99
-1478.3 119
-1478.1 101
-1477.9 112
-1477.7 111
-1477.5 104
-1477.3 95
-1477.1 123
-1476.9 103
-1476.7 136
-1476.5 114
-1476.3 119
-1476.1 121
-1475.9 120
-1475.7 110
-1475.5 112
-1475.3 95
-1475.1 115
-1474.9 100
-1474.7 136
-1474.5 128
-1474.3 118
-1474.1 110
-1473.9 110
-1473.7 138
-1473.5 93
-1473.3 110
-1473.1 105
-1472.9 101
-1472.7 112
-1472.5 113
-1472.3 105
-1472.1 108
-1471.9 92
-1471.7 118
-1471.5 103
-1471.3 104
-1471.1 104
-1470.9 110
-1470.7 95
-1470.5 93
-1470.3 115
-1470.1 96
-1469.9 87
-1469.7 100
-1469.5 107
-1469.3 126
-1469.1 80
-1468.9 104
-1468.7 89
-1468.5 93
-1468.3 93
-1468.1 102
-1467.9 85
-1467.7 98
-1467.5 97
-1467.3 107
-1467.1 93
-1466.9 86
-1466.7 80
-1466.5 102
-1466.3 108
-1466.1 79
-1465.9 101
-1465.7 85
-1465.5 79
-1465.3 98
-1465.1 89
-1464.9 87
-1464.7 79
-1464.5 89
-1464.3 103
-1464.1 94
-1463.9 111
-1463.7 93
-1463.5 92
-1463.3 83
-1463.1 89
-1462.9 86
-1462.7 90
-1462.5 94
-1462.3 99
-1462.1 77
-1461.9 119
-1461.7 87
-1461.5 73
-1461.3 92
-1461.1 95
-1460.9 125
-1460.7 109
-1460.5 104
-1460.3 101
-1460.1 98
-1459.9 103
-1459.7 110
-1459.5 117
-1459.3 124
-1459.1 121
-1458.9 90
-1458.7 106
-1458.5 101
-1458.3 100
-1458.1 93
-1457.9 100
-1457.7 98
-1457.5 83
-1457.3 122
-1457.1 118
-1456.9 114
-1456.7 127
-1456.5 118
-1456.3 117
-1456.1 101
-1455.9 125
-1455.7 117
-1455.5 99
-1455.3 118
-1455.1 114
-1454.9 98
-1454.7 105
-1454.5 102
-1454.3 102
-1454.1 101
-1453.9 98
-1453.7 101
-1453.5 106
-1453.3 109
-1453.1 102
-1452.9 94
-1452.7 107
-1452.5 92
-1452.3 97
-1452.1 98
-1451.9 89
-1451.7 105
-1451.5 111
-1451.3 110
-1451.1 111
-1450.9 93
-1450.7 88
-1450.5 89
-1450.3 98
-1450.1 83
-1449.9 103
-1449.7 94
-1449.5 103
-1449.3 91
-1449.1 97
-1448.9 95
-1448.7 95
-1448.5 87
-1448.3 96
-1448.1 102
-1447.9 102
-1447.7 93
-1447.5 87
-1447.3 90
-1447.1 85
-1446.9 91
-1446.7 95
-1446.5 103
-1446.3 100
-1446.1 88
-1445.9 88
-1445.7 78
-1445.5 94
-1445.3 95
-1445.1 94
-1444.9 97
-1444.7 96
-1444.5 108
-1444.3 93
-1444.1 108
-1443.9 103
-1443.7 101
-1443.5 103
-1443.3 76
-1443.1 104
-1442.9 97
-1442.7 117
-1442.5 100
-1442.3 105
-1442.1 100
-1441.9 103
-1441.7 96
-1441.5 92
-1441.3 97
-1441.1 113
-1440.9 114
-1440.7 101
-1440.5 125
-1440.3 96
-1440.1 111
-1439.9 99
-1439.7 110
-1439.5 97
-1439.3 108
-1439.1 115
-1438.9 93
-1438.7 107
-1438.5 92
-1438.3 85
-1438.1 108
-1437.9 94
-1437.7 106
-1437.5 104
-1437.3 106
-1437.1 98
-1436.9 92
-1436.7 90
-1436.5 93
-1436.3 91
-1436.1 99
-1435.9 85
-1435.7 117
-1435.5 80
-1435.3 90
-1435.1 93
-1434.9 90
-1434.7 90
-1434.5 117
-1434.3 118
-1434.1 89
-1433.9 96
-1433.7 110
-1433.5 98
-1433.3 85
-1433.1 98
-1432.9 96
-1432.7 95
-1432.5 94
-1432.3 89
-1432.1 109
-1431.9 106
-1431.7 116
-1431.5 97
-1431.3 77
-1431.1 87
-1430.9 95
-1430.7 101
-1430.5 112
-1430.3 95
-1430.1 94
-1429.9 79
-1429.7 97
-1429.5 82
-1429.3 112
-1429.1 117
-1428.9 107
-1428.7 96
-1428.5 110
-1428.3 116
-1428.1 98
-1427.9 96
-1427.7 86
-1427.5 94
-1427.3 99
-1427.1 114
-1426.9 93
-1426.7 97
-1426.5 95
-1426.3 97
-1426.1 103
-1425.9 90
-1425.7 89
-1425.5 96
-1425.3 88
-1425.1 79
-1424.9 101
-1424.7 91
-1424.5 82
-1424.3 96
-1424.1 99
-1423.9 92
-1423.7 91
-1423.5 106
-1423.3 91
-1423.1 112
-1422.9 77
-1422.7 102
-1422.5 89
-1422.3 85
-1422.1 97
-1421.9 89
-1421.7 76
-1421.5 80
-1421.3 85
-1421.1 96
-1420.9 96
-1420.7 106
-1420.5 101
-1420.3 120
-1420.1 97
-1419.9 81
-1419.7 93
-1419.5 109
-1419.3 99
-1419.1 98
-1418.9 112
-1418.7 81
-1418.5 108
-1418.3 101
-1418.1 97
-1417.9 91
-1417.7 105
-1417.5 106
-1417.3 106
-1417.1 115
-1416.9 102
-1416.7 102
-1416.5 110
-1416.3 117
-1416.1 122
-1415.9 103
-1415.7 99
-1415.5 95
-1415.3 111
-1415.1 108
-1414.9 99
-1414.7 129
-1414.5 92
-1414.3 101
-1414.1 105
-1413.9 105
-1413.7 101
-1413.5 95
-1413.3 93
-1413.1 99
-1412.9 113
-1412.7 93
-1412.5 106
-1412.3 98
-1412.1 118
-1411.9 88
-1411.7 97
-1411.5 105
-1411.3 108
-1411.1 110
-1410.9 104
-1410.7 103
-1410.5 103
-1410.3 110
-1410.1 100
-1409.9 109
-1409.7 109
-1409.5 83
-1409.3 100
-1409.1 101
-1408.9 97
-1408.7 107
-1408.5 84
-1408.3 92
-1408.1 97
-1407.9 108
-1407.7 76
-1407.5 93
-1407.3 80
-1407.1 86
-1406.9 90
-1406.7 100
-1406.5 112
-1406.3 84
-1406.1 92
-1405.9 88
-1405.7 109
-1405.5 85
-1405.3 98
-1405.1 94
-1404.9 104
-1404.7 79
-1404.5 80
-1404.3 91
-1404.1 104
-1403.9 116
-1403.7 101
-1403.5 89
-1403.3 91
-1403.1 100
-1402.9 99
-1402.7 93
-1402.5 110
-1402.3 85
-1402.1 78
-1401.9 121
-1401.7 98
-1401.5 101
-1401.3 111
-1401.1 93
-1400.9 103
-1400.7 112
-1400.5 80
-1400.3 96
-1400.1 109
-1399.9 88
-1399.7 103
-1399.5 122
-1399.3 109
-1399.1 103
-1398.9 109
-1398.7 96
-1398.5 82
-1398.3 97
-1398.1 117
-1397.9 107
-1397.7 95
-1397.5 100
-1397.3 111
-1397.1 93
-1396.9 99
-1396.7 96
-1396.5 89
-1396.3 87
-1396.1 101
-1395.9 119
-1395.7 107
-1395.5 94
-1395.3 93
-1395.1 113
-1394.9 113
-1394.7 99
-1394.5 100
-1394.3 99
-1394.1 96
-1393.9 102
-1393.7 99
-1393.5 85
-1393.3 106
-1393.1 105
-1392.9 111
-1392.7 107
-1392.5 95
-1392.3 102
-1392.1 107
-1391.9 98
-1391.7 78
-1391.5 101
-1391.3 118
-1391.1 100
-1390.9 96
-1390.7 82
-1390.5 103
-1390.3 90
-1390.1 87
-1389.9 95
-1389.7 109
-1389.5 100
-1389.3 88
-1389.1 89
-1388.9 90
-1388.7 89
-1388.5 95
-1388.3 103
-1388.1 101
-1387.9 113
-1387.7 84
-1387.5 91
-1387.3 99
-1387.1 89
-1386.9 94
-1386.7 88
-1386.5 91
-1386.3 121
-1386.1 110
-1385.9 89
-1385.7 93
-1385.5 94
-1385.3 107
-1385.1 109
-1384.9 105
-1384.7 113
-1384.5 86
-1384.3 82
-1384.1 94
-1383.9 109
-1383.7 96
-1383.5 86
-1383.3 98
-1383.1 93
-1382.9 105
-1382.7 84
-1382.5 101
-1382.3 102
-1382.1 96
-1381.9 107
-1381.7 101
-1381.5 105
-1381.3 96
-1381.1 120
-1380.9 83
-1380.7 103
-1380.5 102
-1380.3 96
-1380.1 94
-1379.9 120
-1379.7 105
-1379.5 101
-1379.3 93
-1379.1 86
-1378.9 98
-1378.7 114
-1378.5 105
-1378.3 89
-1378.1 105
-1377.9 109
-1377.7 107
-1377.5 104
-1377.3 87
-1377.1 104
-1376.9 102
-1376.7 113
-1376.5 102
-1376.3 103
-1376.1 100
-1375.9 89
-1375.7 89
-1375.5 99
-1375.3 113
-1375.1 97
-1374.9 103
-1374.7 102
-1374.5 98
-1374.3 103
-1374.1 99
-1373.9 111
-1373.7 101
-1373.5 96
-1373.3 96
-1373.1 84
-1372.9 110
-1372.7 97
-1372.5 91
-1372.3 103
-1372.1 93
-1371.9 93
-1371.7 89
-1371.5 107
-1371.3 97
-1371.1 118
-1370.9 89
-1370.7 93
-1370.5 98
-1370.3 94
-1370.1 91
-1369.9 83
-1369.7 86
-1369.5 88
-1369.3 107
-1369.1 90
-1368.9 80
-1368.7 80
-1368.5 83
-1368.3 80
-1368.1 88
-1367.9 80
-1367.7 106
-1367.5 94
-1367.3 80
-1367.1 73
-1366.9 87
-1366.7 91
-1366.5 79
-1366.3 77
-1366.1 83
-1365.9 83
-1365.7 85
-1365.5 71
-1365.3 86
-1365.1 84
-1364.9 68
-1364.7 78
-1364.5 78
-1364.3 69
-1364.1 85
-1363.9 82
-1363.7 79
-1363.5 92
-1363.3 74
-1363.1 59
-1362.9 52
-1362.7 95
-1362.5 63
-1362.3 80
-1362.1 86
-1361.9 61
-1361.7 54
-1361.5 71
-1361.3 76
-1361.1 55
-1360.9 73
-1360.7 65
-1360.5 57
-1360.3 65
-1360.1 71
-1359.9 44
-1359.7 57
-1359.5 50
-1359.3 47
-1359.1 41
-1358.9 54
-1358.7 56
-1358.5 48
-1358.3 39
-1358.1 58
-1357.9 48
-1357.7 47
-1357.5 43
-1357.3 48
-1357.1 50
-1356.9 34
-1356.7 38
-1356.5 43
-1356.3 46
-1356.1 39
-1355.9 45
-1355.7 55
-1355.5 37
-1355.3 34
-1355.1 44
-1354.9 42
-1354.7 37
-1354.5 41
-1354.3 33
-1354.1 35
-1353.9 33
-1353.7 32
-1353.5 34
-1353.3 35
-1353.1 30
-1352.9 29
-1352.7 33
-1352.5 25
-1352.3 29
-1352.1 25
-1351.9 24
-1351.7 23
-1351.5 26
-1351.3 26
-1351.1 20
-1350.9 21
-1350.7 20
-1350.5 25
-1350.3 22
-1350.1 21
-1349.9 27
-1349.7 9
-1349.5 25
-1349.3 18
-1349.1 15
-1348.9 20
-1348.7 17
-1348.5 12
-1348.3 18
-1348.1 9
-1347.9 14
-1347.7 15
-1347.5 20
-1347.3 15
-1347.1 18
-1346.9 11
-1346.7 8
-1346.5 17
-1346.3 15
-1346.1 8
-1345.9 12
-1345.7 9
-1345.5 6
-1345.3 14
-1345.1 4
-1344.9 10
-1344.7 8
-1344.5 10
-1344.3 9
-1344.1 11
-1343.9 8
-1343.7 6
-1343.5 9
-1343.3 5
-1343.1 5
-1342.9 7
-1342.7 4
-1342.5 6
-1342.3 4
-1342.1 3
-1341.9 6
-1341.7 3
-1341.5 5
-1341.3 6
-1341.1 4
-1340.9 2
-1340.7 0
-1340.5 4
-1340.3 6
-1340.1 4
-1339.9 2
-1339.7 3
-1339.5 7
-1339.3 4
-1339.1 2
-1338.9 2
-1338.7 2
-1338.5 1
-1338.3 0
-1338.1 2
-1337.9 2
-1337.7 1
-1337.5 3
-1337.3 2
-1337.1 0
-1336.9 1
-1336.7 1
-1336.5 2
-1336.3 3
-1336.1 3
-1335.9 3
-1335.7 0
-1335.5 2
-1335.3 1
-1335.1 0
-1334.9 0
-1334.7 2
-1334.5 1
-1334.3 2
-1334.1 2
-1333.9 1
-1333.7 1
-1333.5 2
-1333.3 0
-1333.1 0
-1332.9 0
-1332.7 0
-1332.5 1
-1332.3 0
-1332.1 0
-1331.9 0
-1331.7 0
-1331.5 2
-1331.3 0
-1331.1 0
-1330.9 0
-1330.7 2
-1330.5 0
-1330.3 0
-1330.1 0
-1329.9 0
-1329.7 0
-1329.5 0
-1329.3 1
-1329.1 0
-1328.9 0
-1328.7 1
-1328.5 0
-1328.3 0
-1328.1 0
-1327.9 1
-1327.7 1
-1327.5 1
-1327.3 0
-1327.1 0
-1326.9 0
-1326.7 1
-1326.5 0
-1326.3 0
-1326.1 0
-1325.9 0
-1325.7 0
-1325.5 0
-1325.3 1
-1325.1 0
-1324.9 0
-1324.7 1
-1324.5 0
-1324.3 0
-1324.1 0
-1323.9 0
-1323.7 0
-1323.5 2
-1323.3 0
-1323.1 0
-1322.9 0
-1322.7 0
-1322.5 0
-1322.3 0
-1322.1 0
-1321.9 0
-1321.7 0
-1321.5 1
-1321.3 0
-1321.1 0
-1320.9 0
-1320.7 1
-1320.5 0
-1320.3 0
-1320.1 0
-1319.9 0
-1319.7 0
-1319.5 0
-1319.3 0
-1319.1 0
-1318.9 0
-1318.7 0
-1318.5 0
-1318.3 1
-1318.1 1
-1317.9 1
-1317.7 0
-1317.5 0
-1317.3 2
-1317.1 0
-1316.9 0
-1316.7 0
-1316.5 0
-1316.3 0
-1316.1 0
-1315.9 0
-1315.7 0
-1315.5 0
-1315.3 0
-1315.1 0
-1314.9 0
-1314.7 0
-1314.5 0
-1314.3 0
-1314.1 0
-1313.9 1
-1313.7 0
-1313.5 0
-1313.3 0
-1313.1 0
-1312.9 0
-1312.7 0
-1312.5 0
-1312.3 0
-1312.1 0
-1311.9 0
-1311.7 0
-1311.5 0
-1311.3 0
-1311.1 0
-1310.9 1
-1310.7 1
-1310.5 0
-1310.3 0
-1310.1 0
-1309.9 0
-1309.7 0
-1309.5 0
-1309.3 0
-1309.1 0
-1308.9 0
-1308.7 0
-1308.5 0
-1308.3 0
-1308.1 0
-1307.9 0
-1307.7 0
-1307.5 0
-1307.3 1
-1307.1 0
-1306.9 0
-1306.7 0
-1306.5 0
-1306.3 0
-1306.1 0
-1305.9 0
-1305.7 0
-1305.5 1
-1305.3 0
-1305.1 1
-1304.9 0
-1304.7 0
-1304.5 0
-1304.3 0
-1304.1 0
-1303.9 0
-1303.7 0
-1303.5 0
-1303.3 0
-1303.1 0
-1302.9 1
-1302.7 1
-1302.5 0
-1302.3 0
-1302.1 0
-1301.9 0
-1301.7 0
-1301.5 0
-1301.3 0
-1301.1 1
-1300.9 0
-1300.7 0
-1300.5 1
-1300.3 0
-1300.1 0
