-1584.9 0
-1584.7 0
-1584.5 0
-1584.3 0
-1584.1 0
-1583.9 0
-1583.7 0
-1583.5 0
-1583.3 0
-1583.1 0
-1582.9 0
-1582.7 1
-1582.5 0
-1582.3 0
-1582.1 0
-1581.9 0
-1581.7 0
-1581.5 0
-1581.3 0
-1581.1 0
-1580.9 0
-1580.7 0
-1580.5 0
-1580.3 0
-1580.1 1
-1579.9 0
-1579.7 0
-1579.5 0
-1579.3 0
-1579.1 1
-1578.9 0
-1578.7 1
-1578.5 0
-1578.3 0
-1578.1 0
-1577.9 0
-1577.7 0
-1577.5 1
-1577.3 0
-1577.1 0
-1576.9 0
-1576.7 0
-1576.5 0
-1576.3 0
-1576.1 0
-1575.9 0
-1575.7 0
-1575.5 0
-1575.3 0
-1575.1 0
-1574.9 0
-1574.7 0
-1574.5 0
-1574.3 0
-1574.1 0
-1573.9 0
-1573.7 0
-1573.5 0
-1573.3 0
-1573.1 0
-1572.9 1
-1572.7 0
-1572.5 0
-1572.3 0
-1572.1 0
-1571.9 0
-1571.7 1
-1571.5 0
-1571.3 0
-1571.1 0
-1570.9 0
-1570.7 0
-1570.5 0
-1570.3 1
-1570.1 0
-1569.9 0
-1569.7 0
-1569.5 0
-1569.3 1
-1569.1 0
-1568.9 0
-1568.7 0
-1568.5 1
-1568.3 0
-1568.1 0
-1567.9 0
-1567.7 1
-1567.5 0
-1567.3 0
-1567.1 0
-1566.9 0
-1566.7 0
-1566.5 0
-1566.3 0
-1566.1 0
-1565.9 0
-1565.7 0
-1565.5 0
-1565.3 1
-1565.1 1
-1564.9 0
-1564.7 0
-1564.5 0
-1564.3 0
-1564.1 1
-1563.9 0
-1563.7 1
-1563.5 0
-1563.3 0
-1563.1 2
-1562.9 1
-1562.7 1
-1562.5 0
-1562.3 1
-1562.1 0
-1561.9 1
-1561.7 1
-1561.5 1
-1561.3 1
-1561.1 0
-1560.9 0
-1560.7 2
-1560.5 0
-1560.3 2
-1560.1 2
-1559.9 6
-1559.7 2
-1559.5 5
-1559.3 5
-1559.1 3
-1558.9 6
-1558.7 11
-1558.5 7
-1558.3 11
-1558.1 7
-1557.9 14
-1557.7 10
-1557.5 14
-1557.3 19
-1557.1 17
-1556.9 25
-1556.7 28
-1556.5 23
-1556.3 38
-1556.1 31
-1555.9 40
-1555.7 37
-1555.5 55
-1555.3 61
-1555.1 40
-1554.9 66
-1554.7 65
-1554.5 68
-1554.3 84
-1554.1 89
-1553.9 88
-1553.7 94
-1553.5 102
-1553.3 103
-1553.1 99
-1552.9 128
-1552.7 102
-1552.5 118
-1552.3 139
-1552.1 116
-1551.9 125
-1551.7 132
-1551.5 138
-1551.3 139
-1551.1 127
-1550.9 160
-1550.7 162
-1550.5 168
-1550.3 162
-1550.1 179
-1549.9 153
-1549.7 194
-1549.5 167
-1549.3 162
-1549.1 162
-1548.9 170
-1548.7 158
-1548.5 172
-1548.3 168
-1548.1 175
-1547.9 165
-1547.7 186
-1547.5 164
-1547.3 182
-1547.1 163
-1546.9 201
-1546.7 192
-1546.5 196
-1546.3 168
-1546.1 187
-1545.9 176
-1545.7 203
-1545.5 180
-1545.3 177
-1545.1 181
-1544.9 128
-1544.7 166
-1544.5 168
-1544.3 157
-1544.1 170
-1543.9 186
-1543.7 143
-1543.5 143
-1543.3 152
-1543.1 162
-1542.9 166
-1542.7 165
-1542.5 160
-1542.3 159
-1542.1 149
-1541.9 147
-1541.7 137
-1541.5 151
-1541.3 124
-1541.1 152
-1540.9 149
-1540.7 114
-1540.5 168
-1540.3 129
-1540.1 133
-1539.9 127
-1539.7 136
-1539.5 123
-1539.3 133
-1539.1 140
-1538.9 164
-1538.7 130
-1538.5 122
-1538.3 121
-1538.1 130
-1537.9 153
-1537.7 138
-1537.5 132
-1537.3 121
-1537.1 114
-1536.9 138
-1536.7 129
-1536.5 125
-1536.3 97
-1536.1 138
-1535.9 107
-1535.7 141
-1535.5 127
-1535.3 115
-1535.1 110
-1534.9 124
-1534.7 115
-1534.5 114
-1534.3 120
-1534.1 114
-1533.9 125
-1533.7 143
-1533.5 118
-1533.3 112
-1533.1 107
-1532.9 113
-1532.7 105
-1532.5 134
-1532.3 123
-1532.1 132
-1531.9 113
-1531.7 121
-1531.5 114
-1531.3 103
-1531.1 129
-1530.9 139
-1530.7 113
-1530.5 84
-1530.3 99
-1530.1 119
-1529.9 125
-1529.7 81
-1529.5 104
-1529.3 101
-1529.1 120
-1528.9 111
-1528.7 109
-1528.5 107
-1528.3 99
-1528.1 122
-1527.9 102
-1527.7 115
-1527.5 99
-1527.3 110
-1527.1 99
-1526.9 88
-1526.7 105
-1526.5 97
-1526.3 99
-1526.1 106
-1525.9 102
-1525.7 97
-1525.5 112
-1525.3 102
-1525.1 110
-1524.9 101
-1524.7 87
-1524.5 91
-1524.3 98
-1524.1 101
-1523.9 117
-1523.7 103
-1523.5 89
-1523.3 90
-1523.1 106
-1522.9 101
-1522.7 114
-1522.5 123
-1522.3 105
-1522.1 117
-1521.9 124
-1521.7 105
-1521.5 119
-1521.3 109
-1521.1 121
-1520.9 93
-1520.7 119
-1520.5 116
-1520.3 137
-1520.1 124
-1519.9 119
-1519.7 115
-1519.5 103
-1519.3 128
-1519.1 128
-1518.9 118
-1518.7 114
-1518.5 110
-1518.3 105
-1518.1 113
-1517.9 99
-1517.7 122
-1517.5 113
-1517.3 105
-1517.1 109
-1516.9 111
-1516.7 116
-1516.5 116
-1516.3 119
-1516.1 90
-1515.9 100
-1515.7 121
-1515.5 99
-1515.3 116
-1515.1 115
-1514.9 113
-1514.7 121
-1514.5 89
-1514.3 97
-1514.1 112
-1513.9 122
-1513.7 110
-1513.5 93
-1513.3 125
-1513.1 100
-1512.9 108
-1512.7 122
-1512.5 85
-1512.3 98
-1512.1 109
-1511.9 106
-1511.7 100
-1511.5 109
-1511.3 122
-1511.1 102
-1510.9 117
-1510.7 100
-1510.5 115
-1510.3 84
-1510.1 98
-1509.9 117
-1509.7 103
-1509.5 103
-1509.3 116
-1509.1 97
-1508.9 102
-1508.7 112
-1508.5 107
-1508.3 98
-1508.1 97
-1507.9 93
-1507.7 89
-1507.5 87
-1507.3 78
-1507.1 112
-1506.9 100
-1506.7 84
-1506.5 102
-1506.3 92
-1506.1 83
-1505.9 91
-1505.7 88
-1505.5 98
-1505.3 90
-1505.1 104
-1504.9 109
-1504.7 97
-1504.5 98
-1504.3 109
-1504.1 104
-1503.9 104
-1503.7 103
-1503.5 115
-1503.3 101
-1503.1 100
-1502.9 104
-1502.7 98
-1502.5 87
-1502.3 131
-1502.1 113
-1501.9 116
-1501.7 118
-1501.5 115
-1501.3 103
-1501.1 112
-1500.9 109
-1500.7 101
-1500.5 126
-1500.3 119
-1500.1 120
-1499.9 113
-1499.7 114
-1499.5 132
-1499.3 124
-1499.1 122
-1498.9 130
-1498.7 126
-1498.5 125
-1498.3 138
-1498.1 134
-1497.9 117
-1497.7 107
-1497.5 108
-1497.3 113
-1497.1 105
-1496.9 106
-1496.7 113
-1496.5 113
-1496.3 114
-1496.1 106
-1495.9 104
-1495.7 108
-1495.5 103
-1495.3 121
-1495.1 103
-1494.9 102
-1494.7 105
-1494.5 109
-1494.3 103
-1494.1 97
-1493.9 101
-1493.7 81
-1493.5 113
-1493.3 92
-1493.1 97
-1492.9 98
-1492.7 79
-1492.5 96
-1492.3 84
-1492.1 112
-1491.9 82
-1491.7 84
-1491.5 89
-1491.3 93
-1491.1 99
-1490.9 100
-1490.7 101
-1490.5 81
-1490.3 96
-1490.1 105
-1489.9 90
-1489.7 104
-1489.5 92
-1489.3 98
-1489.1 112
-1488.9 73
-1488.7 104
-1488.5 101
-1488.3 103
-1488.1 126
-1487.9 79
-1487.7 102
-1487.5 87
-1487.3 85
-1487.1 87
-1486.9 110
-1486.7 106
-1486.5 97
-1486.3 97
-1486.1 98
-1485.9 93
-1485.7 115
-1485.5 109
-1485.3 94
-1485.1 109
-1484.9 116
-1484.7 97
-1484.5 122
-1484.3 107
-1484.1 112
-1483.9 106
-1483.7 104
-1483.5 97
-1483.3 126
-1483.1 113
-1482.9 91
-1482.7 91
-1482.5 107
-1482.3 103
-1482.1 122
-1481.9 118
-1481.7 119
-1481.5 108
-1481.3 113
-1481.1 109
-1480.9 102
-1480.7 125
-1480.5 101
-1480.3 113
-1480.1 95
-1479.9 95
-1479.7 109
-1479.5 115
-1479.3 110
-1479.1 98
-1478.9 90
-1478.7 114
-1478.5 107
-1478.3 120
-1478.1 111
-1477.9 96
-1477.7 95
-1477.5 109
-1477.3 110
-1477.1 111
-1476.9 97
-1476.7 90
-1476.5 117
-1476.3 95
-1476.1 93
-1475.9 103
-1475.7 103
-1475.5 114
-1475.3 104
-1475.1 95
-1474.9 106
-1474.7 102
-1474.5 92
-1474.3 111
-1474.1 96
-1473.9 109
-1473.7 118
-1473.5 107
-1473.3 100
-1473.1 115
-1472.9 107
-1472.7 95
-1472.5 111
-1472.3 96
-1472.1 99
-1471.9 131
-1471.7 95
-1471.5 87
-1471.3 105
-1471.1 106
-1470.9 111
-1470.7 109
-1470.5 116
-1470.3 121
-1470.1 112
-1469.9 98
-1469.7 127
-1469.5 96
-1469.3 118
-1469.1 97
-1468.9 119
-1468.7 97
-1468.5 99
-1468.3 95
-1468.1 106
-1467.9 115
-1467.7 99
-1467.5 120
-1467.3 121
-1467.1 96
-1466.9 116
-1466.7 109
-1466.5 120
-1466.3 114
-1466.1 109
-1465.9 106
-1465.7 100
-1465.5 110
-1465.3 120
-1465.1 110
-1464.9 101
-1464.7 123
-1464.5 111
-1464.3 86
-1464.1 140
-1463.9 92
-1463.7 114
-1463.5 70
-1463.3 89
-1463.1 106
-1462.9 125
-1462.7 101
-1462.5 109
-1462.3 110
-1462.1 95
-1461.9 111
-1461.7 103
-1461.5 93
-1461.3 105
-1461.1 110
-1460.9 104
-1460.7 97
-1460.5 119
-1460.3 120
-1460.1 91
-1459.9 86
-1459.7 111
-1459.5 111
-1459.3 114
-1459.1 108
-1458.9 107
-1458.7 96
-1458.5 108
-1458.3 103
-1458.1 98
-1457.9 116
-1457.7 106
-1457.5 119
-1457.3 109
-1457.1 126
-1456.9 105
-1456.7 108
-1456.5 97
-1456.3 87
-1456.1 103
-1455.9 115
-1455.7 107
-1455.5 95
-1455.3 97
-1455.1 106
-1454.9 114
-1454.7 109
-1454.5 109
-1454.3 106
-1454.1 109
-1453.9 97
-1453.7 95
-1453.5 103
-1453.3 120
-1453.1 109
-1452.9 118
-1452.7 119
-1452.5 109
-1452.3 109
-1452.1 84
-1451.9 103
-1451.7 107
-1451.5 94
-1451.3 89
-1451.1 111
-1450.9 100
-1450.7 82
-1450.5 105
-1450.3 87
-1450.1 96
-1449.9 123
-1449.7 99
-1449.5 94
-1449.3 99
-1449.1 103
-1448.9 125
-1448.7 88
-1448.5 105
-1448.3 84
-1448.1 107
-1447.9 121
-1447.7 113
-1447.5 143
-1447.3 92
-1447.1 112
-1446.9 113
-1446.7 101
-1446.5 107
-1446.3 112
-1446.1 96
-1445.9 113
-1445.7 97
-1445.5 111
-1445.3 114
-1445.1 109
-1444.9 121
-1444.7 120
-1444.5 121
-1444.3 110
-1444.1 106
-1443.9 124
-1443.7 109
-1443.5 126
-1443.3 96
-1443.1 96
-1442.9 109
-1442.7 121
-1442.5 119
-1442.3 111
-1442.1 98
-1441.9 105
-1441.7 103
-1441.5 114
-1441.3 112
-1441.1 92
-1440.9 116
-1440.7 108
-1440.5 108
-1440.3 109
-1440.1 115
-1439.9 89
-1439.7 98
-1439.5 103
-1439.3 104
-1439.1 94
-1438.9 105
-1438.7 105
-1438.5 113
-1438.3 101
-1438.1 105
-1437.9 115
-1437.7 108
-1437.5 125
-1437.3 108
-1437.1 90
-1436.9 116
-1436.7 100
-1436.5 112
-1436.3 92
-1436.1 96
-1435.9 105
-1435.7 123
-1435.5 102
-1435.3 106
-1435.1 94
-1434.9 105
-1434.7 101
-1434.5 94
-1434.3 86
-1434.1 115
-1433.9 106
-1433.7 111
-1433.5 126
-1433.3 120
-1433.1 104
-1432.9 110
-1432.7 105
-1432.5 94
-1432.3 107
-1432.1 99
-1431.9 115
-1431.7 101
-1431.5 105
-1431.3 95
-1431.1 111
-1430.9 106
-1430.7 96
-1430.5 88
-1430.3 118
-1430.1 84
-1429.9 96
-1429.7 114
-1429.5 101
-1429.3 81
-1429.1 109
-1428.9 119
-1428.7 103
-1428.5 98
-1428.3 121
-1428.1 113
-1427.9 107
-1427.7 95
-1427.5 95
-1427.3 125
-1427.1 109
-1426.9 89
-1426.7 108
-1426.5 123
-1426.3 115
-1426.1 100
-1425.9 113
-1425.7 112
-1425.5 112
-1425.3 92
-1425.1 97
-1424.9 123
-1424.7 98
-1424.5 101
-1424.3 109
-1424.1 102
-1423.9 100
-1423.7 115
-1423.5 113
-1423.3 118
-1423.1 96
-1422.9 101
-1422.7 94
-1422.5 109
-1422.3 96
-1422.1 82
-1421.9 104
-1421.7 107
-1421.5 97
-1421.3 100
-1421.1 129
-1420.9 98
-1420.7 112
-1420.5 116
-1420.3 97
-1420.1 110
-1419.9 100
-1419.7 103
-1419.5 103
-1419.3 109
-1419.1 108
-1418.9 119
-1418.7 112
-1418.5 80
-1418.3 121
-1418.1 113
-1417.9 102
-1417.7 105
-1417.5 102
-1417.3 84
-1417.1 108
-1416.9 98
-1416.7 98
-1416.5 100
-1416.3 97
-1416.1 90
-1415.9 100
-1415.7 103
-1415.5 112
-1415.3 104
-1415.1 94
-1414.9 95
-1414.7 122
-1414.5 96
-1414.3 95
-1414.1 108
-1413.9 94
-1413.7 105
-1413.5 106
-1413.3 129
-1413.1 111
-1412.9 95
-1412.7 96
-1412.5 87
-1412.3 92
-1412.1 100
-1411.9 105
-1411.7 103
-1411.5 87
-1411.3 111
-1411.1 83
-1410.9 103
-1410.7 116
-1410.5 87
-1410.3 103
-1410.1 88
-1409.9 90
-1409.7 84
-1409.5 85
-1409.3 85
-1409.1 107
-1408.9 115
-1408.7 107
-1408.5 120
-1408.3 97
-1408.1 88
-1407.9 95
-1407.7 100
-1407.5 116
-1407.3 119
-1407.1 109
-1406.9 114
-1406.7 125
-1406.5 96
-1406.3 114
-1406.1 100
-1405.9 89
-1405.7 114
-1405.5 120
-1405.3 96
-1405.1 120
-1404.9 101
-1404.7 124
-1404.5 113
-1404.3 109
-1404.1 102
-1403.9 114
-1403.7 114
-1403.5 116
-1403.3 116
-1403.1 113
-1402.9 107
-1402.7 122
-1402.5 117
-1402.3 108
-1402.1 102
-1401.9 89
-1401.7 95
-1401.5 118
-1401.3 113
-1401.1 99
-1400.9 116
-1400.7 98
-1400.5 94
-1400.3 114
-1400.1 111
-1399.9 93
-1399.7 103
-1399.5 116
-1399.3 97
-1399.1 98
-1398.9 115
-1398.7 95
-1398.5 83
-1398.3 90
-1398.1 89
-1397.9 101
-1397.7 85
-1397.5 85
-1397.3 113
-1397.1 88
-1396.9 93
-1396.7 108
-1396.5 102
-1396.3 100
-1396.1 108
-1395.9 86
-1395.7 101
-1395.5 114
-1395.3 118
-1395.1 111
-1394.9 116
-1394.7 92
-1394.5 95
-1394.3 116
-1394.1 98
-1393.9 116
-1393.7 97
-1393.5 103
-1393.3 116
-1393.1 91
-1392.9 90
-1392.7 106
-1392.5 87
-1392.3 104
-1392.1 110
-1391.9 109
-1391.7 138
-1391.5 91
-1391.3 122
-1391.1 92
-1390.9 95
-1390.7 117
-1390.5 94
-1390.3 95
-1390.1 88
-1389.9 123
-1389.7 103
-1389.5 111
-1389.3 121
-1389.1 107
-1388.9 111
-1388.7 97
-1388.5 110
-1388.3 99
-1388.1 95
-1387.9 119
-1387.7 111
-1387.5 90
-1387.3 113
-1387.1 120
-1386.9 118
-1386.7 86
-1386.5 115
-1386.3 83
-1386.1 105
-1385.9 106
-1385.7 114
-1385.5 111
-1385.3 82
-1385.1 101
-1384.9 111
-1384.7 110
-1384.5 110
-1384.3 115
-1384.1 99
-1383.9 113
-1383.7 105
-1383.5 110
-1383.3 111
-1383.1 105
-1382.9 113
-1382.7 115
-1382.5 109
-1382.3 112
-1382.1 92
-1381.9 118
-1381.7 96
-1381.5 106
-1381.3 103
-1381.1 115
-1380.9 98
-1380.7 88
-1380.5 115
-1380.3 106
-1380.1 95
-1379.9 101
-1379.7 104
-1379.5 102
-1379.3 110
-1379.1 112
-1378.9 105
-1378.7 113
-1378.5 110
-1378.3 114
-1378.1 107
-1377.9 109
-1377.7 118
-1377.5 95
-1377.3 107
-1377.1 110
-1376.9 106
-1376.7 98
-1376.5 113
-1376.3 86
-1376.1 93
-1375.9 91
-1375.7 114
-1375.5 91
-1375.3 89
-1375.1 99
-1374.9 87
-1374.7 122
-1374.5 109
-1374.3 106
-1374.1 109
-1373.9 106
-1373.7 115
-1373.5 97
-1373.3 102
-1373.1 127
-1372.9 86
-1372.7 101
-1372.5 116
-1372.3 119
-1372.1 94
-1371.9 109
-1371.7 111
-1371.5 97
-1371.3 95
-1371.1 97
-1370.9 115
-1370.7 104
-1370.5 104
-1370.3 93
-1370.1 110
-1369.9 89
-1369.7 124
-1369.5 111
-1369.3 122
-1369.1 98
-1368.9 100
-1368.7 103
-1368.5 100
-1368.3 106
-1368.1 102
-1367.9 92
-1367.7 104
-1367.5 124
-1367.3 105
-1367.1 88
-1366.9 104
-1366.7 103
-1366.5 102
-1366.3 94
-1366.1 102
-1365.9 125
-1365.7 120
-1365.5 104
-1365.3 105
-1365.1 136
-1364.9 107
-1364.7 114
-1364.5 94
-1364.3 112
-1364.1 123
-1363.9 111
-1363.7 113
-1363.5 123
-1363.3 104
-1363.1 97
-1362.9 114
-1362.7 103
-1362.5 117
-1362.3 107
-1362.1 104
-1361.9 111
-1361.7 103
-1361.5 94
-1361.3 112
-1361.1 100
-1360.9 119
-1360.7 110
-1360.5 95
-1360.3 114
-1360.1 112
-1359.9 99
-1359.7 102
-1359.5 102
-1359.3 102
-1359.1 108
-1358.9 95
-1358.7 95
-1358.5 116
-1358.3 85
-1358.1 106
-1357.9 98
-1357.7 118
-1357.5 121
-1357.3 108
-1357.1 107
-1356.9 119
-1356.7 96
-1356.5 104
-1356.3 109
-1356.1 105
-1355.9 107
-1355.7 113
-1355.5 110
-1355.3 101
-1355.1 96
-1354.9 121
-1354.7 82
-1354.5 92
-1354.3 111
-1354.1 103
-1353.9 124
-1353.7 98
-1353.5 86
-1353.3 109
-1353.1 119
-1352.9 107
-1352.7 112
-1352.5 108
-1352.3 100
-1352.1 93
-1351.9 94
-1351.7 111
-1351.5 87
-1351.3 113
-1351.1 107
-1350.9 114
-1350.7 123
-1350.5 106
-1350.3 106
-1350.1 97
-1349.9 105
-1349.7 112
-1349.5 100
-1349.3 104
-1349.1 87
-1348.9 89
-1348.7 88
-1348.5 94
-1348.3 105
-1348.1 106
-1347.9 113
-1347.7 98
-1347.5 102
-1347.3 97
-1347.1 81
-1346.9 88
-1346.7 88
-1346.5 104
-1346.3 114
-1346.1 115
-1345.9 89
-1345.7 91
-1345.5 102
-1345.3 99
-1345.1 110
-1344.9 92
-1344.7 102
-1344.5 104
-1344.3 79
-1344.1 101
-1343.9 88
-1343.7 101
-1343.5 102
-1343.3 88
-1343.1 87
-1342.9 95
-1342.7 73
-1342.5 76
-1342.3 84
-1342.1 92
-1341.9 89
-1341.7 89
-1341.5 76
-1341.3 64
-1341.1 83
-1340.9 76
-1340.7 75
-1340.5 71
-1340.3 73
-1340.1 72
-1339.9 74
-1339.7 71
-1339.5 74
-1339.3 65
-1339.1 55
-1338.9 71
-1338.7 63
-1338.5 64
-1338.3 82
-1338.1 66
-1337.9 60
-1337.7 58
-1337.5 62
-1337.3 44
-1337.1 52
-1336.9 52
-1336.7 53
-1336.5 52
-1336.3 51
-1336.1 43
-1335.9 50
-1335.7 48
-1335.5 51
-1335.3 58
-1335.1 45
-1334.9 55
-1334.7 38
-1334.5 40
-1334.3 43
-1334.1 39
-1333.9 50
-1333.7 47
-1333.5 46
-1333.3 47
-1333.1 46
-1332.9 34
-1332.7 43
-1332.5 37
-1332.3 36
-1332.1 48
-1331.9 32
-1331.7 41
-1331.5 35
-1331.3 29
-1331.1 33
-1330.9 32
-1330.7 27
-1330.5 26
-1330.3 35
-1330.1 22
-1329.9 32
-1329.7 27
-1329.5 21
-1329.3 32
-1329.1 37
-1328.9 36
-1328.7 22
-1328.5 28
-1328.3 26
-1328.1 29
-1327.9 35
-1327.7 29
-1327.5 33
-1327.3 27
-1327.1 28
-1326.9 22
-1326.7 22
-1326.5 18
-1326.3 20
-1326.1 15
-1325.9 15
-1325.7 19
-1325.5 22
-1325.3 13
-1325.1 15
-1324.9 24
-1324.7 20
-1324.5 23
-1324.3 13
-1324.1 16
-1323.9 14
-1323.7 15
-1323.5 8
-1323.3 22
-1323.1 6
-1322.9 9
-1322.7 8
-1322.5 14
-1322.3 14
-1322.1 16
-1321.9 18
-1321.7 12
-1321.5 7
-1321.3 13
-1321.1 8
-1320.9 9
-1320.7 8
-1320.5 12
-1320.3 11
-1320.1 8
-1319.9 4
-1319.7 7
-1319.5 3
-1319.3 9
-1319.1 5
-1318.9 12
-1318.7 4
-1318.5 3
-1318.3 6
-1318.1 2
-1317.9 3
-1317.7 3
-1317.5 6
-1317.3 4
-1317.1 6
-1316.9 4
-1316.7 5
-1316.5 1
-1316.3 4
-1316.1 4
-1315.9 5
-1315.7 5
-1315.5 2
-1315.3 1
-1315.1 4
-1314.9 1
-1314.7 1
-1314.5 5
-1314.3 0
-1314.1 1
-1313.9 1
-1313.7 1
-1313.5 2
-1313.3 4
-1313.1 0
-1312.9 0
-1312.7 5
-1312.5 3
-1312.3 0
-1312.1 1
-1311.9 1
-1311.7 3
-1311.5 1
-1311.3 4
-1311.1 2
-1310.9 1
-1310.7 1
-1310.5 1
-1310.3 4
-1310.1 1
-1309.9 1
-1309.7 0
-1309.5 0
-1309.3 0
-1309.1 0
-1308.9 0
-1308.7 0
-1308.5 0
-1308.3 4
-1308.1 3
-1307.9 3
-1307.7 0
-1307.5 1
-1307.3 1
-1307.1 0
-1306.9 0
-1306.7 1
-1306.5 0
-1306.3 0
-1306.1 0
-1305.9 1
-1305.7 0
-1305.5 0
-1305.3 1
-1305.1 0
-1304.9 0
-1304.7 0
-1304.5 0
-1304.3 0
-1304.1 0
-1303.9 0
-1303.7 0
-1303.5 0
-1303.3 0
-1303.1 1
-1302.9 1
-1302.7 0
-1302.5 0
-1302.3 0
-1302.1 0
-1301.9 0
-1301.7 1
-1301.5 0
-1301.3 2
-1301.1 2
-1300.9 0
-1300.7 1
-1300.5 0
-1300.3 0
-1300.1 0
