-1584.9 0
-1584.7 0
-1584.5 1
-1584.3 0
-1584.1 0
-1583.9 0
-1583.7 0
-1583.5 0
-1583.3 0
-1583.1 0
-1582.9 0
-1582.7 0
-1582.5 0
-1582.3 0
-1582.1 0
-1581.9 1
-1581.7 0
-1581.5 0
-1581.3 0
-1581.1 0
-1580.9 0
-1580.7 0
-1580.5 0
-1580.3 0
-1580.1 1
-1579.9 0
-1579.7 0
-1579.5 1
-1579.3 0
-1579.1 0
-1578.9 1
-1578.7 0
-1578.5 0
-1578.3 0
-1578.1 1
-1577.9 1
-1577.7 1
-1577.5 0
-1577.3 0
-1577.1 0
-1576.9 2
-1576.7 1
-1576.5 0
-1576.3 4
-1576.1 5
-1575.9 3
-1575.7 0
-1575.5 5
-1575.3 2
-1575.1 3
-1574.9 3
-1574.7 4
-1574.5 11
-1574.3 3
-1574.1 10
-1573.9 8
-1573.7 6
-1573.5 13
-1573.3 10
-1573.1 11
-1572.9 13
-1572.7 16
-1572.5 15
-1572.3 32
-1572.1 21
-1571.9 35
-1571.7 22
-1571.5 35
-1571.3 47
-1571.1 43
-1570.9 34
-1570.7 45
-1570.5 50
-1570.3 58
-1570.1 53
-1569.9 56
-1569.7 56
-1569.5 59
-1569.3 68
-1569.1 81
-1568.9 78
-1568.7 88
-1568.5 81
-1568.3 83
-1568.1 92
-1567.9 110
-1567.7 122
-1567.5 125
-1567.3 124
-1567.1 99
-1566.9 125
-1566.7 146
-1566.5 123
-1566.3 152
-1566.1 142
-1565.9 118
-1565.7 148
-1565.5 137
-1565.3 152
-1565.1 152
-1564.9 143
-1564.7 158
-1564.5 166
-1564.3 177
-1564.1 185
-1563.9 173
-1563.7 184
-1563.5 164
-1563.3 170
-1563.1 180
-1562.9 170
-1562.7 176
-1562.5 185
-1562.3 162
-1562.1 178
-1561.9 174
-1561.7 185
-1561.5 179
-1561.3 198
-1561.1 165
-1560.9 168
-1560.7 163
-1560.5 181
-1560.3 188
-1560.1 173
-1559.9 191
-1559.7 168
-1559.5 182
-1559.3 178
-1559.1 170
-1558.9 190
-1558.7 181
-1558.5 174
-1558.3 178
-1558.1 190
-1557.9 182
-1557.7 191
-1557.5 184
-1557.3 158
-1557.1 145
-1556.9 179
-1556.7 165
-1556.5 151
-1556.3 163
-1556.1 133
-1555.9 181
-1555.7 161
-1555.5 151
-1555.3 173
-1555.1 151
-1554.9 138
-1554.7 150
-1554.5 151
-1554.3 141
-1554.1 166
-1553.9 140
-1553.7 156
-1553.5 165
-1553.3 157
-1553.1 142
-1552.9 149
-1552.7 138
-1552.5 138
-1552.3 128
-1552.1 147
-1551.9 156
-1551.7 164
-1551.5 150
-1551.3 158
-1551.1 145
-1550.9 135
-1550.7 124
-1550.5 144
-1550.3 142
-1550.1 151
-1549.9 148
-1549.7 142
-1549.5 159
-1549.3 144
-1549.1 131
-1548.9 159
-1548.7 147
-1548.5 155
-1548.3 153
-1548.1 136
-1547.9 131
-1547.7 123
-1547.5 137
-1547.3 131
-1547.1 119
-1546.9 145
-1546.7 123
-1546.5 143
-1546.3 121
-1546.1 135
-1545.9 130
-1545.7 147
-1545.5 137
-1545.3 120
-1545.1 135
-1544.9 118
-1544.7 141
-1544.5 141
-1544.3 138
-1544.1 155
-1543.9 119
-1543.7 147
-1543.5 126
-1543.3 116
-1543.1 145
-1542.9 134
-1542.7 135
-1542.5 138
-1542.3 137
-1542.1 142
-1541.9 125
-1541.7 132
-1541.5 129
-1541.3 136
-1541.1 123
-1540.9 124
-1540.7 139
-1540.5 120
-1540.3 122
-1540.1 147
-1539.9 128
-1539.7 118
-1539.5 112
-1539.3 123
-1539.1 123
-1538.9 109
-1538.7 124
-1538.5 104
-1538.3 129
-1538.1 126
-1537.9 109
-1537.7 129
-1537.5 109
-1537.3 128
-1537.1 113
-1536.9 113
-1536.7 110
-1536.5 108
-1536.3 129
-1536.1 106
-1535.9 120
-1535.7 144
-1535.5 119
-1535.3 127
-1535.1 100
-1534.9 104
-1534.7 124
-1534.5 126
-1534.3 113
-1534.1 128
-1533.9 125
-1533.7 132
-1533.5 132
-1533.3 139
-1533.1 133
-1532.9 136
-1532.7 148
-1532.5 140
-1532.3 123
-1532.1 115
-1531.9 129
-1531.7 136
-1531.5 144
-1531.3 128
-1531.1 135
-1530.9 133
-1530.7 140
-1530.5 158
-1530.3 146
-1530.1 127
-1529.9 114
-1529.7 117
-1529.5 125
-1529.3 137
-1529.1 112
-1528.9 132
-1528.7 113
-1528.5 142
-1528.3 136
-1528.1 122
-1527.9 130
-1527.7 110
-1527.5 120
-1527.3 138
-1527.1 163
-1526.9 121
-1526.7 130
-1526.5 131
-1526.3 111
-1526.1 132
-1525.9 121
-1525.7 107
-1525.5 118
-1525.3 129
-1525.1 128
-1524.9 105
-1524.7 125
-1524.5 97
-1524.3 124
-1524.1 102
-1523.9 131
-1523.7 123
-1523.5 80
-1523.3 111
-1523.1 115
-1522.9 87
-1522.7 125
-1522.5 95
-1522.3 106
-1522.1 96
-1521.9 99
-1521.7 80
-1521.5 122
-1521.3 112
-1521.1 109
-1520.9 112
-1520.7 97
-1520.5 102
-1520.3 115
-1520.1 122
-1519.9 117
-1519.7 108
-1519.5 101
-1519.3 116
-1519.1 92
-1518.9 117
-1518.7 115
-1518.5 111
-1518.3 110
-1518.1 102
-1517.9 101
-1517.7 92
-1517.5 114
-1517.3 119
-1517.1 112
-1516.9 124
-1516.7 111
-1516.5 128
-1516.3 130
-1516.1 124
-1515.9 121
-1515.7 137
-1515.5 145
-1515.3 138
-1515.1 127
-1514.9 138
-1514.7 123
-1514.5 125
-1514.3 153
-1514.1 139
-1513.9 143
-1513.7 136
-1513.5 142
-1513.3 153
-1513.1 149
-1512.9 160
-1512.7 180
-1512.5 159
-1512.3 152
-1512.1 164
-1511.9 122
-1511.7 137
-1511.5 152
-1511.3 110
-1511.1 151
-1510.9 150
-1510.7 134
-1510.5 168
-1510.3 129
-1510.1 160
-1509.9 137
-1509.7 144
-1509.5 139
-1509.3 120
-1509.1 119
-1508.9 100
-1508.7 136
-1508.5 131
-1508.3 117
-1508.1 134
-1507.9 127
-1507.7 127
-1507.5 125
-1507.3 121
-1507.1 112
-1506.9 120
-1506.7 127
-1506.5 113
-1506.3 115
-1506.1 131
-1505.9 104
-1505.7 126
-1505.5 108
-1505.3 110
-1505.1 116
-1504.9 118
-1504.7 107
-1504.5 110
-1504.3 117
-1504.1 106
-1503.9 109
-1503.7 93
-1503.5 88
-1503.3 112
-1503.1 90
-1502.9 123
-1502.7 104
-1502.5 109
-1502.3 110
-1502.1 100
-1501.9 107
-1501.7 114
-1501.5 115
-1501.3 103
-1501.1 107
-1500.9 123
-1500.7 102
-1500.5 104
-1500.3 111
-1500.1 103
-1499.9 106
-1499.7 100
-1499.5 120
-1499.3 101
-1499.1 119
-1498.9 102
-1498.7 116
-1498.5 115
-1498.3 117
-1498.1 127
-1497.9 138
-1497.7 133
-1497.5 147
-1497.3 132
-1497.1 121
-1496.9 139
-1496.7 136
-1496.5 138
-1496.3 144
-1496.1 125
-1495.9 121
-1495.7 144
-1495.5 141
-1495.3 132
-1495.1 130
-1494.9 151
-1494.7 148
-1494.5 145
-1494.3 126
-1494.1 145
-1493.9 129
-1493.7 138
-1493.5 129
-1493.3 125
-1493.1 134
-1492.9 125
-1492.7 126
-1492.5 131
-1492.3 129
-1492.1 105
-1491.9 113
-1491.7 130
-1491.5 136
-1491.3 132
-1491.1 127
-1490.9 150
-1490.7 135
-1490.5 116
-1490.3 113
-1490.1 114
-1489.9 101
-1489.7 110
-1489.5 127
-1489.3 124
-1489.1 119
-1488.9 136
-1488.7 104
-1488.5 130
-1488.3 113
-1488.1 112
-1487.9 105
-1487.7 110
-1487.5 105
-1487.3 102
-1487.1 126
-1486.9 116
-1486.7 105
-1486.5 105
-1486.3 124
-1486.1 109
-1485.9 118
-1485.7 103
-1485.5 109
-1485.3 116
-1485.1 126
-1484.9 95
-1484.7 108
-1484.5 119
-1484.3 118
-1484.1 120
-1483.9 129
-1483.7 125
-1483.5 120
-1483.3 121
-1483.1 122
-1482.9 133
-1482.7 105
-1482.5 101
-1482.3 117
-1482.1 124
-1481.9 119
-1481.7 101
-1481.5 114
-1481.3 110
-1481.1 137
-1480.9 135
-1480.7 117
-1480.5 142
-1480.3 103
-1480.1 129
-1479.9 127
-1479.7 128
-1479.5 113
-1479.3 128
-1479.1 121
-1478.9 119
-1478.7 140
-1478.5 118
-1478.3 143
-1478.1 127
-1477.9 121
-1477.7 146
-1477.5 113
-1477.3 133
-1477.1 139
-1476.9 110
-1476.7 153
-1476.5 133
-1476.3 110
-1476.1 134
-1475.9 132
-1475.7 146
-1475.5 134
-1475.3 136
-1475.1 130
-1474.9 135
-1474.7 136
-1474.5 139
-1474.3 145
-1474.1 129
-1473.9 100
-1473.7 133
-1473.5 116
-1473.3 124
-1473.1 116
-1472.9 134
-1472.7 113
-1472.5 119
-1472.3 117
-1472.1 117
-1471.9 125
-1471.7 115
-1471.5 114
-1471.3 136
-1471.1 119
-1470.9 103
-1470.7 105
-1470.5 104
-1470.3 109
-1470.1 122
-1469.9 128
-1469.7 121
-1469.5 120
-1469.3 124
-1469.1 113
-1468.9 117
-1468.7 110
-1468.5 107
-1468.3 112
-1468.1 115
-1467.9 91
-1467.7 136
-1467.5 118
-1467.3 131
-1467.1 122
-1466.9 101
-1466.7 122
-1466.5 117
-1466.3 120
-1466.1 115
-1465.9 126
-1465.7 113
-1465.5 123
-1465.3 119
-1465.1 140
-1464.9 109
-1464.7 113
-1464.5 117
-1464.3 123
-1464.1 129
-1463.9 125
-1463.7 129
-1463.5 115
-1463.3 123
-1463.1 129
-1462.9 140
-1462.7 98
-1462.5 117
-1462.3 120
-1462.1 116
-1461.9 120
-1461.7 132
-1461.5 127
-1461.3 122
-1461.1 126
-1460.9 132
-1460.7 125
-1460.5 114
-1460.3 126
-1460.1 107
-1459.9 121
-1459.7 125
-1459.5 131
-1459.3 112
-1459.1 120
-1458.9 126
-1458.7 127
-1458.5 118
-1458.3 144
-1458.1 128
-1457.9 145
-1457.7 126
-1457.5 124
-1457.3 119
-1457.1 131
-1456.9 127
-1456.7 129
-1456.5 111
-1456.3 121
-1456.1 146
-1455.9 127
-1455.7 120
-1455.5 124
-1455.3 149
-1455.1 123
-1454.9 112
-1454.7 118
-1454.5 134
-1454.3 141
-1454.1 118
-1453.9 128
-1453.7 137
-1453.5 100
-1453.3 113
-1453.1 139
-1452.9 117
-1452.7 118
-1452.5 116
-1452.3 100
-1452.1 136
-1451.9 133
-1451.7 122
-1451.5 118
-1451.3 111
-1451.1 135
-1450.9 143
-1450.7 94
-1450.5 115
-1450.3 114
-1450.1 140
-1449.9 120
-1449.7 111
-1449.5 122
-1449.3 120
-1449.1 117
-1448.9 137
-1448.7 111
-1448.5 108
-1448.3 132
-1448.1 129
-1447.9 133
-1447.7 125
-1447.5 120
-1447.3 114
-1447.1 138
-1446.9 122
-1446.7 132
-1446.5 117
-1446.3 112
-1446.1 139
-1445.9 122
-1445.7 124
-1445.5 104
-1445.3 125
-1445.1 118
-1444.9 116
-1444.7 111
-1444.5 113
-1444.3 122
-1444.1 112
-1443.9 120
-1443.7 141
-1443.5 128
-1443.3 125
-1443.1 142
-1442.9 117
-1442.7 112
-1442.5 130
-1442.3 111
-1442.1 123
-1441.9 115
-1441.7 151
-1441.5 119
-1441.3 105
-1441.1 128
-1440.9 111
-1440.7 114
-1440.5 138
-1440.3 134
-1440.1 120
-1439.9 113
-1439.7 138
-1439.5 109
-1439.3 118
-1439.1 132
-1438.9 132
-1438.7 124
-1438.5 121
-1438.3 125
-1438.1 116
-1437.9 116
-1437.7 128
-1437.5 147
-1437.3 116
-1437.1 120
-1436.9 91
-1436.7 139
-1436.5 116
-1436.3 128
-1436.1 136
-1435.9 124
-1435.7 113
-1435.5 117
-1435.3 139
-1435.1 106
-1434.9 110
-1434.7 115
-1434.5 128
-1434.3 133
-1434.1 150
-1433.9 126
-1433.7 114
-1433.5 115
-1433.3 118
-1433.1 120
-1432.9 111
-1432.7 129
-1432.5 116
-1432.3 109
-1432.1 125
-1431.9 139
-1431.7 130
-1431.5 117
-1431.3 109
-1431.1 130
-1430.9 120
-1430.7 110
-1430.5 102
-1430.3 119
-1430.1 106
-1429.9 116
-1429.7 137
-1429.5 120
-1429.3 131
-1429.1 117
-1428.9 129
-1428.7 117
-1428.5 116
-1428.3 126
-1428.1 116
-1427.9 105
-1427.7 135
-1427.5 119
-1427.3 113
-1427.1 141
-1426.9 115
-1426.7 127
-1426.5 134
-1426.3 116
-1426.1 112
-1425.9 114
-1425.7 124
-1425.5 99
-1425.3 129
-1425.1 118
-1424.9 119
-1424.7 127
-1424.5 123
-1424.3 131
-1424.1 121
-1423.9 131
-1423.7 122
-1423.5 141
-1423.3 142
-1423.1 128
-1422.9 141
-1422.7 131
-1422.5 134
-1422.3 120
-1422.1 129
-1421.9 124
-1421.7 119
-1421.5 114
-1421.3 133
-1421.1 118
-1420.9 125
-1420.7 128
-1420.5 128
-1420.3 120
-1420.1 121
-1419.9 113
-1419.7 123
-1419.5 126
-1419.3 108
-1419.1 128
-1418.9 133
-1418.7 164
-1418.5 117
-1418.3 135
-1418.1 112
-1417.9 145
-1417.7 113
-1417.5 124
-1417.3 121
-1417.1 122
-1416.9 131
-1416.7 139
-1416.5 117
-1416.3 126
-1416.1 113
-1415.9 123
-1415.7 132
-1415.5 138
-1415.3 117
-1415.1 126
-1414.9 129
-1414.7 128
-1414.5 143
-1414.3 147
-1414.1 104
-1413.9 121
-1413.7 115
-1413.5 123
-1413.3 122
-1413.1 117
-1412.9 105
-1412.7 122
-1412.5 116
-1412.3 108
-1412.1 121
-1411.9 122
-1411.7 130
-1411.5 123
-1411.3 119
-1411.1 113
-1410.9 112
-1410.7 129
-1410.5 100
-1410.3 123
-1410.1 114
-1409.9 115
-1409.7 106
-1409.5 114
-1409.3 116
-1409.1 125
-1408.9 109
-1408.7 127
-1408.5 116
-1408.3 108
-1408.1 141
-1407.9 110
-1407.7 114
-1407.5 109
-1407.3 116
-1407.1 128
-1406.9 102
-1406.7 112
-1406.5 113
-1406.3 126
-1406.1 104
-1405.9 128
-1405.7 107
-1405.5 143
-1405.3 124
-1405.1 130
-1404.9 119
-1404.7 101
-1404.5 129
-1404.3 139
-1404.1 133
-1403.9 113
-1403.7 124
-1403.5 113
-1403.3 134
-1403.1 97
-1402.9 135
-1402.7 102
-1402.5 127
-1402.3 118
-1402.1 122
-1401.9 126
-1401.7 117
-1401.5 105
-1401.3 140
-1401.1 142
-1400.9 120
-1400.7 139
-1400.5 118
-1400.3 128
-1400.1 121
-1399.9 125
-1399.7 120
-1399.5 135
-1399.3 132
-1399.1 127
-1398.9 143
-1398.7 112
-1398.5 123
-1398.3 146
-1398.1 139
-1397.9 132
-1397.7 130
-1397.5 106
-1397.3 127
-1397.1 140
-1396.9 111
-1396.7 129
-1396.5 104
-1396.3 134
-1396.1 127
-1395.9 122
-1395.7 115
-1395.5 109
-1395.3 92
-1395.1 107
-1394.9 133
-1394.7 136
-1394.5 128
-1394.3 138
-1394.1 131
-1393.9 138
-1393.7 119
-1393.5 118
-1393.3 118
-1393.1 139
-1392.9 114
-1392.7 137
-1392.5 114
-1392.3 133
-1392.1 126
-1391.9 110
-1391.7 134
-1391.5 117
-1391.3 140
-1391.1 109
-1390.9 109
-1390.7 100
-1390.5 119
-1390.3 135
-1390.1 106
-1389.9 121
-1389.7 116
-1389.5 122
-1389.3 96
-1389.1 127
-1388.9 130
-1388.7 104
-1388.5 132
-1388.3 124
-1388.1 118
-1387.9 115
-1387.7 132
-1387.5 109
-1387.3 112
-1387.1 136
-1386.9 118
-1386.7 145
-1386.5 121
-1386.3 105
-1386.1 128
-1385.9 128
-1385.7 118
-1385.5 117
-1385.3 118
-1385.1 148
-1384.9 125
-1384.7 133
-1384.5 106
-1384.3 118
-1384.1 142
-1383.9 136
-1383.7 118
-1383.5 119
-1383.3 117
-1383.1 133
-1382.9 111
-1382.7 104
-1382.5 121
-1382.3 122
-1382.1 113
-1381.9 124
-1381.7 121
-1381.5 125
-1381.3 110
-1381.1 142
-1380.9 131
-1380.7 114
-1380.5 117
-1380.3 110
-1380.1 130
-1379.9 134
-1379.7 101
-1379.5 118
-1379.3 112
-1379.1 112
-1378.9 137
-1378.7 121
-1378.5 109
-1378.3 119
-1378.1 117
-1377.9 111
-1377.7 91
-1377.5 137
-1377.3 116
-1377.1 118
-1376.9 121
-1376.7 116
-1376.5 122
-1376.3 126
-1376.1 128
-1375.9 113
-1375.7 117
-1375.5 101
-1375.3 132
-1375.1 128
-1374.9 114
-1374.7 127
-1374.5 111
-1374.3 132
-1374.1 119
-1373.9 109
-1373.7 115
-1373.5 120
-1373.3 109
-1373.1 111
-1372.9 108
-1372.7 126
-1372.5 120
-1372.3 136
-1372.1 98
-1371.9 145
-1371.7 113
-1371.5 126
-1371.3 146
-1371.1 119
-1370.9 101
-1370.7 113
-1370.5 127
-1370.3 136
-1370.1 114
-1369.9 140
-1369.7 116
-1369.5 122
-1369.3 105
-1369.1 127
-1368.9 113
-1368.7 121
-1368.5 146
-1368.3 131
-1368.1 137
-1367.9 120
-1367.7 132
-1367.5 124
-1367.3 126
-1367.1 129
-1366.9 111
-1366.7 107
-1366.5 135
-1366.3 111
-1366.1 103
-1365.9 117
-1365.7 136
-1365.5 122
-1365.3 132
-1365.1 138
-1364.9 118
-1364.7 150
-1364.5 115
-1364.3 105
-1364.1 115
-1363.9 135
-1363.7 134
-1363.5 125
-1363.3 119
-1363.1 114
-1362.9 120
-1362.7 141
-1362.5 107
-1362.3 104
-1362.1 118
-1361.9 117
-1361.7 131
-1361.5 111
-1361.3 108
-1361.1 131
-1360.9 129
-1360.7 117
-1360.5 106
-1360.3 116
-1360.1 107
-1359.9 111
-1359.7 131
-1359.5 112
-1359.3 107
-1359.1 82
-1358.9 96
-1358.7 94
-1358.5 116
-1358.3 103
-1358.1 109
-1357.9 84
-1357.7 73
-1357.5 87
-1357.3 96
-1357.1 98
-1356.9 89
-1356.7 99
-1356.5 82
-1356.3 84
-1356.1 100
-1355.9 79
-1355.7 78
-1355.5 88
-1355.3 90
-1355.1 70
-1354.9 92
-1354.7 86
-1354.5 82
-1354.3 62
-1354.1 86
-1353.9 63
-1353.7 67
-1353.5 73
-1353.3 67
-1353.1 68
-1352.9 66
-1352.7 71
-1352.5 66
-1352.3 66
-1352.1 73
-1351.9 67
-1351.7 72
-1351.5 57
-1351.3 60
-1351.1 65
-1350.9 59
-1350.7 69
-1350.5 46
-1350.3 50
-1350.1 41
-1349.9 57
-1349.7 59
-1349.5 54
-1349.3 49
-1349.1 48
-1348.9 56
-1348.7 45
-1348.5 44
-1348.3 58
-1348.1 55
-1347.9 38
-1347.7 51
-1347.5 38
-1347.3 41
-1347.1 44
-1346.9 44
-1346.7 48
-1346.5 42
-1346.3 34
-1346.1 30
-1345.9 41
-1345.7 45
-1345.5 24
-1345.3 30
-1345.1 35
-1344.9 23
-1344.7 24
-1344.5 45
-1344.3 29
-1344.1 33
-1343.9 24
-1343.7 28
-1343.5 27
-1343.3 31
-1343.1 24
-1342.9 19
-1342.7 24
-1342.5 18
-1342.3 28
-1342.1 18
-1341.9 23
-1341.7 17
-1341.5 21
-1341.3 19
-1341.1 12
-1340.9 16
-1340.7 16
-1340.5 24
-1340.3 14
-1340.1 14
-1339.9 15
-1339.7 13
-1339.5 22
-1339.3 11
-1339.1 17
-1338.9 23
-1338.7 14
-1338.5 11
-1338.3 10
-1338.1 12
-1337.9 12
-1337.7 13
-1337.5 12
-1337.3 11
-1337.1 5
-1336.9 8
-1336.7 3
-1336.5 12
-1336.3 7
-1336.1 9
-1335.9 3
-1335.7 6
-1335.5 9
-1335.3 10
-1335.1 5
-1334.9 9
-1334.7 4
-1334.5 8
-1334.3 5
-1334.1 3
-1333.9 4
-1333.7 5
-1333.5 7
-1333.3 2
-1333.1 4
-1332.9 3
-1332.7 6
-1332.5 4
-1332.3 4
-1332.1 2
-1331.9 2
-1331.7 6
-1331.5 2
-1331.3 5
-1331.1 1
-1330.9 2
-1330.7 1
-1330.5 1
-1330.3 4
-1330.1 5
-1329.9 4
-1329.7 5
-1329.5 3
-1329.3 3
-1329.1 1
-1328.9 3
-1328.7 1
-1328.5 0
-1328.3 3
-1328.1 2
-1327.9 0
-1327.7 2
-1327.5 3
-1327.3 2
-1327.1 4
-1326.9 0
-1326.7 1
-1326.5 1
-1326.3 0
-1326.1 1
-1325.9 0
-1325.7 0
-1325.5 2
-1325.3 4
-1325.1 0
-1324.9 0
-1324.7 1
-1324.5 1
-1324.3 0
-1324.1 0
-1323.9 1
-1323.7 0
-1323.5 0
-1323.3 0
-1323.1 0
-1322.9 0
-1322.7 0
-1322.5 0
-1322.3 1
-1322.1 0
-1321.9 0
-1321.7 2
-1321.5 0
-1321.3 1
-1321.1 1
-1320.9 1
-1320.7 0
-1320.5 0
-1320.3 0
-1320.1 1
-1319.9 0
-1319.7 1
-1319.5 0
-1319.3 1
-1319.1 0
-1318.9 2
-1318.7 0
-1318.5 0
-1318.3 0
-1318.1 0
-1317.9 0
-1317.7 1
-1317.5 0
-1317.3 1
-1317.1 1
-1316.9 1
-1316.7 0
-1316.5 1
-1316.3 1
-1316.1 1
-1315.9 0
-1315.7 0
-1315.5 1
-1315.3 1
-1315.1 1
-1314.9 1
-1314.7 1
-1314.5 0
-1314.3 0
-1314.1 0
-1313.9 0
-1313.7 0
-1313.5 0
-1313.3 0
-1313.1 0
-1312.9 0
-1312.7 0
-1312.5 0
-1312.3 2
-1312.1 0
-1311.9 0
-1311.7 0
-1311.5 1
-1311.3 0
-1311.1 0
-1310.9 0
-1310.7 0
-1310.5 0
-1310.3 0
-1310.1 1
-1309.9 0
-1309.7 0
-1309.5 0
-1309.3 0
-1309.1 0
-1308.9 0
-1308.7 0
-1308.5 2
-1308.3 1
-1308.1 0
-1307.9 2
-1307.7 1
-1307.5 2
-1307.3 1
-1307.1 0
-1306.9 0
-1306.7 2
-1306.5 1
-1306.3 0
-1306.1 0
-1305.9 0
-1305.7 0
-1305.5 0
-1305.3 0
-1305.1 1
-1304.9 0
-1304.7 0
-1304.5 1
-1304.3 0
-1304.1 0
-1303.9 1
-1303.7 1
-1303.5 2
-1303.3 1
-1303.1 0
-1302.9 1
-1302.7 0
-1302.5 0
-1302.3 0
-1302.1 0
-1301.9 1
-1301.7 0
-1301.5 0
-1301.3 0
-1301.1 1
-1300.9 0
-1300.7 0
-1300.5 0
-1300.3 0
-1300.1 0
