1280
-206.1 9.30769e-07
-205.9 9.30769e-07
-205.7 9.30769e-07
-205.5 9.30769e-07
-205.3 9.30769e-07
-205.1 9.30769e-07
-204.9 1.86154e-06
-204.7 1.86154e-06
-204.5 1.86154e-06
-204.3 1.86154e-06
-204.1 1.86154e-06
-203.9 1.86154e-06
-203.7 2.79231e-06
-203.5 2.79231e-06
-203.3 2.79231e-06
-203.1 4.65385e-06
-202.9 4.65385e-06
-202.7 4.65385e-06
-202.5 4.65385e-06
-202.3 4.65385e-06
-202.1 4.65385e-06
-201.9 4.65385e-06
-201.7 4.65385e-06
-201.5 4.65385e-06
-201.3 4.65385e-06
-201.1 4.65385e-06
-200.9 4.65385e-06
-200.7 4.65385e-06
-200.5 4.65385e-06
-200.3 4.65385e-06
-200.1 4.65385e-06
-199.9 4.65385e-06
-199.7 4.65385e-06
-199.5 4.65385e-06
-199.3 5.58462e-06
-199.1 5.58462e-06
-198.9 5.58462e-06
-198.7 5.58462e-06
-198.5 6.51539e-06
-198.3 9.30769e-06
-198.1 1.21e-05
-197.9 2.04769e-05
-197.7 3.53692e-05
-197.5 5.58462e-05
-197.3 9.58692e-05
-197.1 0.000151715
-196.9 0.000235485
-196.7 0.0003388
-196.5 0.000513785
-196.3 0.000742754
-196.1 0.0010285
-195.9 0.00145945
-195.7 0.00196578
-195.5 0.00264618
-195.3 0.0034606
-195.1 0.00446397
-194.9 0.00568142
-194.7 0.00710642
-194.5 0.00872317
-194.3 0.0105419
-194.1 0.0124574
-193.9 0.0144362
-193.7 0.0165817
-193.5 0.0187597
-193.3 0.0210019
-193.1 0.0232748
-192.9 0.0254947
-192.7 0.027911
-192.5 0.0302668
-192.3 0.0325248
-192.1 0.0347177
-191.9 0.0369394
-191.7 0.0390169
-191.5 0.0411177
-191.3 0.0432389
-191.1 0.0453145
-190.9 0.0474106
-190.7 0.0493876
-190.5 0.0513589
-190.3 0.0533545
-190.1 0.0552998
-189.9 0.0572228
-189.7 0.059155
-189.5 0.0611125
-189.3 0.0629396
-189.1 0.064776
-188.9 0.0666003
-188.7 0.0684488
-188.5 0.0702517
-188.3 0.0720453
-188.1 0.0737504
-187.9 0.0755496
-187.7 0.0773916
-187.5 0.0791629
-187.3 0.0809444
-187.1 0.08267
-186.9 0.0844105
-186.7 0.0860264
-186.5 0.0877604
-186.3 0.0894544
-186.1 0.0911447
-185.9 0.0928135
-185.7 0.094515
-185.5 0.0961224
-185.3 0.097836
-185.1 0.0995113
-184.9 0.10121
-184.7 0.102828
-184.5 0.104499
-184.3 0.106163
-184.1 0.107777
-183.9 0.109361
-183.7 0.111004
-183.5 0.112593
-183.3 0.114225
-183.1 0.115877
-182.9 0.11747
-182.7 0.118995
-182.5 0.120563
-182.3 0.122083
-182.1 0.123615
-181.9 0.125154
-181.7 0.126615
-181.5 0.128072
-181.3 0.129598
-181.1 0.13107
-180.9 0.132524
-180.7 0.133905
-180.5 0.135383
-180.3 0.136788
-180.1 0.138094
-179.9 0.139434
-179.7 0.140808
-179.5 0.142174
-179.3 0.143438
-179.1 0.144778
-178.9 0.146098
-178.7 0.147325
-178.5 0.148606
-178.3 0.149826
-178.1 0.151101
-177.9 0.15231
-177.7 0.15349
-177.5 0.154697
-177.3 0.155863
-177.1 0.156968
-176.9 0.158159
-176.7 0.159289
-176.5 0.160395
-176.3 0.16149
-176.1 0.162618
-175.9 0.163687
-175.7 0.164802
-175.5 0.165875
-175.3 0.16699
-175.1 0.168093
-174.9 0.16915
-174.7 0.170162
-174.5 0.171216
-174.3 0.172272
-174.1 0.17333
-173.9 0.174384
-173.7 0.175424
-173.5 0.176398
-173.3 0.177431
-173.1 0.178412
-172.9 0.179415
-172.7 0.180414
-172.5 0.181404
-172.3 0.182425
-172.1 0.183405
-171.9 0.184371
-171.7 0.185312
-171.5 0.186261
-171.3 0.187248
-171.1 0.188226
-170.9 0.189213
-170.7 0.190174
-170.5 0.191144
-170.3 0.192072
-170.1 0.192975
-169.9 0.193937
-169.7 0.194877
-169.5 0.1958
-169.3 0.196732
-169.1 0.1977
-168.9 0.198583
-168.7 0.19958
-168.5 0.20053
-168.3 0.201446
-168.1 0.20238
-167.9 0.203309
-167.7 0.204286
-167.5 0.205233
-167.3 0.206112
-167.1 0.20705
-166.9 0.207977
-166.7 0.20888
-166.5 0.20984
-166.3 0.210771
-166.1 0.211633
-165.9 0.212566
-165.7 0.213506
-165.5 0.214429
-165.3 0.215314
-165.1 0.216207
-164.9 0.217092
-164.7 0.217995
-164.5 0.218905
-164.3 0.219778
-164.1 0.220711
-163.9 0.221597
-163.7 0.222465
-163.5 0.223296
-163.3 0.224186
-163.1 0.225092
-162.9 0.225995
-162.7 0.226918
-162.5 0.227845
-162.3 0.228704
-162.1 0.229593
-161.9 0.230537
-161.7 0.231402
-161.5 0.23225
-161.3 0.233102
-161.1 0.233972
-160.9 0.234851
-160.7 0.235709
-160.5 0.236566
-160.3 0.23744
-160.1 0.238345
-159.9 0.239259
-159.7 0.240175
-159.5 0.241046
-159.3 0.241955
-159.1 0.242854
-158.9 0.243723
-158.7 0.244595
-158.5 0.24553
-158.3 0.246368
-158.1 0.247209
-157.9 0.248105
-157.7 0.248975
-157.5 0.24993
-157.3 0.250876
-157.1 0.251732
-156.9 0.252596
-156.7 0.253423
-156.5 0.254321
-156.3 0.255158
-156.1 0.25599
-155.9 0.256868
-155.7 0.257727
-155.5 0.258554
-155.3 0.259417
-155.1 0.26025
-154.9 0.261142
-154.7 0.262061
-154.5 0.262892
-154.3 0.263747
-154.1 0.264621
-153.9 0.265466
-153.7 0.266194
-153.5 0.26701
-153.3 0.267843
-153.1 0.268627
-152.9 0.269413
-152.7 0.270226
-152.5 0.271004
-152.3 0.271776
-152.1 0.272634
-151.9 0.27345
-151.7 0.274278
-151.5 0.275102
-151.3 0.275931
-151.1 0.27673
-150.9 0.277529
-150.7 0.278318
-150.5 0.27907
-150.3 0.27986
-150.1 0.280671
-149.9 0.281457
-149.7 0.282194
-149.5 0.282978
-149.3 0.283752
-149.1 0.284513
-148.9 0.285251
-148.7 0.286064
-148.5 0.286837
-148.3 0.287612
-148.1 0.288404
-147.9 0.289146
-147.7 0.289915
-147.5 0.290688
-147.3 0.29147
-147.1 0.292237
-146.9 0.293041
-146.7 0.293826
-146.5 0.294636
-146.3 0.295458
-146.1 0.296268
-145.9 0.297099
-145.7 0.297905
-145.5 0.298714
-145.3 0.299543
-145.1 0.300381
-144.9 0.30117
-144.7 0.302015
-144.5 0.302852
-144.3 0.303683
-144.1 0.304522
-143.9 0.305313
-143.7 0.306144
-143.5 0.307047
-143.3 0.307849
-143.1 0.308714
-142.9 0.309566
-142.7 0.31041
-142.5 0.311265
-142.3 0.312111
-142.1 0.312979
-141.9 0.31384
-141.7 0.314692
-141.5 0.315562
-141.3 0.316425
-141.1 0.317269
-140.9 0.318156
-140.7 0.319042
-140.5 0.319905
-140.3 0.320788
-140.1 0.321646
-139.9 0.322516
-139.7 0.323402
-139.5 0.324314
-139.3 0.32525
-139.1 0.326122
-138.9 0.327023
-138.7 0.327932
-138.5 0.32881
-138.3 0.329679
-138.1 0.330619
-137.9 0.331494
-137.7 0.332453
-137.5 0.333289
-137.3 0.334124
-137.1 0.335027
-136.9 0.335918
-136.7 0.33684
-136.5 0.337772
-136.3 0.338665
-136.1 0.339579
-135.9 0.340508
-135.7 0.341437
-135.5 0.342314
-135.3 0.343186
-135.1 0.344064
-134.9 0.345003
-134.7 0.345925
-134.5 0.346834
-134.3 0.347755
-134.1 0.348686
-133.9 0.349553
-133.7 0.350468
-133.5 0.351353
-133.3 0.352252
-133.1 0.353196
-132.9 0.3541
-132.7 0.354986
-132.5 0.355872
-132.3 0.35674
-132.1 0.357626
-131.9 0.358561
-131.7 0.359481
-131.5 0.360353
-131.3 0.361283
-131.1 0.362175
-130.9 0.363079
-130.7 0.364005
-130.5 0.364873
-130.3 0.365795
-130.1 0.366765
-129.9 0.367628
-129.7 0.368491
-129.5 0.369408
-129.3 0.370291
-129.1 0.371165
-128.9 0.372043
-128.7 0.372949
-128.5 0.373837
-128.3 0.374718
-128.1 0.375635
-127.9 0.376537
-127.7 0.377434
-127.5 0.378322
-127.3 0.379216
-127.1 0.380096
-126.9 0.38094
-126.7 0.381824
-126.5 0.382717
-126.3 0.383592
-126.1 0.384474
-125.9 0.385381
-125.7 0.386297
-125.5 0.387155
-125.3 0.388044
-125.1 0.388883
-124.9 0.389801
-124.7 0.390649
-124.5 0.391538
-124.3 0.39245
-124.1 0.393321
-123.9 0.394156
-123.7 0.395046
-123.5 0.395901
-123.3 0.396716
-123.1 0.397597
-122.9 0.398474
-122.7 0.399366
-122.5 0.400246
-122.3 0.401144
-122.1 0.402027
-121.9 0.402903
-121.7 0.403827
-121.5 0.404678
-121.3 0.405597
-121.1 0.406412
-120.9 0.407256
-120.7 0.408165
-120.5 0.409059
-120.3 0.409992
-120.1 0.410856
-119.9 0.411673
-119.7 0.412597
-119.5 0.413474
-119.3 0.414343
-119.1 0.415175
-118.9 0.416072
-118.7 0.416986
-118.5 0.417843
-118.3 0.418705
-118.1 0.419538
-117.9 0.420402
-117.7 0.421242
-117.5 0.422114
-117.3 0.422981
-117.1 0.423818
-116.9 0.424695
-116.7 0.425528
-116.5 0.426439
-116.3 0.427321
-116.1 0.428203
-115.9 0.429031
-115.7 0.429921
-115.5 0.430789
-115.3 0.431692
-115.1 0.432568
-114.9 0.433397
-114.7 0.434247
-114.5 0.435093
-114.3 0.435941
-114.1 0.436805
-113.9 0.43768
-113.7 0.438554
-113.5 0.439432
-113.3 0.440269
-113.1 0.441075
-112.9 0.441925
-112.7 0.442755
-112.5 0.443634
-112.3 0.444493
-112.1 0.445336
-111.9 0.446162
-111.7 0.447023
-111.5 0.447895
-111.3 0.448714
-111.1 0.449535
-110.9 0.450387
-110.7 0.451234
-110.5 0.45214
-110.3 0.452988
-110.1 0.453852
-109.9 0.454708
-109.7 0.455538
-109.5 0.456431
-109.3 0.457288
-109.1 0.458149
-108.9 0.459004
-108.7 0.459843
-108.5 0.460708
-108.3 0.46154
-108.1 0.462418
-107.9 0.463263
-107.7 0.464084
-107.5 0.464902
-107.3 0.465743
-107.1 0.466576
-106.9 0.467434
-106.7 0.46825
-106.5 0.469103
-106.3 0.469953
-106.1 0.47082
-105.9 0.471696
-105.7 0.472513
-105.5 0.473364
-105.3 0.474157
-105.1 0.475
-104.9 0.475872
-104.7 0.476707
-104.5 0.477538
-104.3 0.478358
-104.1 0.479214
-103.9 0.480044
-103.7 0.4809
-103.5 0.481752
-103.3 0.482542
-103.1 0.483438
-102.9 0.484254
-102.7 0.485064
-102.5 0.485891
-102.3 0.486682
-102.1 0.487484
-101.9 0.488315
-101.7 0.489132
-101.5 0.489996
-101.3 0.490807
-101.1 0.491649
-100.9 0.49248
-100.7 0.493306
-100.5 0.494169
-100.3 0.494952
-100.1 0.49584
-99.9 0.496704
-99.7 0.497551
-99.5 0.498396
-99.3 0.499258
-99.1 0.500061
-98.9 0.500892
-98.7 0.501702
-98.5 0.502521
-98.3 0.503352
-98.1 0.504215
-97.9 0.505062
-97.7 0.505867
-97.5 0.506714
-97.3 0.507614
-97.1 0.508438
-96.9 0.50926
-96.7 0.51003
-96.5 0.510826
-96.3 0.511656
-96.1 0.512475
-95.9 0.513302
-95.7 0.514169
-95.5 0.515001
-95.3 0.515841
-95.1 0.516653
-94.9 0.517459
-94.7 0.518285
-94.5 0.51915
-94.3 0.519985
-94.1 0.520802
-93.9 0.521652
-93.7 0.522453
-93.5 0.523279
-93.3 0.524118
-93.1 0.52493
-92.9 0.525789
-92.7 0.526616
-92.5 0.527354
-92.3 0.528213
-92.1 0.529055
-91.9 0.529853
-91.7 0.530683
-91.5 0.531523
-91.3 0.532327
-91.1 0.533166
-90.9 0.533993
-90.7 0.534835
-90.5 0.535639
-90.3 0.536442
-90.1 0.537256
-89.9 0.538062
-89.7 0.538867
-89.5 0.539711
-89.3 0.540565
-89.1 0.54138
-88.9 0.542234
-88.7 0.542989
-88.5 0.543845
-88.3 0.544712
-88.1 0.545556
-87.9 0.54641
-87.7 0.547268
-87.5 0.548049
-87.3 0.548861
-87.1 0.549674
-86.9 0.550479
-86.7 0.551324
-86.5 0.55217
-86.3 0.553002
-86.1 0.553813
-85.9 0.554649
-85.7 0.555472
-85.5 0.556313
-85.3 0.557143
-85.1 0.558012
-84.9 0.558771
-84.7 0.559612
-84.5 0.560385
-84.3 0.56122
-84.1 0.562031
-83.9 0.562892
-83.7 0.563699
-83.5 0.564527
-83.3 0.565359
-83.1 0.566198
-82.9 0.56697
-82.7 0.567791
-82.5 0.568615
-82.3 0.569486
-82.1 0.570296
-81.9 0.571114
-81.7 0.571988
-81.5 0.572855
-81.3 0.573694
-81.1 0.574476
-80.9 0.575309
-80.7 0.576095
-80.5 0.576928
-80.3 0.577787
-80.1 0.578613
-79.9 0.579435
-79.7 0.580303
-79.5 0.58109
-79.3 0.581958
-79.1 0.582791
-78.9 0.583611
-78.7 0.584419
-78.5 0.585247
-78.3 0.586105
-78.1 0.586958
-77.9 0.58774
-77.7 0.588571
-77.5 0.589399
-77.3 0.590232
-77.1 0.591053
-76.9 0.591874
-76.7 0.592652
-76.5 0.593478
-76.3 0.5943
-76.1 0.595105
-75.9 0.595924
-75.7 0.596785
-75.5 0.597646
-75.3 0.598564
-75.1 0.599414
-74.9 0.600303
-74.7 0.601153
-74.5 0.60199
-74.3 0.602821
-74.1 0.603636
-73.9 0.604494
-73.7 0.60541
-73.5 0.60625
-73.3 0.607159
-73.1 0.608022
-72.9 0.608864
-72.7 0.609692
-72.5 0.610541
-72.3 0.611368
-72.1 0.612235
-71.9 0.613079
-71.7 0.61387
-71.5 0.614742
-71.3 0.615588
-71.1 0.616413
-70.9 0.617259
-70.7 0.61809
-70.5 0.618886
-70.3 0.619706
-70.1 0.620467
-69.9 0.621288
-69.7 0.622144
-69.5 0.623004
-69.3 0.623863
-69.1 0.62475
-68.9 0.625563
-68.7 0.626423
-68.5 0.627286
-68.3 0.628161
-68.1 0.629055
-67.9 0.629899
-67.7 0.630767
-67.5 0.631588
-67.3 0.632408
-67.1 0.633267
-66.9 0.634114
-66.7 0.634946
-66.5 0.635797
-66.3 0.636597
-66.1 0.637448
-65.9 0.638314
-65.7 0.639227
-65.5 0.640038
-65.3 0.640918
-65.1 0.641824
-64.9 0.642662
-64.7 0.643487
-64.5 0.644319
-64.3 0.645159
-64.1 0.646022
-63.9 0.646816
-63.7 0.647629
-63.5 0.648504
-63.3 0.649309
-63.1 0.650138
-62.9 0.650971
-62.7 0.651859
-62.5 0.652704
-62.3 0.653529
-62.1 0.654328
-61.9 0.655156
-61.7 0.656014
-61.5 0.656856
-61.3 0.657737
-61.1 0.658544
-60.9 0.659376
-60.7 0.660196
-60.5 0.661031
-60.3 0.661917
-60.1 0.66276
-59.9 0.663613
-59.7 0.664448
-59.5 0.665277
-59.3 0.666096
-59.1 0.666928
-58.9 0.667796
-58.7 0.668655
-58.5 0.669477
-58.3 0.670362
-58.1 0.671227
-57.9 0.672125
-57.7 0.672955
-57.5 0.673743
-57.3 0.674551
-57.1 0.675424
-56.9 0.676252
-56.7 0.677092
-56.5 0.677892
-56.3 0.678741
-56.1 0.679534
-55.9 0.680423
-55.7 0.681292
-55.5 0.682122
-55.3 0.682939
-55.1 0.683832
-54.9 0.684672
-54.7 0.685489
-54.5 0.686272
-54.3 0.687127
-54.1 0.687962
-53.9 0.688816
-53.7 0.689625
-53.5 0.690457
-53.3 0.691297
-53.1 0.692129
-52.9 0.692986
-52.7 0.693859
-52.5 0.694663
-52.3 0.695468
-52.1 0.696246
-51.9 0.697062
-51.7 0.697884
-51.5 0.698743
-51.3 0.699589
-51.1 0.70044
-50.9 0.701318
-50.7 0.702162
-50.5 0.702954
-50.3 0.703807
-50.1 0.704645
-49.9 0.705437
-49.7 0.706272
-49.5 0.707136
-49.3 0.707952
-49.1 0.708783
-48.9 0.709619
-48.7 0.710459
-48.5 0.711317
-48.3 0.712174
-48.1 0.713035
-47.9 0.713837
-47.7 0.714685
-47.5 0.71551
-47.3 0.716366
-47.1 0.71719
-46.9 0.717998
-46.7 0.718856
-46.5 0.71966
-46.3 0.720479
-46.1 0.721325
-45.9 0.722167
-45.7 0.722988
-45.5 0.723847
-45.3 0.724672
-45.1 0.725517
-44.9 0.726341
-44.7 0.727155
-44.5 0.727991
-44.3 0.728802
-44.1 0.729598
-43.9 0.730463
-43.7 0.731294
-43.5 0.732129
-43.3 0.73296
-43.1 0.733773
-42.9 0.734577
-42.7 0.735393
-42.5 0.736274
-42.3 0.737099
-42.1 0.737927
-41.9 0.738786
-41.7 0.739624
-41.5 0.740465
-41.3 0.741251
-41.1 0.742051
-40.9 0.74288
-40.7 0.743699
-40.5 0.744536
-40.3 0.745394
-40.1 0.746223
-39.9 0.74708
-39.7 0.747894
-39.5 0.748733
-39.3 0.749546
-39.1 0.750397
-38.9 0.751218
-38.7 0.752064
-38.5 0.752904
-38.3 0.753688
-38.1 0.754544
-37.9 0.755341
-37.7 0.75615
-37.5 0.756958
-37.3 0.757793
-37.1 0.758598
-36.9 0.759445
-36.7 0.760298
-36.5 0.761146
-36.3 0.761992
-36.1 0.762784
-35.9 0.763624
-35.7 0.764486
-35.5 0.765345
-35.3 0.766155
-35.1 0.766989
-34.9 0.767833
-34.7 0.768653
-34.5 0.769532
-34.3 0.77035
-34.1 0.771201
-33.9 0.771991
-33.7 0.772849
-33.5 0.773679
-33.3 0.774515
-33.1 0.775326
-32.9 0.776158
-32.7 0.776965
-32.5 0.777819
-32.3 0.778638
-32.1 0.779497
-31.9 0.780327
-31.7 0.781129
-31.5 0.781951
-31.3 0.782766
-31.1 0.783556
-30.9 0.784387
-30.7 0.785208
-30.5 0.786058
-30.3 0.786925
-30.1 0.787741
-29.9 0.788619
-29.7 0.789487
-29.5 0.790274
-29.3 0.791081
-29.1 0.791934
-28.9 0.792813
-28.7 0.793663
-28.5 0.794526
-28.3 0.795328
-28.1 0.796149
-27.9 0.796955
-27.7 0.797782
-27.5 0.798577
-27.3 0.799378
-27.1 0.800156
-26.9 0.801008
-26.7 0.801862
-26.5 0.802671
-26.3 0.80347
-26.1 0.804257
-25.9 0.805084
-25.7 0.805866
-25.5 0.806625
-25.3 0.807463
-25.1 0.808296
-24.9 0.809093
-24.7 0.809941
-24.5 0.810761
-24.3 0.811606
-24.1 0.812418
-23.9 0.81319
-23.7 0.814018
-23.5 0.814854
-23.3 0.815695
-23.1 0.816506
-22.9 0.817343
-22.7 0.818161
-22.5 0.818925
-22.3 0.819754
-22.1 0.820572
-21.9 0.821383
-21.7 0.822203
-21.5 0.823011
-21.3 0.823812
-21.1 0.824658
-20.9 0.82548
-20.7 0.826327
-20.5 0.827209
-20.3 0.828081
-20.1 0.828887
-19.9 0.829713
-19.7 0.830561
-19.5 0.831381
-19.3 0.832218
-19.1 0.833019
-18.9 0.833823
-18.7 0.834647
-18.5 0.835503
-18.3 0.836319
-18.1 0.837129
-17.9 0.837991
-17.7 0.838827
-17.5 0.83968
-17.3 0.840506
-17.1 0.841311
-16.9 0.842143
-16.7 0.842937
-16.5 0.843735
-16.3 0.844555
-16.1 0.845375
-15.9 0.846192
-15.7 0.847008
-15.5 0.847815
-15.3 0.848646
-15.1 0.849443
-14.9 0.850281
-14.7 0.851099
-14.5 0.851937
-14.3 0.852836
-14.1 0.853619
-13.9 0.85443
-13.7 0.855266
-13.5 0.856113
-13.3 0.856931
-13.1 0.857717
-12.9 0.858543
-12.7 0.859367
-12.5 0.860148
-12.3 0.860939
-12.1 0.861769
-11.9 0.862564
-11.7 0.863381
-11.5 0.864219
-11.3 0.865075
-11.1 0.865908
-10.9 0.866743
-10.7 0.867597
-10.5 0.868439
-10.3 0.869225
-10.1 0.870066
-9.9 0.870917
-9.7 0.8717
-9.5 0.872539
-9.3 0.873387
-9.1 0.874183
-8.9 0.875015
-8.7 0.875813
-8.5 0.87662
-8.3 0.877402
-8.1 0.878242
-7.9 0.879046
-7.7 0.879852
-7.5 0.880687
-7.3 0.881559
-7.1 0.882329
-6.9 0.883147
-6.7 0.883961
-6.5 0.884805
-6.3 0.885614
-6.1 0.886426
-5.9 0.887254
-5.7 0.887993
-5.5 0.888853
-5.3 0.889668
-5.1 0.890501
-4.9 0.891298
-4.7 0.892134
-4.5 0.892961
-4.3 0.89379
-4.1 0.894587
-3.9 0.895423
-3.7 0.896297
-3.5 0.897088
-3.3 0.897921
-3.1 0.898701
-2.9 0.899568
-2.7 0.90039
-2.5 0.901242
-2.3 0.902028
-2.1 0.902823
-1.9 0.903642
-1.7 0.904452
-1.5 0.905269
-1.3 0.906135
-1.1 0.906963
-0.899999 0.907799
-0.699999 0.908646
-0.499999 0.909431
-0.299999 0.910237
-0.0999994 0.911087
0.100001 0.911926
0.300001 0.912745
0.500001 0.913547
0.700001 0.914312
0.900001 0.915141
1.1 0.915978
1.3 0.916818
1.5 0.91765
1.7 0.918478
1.9 0.919303
2.1 0.920106
2.3 0.920888
2.5 0.921678
2.7 0.922433
2.9 0.923272
3.1 0.92408
3.3 0.924914
3.5 0.925713
3.7 0.926552
3.9 0.927384
4.1 0.928225
4.3 0.929071
4.5 0.929898
4.7 0.930729
4.9 0.931533
5.1 0.932337
5.3 0.933125
5.5 0.933957
5.7 0.934786
5.9 0.935607
6.1 0.936428
6.3 0.937275
6.5 0.938071
6.7 0.938919
6.9 0.939737
7.1 0.940557
7.3 0.941351
7.5 0.942134
7.7 0.942923
7.9 0.943732
8.1 0.94453
8.3 0.945315
8.5 0.94607
8.7 0.946909
8.9 0.947734
9.1 0.948562
9.3 0.949361
9.5 0.950154
9.7 0.950889
9.9 0.951679
10.1 0.952445
10.3 0.953262
10.5 0.954048
10.7 0.95485
10.9 0.9556
11.1 0.956406
11.3 0.957192
11.5 0.957968
11.7 0.958718
11.9 0.959451
12.1 0.960193
12.3 0.960975
12.5 0.961744
12.7 0.96247
12.9 0.963192
13.1 0.963901
13.3 0.964653
13.5 0.965388
13.7 0.966137
13.9 0.966871
14.1 0.967577
14.3 0.968262
14.5 0.968981
14.7 0.969642
14.9 0.970294
15.1 0.970964
15.3 0.971661
15.5 0.97233
15.7 0.972976
15.9 0.973611
16.1 0.974257
16.3 0.974895
16.5 0.975507
16.7 0.976091
16.9 0.976668
17.1 0.977256
17.3 0.97785
17.5 0.978482
17.7 0.979051
17.9 0.979585
18.1 0.980164
18.3 0.980759
18.5 0.981295
18.7 0.981819
18.9 0.982356
19.1 0.98283
19.3 0.983344
19.5 0.983877
19.7 0.98431
19.9 0.984797
20.1 0.985261
20.3 0.985738
20.5 0.986189
20.7 0.986656
20.9 0.987084
21.1 0.987497
21.3 0.987892
21.5 0.98827
21.7 0.98871
21.9 0.989092
22.1 0.989453
22.3 0.989806
22.5 0.990156
22.7 0.990501
22.9 0.990833
23.1 0.991158
23.3 0.991503
23.5 0.991835
23.7 0.992165
23.9 0.992461
24.1 0.992729
24.3 0.993018
24.5 0.99329
24.7 0.993536
24.9 0.993807
25.1 0.994047
25.3 0.994297
25.5 0.994568
25.7 0.994791
25.9 0.995007
26.1 0.995249
26.3 0.995446
26.5 0.995651
26.7 0.995838
26.9 0.996047
27.1 0.996235
27.3 0.996412
27.5 0.996593
27.7 0.996759
27.9 0.996967
28.1 0.997109
28.3 0.997254
28.5 0.997412
28.7 0.997546
28.9 0.99767
29.1 0.9978
29.3 0.997925
29.5 0.998046
29.7 0.998163
29.9 0.998255
30.1 0.998368
30.3 0.998442
30.5 0.998528
30.7 0.998615
30.9 0.998706
31.1 0.998776
31.3 0.998832
31.5 0.998892
31.7 0.998953
31.9 0.999014
32.1 0.999074
32.3 0.999129
32.5 0.999187
32.7 0.999237
32.9 0.999286
33.1 0.999326
33.3 0.999365
33.5 0.999402
33.7 0.999441
33.9 0.999471
34.1 0.999506
34.3 0.999534
34.5 0.999561
34.7 0.999591
34.9 0.999619
35.1 0.999633
35.3 0.999654
35.5 0.999674
35.7 0.999696
35.9 0.999711
36.1 0.999726
36.3 0.999745
36.5 0.999756
36.7 0.999776
36.9 0.999787
37.1 0.999794
37.3 0.999802
37.5 0.999814
37.7 0.99982
37.9 0.99983
38.1 0.999842
38.3 0.999848
38.5 0.999856
38.7 0.999868
38.9 0.999877
39.1 0.999885
39.3 0.999892
39.5 0.999901
39.7 0.999906
39.9 0.999912
40.1 0.999916
40.3 0.999919
40.5 0.999922
40.7 0.999925
40.9 0.999927
41.1 0.999927
41.3 0.99993
41.5 0.999934
41.7 0.999939
41.9 0.999943
42.1 0.999945
42.3 0.999949
42.5 0.999951
42.7 0.999952
42.9 0.999953
43.1 0.999956
43.3 0.999959
43.5 0.999959
43.7 0.99996
43.9 0.999962
44.1 0.999965
44.3 0.999966
44.5 0.999966
44.7 0.999967
44.9 0.999968
45.1 0.999968
45.3 0.999968
45.5 0.999971
45.7 0.999973
45.9 0.999976
46.1 0.999976
46.3 0.999977
46.5 0.99998
46.7 0.99998
46.9 0.99998
47.1 0.999981
47.3 0.999982
47.5 0.999983
47.7 0.999983
47.9 0.999985
48.1 0.999987
48.3 0.999991
48.5 0.999993
48.7 0.999995
48.9 0.999995
49.1 0.999995
49.3 0.999998
49.5 0.999999
49.7 1
