1298
-209.7 9.96215e-07
-209.5 9.96215e-07
-209.3 9.96215e-07
-209.1 9.96215e-07
-208.9 9.96215e-07
-208.7 9.96215e-07
-208.5 9.96215e-07
-208.3 9.96215e-07
-208.1 9.96215e-07
-207.9 9.96215e-07
-207.7 1.99243e-06
-207.5 1.99243e-06
-207.3 1.99243e-06
-207.1 1.99243e-06
-206.9 1.99243e-06
-206.7 1.99243e-06
-206.5 1.99243e-06
-206.3 1.99243e-06
-206.1 1.99243e-06
-205.9 1.99243e-06
-205.7 3.98486e-06
-205.5 3.98486e-06
-205.3 3.98486e-06
-205.1 3.98486e-06
-204.9 5.97729e-06
-204.7 5.97729e-06
-204.5 5.97729e-06
-204.3 5.97729e-06
-204.1 5.97729e-06
-203.9 5.97729e-06
-203.7 5.97729e-06
-203.5 6.97351e-06
-203.3 6.97351e-06
-203.1 6.97351e-06
-202.9 7.96972e-06
-202.7 8.96594e-06
-202.5 9.96215e-06
-202.3 9.96215e-06
-202.1 9.96215e-06
-201.9 9.96215e-06
-201.7 1.29508e-05
-201.5 1.49432e-05
-201.3 1.59394e-05
-201.1 1.89281e-05
-200.9 2.09205e-05
-200.7 2.39092e-05
-200.5 2.59016e-05
-200.3 2.88902e-05
-200.1 3.28751e-05
-199.9 3.88524e-05
-199.7 5.37956e-05
-199.5 7.17275e-05
-199.3 9.16518e-05
-199.1 0.000116557
-198.9 0.000163379
-198.7 0.000235107
-198.5 0.000318789
-198.3 0.000408448
-198.1 0.00053696
-197.9 0.000712294
-197.7 0.000938435
-197.5 0.00121738
-197.3 0.00158099
-197.1 0.00199243
-196.9 0.00248556
-196.7 0.00308628
-196.5 0.00377068
-196.3 0.00462144
-196.1 0.00560869
-195.9 0.00667365
-195.7 0.00785516
-195.5 0.00914825
-195.3 0.010527
-195.1 0.0119237
-194.9 0.0134609
-194.7 0.014994
-194.5 0.0166129
-194.3 0.0183353
-194.1 0.0200488
-193.9 0.0218002
-193.7 0.0234828
-193.5 0.0252282
-193.3 0.0269685
-193.1 0.0286701
-192.9 0.0304453
-192.7 0.0322276
-192.5 0.0339012
-192.3 0.0356257
-192.1 0.0372873
-191.9 0.0389899
-191.7 0.0406695
-191.5 0.04239
-191.3 0.0441005
-191.1 0.0457303
-190.9 0.0474438
-190.7 0.0490267
-190.5 0.0506336
-190.3 0.0522874
-190.1 0.0539281
-189.9 0.0554892
-189.7 0.0570612
-189.5 0.0586133
-189.3 0.0601784
-189.1 0.0616946
-188.9 0.063179
-188.7 0.0646992
-188.5 0.0662234
-188.3 0.0676769
-188.1 0.0690915
-187.9 0.0705221
-187.7 0.0719616
-187.5 0.073449
-187.3 0.0749682
-187.1 0.0764406
-186.9 0.0778104
-186.7 0.0791882
-186.5 0.0805898
-186.3 0.0819576
-186.1 0.0833593
-185.9 0.0846903
-185.7 0.086075
-185.5 0.0874448
-185.3 0.0888256
-185.1 0.0901455
-184.9 0.0914924
-184.7 0.0927795
-184.5 0.0940637
-184.3 0.0953717
-184.1 0.0966638
-183.9 0.0979519
-183.7 0.0992868
-183.5 0.100526
-183.3 0.10177
-183.1 0.102973
-182.9 0.104212
-182.7 0.105393
-182.5 0.106579
-182.3 0.107762
-182.1 0.108958
-181.9 0.11018
-181.7 0.111306
-181.5 0.112541
-181.3 0.11367
-181.1 0.114836
-180.9 0.116005
-180.7 0.117173
-180.5 0.118325
-180.3 0.119426
-180.1 0.120531
-179.9 0.12165
-179.7 0.122676
-179.5 0.123808
-179.3 0.124892
-179.1 0.125997
-178.9 0.1271
-178.7 0.128177
-178.5 0.129274
-178.3 0.130286
-178.1 0.131318
-177.9 0.132367
-177.7 0.133444
-177.5 0.134495
-177.3 0.135509
-177.1 0.136523
-176.9 0.137539
-176.7 0.13865
-176.5 0.13968
-176.3 0.140726
-176.1 0.141763
-175.9 0.142767
-175.7 0.143822
-175.5 0.144841
-175.3 0.145819
-175.1 0.146852
-174.9 0.14778
-174.7 0.148794
-174.5 0.149723
-174.3 0.150674
-174.1 0.151636
-173.9 0.152646
-173.7 0.153568
-173.5 0.154555
-173.3 0.155566
-173.1 0.156561
-172.9 0.15755
-172.7 0.158563
-172.5 0.159495
-172.3 0.160391
-172.1 0.161358
-171.9 0.162298
-171.7 0.16323
-171.5 0.164218
-171.3 0.165158
-171.1 0.166161
-170.9 0.167109
-170.7 0.168059
-170.5 0.168966
-170.3 0.169958
-170.1 0.170884
-169.9 0.171845
-169.7 0.172772
-169.5 0.173702
-169.3 0.174597
-169.1 0.175577
-168.9 0.17652
-168.7 0.177451
-168.5 0.178378
-168.3 0.179324
-168.1 0.180211
-167.9 0.181124
-167.7 0.182084
-167.5 0.18301
-167.3 0.183961
-167.1 0.184919
-166.9 0.185878
-166.7 0.186801
-166.5 0.187642
-166.3 0.188533
-166.1 0.189415
-165.9 0.190306
-165.7 0.191197
-165.5 0.1921
-165.3 0.192974
-165.1 0.193904
-164.9 0.194802
-164.7 0.195691
-164.5 0.196635
-164.3 0.197549
-164.1 0.198429
-163.9 0.199337
-163.7 0.200268
-163.5 0.201203
-163.3 0.202107
-163.1 0.203012
-162.9 0.203936
-162.7 0.204781
-162.5 0.205681
-162.3 0.206651
-162.1 0.207564
-161.9 0.208449
-161.7 0.209411
-161.5 0.210306
-161.3 0.211238
-161.1 0.212154
-160.9 0.213036
-160.7 0.213921
-160.5 0.214867
-160.3 0.215734
-160.1 0.216633
-159.9 0.21755
-159.7 0.218441
-159.5 0.219414
-159.3 0.220239
-159.1 0.221101
-158.9 0.221982
-158.7 0.222864
-158.5 0.223737
-158.3 0.224616
-158.1 0.225528
-157.9 0.226452
-157.7 0.227368
-157.5 0.228291
-157.3 0.229179
-157.1 0.230061
-156.9 0.23097
-156.7 0.231821
-156.5 0.232742
-156.3 0.233582
-156.1 0.234509
-155.9 0.235402
-155.7 0.236311
-155.5 0.237164
-155.3 0.238075
-155.1 0.238936
-154.9 0.239821
-154.7 0.240714
-154.5 0.241625
-154.3 0.242513
-154.1 0.243411
-153.9 0.244298
-153.7 0.245201
-153.5 0.246087
-153.3 0.247011
-153.1 0.247897
-152.9 0.248805
-152.7 0.249712
-152.5 0.250585
-152.3 0.251525
-152.1 0.252399
-151.9 0.253343
-151.7 0.254259
-151.5 0.255094
-151.3 0.256001
-151.1 0.256923
-150.9 0.257777
-150.7 0.258677
-150.5 0.259588
-150.3 0.260522
-150.1 0.261383
-149.9 0.262237
-149.7 0.26313
-149.5 0.263997
-149.3 0.264901
-149.1 0.265769
-148.9 0.266628
-148.7 0.2675
-148.5 0.268355
-148.3 0.269251
-148.1 0.270135
-147.9 0.271029
-147.7 0.271865
-147.5 0.272727
-147.3 0.273567
-147.1 0.274389
-146.9 0.275255
-146.7 0.276117
-146.5 0.276999
-146.3 0.277851
-146.1 0.27872
-145.9 0.279658
-145.7 0.280556
-145.5 0.281407
-145.3 0.282312
-145.1 0.283185
-144.9 0.284002
-144.7 0.284868
-144.5 0.285706
-144.3 0.286603
-144.1 0.28744
-143.9 0.288294
-143.7 0.289116
-143.5 0.289941
-143.3 0.290777
-143.1 0.291604
-142.9 0.292492
-142.7 0.293325
-142.5 0.294176
-142.3 0.295067
-142.1 0.295912
-141.9 0.296788
-141.7 0.297654
-141.5 0.298494
-141.3 0.299342
-141.1 0.300128
-140.9 0.300974
-140.7 0.301784
-140.5 0.302678
-140.3 0.303571
-140.1 0.304455
-139.9 0.30534
-139.7 0.306206
-139.5 0.307101
-139.3 0.307962
-139.1 0.308851
-138.9 0.309752
-138.7 0.310635
-138.5 0.311487
-138.3 0.312369
-138.1 0.313303
-137.9 0.314191
-137.7 0.315099
-137.5 0.315964
-137.3 0.316819
-137.1 0.317718
-136.9 0.318608
-136.7 0.319508
-136.5 0.320391
-136.3 0.321264
-136.1 0.322144
-135.9 0.323056
-135.7 0.323945
-135.5 0.324884
-135.3 0.325802
-135.1 0.326652
-134.9 0.327599
-134.7 0.32851
-134.5 0.329491
-134.3 0.330433
-134.1 0.331347
-133.9 0.332235
-133.7 0.33319
-133.5 0.334109
-133.3 0.335001
-133.1 0.335893
-132.9 0.336812
-132.7 0.337692
-132.5 0.338644
-132.3 0.33952
-132.1 0.340467
-131.9 0.341368
-131.7 0.34227
-131.5 0.343166
-131.3 0.344084
-131.1 0.344988
-130.9 0.345883
-130.7 0.346761
-130.5 0.347641
-130.3 0.348538
-130.1 0.349452
-129.9 0.350408
-129.7 0.351338
-129.5 0.352225
-129.3 0.353154
-129.1 0.354107
-128.9 0.355012
-128.7 0.355898
-128.5 0.356782
-128.3 0.357708
-128.1 0.358579
-127.9 0.359479
-127.7 0.360379
-127.5 0.361278
-127.3 0.362201
-127.1 0.363078
-126.9 0.363994
-126.7 0.364827
-126.5 0.365764
-126.3 0.366647
-126.1 0.367536
-125.9 0.368431
-125.7 0.369333
-125.5 0.370233
-125.3 0.371119
-125.1 0.372025
-124.9 0.37286
-124.7 0.37378
-124.5 0.374684
-124.3 0.375575
-124.1 0.376497
-123.9 0.377431
-123.7 0.378299
-123.5 0.379157
-123.3 0.38002
-123.1 0.380858
-122.9 0.38175
-122.7 0.382638
-122.5 0.383517
-122.3 0.384432
-122.1 0.385326
-121.9 0.386229
-121.7 0.387157
-121.5 0.388101
-121.3 0.388975
-121.1 0.389879
-120.9 0.390734
-120.7 0.391592
-120.5 0.392486
-120.3 0.393319
-120.1 0.394254
-119.9 0.395095
-119.7 0.395971
-119.5 0.396811
-119.3 0.397668
-119.1 0.398542
-118.9 0.399382
-118.7 0.400213
-118.5 0.401103
-118.3 0.40196
-118.1 0.402869
-117.9 0.403736
-117.7 0.404665
-117.5 0.40558
-117.3 0.406439
-117.1 0.407328
-116.9 0.40821
-116.7 0.409022
-116.5 0.409893
-116.3 0.41079
-116.1 0.411616
-115.9 0.412489
-115.7 0.413366
-115.5 0.414289
-115.3 0.415168
-115.1 0.41597
-114.9 0.416849
-114.7 0.417744
-114.5 0.418626
-114.3 0.419463
-114.1 0.420379
-113.9 0.421229
-113.7 0.422124
-113.5 0.423004
-113.3 0.423897
-113.1 0.424773
-112.9 0.4257
-112.7 0.426528
-112.5 0.427352
-112.3 0.428139
-112.1 0.429062
-111.9 0.42991
-111.7 0.430796
-111.5 0.431718
-111.3 0.432569
-111.1 0.433375
-110.9 0.434265
-110.7 0.43515
-110.5 0.435986
-110.3 0.436843
-110.1 0.437794
-109.9 0.438646
-109.7 0.439522
-109.5 0.440378
-109.3 0.441258
-109.1 0.442116
-108.9 0.442969
-108.7 0.443812
-108.5 0.444743
-108.3 0.445591
-108.1 0.446494
-107.9 0.447378
-107.7 0.448233
-107.5 0.449039
-107.3 0.449923
-107.1 0.450784
-106.9 0.451687
-106.7 0.452568
-106.5 0.453423
-106.3 0.454283
-106.1 0.45514
-105.9 0.456017
-105.7 0.456889
-105.5 0.457764
-105.3 0.458558
-105.1 0.459391
-104.9 0.460252
-104.7 0.461104
-104.5 0.461972
-104.3 0.462844
-104.1 0.463745
-103.9 0.464628
-103.7 0.465485
-103.5 0.466346
-103.3 0.467185
-103.1 0.46805
-102.9 0.468928
-102.7 0.469758
-102.5 0.470619
-102.3 0.471543
-102.1 0.472395
-101.9 0.473275
-101.7 0.474137
-101.5 0.475006
-101.3 0.475861
-101.1 0.476733
-100.9 0.477607
-100.7 0.478417
-100.5 0.479287
-100.3 0.480168
-100.1 0.481098
-99.9 0.482001
-99.7 0.482839
-99.5 0.483781
-99.3 0.484715
-99.1 0.485541
-98.9 0.486415
-98.7 0.487238
-98.5 0.488073
-98.3 0.488975
-98.1 0.489884
-97.9 0.490769
-97.7 0.491604
-97.5 0.492486
-97.3 0.493383
-97.1 0.494225
-96.9 0.495088
-96.7 0.49594
-96.5 0.496778
-96.3 0.4976
-96.1 0.498454
-95.9 0.499318
-95.7 0.500217
-95.5 0.501121
-95.3 0.501954
-95.1 0.502818
-94.9 0.503663
-94.7 0.504556
-94.5 0.505447
-94.3 0.506345
-94.1 0.507219
-93.9 0.508116
-93.7 0.508979
-93.5 0.509881
-93.3 0.510738
-93.1 0.511629
-92.9 0.512487
-92.7 0.513392
-92.5 0.514264
-92.3 0.515137
-92.1 0.515997
-91.9 0.516859
-91.7 0.517737
-91.5 0.518571
-91.3 0.519458
-91.1 0.520323
-90.9 0.521235
-90.7 0.522069
-90.5 0.52294
-90.3 0.523778
-90.1 0.524657
-89.9 0.525456
-89.7 0.526268
-89.5 0.527115
-89.3 0.52796
-89.1 0.528849
-88.9 0.529657
-88.7 0.530549
-88.5 0.531407
-88.3 0.532256
-88.1 0.533163
-87.9 0.534038
-87.7 0.534888
-87.5 0.535719
-87.3 0.536582
-87.1 0.537428
-86.9 0.538228
-86.7 0.539032
-86.5 0.539948
-86.3 0.540815
-86.1 0.541697
-85.9 0.542535
-85.7 0.5434
-85.5 0.544301
-85.3 0.545136
-85.1 0.546014
-84.9 0.546863
-84.7 0.547763
-84.5 0.548636
-84.3 0.549551
-84.1 0.550422
-83.9 0.551301
-83.7 0.552164
-83.5 0.55299
-83.3 0.553846
-83.1 0.554697
-82.9 0.555599
-82.7 0.55641
-82.5 0.557258
-82.3 0.558042
-82.1 0.558895
-81.9 0.559758
-81.7 0.560578
-81.5 0.561418
-81.3 0.562285
-81.1 0.563137
-80.9 0.564009
-80.7 0.564877
-80.5 0.565725
-80.3 0.566588
-80.1 0.567465
-79.9 0.568277
-79.7 0.569149
-79.5 0.570002
-79.3 0.570868
-79.1 0.57171
-78.9 0.572564
-78.7 0.573413
-78.5 0.574225
-78.3 0.575095
-78.1 0.575944
-77.9 0.576836
-77.7 0.577723
-77.5 0.578558
-77.3 0.57948
-77.1 0.580373
-76.9 0.581287
-76.7 0.58212
-76.5 0.582999
-76.3 0.583841
-76.1 0.584689
-75.9 0.585531
-75.7 0.586417
-75.5 0.587288
-75.3 0.588199
-75.1 0.589116
-74.9 0.589975
-74.7 0.590811
-74.5 0.591699
-74.3 0.592525
-74.1 0.593355
-73.9 0.594212
-73.7 0.595091
-73.5 0.595982
-73.3 0.596878
-73.1 0.597781
-72.9 0.598635
-72.7 0.599487
-72.5 0.600372
-72.3 0.601241
-72.1 0.602146
-71.9 0.602903
-71.7 0.603756
-71.5 0.604673
-71.3 0.605579
-71.1 0.606467
-70.9 0.607352
-70.7 0.608221
-70.5 0.609124
-70.3 0.609991
-70.1 0.610901
-69.9 0.611818
-69.7 0.612684
-69.5 0.613534
-69.3 0.614409
-69.1 0.615276
-68.9 0.616201
-68.7 0.617124
-68.5 0.617974
-68.3 0.618857
-68.1 0.619672
-67.9 0.62052
-67.7 0.62139
-67.5 0.622276
-67.3 0.623148
-67.1 0.624012
-66.9 0.624883
-66.7 0.625742
-66.5 0.626605
-66.3 0.627466
-66.1 0.628352
-65.9 0.629224
-65.7 0.630118
-65.5 0.630979
-65.3 0.631871
-65.1 0.632775
-64.9 0.633653
-64.7 0.634499
-64.5 0.635387
-64.3 0.636234
-64.1 0.637108
-63.9 0.637996
-63.7 0.638814
-63.5 0.639725
-63.3 0.640614
-63.1 0.641495
-62.9 0.642366
-62.7 0.643227
-62.5 0.644042
-62.3 0.644939
-62.1 0.64579
-61.9 0.646667
-61.7 0.647522
-61.5 0.648411
-61.3 0.649297
-61.1 0.650124
-60.9 0.651031
-60.7 0.651884
-60.5 0.652811
-60.3 0.653649
-60.1 0.654525
-59.9 0.655375
-59.7 0.656232
-59.5 0.657094
-59.3 0.657962
-59.1 0.658827
-58.9 0.659773
-58.7 0.660619
-58.5 0.661517
-58.3 0.662355
-58.1 0.663192
-57.9 0.663992
-57.7 0.664786
-57.5 0.665654
-57.3 0.666507
-57.1 0.66739
-56.9 0.668278
-56.7 0.669201
-56.5 0.67006
-56.3 0.67089
-56.1 0.671741
-55.9 0.672567
-55.7 0.673389
-55.5 0.674236
-55.3 0.675123
-55.1 0.676019
-54.9 0.676874
-54.7 0.677765
-54.5 0.678605
-54.3 0.679484
-54.1 0.680328
-53.9 0.681233
-53.7 0.682101
-53.5 0.682945
-53.3 0.683778
-53.1 0.684609
-52.9 0.685455
-52.7 0.686373
-52.5 0.687287
-52.3 0.688091
-52.1 0.688919
-51.9 0.689795
-51.7 0.690728
-51.5 0.691644
-51.3 0.692536
-51.1 0.693339
-50.9 0.694206
-50.7 0.695079
-50.5 0.695958
-50.3 0.696852
-50.1 0.697732
-49.9 0.698568
-49.7 0.699408
-49.5 0.700297
-49.3 0.701192
-49.1 0.702073
-48.9 0.702906
-48.7 0.703786
-48.5 0.704669
-48.3 0.705526
-48.1 0.706359
-47.9 0.707205
-47.7 0.70805
-47.5 0.708883
-47.3 0.709727
-47.1 0.710537
-46.9 0.711375
-46.7 0.712234
-46.5 0.713124
-46.3 0.714014
-46.1 0.714892
-45.9 0.715768
-45.7 0.716669
-45.5 0.717559
-45.3 0.71842
-45.1 0.719246
-44.9 0.720067
-44.7 0.720933
-44.5 0.721815
-44.3 0.722668
-44.1 0.723499
-43.9 0.72438
-43.7 0.72521
-43.5 0.726037
-43.3 0.726856
-43.1 0.727756
-42.9 0.728577
-42.7 0.72946
-42.5 0.730316
-42.3 0.73117
-42.1 0.732003
-41.9 0.732826
-41.7 0.733678
-41.5 0.734574
-41.3 0.735407
-41.1 0.736269
-40.9 0.737134
-40.7 0.738025
-40.5 0.738876
-40.3 0.739711
-40.1 0.74059
-39.9 0.741467
-39.7 0.742341
-39.5 0.743222
-39.3 0.744063
-39.1 0.744968
-38.9 0.745831
-38.7 0.746745
-38.5 0.747564
-38.3 0.748396
-38.1 0.749281
-37.9 0.750173
-37.7 0.75105
-37.5 0.751893
-37.3 0.752744
-37.1 0.753611
-36.9 0.754437
-36.7 0.755299
-36.5 0.756182
-36.3 0.7571
-36.1 0.757977
-35.9 0.758884
-35.7 0.759743
-35.5 0.760591
-35.3 0.761403
-35.1 0.762279
-34.9 0.763161
-34.7 0.763985
-34.5 0.764805
-34.3 0.76569
-34.1 0.766579
-33.9 0.767419
-33.7 0.768296
-33.5 0.769119
-33.3 0.769986
-33.1 0.770858
-32.9 0.771734
-32.7 0.772603
-32.5 0.773447
-32.3 0.774368
-32.1 0.775237
-31.9 0.776108
-31.7 0.776933
-31.5 0.777749
-31.3 0.778596
-31.1 0.779513
-30.9 0.780339
-30.7 0.781188
-30.5 0.782023
-30.3 0.782887
-30.1 0.78376
-29.9 0.78464
-29.7 0.78543
-29.5 0.786278
-29.3 0.787167
-29.1 0.788025
-28.9 0.788926
-28.7 0.789774
-28.5 0.7906
-28.3 0.791428
-28.1 0.792276
-27.9 0.793128
-27.7 0.79397
-27.5 0.794841
-27.3 0.795661
-27.1 0.796521
-26.9 0.797425
-26.7 0.798252
-26.5 0.799094
-26.3 0.799981
-26.1 0.800894
-25.9 0.801783
-25.7 0.802689
-25.5 0.803589
-25.3 0.804482
-25.1 0.805324
-24.9 0.806202
-24.7 0.80712
-24.5 0.808003
-24.3 0.808832
-24.1 0.809745
-23.9 0.810584
-23.7 0.811446
-23.5 0.812309
-23.3 0.813179
-23.1 0.814026
-22.9 0.814855
-22.7 0.815734
-22.5 0.816591
-22.3 0.817526
-22.1 0.818438
-21.9 0.819313
-21.7 0.820148
-21.5 0.820978
-21.3 0.821864
-21.1 0.822751
-20.9 0.823633
-20.7 0.82449
-20.5 0.825313
-20.3 0.826148
-20.1 0.827008
-19.9 0.827872
-19.7 0.828689
-19.5 0.829588
-19.3 0.830423
-19.1 0.831302
-18.9 0.83213
-18.7 0.832978
-18.5 0.833864
-18.3 0.834719
-18.1 0.835579
-17.9 0.836383
-17.7 0.837231
-17.5 0.838103
-17.3 0.838988
-17.1 0.839876
-16.9 0.840752
-16.7 0.841686
-16.5 0.842572
-16.3 0.843458
-16.1 0.84433
-15.9 0.845207
-15.7 0.84606
-15.5 0.846976
-15.3 0.847838
-15.1 0.848739
-14.9 0.849631
-14.7 0.850516
-14.5 0.851334
-14.3 0.852212
-14.1 0.853128
-13.9 0.853996
-13.7 0.854922
-13.5 0.855821
-13.3 0.85665
-13.1 0.857504
-12.9 0.858388
-12.7 0.859248
-12.5 0.860087
-12.3 0.860882
-12.1 0.861733
-11.9 0.862607
-11.7 0.863482
-11.5 0.864372
-11.3 0.865257
-11.1 0.866126
-10.9 0.866993
-10.7 0.867863
-10.5 0.86871
-10.3 0.869596
-10.1 0.87046
-9.9 0.871311
-9.7 0.872139
-9.5 0.872936
-9.3 0.873792
-9.1 0.874643
-8.9 0.875534
-8.7 0.876373
-8.5 0.877238
-8.3 0.878131
-8.1 0.878992
-7.9 0.879841
-7.7 0.880682
-7.5 0.881563
-7.3 0.882455
-7.1 0.883307
-6.9 0.884124
-6.7 0.884981
-6.5 0.885826
-6.3 0.886753
-6.1 0.887627
-5.9 0.888478
-5.7 0.889343
-5.5 0.890198
-5.3 0.891029
-5.1 0.891864
-4.9 0.892752
-4.7 0.893629
-4.5 0.894466
-4.3 0.895323
-4.1 0.896201
-3.9 0.897083
-3.7 0.897956
-3.5 0.898845
-3.3 0.899723
-3.1 0.900606
-2.9 0.901546
-2.7 0.902392
-2.5 0.903263
-2.3 0.90417
-2.1 0.905027
-1.9 0.905827
-1.7 0.906634
-1.5 0.907546
-1.3 0.908416
-1.1 0.909258
-0.899999 0.910124
-0.699999 0.910975
-0.499999 0.911852
-0.299999 0.912665
-0.0999994 0.913509
0.100001 0.91437
0.300001 0.915231
0.500001 0.916121
0.700001 0.917029
0.900001 0.917885
1.1 0.918726
1.3 0.919543
1.5 0.920397
1.7 0.921274
1.9 0.92218
2.1 0.923019
2.3 0.923873
2.5 0.924759
2.7 0.925642
2.9 0.926473
3.1 0.927373
3.3 0.928231
3.5 0.92908
3.7 0.929915
3.9 0.930818
4.1 0.931729
4.3 0.932553
4.5 0.93342
4.7 0.934223
4.9 0.935064
5.1 0.936013
5.3 0.936864
5.5 0.93767
5.7 0.938517
5.9 0.939393
6.1 0.940217
6.3 0.941109
6.5 0.941986
6.7 0.942866
6.9 0.943663
7.1 0.944531
7.3 0.945367
7.5 0.946183
7.7 0.94704
7.9 0.947861
8.1 0.948667
8.3 0.949481
8.5 0.950356
8.7 0.951222
8.9 0.952075
9.1 0.952855
9.3 0.953672
9.5 0.954505
9.7 0.955306
9.9 0.95617
10.1 0.957001
10.3 0.957878
10.5 0.958689
10.7 0.959486
10.9 0.960292
11.1 0.961057
11.3 0.961883
11.5 0.962654
11.7 0.963375
11.9 0.964119
12.1 0.964879
12.3 0.965649
12.5 0.966375
12.7 0.967123
12.9 0.967823
13.1 0.968531
13.3 0.969227
13.5 0.969971
13.7 0.970741
13.9 0.971415
14.1 0.972077
14.3 0.972777
14.5 0.97344
14.7 0.974108
14.9 0.97473
15.1 0.97537
15.3 0.976004
15.5 0.976636
15.7 0.977267
15.9 0.977849
16.1 0.978429
16.3 0.979044
16.5 0.979616
16.7 0.980238
16.9 0.980786
17.1 0.981295
17.3 0.981885
17.5 0.982426
17.7 0.982957
17.9 0.983415
18.1 0.98392
18.3 0.984369
18.5 0.984869
18.7 0.985354
18.9 0.98579
19.1 0.986222
19.3 0.98665
19.5 0.987095
19.7 0.98754
19.9 0.987975
20.1 0.988354
20.3 0.988711
20.5 0.989117
20.7 0.98952
20.9 0.989903
21.1 0.990268
21.3 0.990605
21.5 0.990966
21.7 0.991306
21.9 0.991662
22.1 0.991997
22.3 0.992315
22.5 0.992588
22.7 0.992876
22.9 0.993188
23.1 0.993482
23.3 0.993755
23.5 0.994007
23.7 0.994272
23.9 0.99454
24.1 0.994777
24.3 0.994986
24.5 0.99523
24.7 0.995484
24.9 0.995718
25.1 0.995921
25.3 0.996115
25.5 0.996319
25.7 0.996482
25.9 0.996636
26.1 0.9968
26.3 0.996956
26.5 0.997093
26.7 0.99724
26.9 0.997385
27.1 0.997504
27.3 0.997655
27.5 0.997786
27.7 0.997902
27.9 0.998007
28.1 0.998117
28.3 0.998217
28.5 0.998318
28.7 0.998418
28.9 0.998519
29.1 0.9986
29.3 0.998684
29.5 0.998756
29.7 0.998825
29.9 0.998894
30.1 0.998971
30.3 0.999023
30.5 0.999089
30.7 0.999146
30.9 0.999193
31.1 0.99924
31.3 0.999287
31.5 0.999326
31.7 0.999376
31.9 0.999425
32.1 0.99946
32.3 0.9995
32.5 0.999539
32.7 0.999562
32.9 0.999585
33.1 0.999614
33.3 0.999641
33.5 0.999668
33.7 0.999686
33.9 0.99971
34.1 0.999736
34.3 0.999749
34.5 0.99976
34.7 0.999779
34.9 0.999792
35.1 0.999806
35.3 0.999816
35.5 0.999825
35.7 0.99983
35.9 0.999839
36.1 0.999842
36.3 0.999855
36.5 0.999867
36.7 0.999875
36.9 0.999883
37.1 0.99989
37.3 0.999899
37.5 0.999905
37.7 0.999908
37.9 0.999909
38.1 0.999916
38.3 0.99992
38.5 0.999923
38.7 0.999926
38.9 0.999928
39.1 0.99993
39.3 0.999932
39.5 0.999937
39.7 0.999943
39.9 0.999945
40.1 0.999948
40.3 0.999949
40.5 0.999949
40.7 0.999949
40.9 0.99995
41.1 0.999954
41.3 0.999954
41.5 0.999957
41.7 0.999958
41.9 0.999959
42.1 0.99996
42.3 0.999961
42.5 0.999961
42.7 0.999962
42.9 0.999965
43.1 0.999966
43.3 0.999969
43.5 0.99997
43.7 0.99997
43.9 0.99997
44.1 0.999971
44.3 0.999972
44.5 0.999973
44.7 0.999974
44.9 0.999975
45.1 0.999976
45.3 0.999976
45.5 0.999977
45.7 0.999977
45.9 0.99998
46.1 0.99998
46.3 0.99998
46.5 0.99998
46.7 0.99998
46.9 0.99998
47.1 0.99998
47.3 0.999982
47.5 0.999983
47.7 0.999986
47.9 0.999987
48.1 0.999987
48.3 0.999989
48.5 0.999991
48.7 0.999994
48.9 0.999994
49.1 0.999995
49.3 0.999996
49.5 0.999998
49.7 1
