1287
-207.5 1.01405e-06
-207.3 1.01405e-06
-207.1 1.01405e-06
-206.9 1.01405e-06
-206.7 1.01405e-06
-206.5 2.0281e-06
-206.3 3.04215e-06
-206.1 3.04215e-06
-205.9 3.04215e-06
-205.7 3.04215e-06
-205.5 3.04215e-06
-205.3 3.04215e-06
-205.1 3.04215e-06
-204.9 3.04215e-06
-204.7 3.04215e-06
-204.5 3.04215e-06
-204.3 3.04215e-06
-204.1 3.04215e-06
-203.9 4.0562e-06
-203.7 4.0562e-06
-203.5 5.07025e-06
-203.3 6.0843e-06
-203.1 7.09835e-06
-202.9 7.09835e-06
-202.7 7.09835e-06
-202.5 7.09835e-06
-202.3 7.09835e-06
-202.1 7.09835e-06
-201.9 7.09835e-06
-201.7 9.12646e-06
-201.5 9.12646e-06
-201.3 9.12646e-06
-201.1 9.12646e-06
-200.9 9.12646e-06
-200.7 9.12646e-06
-200.5 9.12646e-06
-200.3 1.11546e-05
-200.1 1.11546e-05
-199.9 1.11546e-05
-199.7 1.11546e-05
-199.5 1.11546e-05
-199.3 1.11546e-05
-199.1 1.21686e-05
-198.9 1.31827e-05
-198.7 1.31827e-05
-198.5 1.52108e-05
-198.3 1.72389e-05
-198.1 2.12951e-05
-197.9 3.24496e-05
-197.7 4.96885e-05
-197.5 7.19976e-05
-197.3 9.9377e-05
-197.1 0.000156164
-196.9 0.000234246
-196.7 0.000342749
-196.5 0.00048573
-196.3 0.000658119
-196.1 0.000875126
-195.9 0.00116109
-195.7 0.00150891
-195.5 0.00196726
-195.3 0.00255034
-195.1 0.00325003
-194.9 0.00411806
-194.7 0.00505403
-194.5 0.00618064
-194.3 0.0074553
-194.1 0.0088334
-193.9 0.0103088
-193.7 0.0118958
-193.5 0.0135781
-193.3 0.015299
-193.1 0.0169935
-192.9 0.0187305
-192.7 0.0205629
-192.5 0.0224085
-192.3 0.0242835
-192.1 0.0260925
-191.9 0.0279665
-191.7 0.0297178
-191.5 0.0315147
-191.3 0.0332751
-191.1 0.0351064
-190.9 0.0368739
-190.7 0.0386009
-190.5 0.0402659
-190.3 0.0419391
-190.1 0.0436985
-189.9 0.0453656
-189.7 0.0469678
-189.5 0.0485964
-189.3 0.050231
-189.1 0.0518525
-188.9 0.0534689
-188.7 0.0550285
-188.5 0.0565039
-188.3 0.0580686
-188.1 0.0595714
-187.9 0.0610418
-187.7 0.0625041
-187.5 0.064013
-187.3 0.0655056
-187.1 0.0669405
-186.9 0.0684008
-186.7 0.0698742
-186.5 0.07138
-186.3 0.0728048
-186.1 0.0741545
-185.9 0.0755326
-185.7 0.0769523
-185.5 0.0783415
-185.3 0.0797602
-185.1 0.0810865
-184.9 0.0824626
-184.7 0.0838468
-184.5 0.0851914
-184.3 0.0866172
-184.1 0.0879963
-183.9 0.089348
-183.7 0.0907241
-183.5 0.0920596
-183.3 0.0933951
-183.1 0.0947559
-182.9 0.0960661
-182.7 0.0973509
-182.5 0.0986529
-182.3 0.0999499
-182.1 0.1012
-181.9 0.102473
-181.7 0.103749
-181.5 0.105026
-181.3 0.106204
-181.1 0.107436
-180.9 0.108602
-180.7 0.109856
-180.5 0.111043
-180.3 0.11231
-180.1 0.113558
-179.9 0.114793
-179.7 0.115987
-179.5 0.117199
-179.3 0.118374
-179.1 0.119515
-178.9 0.120618
-178.7 0.121721
-178.5 0.12282
-178.3 0.123921
-178.1 0.125023
-177.9 0.126122
-177.7 0.127189
-177.5 0.128234
-177.3 0.129326
-177.1 0.130398
-176.9 0.131414
-176.7 0.132458
-176.5 0.133505
-176.3 0.134621
-176.1 0.135666
-175.9 0.136705
-175.7 0.137686
-175.5 0.138728
-175.3 0.139732
-175.1 0.140772
-174.9 0.141762
-174.7 0.1428
-174.5 0.143797
-174.3 0.144765
-174.1 0.145767
-173.9 0.146773
-173.7 0.147796
-173.5 0.148814
-173.3 0.149799
-173.1 0.150817
-172.9 0.151832
-172.7 0.152824
-172.5 0.153817
-172.3 0.154799
-172.1 0.155813
-171.9 0.15678
-171.7 0.157709
-171.5 0.15868
-171.3 0.159693
-171.1 0.160642
-170.9 0.161602
-170.7 0.162629
-170.5 0.163618
-170.3 0.164566
-170.1 0.165584
-169.9 0.166526
-169.7 0.16748
-169.5 0.168453
-169.3 0.169433
-169.1 0.170377
-168.9 0.171355
-168.7 0.172376
-168.5 0.173324
-168.3 0.174256
-168.1 0.175245
-167.9 0.176206
-167.7 0.17714
-167.5 0.178053
-167.3 0.17897
-167.1 0.179895
-166.9 0.180858
-166.7 0.181803
-166.5 0.182744
-166.3 0.183703
-166.1 0.184661
-165.9 0.185574
-165.7 0.186508
-165.5 0.187458
-165.3 0.188416
-165.1 0.18939
-164.9 0.190317
-164.7 0.191263
-164.5 0.192189
-164.3 0.193097
-164.1 0.194043
-163.9 0.19496
-163.7 0.195879
-163.5 0.196801
-163.3 0.197772
-163.1 0.198662
-162.9 0.199575
-162.7 0.200437
-162.5 0.201378
-162.3 0.202284
-162.1 0.20321
-161.9 0.204109
-161.7 0.20502
-161.5 0.205982
-161.3 0.206882
-161.1 0.207807
-160.9 0.208674
-160.7 0.209657
-160.5 0.210553
-160.3 0.211495
-160.1 0.212392
-159.9 0.213333
-159.7 0.214266
-159.5 0.215092
-159.3 0.216007
-159.1 0.216918
-158.9 0.217798
-158.7 0.218712
-158.5 0.219668
-158.3 0.220637
-158.1 0.221583
-157.9 0.222479
-157.7 0.223367
-157.5 0.224312
-157.3 0.225166
-157.1 0.226092
-156.9 0.227074
-156.7 0.227919
-156.5 0.228778
-156.3 0.229707
-156.1 0.230604
-155.9 0.23148
-155.7 0.232331
-155.5 0.233194
-155.3 0.234102
-155.1 0.235017
-154.9 0.235913
-154.7 0.236846
-154.5 0.237734
-154.3 0.238634
-154.1 0.239563
-153.9 0.240438
-153.7 0.241342
-153.5 0.242205
-153.3 0.243096
-153.1 0.24398
-152.9 0.244961
-152.7 0.245752
-152.5 0.246664
-152.3 0.247571
-152.1 0.248484
-151.9 0.249373
-151.7 0.250228
-151.5 0.251103
-151.3 0.251991
-151.1 0.252797
-150.9 0.253655
-150.7 0.254527
-150.5 0.255465
-150.3 0.25639
-150.1 0.25726
-149.9 0.25812
-149.7 0.259018
-149.5 0.259927
-149.3 0.260821
-149.1 0.26173
-148.9 0.262624
-148.7 0.263498
-148.5 0.264414
-148.3 0.26529
-148.1 0.266165
-147.9 0.26712
-147.7 0.267998
-147.5 0.26891
-147.3 0.269783
-147.1 0.270641
-146.9 0.271501
-146.7 0.272303
-146.5 0.273177
-146.3 0.27402
-146.1 0.274897
-145.9 0.275767
-145.7 0.276665
-145.5 0.277516
-145.3 0.278357
-145.1 0.27924
-144.9 0.280135
-144.7 0.280987
-144.5 0.281874
-144.3 0.282727
-144.1 0.283533
-143.9 0.284417
-143.7 0.285276
-143.5 0.286121
-143.3 0.286977
-143.1 0.287834
-142.9 0.288667
-142.7 0.289554
-142.5 0.29047
-142.3 0.29131
-142.1 0.292156
-141.9 0.293016
-141.7 0.293859
-141.5 0.294762
-141.3 0.295614
-141.1 0.296432
-140.9 0.297252
-140.7 0.298111
-140.5 0.298935
-140.3 0.299797
-140.1 0.300669
-139.9 0.301527
-139.7 0.302376
-139.5 0.30326
-139.3 0.304114
-139.1 0.305
-138.9 0.305897
-138.7 0.306766
-138.5 0.307662
-138.3 0.308483
-138.1 0.309335
-137.9 0.310189
-137.7 0.31105
-137.5 0.311897
-137.3 0.312755
-137.1 0.313679
-136.9 0.314564
-136.7 0.315459
-136.5 0.316319
-136.3 0.317184
-136.1 0.318109
-135.9 0.31898
-135.7 0.319852
-135.5 0.320699
-135.3 0.321698
-135.1 0.322558
-134.9 0.323431
-134.7 0.324363
-134.5 0.325309
-134.3 0.326201
-134.1 0.327129
-133.9 0.328046
-133.7 0.328949
-133.5 0.329839
-133.3 0.330737
-133.1 0.331626
-132.9 0.33248
-132.7 0.333361
-132.5 0.334242
-132.3 0.335105
-132.1 0.335968
-131.9 0.336844
-131.7 0.33772
-131.5 0.338685
-131.3 0.339586
-131.1 0.340483
-130.9 0.341365
-130.7 0.342313
-130.5 0.343208
-130.3 0.344157
-130.1 0.345123
-129.9 0.346026
-129.7 0.346936
-129.5 0.347847
-129.3 0.348732
-129.1 0.349625
-128.9 0.350544
-128.7 0.351468
-128.5 0.352377
-128.3 0.353298
-128.1 0.35425
-127.9 0.355135
-127.7 0.35603
-127.5 0.356888
-127.3 0.357786
-127.1 0.35871
-126.9 0.359637
-126.7 0.360566
-126.5 0.361515
-126.3 0.362438
-126.1 0.363341
-125.9 0.36427
-125.7 0.365181
-125.5 0.3661
-125.3 0.367056
-125.1 0.367955
-124.9 0.368864
-124.7 0.369789
-124.5 0.370676
-124.3 0.37156
-124.1 0.372423
-123.9 0.373371
-123.7 0.374265
-123.5 0.375122
-123.3 0.37599
-123.1 0.376936
-122.9 0.377797
-122.7 0.378681
-122.5 0.37961
-122.3 0.380503
-122.1 0.381361
-121.9 0.382276
-121.7 0.38313
-121.5 0.384076
-121.3 0.384964
-121.1 0.385878
-120.9 0.386768
-120.7 0.387637
-120.5 0.388593
-120.3 0.389458
-120.1 0.390344
-119.9 0.391252
-119.7 0.39212
-119.5 0.392976
-119.3 0.393868
-119.1 0.394809
-118.9 0.395646
-118.7 0.396535
-118.5 0.397438
-118.3 0.398315
-118.1 0.399164
-117.9 0.40005
-117.7 0.400939
-117.5 0.401822
-117.3 0.402736
-117.1 0.4036
-116.9 0.404433
-116.7 0.405312
-116.5 0.406178
-116.3 0.407085
-116.1 0.407987
-115.9 0.408829
-115.7 0.409687
-115.5 0.410583
-115.3 0.411491
-115.1 0.412374
-114.9 0.413291
-114.7 0.414171
-114.5 0.415066
-114.3 0.415933
-114.1 0.416791
-113.9 0.417655
-113.7 0.418542
-113.5 0.419405
-113.3 0.420376
-113.1 0.421221
-112.9 0.422112
-112.7 0.422953
-112.5 0.423788
-112.3 0.424677
-112.1 0.425575
-111.9 0.426411
-111.7 0.42728
-111.5 0.42811
-111.3 0.428981
-111.1 0.42989
-110.9 0.430731
-110.7 0.431597
-110.5 0.43249
-110.3 0.433414
-110.1 0.434315
-109.9 0.435204
-109.7 0.436115
-109.5 0.436958
-109.3 0.437861
-109.1 0.438758
-108.9 0.439653
-108.7 0.440491
-108.5 0.441393
-108.3 0.442278
-108.1 0.443179
-107.9 0.444013
-107.7 0.444914
-107.5 0.445772
-107.3 0.446647
-107.1 0.447492
-106.9 0.448372
-106.7 0.449247
-106.5 0.450097
-106.3 0.450981
-106.1 0.451862
-105.9 0.452694
-105.7 0.453562
-105.5 0.454441
-105.3 0.455306
-105.1 0.45621
-104.9 0.457091
-104.7 0.458049
-104.5 0.458927
-104.3 0.459845
-104.1 0.460729
-103.9 0.461547
-103.7 0.462494
-103.5 0.463366
-103.3 0.464253
-103.1 0.465111
-102.9 0.465946
-102.7 0.466841
-102.5 0.467728
-102.3 0.468553
-102.1 0.469409
-101.9 0.470309
-101.7 0.471205
-101.5 0.472112
-101.3 0.472949
-101.1 0.473741
-100.9 0.474611
-100.7 0.475474
-100.5 0.476318
-100.3 0.477141
-100.1 0.477997
-99.9 0.478879
-99.7 0.47978
-99.5 0.480614
-99.3 0.481497
-99.1 0.482377
-98.9 0.483251
-98.7 0.484156
-98.5 0.485059
-98.3 0.485956
-98.1 0.486817
-97.9 0.487666
-97.7 0.488558
-97.5 0.489379
-97.3 0.490272
-97.1 0.49116
-96.9 0.492034
-96.7 0.492935
-96.5 0.493807
-96.3 0.494659
-96.1 0.495541
-95.9 0.49638
-95.7 0.497263
-95.5 0.498112
-95.3 0.498956
-95.1 0.499837
-94.9 0.500685
-94.7 0.501515
-94.5 0.502384
-94.3 0.503277
-94.1 0.504172
-93.9 0.505027
-93.7 0.505888
-93.5 0.50676
-93.3 0.507674
-93.1 0.50852
-92.9 0.509353
-92.7 0.51023
-92.5 0.511153
-92.3 0.512024
-92.1 0.512905
-91.9 0.513823
-91.7 0.514671
-91.5 0.515582
-91.3 0.516432
-91.1 0.517292
-90.9 0.518207
-90.7 0.519003
-90.5 0.519918
-90.3 0.520806
-90.1 0.521694
-89.9 0.522569
-89.7 0.52346
-89.5 0.524365
-89.3 0.525271
-89.1 0.526148
-88.9 0.527052
-88.7 0.527881
-88.5 0.528711
-88.3 0.529567
-88.1 0.530373
-87.9 0.531187
-87.7 0.532091
-87.5 0.532954
-87.3 0.533833
-87.1 0.534692
-86.9 0.535542
-86.7 0.536385
-86.5 0.537255
-86.3 0.538096
-86.1 0.538987
-85.9 0.539865
-85.7 0.540731
-85.5 0.541619
-85.3 0.542521
-85.1 0.54344
-84.9 0.544271
-84.7 0.545148
-84.5 0.546008
-84.3 0.546902
-84.1 0.547766
-83.9 0.548664
-83.7 0.549518
-83.5 0.550416
-83.3 0.551261
-83.1 0.552092
-82.9 0.553004
-82.7 0.553886
-82.5 0.554744
-82.3 0.555616
-82.1 0.556495
-81.9 0.557357
-81.7 0.55819
-81.5 0.559027
-81.3 0.559915
-81.1 0.560756
-80.9 0.561579
-80.7 0.562418
-80.5 0.56336
-80.3 0.564256
-80.1 0.565091
-79.9 0.56596
-79.7 0.566871
-79.5 0.567718
-79.3 0.568534
-79.1 0.569381
-78.9 0.570269
-78.7 0.571115
-78.5 0.572015
-78.3 0.572851
-78.1 0.573713
-77.9 0.57456
-77.7 0.57542
-77.5 0.576269
-77.3 0.577129
-77.1 0.578028
-76.9 0.578862
-76.7 0.579735
-76.5 0.580597
-76.3 0.581448
-76.1 0.582366
-75.9 0.583271
-75.7 0.584134
-75.5 0.584932
-75.3 0.585819
-75.1 0.586745
-74.9 0.587603
-74.7 0.588478
-74.5 0.589346
-74.3 0.590204
-74.1 0.591075
-73.9 0.591928
-73.7 0.592796
-73.5 0.593659
-73.3 0.5946
-73.1 0.595476
-72.9 0.59639
-72.7 0.59728
-72.5 0.598131
-72.3 0.598914
-72.1 0.599841
-71.9 0.600649
-71.7 0.601552
-71.5 0.60243
-71.3 0.603343
-71.1 0.604223
-70.9 0.605066
-70.7 0.605999
-70.5 0.606885
-70.3 0.607758
-70.1 0.608568
-69.9 0.609441
-69.7 0.610384
-69.5 0.611265
-69.3 0.612118
-69.1 0.612965
-68.9 0.613843
-68.7 0.614765
-68.5 0.615605
-68.3 0.616495
-68.1 0.617334
-67.9 0.618233
-67.7 0.61908
-67.5 0.61993
-67.3 0.620847
-67.1 0.621729
-66.9 0.622652
-66.7 0.62349
-66.5 0.624392
-66.3 0.625271
-66.1 0.626183
-65.9 0.627053
-65.7 0.627924
-65.5 0.62879
-65.3 0.62971
-65.1 0.630586
-64.9 0.631477
-64.7 0.632331
-64.5 0.633212
-64.3 0.634084
-64.1 0.634945
-63.9 0.635842
-63.7 0.636734
-63.5 0.637637
-63.3 0.638559
-63.1 0.639435
-62.9 0.640319
-62.7 0.641171
-62.5 0.642029
-62.3 0.642897
-62.1 0.643763
-61.9 0.644647
-61.7 0.645519
-61.5 0.646394
-61.3 0.647312
-61.1 0.648162
-60.9 0.649022
-60.7 0.649866
-60.5 0.650723
-60.3 0.65157
-60.1 0.652451
-59.9 0.653358
-59.7 0.654224
-59.5 0.655128
-59.3 0.65598
-59.1 0.656908
-58.9 0.657774
-58.7 0.658674
-58.5 0.659556
-58.3 0.660428
-58.1 0.661271
-57.9 0.66217
-57.7 0.663029
-57.5 0.663905
-57.3 0.664753
-57.1 0.665638
-56.9 0.666558
-56.7 0.667437
-56.5 0.668311
-56.3 0.669123
-56.1 0.670025
-55.9 0.670905
-55.7 0.671778
-55.5 0.672613
-55.3 0.67349
-55.1 0.674325
-54.9 0.675186
-54.7 0.676159
-54.5 0.677036
-54.3 0.677904
-54.1 0.678766
-53.9 0.679557
-53.7 0.680469
-53.5 0.681308
-53.3 0.682132
-53.1 0.68298
-52.9 0.683912
-52.7 0.684759
-52.5 0.685579
-52.3 0.686418
-52.1 0.687291
-51.9 0.688151
-51.7 0.688998
-51.5 0.689859
-51.3 0.690728
-51.1 0.691642
-50.9 0.692519
-50.7 0.693363
-50.5 0.694207
-50.3 0.695078
-50.1 0.695966
-49.9 0.696836
-49.7 0.697782
-49.5 0.698608
-49.3 0.69949
-49.1 0.700399
-48.9 0.701292
-48.7 0.702114
-48.5 0.70296
-48.3 0.703857
-48.1 0.70473
-47.9 0.705645
-47.7 0.706519
-47.5 0.707355
-47.3 0.708227
-47.1 0.709052
-46.9 0.709953
-46.7 0.710871
-46.5 0.711756
-46.3 0.712572
-46.1 0.713438
-45.9 0.714296
-45.7 0.71514
-45.5 0.716007
-45.3 0.716908
-45.1 0.717835
-44.9 0.718715
-44.7 0.719578
-44.5 0.720408
-44.3 0.721213
-44.1 0.722094
-43.9 0.722987
-43.7 0.723869
-43.5 0.724774
-43.3 0.72566
-43.1 0.726558
-42.9 0.727439
-42.7 0.728286
-42.5 0.729148
-42.3 0.730082
-42.1 0.730971
-41.9 0.731862
-41.7 0.732768
-41.5 0.733646
-41.3 0.734484
-41.1 0.735297
-40.9 0.736153
-40.7 0.737066
-40.5 0.737921
-40.3 0.738834
-40.1 0.739676
-39.9 0.74053
-39.7 0.741402
-39.5 0.742292
-39.3 0.743165
-39.1 0.744034
-38.9 0.744916
-38.7 0.745814
-38.5 0.746637
-38.3 0.747505
-38.1 0.748345
-37.9 0.749244
-37.7 0.750043
-37.5 0.750936
-37.3 0.751734
-37.1 0.752596
-36.9 0.753514
-36.7 0.754379
-36.5 0.755273
-36.3 0.756059
-36.1 0.75692
-35.9 0.757803
-35.7 0.75865
-35.5 0.759517
-35.3 0.760441
-35.1 0.761304
-34.9 0.762205
-34.7 0.763085
-34.5 0.763938
-34.3 0.764786
-34.1 0.765721
-33.9 0.766561
-33.7 0.767418
-33.5 0.768277
-33.3 0.769176
-33.1 0.770089
-32.9 0.770933
-32.7 0.771845
-32.5 0.772713
-32.3 0.77363
-32.1 0.77452
-31.9 0.77539
-31.7 0.776284
-31.5 0.777163
-31.3 0.778045
-31.1 0.77893
-30.9 0.779814
-30.7 0.780699
-30.5 0.781592
-30.3 0.782456
-30.1 0.783303
-29.9 0.784236
-29.7 0.785112
-29.5 0.78596
-29.3 0.786812
-29.1 0.787652
-28.9 0.788534
-28.7 0.789375
-28.5 0.790214
-28.3 0.791057
-28.1 0.791917
-27.9 0.792752
-27.7 0.793625
-27.5 0.794507
-27.3 0.795376
-27.1 0.796256
-26.9 0.797094
-26.7 0.797974
-26.5 0.798766
-26.3 0.799669
-26.1 0.800518
-25.9 0.801302
-25.7 0.802179
-25.5 0.803091
-25.3 0.803978
-25.1 0.804849
-24.9 0.805732
-24.7 0.806594
-24.5 0.807472
-24.3 0.808309
-24.1 0.809163
-23.9 0.810011
-23.7 0.810868
-23.5 0.811738
-23.3 0.812601
-23.1 0.813514
-22.9 0.814346
-22.7 0.815251
-22.5 0.816076
-22.3 0.816958
-22.1 0.817835
-21.9 0.818699
-21.7 0.819591
-21.5 0.820409
-21.3 0.821264
-21.1 0.822158
-20.9 0.823012
-20.7 0.823856
-20.5 0.824722
-20.3 0.825574
-20.1 0.826486
-19.9 0.827334
-19.7 0.828232
-19.5 0.829138
-19.3 0.829996
-19.1 0.830873
-18.9 0.831784
-18.7 0.832654
-18.5 0.833509
-18.3 0.834389
-18.1 0.835235
-17.9 0.836107
-17.7 0.836957
-17.5 0.837849
-17.3 0.838714
-17.1 0.839543
-16.9 0.840372
-16.7 0.841207
-16.5 0.842093
-16.3 0.842938
-16.1 0.843809
-15.9 0.844635
-15.7 0.845473
-15.5 0.846352
-15.3 0.847247
-15.1 0.848123
-14.9 0.848973
-14.7 0.849805
-14.5 0.850641
-14.3 0.851548
-14.1 0.852436
-13.9 0.853245
-13.7 0.854123
-13.5 0.855008
-13.3 0.855877
-13.1 0.856734
-12.9 0.857595
-12.7 0.858425
-12.5 0.859307
-12.3 0.860179
-12.1 0.861055
-11.9 0.86195
-11.7 0.862803
-11.5 0.863678
-11.3 0.864536
-11.1 0.865385
-10.9 0.866237
-10.7 0.867086
-10.5 0.86794
-10.3 0.868814
-10.1 0.86963
-9.9 0.870554
-9.7 0.871413
-9.5 0.872259
-9.3 0.873074
-9.1 0.873971
-8.9 0.87485
-8.7 0.875733
-8.5 0.876604
-8.3 0.877443
-8.1 0.878321
-7.9 0.879201
-7.7 0.880067
-7.5 0.880938
-7.3 0.881814
-7.1 0.882708
-6.9 0.883606
-6.7 0.884497
-6.5 0.885342
-6.3 0.88623
-6.1 0.887124
-5.9 0.88801
-5.7 0.888894
-5.5 0.889742
-5.3 0.890622
-5.1 0.891478
-4.9 0.892355
-4.7 0.893229
-4.5 0.894078
-4.3 0.894867
-4.1 0.895722
-3.9 0.896556
-3.7 0.897371
-3.5 0.898261
-3.3 0.899099
-3.1 0.899972
-2.9 0.900829
-2.7 0.90169
-2.5 0.902539
-2.3 0.903428
-2.1 0.904299
-1.9 0.90521
-1.7 0.906083
-1.5 0.906904
-1.3 0.907756
-1.1 0.908623
-0.899999 0.909478
-0.699999 0.910362
-0.499999 0.911167
-0.299999 0.91204
-0.0999994 0.912882
0.100001 0.913807
0.300001 0.9146
0.500001 0.915463
0.700001 0.916327
0.900001 0.917215
1.1 0.918084
1.3 0.91892
1.5 0.919819
1.7 0.920732
1.9 0.921609
2.1 0.922475
2.3 0.92334
2.5 0.924176
2.7 0.925037
2.9 0.925883
3.1 0.926749
3.3 0.927571
3.5 0.928404
3.7 0.929228
3.9 0.930073
4.1 0.930902
4.3 0.93174
4.5 0.932634
4.7 0.933509
4.9 0.934356
5.1 0.935157
5.3 0.936067
5.5 0.936857
5.7 0.93769
5.9 0.938554
6.1 0.939434
6.3 0.940267
6.5 0.941127
6.7 0.94197
6.9 0.942849
7.1 0.943682
7.3 0.944513
7.5 0.945368
7.7 0.946173
7.9 0.947037
8.1 0.947872
8.3 0.94871
8.5 0.94962
8.7 0.950432
8.9 0.951264
9.1 0.952078
9.3 0.952961
9.5 0.953738
9.7 0.954563
9.9 0.955395
10.1 0.956191
10.3 0.956986
10.5 0.957765
10.7 0.958573
10.9 0.959343
11.1 0.960176
11.3 0.96098
11.5 0.961712
11.7 0.962541
11.9 0.963283
12.1 0.964097
12.3 0.964863
12.5 0.965594
12.7 0.966267
12.9 0.966971
13.1 0.967694
13.3 0.968413
13.5 0.969118
13.7 0.969834
13.9 0.970519
14.1 0.971224
14.3 0.971904
14.5 0.972576
14.7 0.973249
14.9 0.973949
15.1 0.974609
15.3 0.975258
15.5 0.975876
15.7 0.976502
15.9 0.977137
16.1 0.977704
16.3 0.9783
16.5 0.97886
16.7 0.979433
16.9 0.979995
17.1 0.98054
17.3 0.981114
17.5 0.981637
17.7 0.982152
17.9 0.982721
18.1 0.983225
18.3 0.983739
18.5 0.984203
18.7 0.984659
18.9 0.985119
19.1 0.985561
19.3 0.985994
19.5 0.986406
19.7 0.986837
19.9 0.987261
20.1 0.987712
20.3 0.988117
20.5 0.988498
20.7 0.988881
20.9 0.989279
21.1 0.989651
21.3 0.990037
21.5 0.990432
21.7 0.990788
21.9 0.991122
22.1 0.991429
22.3 0.991786
22.5 0.99212
22.7 0.992442
22.9 0.992725
23.1 0.993015
23.3 0.993301
23.5 0.993585
23.7 0.993826
23.9 0.994082
24.1 0.994323
24.3 0.994574
24.5 0.994803
24.7 0.995038
24.9 0.995225
25.1 0.99543
25.3 0.995659
25.5 0.995864
25.7 0.996047
25.9 0.996222
26.1 0.996394
26.3 0.996557
26.5 0.996723
26.7 0.996884
26.9 0.997038
27.1 0.997199
27.3 0.997338
27.5 0.997483
27.7 0.997602
27.9 0.997713
28.1 0.99783
28.3 0.997932
28.5 0.99803
28.7 0.998149
28.9 0.998239
29.1 0.998355
29.3 0.998452
29.5 0.998542
29.7 0.998632
29.9 0.998713
30.1 0.998788
30.3 0.998858
30.5 0.998923
30.7 0.998993
30.9 0.999043
31.1 0.999096
31.3 0.999151
31.5 0.999214
31.7 0.999249
31.9 0.999291
32.1 0.999334
32.3 0.999375
32.5 0.999412
32.7 0.999457
32.9 0.999498
33.1 0.999529
33.3 0.999561
33.5 0.999588
33.7 0.999617
33.9 0.999644
34.1 0.999668
34.3 0.999685
34.5 0.999704
34.7 0.99972
34.9 0.999741
35.1 0.999758
35.3 0.999768
35.5 0.999784
35.7 0.999796
35.9 0.999803
36.1 0.999812
36.3 0.999822
36.5 0.999835
36.7 0.999849
36.9 0.99986
37.1 0.999866
37.3 0.999874
37.5 0.999877
37.7 0.999881
37.9 0.999894
38.1 0.999897
38.3 0.999901
38.5 0.999904
38.7 0.999908
38.9 0.999912
39.1 0.999914
39.3 0.999915
39.5 0.999921
39.7 0.999923
39.9 0.999925
40.1 0.999928
40.3 0.99993
40.5 0.999933
40.7 0.999936
40.9 0.999941
41.1 0.999943
41.3 0.999944
41.5 0.999948
41.7 0.999949
41.9 0.999951
42.1 0.999952
42.3 0.999955
42.5 0.999955
42.7 0.999958
42.9 0.999961
43.1 0.999963
43.3 0.999963
43.5 0.999966
43.7 0.999966
43.9 0.999968
44.1 0.999969
44.3 0.99997
44.5 0.999971
44.7 0.999974
44.9 0.999976
45.1 0.999977
45.3 0.999978
45.5 0.999979
45.7 0.999982
45.9 0.999982
46.1 0.999983
46.3 0.999983
46.5 0.999983
46.7 0.999985
46.9 0.999985
47.1 0.999987
47.3 0.999988
47.5 0.999988
47.7 0.999989
47.9 0.999991
48.1 0.999991
48.3 0.999992
48.5 0.999992
48.7 0.999993
48.9 0.999993
49.1 0.999995
49.3 0.999996
49.5 0.999997
49.7 1
