1487
-1597.7 5.23719e-06
-1597.5 5.23719e-06
-1597.3 5.23719e-06
-1597.1 5.23719e-06
-1596.9 5.23719e-06
-1596.7 5.23719e-06
-1596.5 5.23719e-06
-1596.3 5.23719e-06
-1596.1 5.23719e-06
-1595.9 5.23719e-06
-1595.7 5.23719e-06
-1595.5 5.23719e-06
-1595.3 5.23719e-06
-1595.1 5.23719e-06
-1594.9 5.23719e-06
-1594.7 5.23719e-06
-1594.5 5.23719e-06
-1594.3 5.23719e-06
-1594.1 5.23719e-06
-1593.9 5.23719e-06
-1593.7 5.23719e-06
-1593.5 5.23719e-06
-1593.3 5.23719e-06
-1593.1 5.23719e-06
-1592.9 5.23719e-06
-1592.7 5.23719e-06
-1592.5 5.23719e-06
-1592.3 5.23719e-06
-1592.1 5.23719e-06
-1591.9 5.23719e-06
-1591.7 5.23719e-06
-1591.5 5.23719e-06
-1591.3 5.23719e-06
-1591.1 5.23719e-06
-1590.9 5.23719e-06
-1590.7 5.23719e-06
-1590.5 5.23719e-06
-1590.3 5.23719e-06
-1590.1 5.23719e-06
-1589.9 5.23719e-06
-1589.7 5.23719e-06
-1589.5 5.23719e-06
-1589.3 1.04744e-05
-1589.1 1.04744e-05
-1588.9 1.04744e-05
-1588.7 1.04744e-05
-1588.5 1.04744e-05
-1588.3 1.04744e-05
-1588.1 1.04744e-05
-1587.9 1.04744e-05
-1587.7 1.04744e-05
-1587.5 1.04744e-05
-1587.3 1.04744e-05
-1587.1 1.04744e-05
-1586.9 1.04744e-05
-1586.7 1.04744e-05
-1586.5 1.57116e-05
-1586.3 1.57116e-05
-1586.1 1.57116e-05
-1585.9 1.57116e-05
-1585.7 1.57116e-05
-1585.5 1.57116e-05
-1585.3 1.57116e-05
-1585.1 1.57116e-05
-1584.9 1.57116e-05
-1584.7 1.57116e-05
-1584.5 1.57116e-05
-1584.3 1.57116e-05
-1584.1 1.57116e-05
-1583.9 1.57116e-05
-1583.7 2.09488e-05
-1583.5 2.09488e-05
-1583.3 2.09488e-05
-1583.1 2.09488e-05
-1582.9 2.6186e-05
-1582.7 2.6186e-05
-1582.5 3.66603e-05
-1582.3 5.23719e-05
-1582.1 7.33207e-05
-1581.9 8.37951e-05
-1581.7 9.42695e-05
-1581.5 0.000125693
-1581.3 0.000162353
-1581.1 0.000214725
-1580.9 0.000256622
-1580.7 0.000267097
-1580.5 0.000282808
-1580.3 0.000329943
-1580.1 0.000377078
-1579.9 0.000413738
-1579.7 0.000476585
-1579.5 0.000549905
-1579.3 0.000612752
-1579.1 0.000665123
-1578.9 0.000707021
-1578.7 0.000790816
-1578.5 0.000926983
-1578.3 0.00102125
-1578.1 0.00108934
-1577.9 0.00117313
-1577.7 0.00127787
-1577.5 0.00137738
-1577.3 0.00147689
-1577.1 0.00159211
-1576.9 0.00169161
-1576.7 0.00183825
-1576.5 0.00196395
-1576.3 0.00208964
-1576.1 0.00219438
-1575.9 0.00232531
-1575.7 0.00247195
-1575.5 0.00263431
-1575.3 0.00277571
-1575.1 0.00295378
-1574.9 0.00317898
-1574.7 0.00341989
-1574.5 0.00362414
-1574.3 0.00383362
-1574.1 0.0040274
-1573.9 0.00428926
-1573.7 0.00448304
-1573.5 0.00468729
-1573.3 0.00496486
-1573.1 0.00520053
-1572.9 0.00544668
-1572.7 0.00568759
-1572.5 0.00595469
-1572.3 0.00620607
-1572.1 0.00646793
-1571.9 0.0067874
-1571.7 0.00708592
-1571.5 0.00741586
-1571.3 0.00773533
-1571.1 0.00804956
-1570.9 0.00841617
-1570.7 0.00883514
-1570.5 0.00924364
-1570.3 0.00966262
-1570.1 0.0100764
-1569.9 0.010511
-1569.7 0.0109562
-1569.5 0.0113333
-1569.3 0.0118361
-1569.1 0.0122236
-1568.9 0.0126897
-1568.7 0.0131454
-1568.5 0.0137162
-1568.3 0.0142504
-1568.1 0.0147951
-1567.9 0.0152507
-1567.7 0.0157692
-1567.5 0.0163034
-1567.3 0.0168009
-1567.1 0.0172408
-1566.9 0.0178641
-1566.7 0.0183668
-1566.5 0.0189272
-1566.3 0.019519
-1566.1 0.0200637
-1565.9 0.0207131
-1565.7 0.0213625
-1565.5 0.0219962
-1565.3 0.022588
-1565.1 0.0232636
-1564.9 0.0239549
-1564.7 0.0246986
-1564.5 0.0253951
-1564.3 0.0263064
-1564.1 0.0271234
-1563.9 0.0278776
-1563.7 0.0286789
-1563.5 0.0294592
-1563.3 0.0303233
-1563.1 0.0312346
-1562.9 0.0321354
-1562.7 0.0330572
-1562.5 0.0339894
-1562.3 0.0348116
-1562.1 0.0356915
-1561.9 0.0365504
-1561.7 0.0374669
-1561.5 0.0384777
-1561.3 0.039368
-1561.1 0.0403421
-1560.9 0.0415205
-1560.7 0.0424684
-1560.5 0.0433692
-1560.3 0.0443328
-1560.1 0.0452598
-1559.9 0.046213
-1559.7 0.0472342
-1559.5 0.0481769
-1559.3 0.0493082
-1559.1 0.0502613
-1558.9 0.0511936
-1558.7 0.0522148
-1558.5 0.0532413
-1558.3 0.0543987
-1558.1 0.0553676
-1557.9 0.0563941
-1557.7 0.0575253
-1557.5 0.0585413
-1557.3 0.0596988
-1557.1 0.0607881
-1556.9 0.0619717
-1556.7 0.0629615
-1556.5 0.0641347
-1556.3 0.0653654
-1556.1 0.0664757
-1555.9 0.0675388
-1555.7 0.0686282
-1555.5 0.0696704
-1555.3 0.0708854
-1555.1 0.0720376
-1554.9 0.0730326
-1554.7 0.0741639
-1554.5 0.0752427
-1554.3 0.0762588
-1554.1 0.0775262
-1553.9 0.0785788
-1553.7 0.0797153
-1553.5 0.0810298
-1553.3 0.0820825
-1553.1 0.0831614
-1552.9 0.0843502
-1552.7 0.0855234
-1552.5 0.0866389
-1552.3 0.0878434
-1552.1 0.0889118
-1551.9 0.0900483
-1551.7 0.0912424
-1551.5 0.0923055
-1551.3 0.0933268
-1551.1 0.094458
-1550.9 0.0953693
-1550.7 0.0964272
-1550.5 0.0974537
-1550.3 0.0986216
-1550.1 0.0996062
-1549.9 0.10068
-1549.7 0.1019
-1549.5 0.103031
-1549.3 0.104068
-1549.1 0.105168
-1548.9 0.106231
-1548.7 0.107289
-1548.5 0.108373
-1548.3 0.109332
-1548.1 0.110363
-1547.9 0.111306
-1547.7 0.112422
-1547.5 0.113537
-1547.3 0.114595
-1547.1 0.115632
-1546.9 0.116669
-1546.7 0.117779
-1546.5 0.11889
-1546.3 0.120005
-1546.1 0.120974
-1545.9 0.122126
-1545.7 0.123069
-1545.5 0.124101
-1545.3 0.125221
-1545.1 0.126237
-1544.9 0.127238
-1544.7 0.128243
-1544.5 0.12938
-1544.3 0.1305
-1544.1 0.131595
-1543.9 0.132538
-1543.7 0.133611
-1543.5 0.134711
-1543.3 0.135722
-1543.1 0.136722
-1542.9 0.137675
-1542.7 0.138649
-1542.5 0.139686
-1542.3 0.140676
-1542.1 0.141666
-1541.9 0.142672
-1541.7 0.143703
-1541.5 0.144693
-1541.3 0.145725
-1541.1 0.146835
-1540.9 0.147872
-1540.7 0.148673
-1540.5 0.149653
-1540.3 0.150559
-1540.1 0.151543
-1539.9 0.152559
-1539.7 0.153607
-1539.5 0.154544
-1539.3 0.155403
-1539.1 0.156414
-1538.9 0.157393
-1538.7 0.158425
-1538.5 0.159305
-1538.3 0.160127
-1538.1 0.161127
-1537.9 0.162133
-1537.7 0.163112
-1537.5 0.164134
-1537.3 0.165108
-1537.1 0.166155
-1536.9 0.167014
-1536.7 0.167763
-1536.5 0.168611
-1536.3 0.169612
-1536.1 0.170732
-1535.9 0.171644
-1535.7 0.172513
-1535.5 0.173424
-1535.3 0.174262
-1535.1 0.175231
-1534.9 0.176095
-1534.7 0.177028
-1534.5 0.17796
-1534.3 0.178824
-1534.1 0.17961
-1533.9 0.180463
-1533.7 0.181453
-1533.5 0.182317
-1533.3 0.183176
-1533.1 0.184056
-1532.9 0.185009
-1532.7 0.186062
-1532.5 0.1869
-1532.3 0.187942
-1532.1 0.188869
-1531.9 0.189733
-1531.7 0.190681
-1531.5 0.191519
-1531.3 0.192483
-1531.1 0.193347
-1530.9 0.194221
-1530.7 0.194939
-1530.5 0.19585
-1530.3 0.196767
-1530.1 0.19762
-1529.9 0.198594
-1529.7 0.199532
-1529.5 0.200511
-1529.3 0.201459
-1529.1 0.202344
-1528.9 0.203308
-1528.7 0.204507
-1528.5 0.205345
-1528.3 0.206366
-1528.1 0.207382
-1527.9 0.208215
-1527.7 0.209147
-1527.5 0.210074
-1527.3 0.211205
-1527.1 0.212017
-1526.9 0.213023
-1526.7 0.213866
-1526.5 0.214772
-1526.3 0.215736
-1526.1 0.216736
-1525.9 0.217689
-1525.7 0.218773
-1525.5 0.219815
-1525.3 0.220826
-1525.1 0.221696
-1524.9 0.222534
-1524.7 0.223351
-1524.5 0.224241
-1524.3 0.225032
-1524.1 0.225901
-1523.9 0.226702
-1523.7 0.227472
-1523.5 0.228279
-1523.3 0.229028
-1523.1 0.229839
-1522.9 0.230761
-1522.7 0.231547
-1522.5 0.232448
-1522.3 0.233306
-1522.1 0.23415
-1521.9 0.234909
-1521.7 0.235658
-1521.5 0.236438
-1521.3 0.237229
-1521.1 0.238004
-1520.9 0.238895
-1520.7 0.239675
-1520.5 0.240534
-1520.3 0.241314
-1520.1 0.242047
-1519.9 0.24277
-1519.7 0.24355
-1519.5 0.24442
-1519.3 0.245205
-1519.1 0.24597
-1518.9 0.246619
-1518.7 0.247415
-1518.5 0.248091
-1518.3 0.248919
-1518.1 0.249788
-1517.9 0.250553
-1517.7 0.25126
-1517.5 0.252139
-1517.3 0.253087
-1517.1 0.253894
-1516.9 0.254632
-1516.7 0.255496
-1516.5 0.256418
-1516.3 0.257267
-1516.1 0.258084
-1515.9 0.258885
-1515.7 0.259791
-1515.5 0.26066
-1515.3 0.261545
-1515.1 0.262661
-1514.9 0.263677
-1514.7 0.26452
-1514.5 0.265421
-1514.3 0.266453
-1514.1 0.267463
-1513.9 0.268427
-1513.7 0.269464
-1513.5 0.270354
-1513.3 0.271297
-1513.1 0.272318
-1512.9 0.273214
-1512.7 0.274267
-1512.5 0.275167
-1512.3 0.276267
-1512.1 0.277472
-1511.9 0.278624
-1511.7 0.279713
-1511.5 0.280844
-1511.3 0.281824
-1511.1 0.282897
-1510.9 0.283934
-1510.7 0.285066
-1510.5 0.286008
-1510.3 0.287003
-1510.1 0.288114
-1509.9 0.289172
-1509.7 0.290229
-1509.5 0.291287
-1509.3 0.292225
-1509.1 0.293293
-1508.9 0.294273
-1508.7 0.295111
-1508.5 0.296011
-1508.3 0.296849
-1508.1 0.297755
-1507.9 0.298703
-1507.7 0.299541
-1507.5 0.300578
-1507.3 0.301458
-1507.1 0.302322
-1506.9 0.303155
-1506.7 0.303982
-1506.5 0.304841
-1506.3 0.305737
-1506.1 0.306454
-1505.9 0.307381
-1505.7 0.308025
-1505.5 0.308863
-1505.3 0.309565
-1505.1 0.310319
-1504.9 0.311079
-1504.7 0.31188
-1504.5 0.312566
-1504.3 0.313179
-1504.1 0.313875
-1503.9 0.314635
-1503.7 0.315185
-1503.5 0.315845
-1503.3 0.316515
-1503.1 0.317248
-1502.9 0.317939
-1502.7 0.318699
-1502.5 0.319427
-1502.3 0.320155
-1502.1 0.320773
-1501.9 0.321375
-1501.7 0.322129
-1501.5 0.322857
-1501.3 0.323575
-1501.1 0.324345
-1500.9 0.325046
-1500.7 0.325895
-1500.5 0.326628
-1500.3 0.327345
-1500.1 0.328152
-1499.9 0.329074
-1499.7 0.329912
-1499.5 0.330629
-1499.3 0.331341
-1499.1 0.332059
-1498.9 0.332839
-1498.7 0.333646
-1498.5 0.334536
-1498.3 0.335416
-1498.1 0.336285
-1497.9 0.337191
-1497.7 0.337893
-1497.5 0.338967
-1497.3 0.339857
-1497.1 0.340836
-1496.9 0.34179
-1496.7 0.342832
-1496.5 0.343874
-1496.3 0.344932
-1496.1 0.345917
-1495.9 0.34698
-1495.7 0.347943
-1495.5 0.348792
-1495.3 0.349797
-1495.1 0.350813
-1494.9 0.351845
-1494.7 0.352945
-1494.5 0.353971
-1494.3 0.355265
-1494.1 0.356187
-1493.9 0.357271
-1493.7 0.358392
-1493.5 0.359465
-1493.3 0.360465
-1493.1 0.361544
-1492.9 0.362477
-1492.7 0.363692
-1492.5 0.36477
-1492.3 0.365724
-1492.1 0.366713
-1491.9 0.367771
-1491.7 0.368756
-1491.5 0.369767
-1491.3 0.370668
-1491.1 0.371511
-1490.9 0.372448
-1490.7 0.373354
-1490.5 0.374297
-1490.3 0.375229
-1490.1 0.376036
-1489.9 0.376879
-1489.7 0.377753
-1489.5 0.378581
-1489.3 0.379539
-1489.1 0.380372
-1488.9 0.381142
-1488.7 0.38198
-1488.5 0.38297
-1488.3 0.383692
-1488.1 0.384609
-1487.9 0.385379
-1487.7 0.38629
-1487.5 0.387128
-1487.3 0.387903
-1487.1 0.388736
-1486.9 0.389521
-1486.7 0.390359
-1486.5 0.391218
-1486.3 0.392093
-1486.1 0.392931
-1485.9 0.393737
-1485.7 0.394502
-1485.5 0.395361
-1485.3 0.396225
-1485.1 0.397105
-1484.9 0.398037
-1484.7 0.398891
-1484.5 0.399734
-1484.3 0.400493
-1484.1 0.401373
-1483.9 0.402195
-1483.7 0.402997
-1483.5 0.403971
-1483.3 0.404877
-1483.1 0.405788
-1482.9 0.406747
-1482.7 0.407548
-1482.5 0.408475
-1482.3 0.409386
-1482.1 0.41025
-1481.9 0.411182
-1481.7 0.411973
-1481.5 0.412822
-1481.3 0.413749
-1481.1 0.414587
-1480.9 0.415482
-1480.7 0.416362
-1480.5 0.417237
-1480.3 0.418164
-1480.1 0.419033
-1479.9 0.419792
-1479.7 0.420578
-1479.5 0.421426
-1479.3 0.422338
-1479.1 0.423233
-1478.9 0.424213
-1478.7 0.425108
-1478.5 0.425826
-1478.3 0.426664
-1478.1 0.427496
-1477.9 0.428261
-1477.7 0.429136
-1477.5 0.429848
-1477.3 0.430885
-1477.1 0.43189
-1476.9 0.43276
-1476.7 0.433718
-1476.5 0.434724
-1476.3 0.435729
-1476.1 0.436604
-1475.9 0.437431
-1475.7 0.438301
-1475.5 0.439233
-1475.3 0.440228
-1475.1 0.441092
-1474.9 0.441935
-1474.7 0.442894
-1474.5 0.443883
-1474.3 0.444957
-1474.1 0.445832
-1473.9 0.446832
-1473.7 0.447885
-1473.5 0.448806
-1473.3 0.449681
-1473.1 0.450655
-1472.9 0.451666
-1472.7 0.452603
-1472.5 0.453646
-1472.3 0.454635
-1472.1 0.455646
-1471.9 0.456589
-1471.7 0.457594
-1471.5 0.458605
-1471.3 0.459663
-1471.1 0.460716
-1470.9 0.461627
-1470.7 0.462533
-1470.5 0.463523
-1470.3 0.464424
-1470.1 0.465309
-1469.9 0.466236
-1469.7 0.467268
-1469.5 0.468195
-1469.3 0.469074
-1469.1 0.469975
-1468.9 0.470845
-1468.7 0.471672
-1468.5 0.472688
-1468.3 0.473657
-1468.1 0.474542
-1467.9 0.475406
-1467.7 0.476249
-1467.5 0.477098
-1467.3 0.477957
-1467.1 0.478852
-1466.9 0.479601
-1466.7 0.480355
-1466.5 0.481099
-1466.3 0.4819
-1466.1 0.482796
-1465.9 0.483529
-1465.7 0.484351
-1465.5 0.485315
-1465.3 0.486169
-1465.1 0.487022
-1464.9 0.487897
-1464.7 0.488588
-1464.5 0.489395
-1464.3 0.490206
-1464.1 0.49116
-1463.9 0.491971
-1463.7 0.49282
-1463.5 0.493726
-1463.3 0.494595
-1463.1 0.495438
-1462.9 0.496229
-1462.7 0.496962
-1462.5 0.4978
-1462.3 0.498575
-1462.1 0.499361
-1461.9 0.500283
-1461.7 0.501095
-1461.5 0.502001
-1461.3 0.502933
-1461.1 0.503923
-1460.9 0.504719
-1460.7 0.505593
-1460.5 0.506468
-1460.3 0.50739
-1460.1 0.508317
-1459.9 0.50928
-1459.7 0.510197
-1459.5 0.51114
-1459.3 0.51204
-1459.1 0.51302
-1458.9 0.514009
-1458.7 0.514879
-1458.5 0.515884
-1458.3 0.516801
-1458.1 0.517775
-1457.9 0.51866
-1457.7 0.519582
-1457.5 0.520572
-1457.3 0.521467
-1457.1 0.522426
-1456.9 0.523368
-1456.7 0.524322
-1456.5 0.525191
-1456.3 0.526097
-1456.1 0.52704
-1455.9 0.527951
-1455.7 0.528878
-1455.5 0.529889
-1455.3 0.530769
-1455.1 0.531617
-1454.9 0.532554
-1454.7 0.533429
-1454.5 0.534346
-1454.3 0.535278
-1454.1 0.536105
-1453.9 0.53698
-1453.7 0.537744
-1453.5 0.53863
-1453.3 0.539363
-1453.1 0.540159
-1452.9 0.540992
-1452.7 0.541898
-1452.5 0.542694
-1452.3 0.5436
-1452.1 0.544474
-1451.9 0.545291
-1451.7 0.546166
-1451.5 0.546993
-1451.3 0.547842
-1451.1 0.548716
-1450.9 0.549565
-1450.7 0.550377
-1450.5 0.551251
-1450.3 0.552141
-1450.1 0.552948
-1449.9 0.553791
-1449.7 0.554671
-1449.5 0.55554
-1449.3 0.556321
-1449.1 0.557222
-1448.9 0.558002
-1448.7 0.558808
-1448.5 0.559646
-1448.3 0.560631
-1448.1 0.561474
-1447.9 0.56238
-1447.7 0.563171
-1447.5 0.564177
-1447.3 0.56503
-1447.1 0.565962
-1446.9 0.5668
-1446.7 0.567696
-1446.5 0.568529
-1446.3 0.569388
-1446.1 0.570246
-1445.9 0.571142
-1445.7 0.572158
-1445.5 0.573158
-1445.3 0.574138
-1445.1 0.575086
-1444.9 0.576013
-1444.7 0.577002
-1444.5 0.577987
-1444.3 0.578945
-1444.1 0.579773
-1443.9 0.580726
-1443.7 0.581601
-1443.5 0.582402
-1443.3 0.583308
-1443.1 0.58424
-1442.9 0.585214
-1442.7 0.58612
-1442.5 0.586969
-1442.3 0.587891
-1442.1 0.588849
-1441.9 0.589692
-1441.7 0.590514
-1441.5 0.591468
-1441.3 0.592222
-1441.1 0.593149
-1440.9 0.594139
-1440.7 0.595113
-1440.5 0.59604
-1440.3 0.596883
-1440.1 0.597805
-1439.9 0.598679
-1439.7 0.599617
-1439.5 0.600397
-1439.3 0.601408
-1439.1 0.602282
-1438.9 0.603194
-1438.7 0.604126
-1438.5 0.605011
-1438.3 0.605849
-1438.1 0.606744
-1437.9 0.607713
-1437.7 0.608609
-1437.5 0.609353
-1437.3 0.610264
-1437.1 0.61129
-1436.9 0.612118
-1436.7 0.612987
-1436.5 0.613799
-1436.3 0.614679
-1436.1 0.615496
-1435.9 0.616465
-1435.7 0.617397
-1435.5 0.618172
-1435.3 0.619026
-1435.1 0.619932
-1434.9 0.620707
-1434.7 0.621581
-1434.5 0.622482
-1434.3 0.623462
-1434.1 0.624315
-1433.9 0.625227
-1433.7 0.626211
-1433.5 0.62697
-1433.3 0.627787
-1433.1 0.628515
-1432.9 0.629306
-1432.7 0.630123
-1432.5 0.630966
-1432.3 0.631836
-1432.1 0.63271
-1431.9 0.633627
-1431.7 0.634591
-1431.5 0.635539
-1431.3 0.636518
-1431.1 0.637277
-1430.9 0.638147
-1430.7 0.639084
-1430.5 0.639969
-1430.3 0.640833
-1430.1 0.641645
-1429.9 0.642499
-1429.7 0.6434
-1429.5 0.644353
-1429.3 0.645144
-1429.1 0.646118
-1428.9 0.647018
-1428.7 0.647783
-1428.5 0.648663
-1428.3 0.649585
-1428.1 0.650501
-1427.9 0.651407
-1427.7 0.652303
-1427.5 0.653188
-1427.3 0.654146
-1427.1 0.655037
-1426.9 0.655854
-1426.7 0.65677
-1426.5 0.657823
-1426.3 0.65853
-1426.1 0.659378
-1425.9 0.660221
-1425.7 0.66107
-1425.5 0.661924
-1425.3 0.662809
-1425.1 0.663736
-1424.9 0.664699
-1424.7 0.665364
-1424.5 0.666202
-1424.3 0.666972
-1424.1 0.667883
-1423.9 0.668695
-1423.7 0.669575
-1423.5 0.670429
-1423.3 0.671204
-1423.1 0.672021
-1422.9 0.672848
-1422.7 0.67365
-1422.5 0.674477
-1422.3 0.675257
-1422.1 0.676127
-1421.9 0.676975
-1421.7 0.677871
-1421.5 0.67885
-1421.3 0.679704
-1421.1 0.68072
-1420.9 0.681568
-1420.7 0.6825
-1420.5 0.683312
-1420.3 0.684134
-1420.1 0.684983
-1419.9 0.685894
-1419.7 0.686784
-1419.5 0.687711
-1419.3 0.68868
-1419.1 0.689544
-1418.9 0.690435
-1418.7 0.691315
-1418.5 0.692194
-1418.3 0.693179
-1418.1 0.69409
-1417.9 0.69497
-1417.7 0.695902
-1417.5 0.696756
-1417.3 0.69762
-1417.1 0.698437
-1416.9 0.699396
-1416.7 0.70027
-1416.5 0.701182
-1416.3 0.702145
-1416.1 0.703104
-1415.9 0.704146
-1415.7 0.705026
-1415.5 0.705942
-1415.3 0.706838
-1415.1 0.707864
-1414.9 0.708901
-1414.7 0.709681
-1414.5 0.710577
-1414.3 0.711499
-1414.1 0.712499
-1413.9 0.713316
-1413.7 0.714243
-1413.5 0.715123
-1413.3 0.716071
-1413.1 0.717003
-1412.9 0.71782
-1412.7 0.718737
-1412.5 0.719606
-1412.3 0.720481
-1412.1 0.721339
-1411.9 0.722335
-1411.7 0.723256
-1411.5 0.724
-1411.3 0.724901
-1411.1 0.725817
-1410.9 0.726739
-1410.7 0.727472
-1410.5 0.728279
-1410.3 0.729331
-1410.1 0.730127
-1409.9 0.730944
-1409.7 0.731851
-1409.5 0.732825
-1409.3 0.733652
-1409.1 0.734506
-1408.9 0.735459
-1408.7 0.736203
-1408.5 0.737072
-1408.3 0.737816
-1408.1 0.73857
-1407.9 0.739497
-1407.7 0.740293
-1407.5 0.741126
-1407.3 0.741937
-1407.1 0.742712
-1406.9 0.74355
-1406.7 0.744394
-1406.5 0.745232
-1406.3 0.746043
-1406.1 0.746902
-1405.9 0.747756
-1405.7 0.748578
-1405.5 0.749458
-1405.3 0.750228
-1405.1 0.750998
-1404.9 0.751809
-1404.7 0.752616
-1404.5 0.753449
-1404.3 0.754187
-1404.1 0.755067
-1403.9 0.755905
-1403.7 0.756774
-1403.5 0.757607
-1403.3 0.758476
-1403.1 0.759272
-1402.9 0.760116
-1402.7 0.760886
-1402.5 0.761881
-1402.3 0.76275
-1402.1 0.763656
-1401.9 0.764677
-1401.7 0.765599
-1401.5 0.766479
-1401.3 0.767442
-1401.1 0.768275
-1400.9 0.769249
-1400.7 0.770213
-1400.5 0.771051
-1400.3 0.771999
-1400.1 0.772973
-1399.9 0.773889
-1399.7 0.774822
-1399.5 0.775686
-1399.3 0.776534
-1399.1 0.777414
-1398.9 0.778331
-1398.7 0.779074
-1398.5 0.780048
-1398.3 0.780949
-1398.1 0.781829
-1397.9 0.78263
-1397.7 0.783437
-1397.5 0.784453
-1397.3 0.785364
-1397.1 0.786228
-1396.9 0.787066
-1396.7 0.787862
-1396.5 0.788685
-1396.3 0.789549
-1396.1 0.790528
-1395.9 0.791575
-1395.7 0.792366
-1395.5 0.793293
-1395.3 0.794241
-1395.1 0.795158
-1394.9 0.796032
-1394.7 0.796917
-1394.5 0.797886
-1394.3 0.798818
-1394.1 0.799683
-1393.9 0.800536
-1393.7 0.801322
-1393.5 0.802186
-1393.3 0.803123
-1393.1 0.803977
-1392.9 0.804846
-1392.7 0.805721
-1392.5 0.806659
-1392.3 0.807455
-1392.1 0.808293
-1391.9 0.80923
-1391.7 0.810094
-1391.5 0.81099
-1391.3 0.811833
-1391.1 0.812734
-1390.9 0.813451
-1390.7 0.814247
-1390.5 0.815169
-1390.3 0.816049
-1390.1 0.816908
-1389.9 0.817709
-1389.7 0.818568
-1389.5 0.819364
-1389.3 0.820123
-1389.1 0.821077
-1388.9 0.82193
-1388.7 0.822768
-1388.5 0.823674
-1388.3 0.824538
-1388.1 0.825251
-1387.9 0.82612
-1387.7 0.827016
-1387.5 0.827775
-1387.3 0.828828
-1387.1 0.829597
-1386.9 0.830488
-1386.7 0.831247
-1386.5 0.832127
-1386.3 0.833049
-1386.1 0.83395
-1385.9 0.834939
-1385.7 0.83573
-1385.5 0.836532
-1385.3 0.837417
-1385.1 0.838223
-1384.9 0.839134
-1384.7 0.839967
-1384.5 0.840831
-1384.3 0.841633
-1384.1 0.842491
-1383.9 0.843418
-1383.7 0.844288
-1383.5 0.845199
-1383.3 0.846053
-1383.1 0.846828
-1382.9 0.847718
-1382.7 0.848624
-1382.5 0.849478
-1382.3 0.850347
-1382.1 0.851243
-1381.9 0.852013
-1381.7 0.853008
-1381.5 0.853851
-1381.3 0.854736
-1381.1 0.855653
-1380.9 0.856595
-1380.7 0.857459
-1380.5 0.858339
-1380.3 0.859245
-1380.1 0.860036
-1379.9 0.860853
-1379.7 0.861597
-1379.5 0.862513
-1379.3 0.863315
-1379.1 0.864247
-1378.9 0.865184
-1378.7 0.866095
-1378.5 0.866907
-1378.3 0.867798
-1378.1 0.86863
-1377.9 0.869573
-1377.7 0.87039
-1377.5 0.871186
-1377.3 0.871977
-1377.1 0.872925
-1376.9 0.873883
-1376.7 0.874831
-1376.5 0.875648
-1376.3 0.876528
-1376.1 0.877361
-1375.9 0.878277
-1375.7 0.879031
-1375.5 0.879791
-1375.3 0.880634
-1375.1 0.881393
-1374.9 0.882294
-1374.7 0.883148
-1374.5 0.883823
-1374.3 0.884667
-1374.1 0.8854
-1373.9 0.886227
-1373.7 0.886966
-1373.5 0.88783
-1373.3 0.888668
-1373.1 0.889438
-1372.9 0.890323
-1372.7 0.89114
-1372.5 0.892009
-1372.3 0.892837
-1372.1 0.893675
-1371.9 0.894591
-1371.7 0.895544
-1371.5 0.89634
-1371.3 0.897189
-1371.1 0.89811
-1370.9 0.899016
-1370.7 0.899886
-1370.5 0.90076
-1370.3 0.901687
-1370.1 0.902641
-1369.9 0.903452
-1369.7 0.904416
-1369.5 0.905196
-1369.3 0.906003
-1369.1 0.906773
-1368.9 0.907616
-1368.7 0.908532
-1368.5 0.909339
-1368.3 0.910261
-1368.1 0.91112
-1367.9 0.912031
-1367.7 0.912974
-1367.5 0.913817
-1367.3 0.914634
-1367.1 0.915597
-1366.9 0.91643
-1366.7 0.917326
-1366.5 0.918221
-1366.3 0.918975
-1366.1 0.919939
-1365.9 0.920876
-1365.7 0.921652
-1365.5 0.922526
-1365.3 0.923458
-1365.1 0.924239
-1364.9 0.925098
-1364.7 0.925983
-1364.5 0.926737
-1364.3 0.927549
-1364.1 0.928423
-1363.9 0.929261
-1363.7 0.930241
-1363.5 0.931194
-1363.3 0.932063
-1363.1 0.932849
-1362.9 0.933734
-1362.7 0.934755
-1362.5 0.935619
-1362.3 0.936499
-1362.1 0.937327
-1361.9 0.938191
-1361.7 0.939002
-1361.5 0.939893
-1361.3 0.940705
-1361.1 0.941464
-1360.9 0.942145
-1360.7 0.943093
-1360.5 0.944014
-1360.3 0.94479
-1360.1 0.945654
-1359.9 0.946455
-1359.7 0.947288
-1359.5 0.948047
-1359.3 0.948843
-1359.1 0.949561
-1358.9 0.950399
-1358.7 0.951158
-1358.5 0.951881
-1358.3 0.952651
-1358.1 0.953368
-1357.9 0.95408
-1357.7 0.954751
-1357.5 0.955468
-1357.3 0.956269
-1357.1 0.957018
-1356.9 0.957668
-1356.7 0.958485
-1356.5 0.959286
-1356.3 0.96004
-1356.1 0.960752
-1355.9 0.961543
-1355.7 0.96224
-1355.5 0.962968
-1355.3 0.963649
-1355.1 0.964272
-1354.9 0.965016
-1354.7 0.965691
-1354.5 0.966356
-1354.3 0.967042
-1354.1 0.967802
-1353.9 0.968645
-1353.7 0.969347
-1353.5 0.969996
-1353.3 0.970562
-1353.1 0.97119
-1352.9 0.971882
-1352.7 0.97251
-1352.5 0.973097
-1352.3 0.973699
-1352.1 0.974264
-1351.9 0.974888
-1351.7 0.975553
-1351.5 0.976029
-1351.3 0.976506
-1351.1 0.977119
-1350.9 0.977621
-1350.7 0.978208
-1350.5 0.9788
-1350.3 0.979271
-1350.1 0.979784
-1349.9 0.980303
-1349.7 0.980785
-1349.5 0.98123
-1349.3 0.981722
-1349.1 0.982204
-1348.9 0.982696
-1348.7 0.983178
-1348.5 0.98366
-1348.3 0.984048
-1348.1 0.984414
-1347.9 0.984791
-1347.7 0.985221
-1347.5 0.985661
-1347.3 0.986006
-1347.1 0.986378
-1346.9 0.986781
-1346.7 0.987137
-1346.5 0.987483
-1346.3 0.987865
-1346.1 0.988159
-1345.9 0.988541
-1345.7 0.988834
-1345.5 0.989232
-1345.3 0.989505
-1345.1 0.989782
-1344.9 0.990002
-1344.7 0.990316
-1344.5 0.990641
-1344.3 0.990877
-1344.1 0.991233
-1343.9 0.991484
-1343.7 0.991725
-1343.5 0.991961
-1343.3 0.992207
-1343.1 0.992485
-1342.9 0.992705
-1342.7 0.992993
-1342.5 0.993223
-1342.3 0.993495
-1342.1 0.9937
-1341.9 0.993888
-1341.7 0.994092
-1341.5 0.994349
-1341.3 0.994543
-1341.1 0.994731
-1340.9 0.994868
-1340.7 0.995082
-1340.5 0.995245
-1340.3 0.995412
-1340.1 0.99558
-1339.9 0.995747
-1339.7 0.995873
-1339.5 0.995994
-1339.3 0.99613
-1339.1 0.996255
-1338.9 0.996433
-1338.7 0.996559
-1338.5 0.996722
-1338.3 0.996842
-1338.1 0.996926
-1337.9 0.997046
-1337.7 0.997182
-1337.5 0.997292
-1337.3 0.997408
-1337.1 0.997476
-1336.9 0.997559
-1336.7 0.997628
-1336.5 0.997743
-1336.3 0.997779
-1336.1 0.997848
-1335.9 0.997942
-1335.7 0.998015
-1335.5 0.998094
-1335.3 0.998167
-1335.1 0.998214
-1334.9 0.998298
-1334.7 0.998356
-1334.5 0.998434
-1334.3 0.998486
-1334.1 0.998539
-1333.9 0.99857
-1333.7 0.998628
-1333.5 0.998649
-1333.3 0.998691
-1333.1 0.998754
-1332.9 0.99879
-1332.7 0.998832
-1332.5 0.998864
-1332.3 0.998895
-1332.1 0.998932
-1331.9 0.998968
-1331.7 0.998989
-1331.5 0.999005
-1331.3 0.999052
-1331.1 0.999099
-1330.9 0.999131
-1330.7 0.999146
-1330.5 0.999173
-1330.3 0.999183
-1330.1 0.999193
-1329.9 0.999241
-1329.7 0.999246
-1329.5 0.999283
-1329.3 0.999309
-1329.1 0.999324
-1328.9 0.999335
-1328.7 0.999372
-1328.5 0.999377
-1328.3 0.999382
-1328.1 0.999413
-1327.9 0.99944
-1327.7 0.99944
-1327.5 0.999466
-1327.3 0.999471
-1327.1 0.999482
-1326.9 0.999482
-1326.7 0.999487
-1326.5 0.999497
-1326.3 0.999513
-1326.1 0.999523
-1325.9 0.999534
-1325.7 0.999534
-1325.5 0.999539
-1325.3 0.999539
-1325.1 0.99956
-1324.9 0.999571
-1324.7 0.999576
-1324.5 0.999591
-1324.3 0.999591
-1324.1 0.999597
-1323.9 0.999607
-1323.7 0.999618
-1323.5 0.999628
-1323.3 0.999649
-1323.1 0.99966
-1322.9 0.99967
-1322.7 0.99967
-1322.5 0.99967
-1322.3 0.999675
-1322.1 0.999675
-1321.9 0.999675
-1321.7 0.999686
-1321.5 0.999691
-1321.3 0.999696
-1321.1 0.999701
-1320.9 0.999712
-1320.7 0.999722
-1320.5 0.999728
-1320.3 0.999733
-1320.1 0.999733
-1319.9 0.999738
-1319.7 0.999738
-1319.5 0.999743
-1319.3 0.999754
-1319.1 0.999754
-1318.9 0.999754
-1318.7 0.999754
-1318.5 0.999754
-1318.3 0.999759
-1318.1 0.999759
-1317.9 0.999759
-1317.7 0.999764
-1317.5 0.999764
-1317.3 0.99977
-1317.1 0.99977
-1316.9 0.999775
-1316.7 0.999796
-1316.5 0.999796
-1316.3 0.999806
-1316.1 0.999806
-1315.9 0.999811
-1315.7 0.999811
-1315.5 0.999811
-1315.3 0.999811
-1315.1 0.999817
-1314.9 0.999817
-1314.7 0.999817
-1314.5 0.999817
-1314.3 0.999817
-1314.1 0.999817
-1313.9 0.999822
-1313.7 0.999822
-1313.5 0.999827
-1313.3 0.999832
-1313.1 0.999832
-1312.9 0.999832
-1312.7 0.999838
-1312.5 0.999848
-1312.3 0.999848
-1312.1 0.999859
-1311.9 0.999869
-1311.7 0.99988
-1311.5 0.99988
-1311.3 0.99988
-1311.1 0.99988
-1310.9 0.9999
-1310.7 0.9999
-1310.5 0.999911
-1310.3 0.999911
-1310.1 0.999911
-1309.9 0.999911
-1309.7 0.999916
-1309.5 0.999916
-1309.3 0.999916
-1309.1 0.999921
-1308.9 0.999921
-1308.7 0.999921
-1308.5 0.999927
-1308.3 0.999932
-1308.1 0.999932
-1307.9 0.999937
-1307.7 0.999937
-1307.5 0.999937
-1307.3 0.999937
-1307.1 0.999937
-1306.9 0.999937
-1306.7 0.999937
-1306.5 0.999937
-1306.3 0.999937
-1306.1 0.999937
-1305.9 0.999942
-1305.7 0.999948
-1305.5 0.999953
-1305.3 0.999953
-1305.1 0.999953
-1304.9 0.999953
-1304.7 0.999953
-1304.5 0.999958
-1304.3 0.999958
-1304.1 0.999963
-1303.9 0.999969
-1303.7 0.999969
-1303.5 0.999969
-1303.3 0.999974
-1303.1 0.999974
-1302.9 0.999974
-1302.7 0.999979
-1302.5 0.999979
-1302.3 0.99999
-1302.1 0.99999
-1301.9 0.99999
-1301.7 0.99999
-1301.5 0.99999
-1301.3 0.99999
-1301.1 0.999995
-1300.9 0.999995
-1300.7 0.999995
-1300.5 1
