1145
-198.7 1.2975e-05
-198.5 1.2975e-05
-198.3 3.24374e-05
-198.1 9.08248e-05
-197.9 0.000110287
-197.7 0.000168675
-197.5 0.000233549
-197.3 0.000278962
-197.1 0.000389249
-196.9 0.000538461
-196.7 0.000778498
-196.5 0.000999072
-196.3 0.00127803
-196.1 0.00156348
-195.9 0.00199814
-195.7 0.00254958
-195.5 0.00317238
-195.3 0.00400278
-195.1 0.00504077
-194.9 0.0061177
-194.7 0.00733734
-194.5 0.00866079
-194.3 0.0100751
-194.1 0.0118526
-193.9 0.0136043
-193.7 0.0152131
-193.5 0.0173346
-193.3 0.019443
-193.1 0.0216487
-192.9 0.0237636
-192.7 0.0257618
-192.5 0.0280648
-192.3 0.0304912
-192.1 0.0325996
-191.9 0.0348443
-191.7 0.0369138
-191.5 0.0390806
-191.3 0.0412669
-191.1 0.0433299
-190.9 0.0454254
-190.7 0.0475208
-190.5 0.0495125
-190.3 0.0513614
-190.1 0.0533012
-189.9 0.055215
-189.7 0.0571677
-189.5 0.0592502
-189.3 0.0612678
-189.1 0.0631492
-188.9 0.0649592
-188.7 0.0667043
-188.5 0.0686311
-188.3 0.0704151
-188.1 0.072277
-187.9 0.0740351
-187.7 0.0758646
-187.5 0.0776941
-187.3 0.0793419
-187.1 0.0810546
-186.9 0.0828452
-186.7 0.0845189
-186.5 0.0860435
-186.3 0.0876524
-186.1 0.0893391
-185.9 0.090948
-185.7 0.0926477
-185.5 0.0944772
-185.3 0.0961964
-185.1 0.097948
-184.9 0.099745
-184.7 0.101536
-184.5 0.103333
-184.3 0.104974
-184.1 0.106648
-183.9 0.108283
-183.7 0.109794
-183.5 0.111423
-183.3 0.113109
-183.1 0.114809
-182.9 0.116424
-182.7 0.118053
-182.5 0.119448
-182.3 0.121017
-182.1 0.122581
-181.9 0.124125
-181.7 0.125682
-181.5 0.127258
-181.3 0.128511
-181.1 0.129938
-180.9 0.131586
-180.7 0.133065
-180.5 0.134408
-180.3 0.135971
-180.1 0.137314
-179.9 0.138728
-179.7 0.14
-179.5 0.14144
-179.3 0.142738
-179.1 0.144068
-178.9 0.145157
-178.7 0.146533
-178.5 0.147882
-178.3 0.149121
-178.1 0.150302
-177.9 0.151411
-177.7 0.15265
-177.5 0.15389
-177.3 0.154979
-177.1 0.156089
-176.9 0.15712
-176.7 0.158398
-176.5 0.159462
-176.3 0.160643
-176.1 0.161746
-175.9 0.162901
-175.7 0.163997
-175.5 0.16499
-175.3 0.166021
-175.1 0.167137
-174.9 0.168169
-174.7 0.169142
-174.5 0.170212
-174.3 0.171029
-174.1 0.17197
-173.9 0.172781
-173.7 0.17389
-173.5 0.174779
-173.3 0.175752
-173.1 0.176784
-172.9 0.177744
-172.7 0.178756
-172.5 0.179755
-172.3 0.180728
-172.1 0.181779
-171.9 0.182843
-171.7 0.183829
-171.5 0.184854
-171.3 0.185801
-171.1 0.186658
-170.9 0.187631
-170.7 0.188474
-170.5 0.189551
-170.3 0.190485
-170.1 0.191426
-169.9 0.192302
-169.7 0.19334
-169.5 0.194313
-169.3 0.195299
-169.1 0.196233
-168.9 0.197284
-168.7 0.198381
-168.5 0.199308
-168.3 0.200288
-168.1 0.201164
-167.9 0.202208
-167.7 0.203253
-167.5 0.204135
-167.3 0.20505
-167.1 0.205913
-166.9 0.206795
-166.7 0.207814
-166.5 0.20854
-166.3 0.209306
-166.1 0.210181
-165.9 0.211103
-165.7 0.211991
-165.5 0.212705
-165.3 0.213639
-165.1 0.214535
-164.9 0.215501
-164.7 0.216351
-164.5 0.217363
-164.3 0.218232
-164.1 0.219108
-163.9 0.220062
-163.7 0.221061
-163.5 0.221865
-163.3 0.222741
-163.1 0.223649
-162.9 0.22461
-162.7 0.225505
-162.5 0.226413
-162.3 0.227386
-162.1 0.228366
-161.9 0.229248
-161.7 0.229949
-161.5 0.23087
-161.3 0.231778
-161.1 0.232667
-160.9 0.233634
-160.7 0.234646
-160.5 0.235483
-160.3 0.236287
-160.1 0.237092
-159.9 0.237961
-159.7 0.23883
-159.5 0.239712
-159.3 0.240601
-159.1 0.241438
-158.9 0.24232
-158.7 0.243281
-158.5 0.244079
-158.3 0.244883
-158.1 0.245837
-157.9 0.246823
-157.7 0.247718
-157.5 0.248711
-157.3 0.249463
-157.1 0.250294
-156.9 0.25113
-156.7 0.252032
-156.5 0.252895
-156.3 0.253648
-156.1 0.254653
-155.9 0.255555
-155.7 0.256515
-155.5 0.257358
-155.3 0.258312
-155.1 0.259246
-154.9 0.260044
-154.7 0.260855
-154.5 0.261614
-154.3 0.262451
-154.1 0.263281
-153.9 0.264066
-153.7 0.264903
-153.5 0.265799
-153.3 0.266629
-153.1 0.267446
-152.9 0.268257
-152.7 0.269042
-152.5 0.269808
-152.3 0.270638
-152.1 0.271534
-151.9 0.272364
-151.7 0.273104
-151.5 0.273759
-151.3 0.27468
-151.1 0.275536
-150.9 0.27636
-150.7 0.277171
-150.5 0.278099
-150.3 0.278845
-150.1 0.279617
-149.9 0.280376
-149.7 0.281135
-149.5 0.282082
-149.3 0.282906
-149.1 0.283717
-148.9 0.284437
-148.7 0.285268
-148.5 0.286053
-148.3 0.286844
-148.1 0.287642
-147.9 0.288382
-147.7 0.289199
-147.5 0.290055
-147.3 0.290931
-147.1 0.291859
-146.9 0.292702
-146.7 0.293507
-146.5 0.294344
-146.3 0.29518
-146.1 0.296063
-145.9 0.296867
-145.7 0.297633
-145.5 0.298489
-145.3 0.299365
-145.1 0.300241
-144.9 0.301149
-144.7 0.301921
-144.5 0.302661
-144.3 0.303465
-144.1 0.304263
-143.9 0.305145
-143.7 0.306028
-143.5 0.307033
-143.3 0.307902
-143.1 0.308876
-142.9 0.309738
-142.7 0.310556
-142.5 0.311406
-142.3 0.31221
-142.1 0.31304
-141.9 0.313903
-141.7 0.314675
-141.5 0.315571
-141.3 0.316459
-141.1 0.317329
-140.9 0.318153
-140.7 0.319067
-140.5 0.319982
-140.3 0.320897
-140.1 0.321799
-139.9 0.322674
-139.7 0.323635
-139.5 0.324497
-139.3 0.325367
-139.1 0.326366
-138.9 0.327235
-138.7 0.328104
-138.5 0.328909
-138.3 0.329921
-138.1 0.330855
-137.9 0.331718
-137.7 0.332516
-137.5 0.333457
-137.3 0.334475
-137.1 0.335286
-136.9 0.336253
-136.7 0.337096
-136.5 0.338069
-136.3 0.338926
-136.1 0.339775
-135.9 0.340671
-135.7 0.341449
-135.5 0.342286
-135.3 0.343039
-135.1 0.343999
-134.9 0.344875
-134.7 0.345802
-134.5 0.346691
-134.3 0.347645
-134.1 0.348501
-133.9 0.349273
-133.7 0.350136
-133.5 0.351109
-133.3 0.351998
-133.1 0.352841
-132.9 0.353782
-132.7 0.354736
-132.5 0.355585
-132.3 0.356455
-132.1 0.357311
-131.9 0.358193
-131.7 0.359004
-131.5 0.359906
-131.3 0.36086
-131.1 0.361787
-130.9 0.362696
-130.7 0.36352
-130.5 0.364506
-130.3 0.365401
-130.1 0.3664
-129.9 0.367224
-129.7 0.368126
-129.5 0.369118
-129.3 0.37004
-129.1 0.370967
-128.9 0.371908
-128.7 0.372836
-128.5 0.373828
-128.3 0.37484
-128.1 0.375768
-127.9 0.376592
-127.7 0.377565
-127.5 0.378519
-127.3 0.379576
-127.1 0.380491
-126.9 0.38136
-126.7 0.382158
-126.5 0.383034
-126.3 0.383975
-126.1 0.38487
-125.9 0.385856
-125.7 0.386738
-125.5 0.387588
-125.3 0.388555
-125.1 0.389294
-124.9 0.390021
-124.7 0.390942
-124.5 0.391727
-124.3 0.392661
-124.1 0.393505
-123.9 0.394491
-123.7 0.39536
-123.5 0.396223
-123.3 0.397086
-123.1 0.398078
-122.9 0.398876
-122.7 0.399778
-122.5 0.400784
-122.3 0.401718
-122.1 0.402659
-121.9 0.403437
-121.7 0.40428
-121.5 0.405085
-121.3 0.406045
-121.1 0.406895
-120.9 0.407829
-120.7 0.408796
-120.5 0.409685
-120.3 0.410593
-120.1 0.411365
-119.9 0.412182
-119.7 0.412889
-119.5 0.413713
-119.3 0.414472
-119.1 0.415322
-118.9 0.41614
-118.7 0.416957
-118.5 0.417911
-118.3 0.418845
-118.1 0.419695
-117.9 0.420616
-117.7 0.421583
-117.5 0.422368
-117.3 0.423153
-117.1 0.423925
-116.9 0.424735
-116.7 0.425624
-116.5 0.426474
-116.3 0.427201
-116.1 0.428077
-115.9 0.428874
-115.7 0.429685
-115.5 0.430529
-115.3 0.431437
-115.1 0.432365
-114.9 0.433364
-114.7 0.434162
-114.5 0.434986
-114.3 0.435829
-114.1 0.436569
-113.9 0.43736
-113.7 0.438158
-113.5 0.439014
-113.3 0.439929
-113.1 0.440669
-112.9 0.44157
-112.7 0.442381
-112.5 0.443251
-112.3 0.44399
-112.1 0.44486
-111.9 0.445748
-111.7 0.446702
-111.5 0.447597
-111.3 0.448382
-111.1 0.449278
-110.9 0.450173
-110.7 0.451023
-110.5 0.451983
-110.3 0.452826
-110.1 0.453696
-109.9 0.454597
-109.7 0.455473
-109.5 0.456368
-109.3 0.457199
-109.1 0.458029
-108.9 0.458892
-108.7 0.459742
-108.5 0.460598
-108.3 0.461468
-108.1 0.462266
-107.9 0.463051
-107.7 0.463972
-107.5 0.464809
-107.3 0.465717
-107.1 0.466476
-106.9 0.467365
-106.7 0.468111
-106.5 0.469045
-106.3 0.469862
-106.1 0.470686
-105.9 0.471452
-105.7 0.472367
-105.5 0.473197
-105.3 0.474105
-105.1 0.475039
-104.9 0.475798
-104.7 0.476681
-104.5 0.477485
-104.3 0.478225
-104.1 0.479042
-103.9 0.479892
-103.7 0.480709
-103.5 0.48152
-103.3 0.482526
-103.1 0.483493
-102.9 0.484245
-102.7 0.485037
-102.5 0.485919
-102.3 0.486646
-102.1 0.487515
-101.9 0.488339
-101.7 0.489137
-101.5 0.489974
-101.3 0.4907
-101.1 0.491531
-100.9 0.492432
-100.7 0.493276
-100.5 0.493963
-100.3 0.494794
-100.1 0.495592
-99.9 0.496409
-99.7 0.497227
-99.5 0.498122
-99.3 0.498965
-99.1 0.499912
-98.9 0.500723
-98.7 0.501437
-98.5 0.502248
-98.3 0.503007
-98.1 0.503747
-97.9 0.504642
-97.7 0.505485
-97.5 0.506387
-97.3 0.507133
-97.1 0.507834
-96.9 0.508735
-96.7 0.509462
-96.5 0.510253
-96.3 0.511343
-96.1 0.512219
-95.9 0.513127
-95.7 0.513873
-95.5 0.514704
-95.3 0.515606
-95.1 0.516326
-94.9 0.517137
-94.7 0.517883
-94.5 0.518596
-94.3 0.519336
-94.1 0.520101
-93.9 0.520958
-93.7 0.521853
-93.5 0.522625
-93.3 0.523443
-93.1 0.524396
-92.9 0.525201
-92.7 0.526012
-92.5 0.526738
-92.3 0.527445
-92.1 0.528412
-91.9 0.529119
-91.7 0.529852
-91.5 0.530676
-91.3 0.531487
-91.1 0.532324
-90.9 0.533167
-90.7 0.534076
-90.5 0.534919
-90.3 0.535808
-90.1 0.536534
-89.9 0.53743
-89.7 0.538299
-89.5 0.539181
-89.3 0.539921
-89.1 0.540855
-88.9 0.541724
-88.7 0.542568
-88.5 0.54345
-88.3 0.544339
-88.1 0.54515
-87.9 0.546129
-87.7 0.547063
-87.5 0.548024
-87.3 0.548893
-87.1 0.549678
-86.9 0.550528
-86.7 0.55154
-86.5 0.552364
-86.3 0.553233
-86.1 0.554076
-85.9 0.554959
-85.7 0.555938
-85.5 0.556678
-85.3 0.557541
-85.1 0.55828
-84.9 0.559137
-84.7 0.559941
-84.5 0.56081
-84.3 0.561654
-84.1 0.562458
-83.9 0.563438
-83.7 0.564404
-83.5 0.565183
-83.3 0.566156
-83.1 0.566974
-82.9 0.567966
-82.7 0.568887
-82.5 0.569666
-82.3 0.570652
-82.1 0.571482
-81.9 0.572274
-81.7 0.573143
-81.5 0.573961
-81.3 0.574759
-81.1 0.575745
-80.9 0.576627
-80.7 0.577619
-80.5 0.578437
-80.3 0.579254
-80.1 0.580059
-79.9 0.580967
-79.7 0.581771
-79.5 0.582602
-79.3 0.583393
-79.1 0.584256
-78.9 0.584963
-78.7 0.585768
-78.5 0.586682
-78.3 0.58761
-78.1 0.588486
-77.9 0.589355
-77.7 0.590238
-77.5 0.5911
-77.3 0.591872
-77.1 0.592885
-76.9 0.593644
-76.7 0.59448
-76.5 0.59533
-76.3 0.596161
-76.1 0.596959
-75.9 0.597789
-75.7 0.598568
-75.5 0.599327
-75.3 0.600196
-75.1 0.600955
-74.9 0.601818
-74.7 0.602596
-74.5 0.603543
-74.3 0.604419
-74.1 0.605191
-73.9 0.606028
-73.7 0.606865
-73.5 0.607644
-73.3 0.608461
-73.1 0.609382
-72.9 0.610297
-72.7 0.611225
-72.5 0.612029
-72.3 0.61297
-72.1 0.613982
-71.9 0.61476
-71.7 0.615578
-71.5 0.616447
-71.3 0.617297
-71.1 0.61816
-70.9 0.619152
-70.7 0.619963
-70.5 0.620761
-70.3 0.621501
-70.1 0.622234
-69.9 0.623071
-69.7 0.623901
-69.5 0.624777
-69.3 0.625666
-69.1 0.626496
-68.9 0.627372
-68.7 0.628157
-68.5 0.628903
-68.3 0.629766
-68.1 0.630648
-67.9 0.631563
-67.7 0.632426
-67.5 0.633211
-67.3 0.633898
-67.1 0.634768
-66.9 0.635475
-66.7 0.636247
-66.5 0.637162
-66.3 0.637998
-66.1 0.638868
-65.9 0.639698
-65.7 0.64049
-65.5 0.641301
-65.3 0.64217
-65.1 0.642942
-64.9 0.643753
-64.7 0.644648
-64.5 0.645433
-64.3 0.646225
-64.1 0.647146
-63.9 0.647976
-63.7 0.648936
-63.5 0.649838
-63.3 0.65072
-63.1 0.651564
-62.9 0.652543
-62.7 0.65327
-62.5 0.654126
-62.3 0.65495
-62.1 0.655709
-61.9 0.656592
-61.7 0.657357
-61.5 0.658298
-61.3 0.659193
-61.1 0.660043
-60.9 0.66086
-60.7 0.661801
-60.5 0.662735
-60.3 0.663624
-60.1 0.66439
-59.9 0.665194
-59.7 0.66596
-59.5 0.666939
-59.3 0.667763
-59.1 0.668665
-58.9 0.669489
-58.7 0.670287
-58.5 0.671059
-58.3 0.671909
-58.1 0.672719
-57.9 0.673537
-57.7 0.674406
-57.5 0.675425
-57.3 0.676203
-57.1 0.676995
-56.9 0.677858
-56.7 0.678733
-56.5 0.679538
-56.3 0.68031
-56.1 0.681186
-55.9 0.681984
-55.7 0.682827
-55.5 0.683573
-55.3 0.684371
-55.1 0.685104
-54.9 0.685889
-54.7 0.686616
-54.5 0.687336
-54.3 0.688225
-54.1 0.688932
-53.9 0.689931
-53.7 0.690858
-53.5 0.691682
-53.3 0.692545
-53.1 0.693466
-52.9 0.69431
-52.7 0.695173
-52.5 0.695886
-52.3 0.696704
-52.1 0.697495
-51.9 0.698423
-51.7 0.699253
-51.5 0.700019
-51.3 0.700778
-51.1 0.701693
-50.9 0.702516
-50.7 0.703308
-50.5 0.704022
-50.3 0.704897
-50.1 0.705689
-49.9 0.706506
-49.7 0.707317
-49.5 0.708258
-49.3 0.708933
-49.1 0.709711
-48.9 0.710574
-48.7 0.711372
-48.5 0.712241
-48.3 0.713124
-48.1 0.714077
-47.9 0.714934
-47.7 0.715783
-47.5 0.716445
-47.3 0.717276
-47.1 0.718041
-46.9 0.718865
-46.7 0.719715
-46.5 0.720578
-46.3 0.721473
-46.1 0.722219
-45.9 0.723101
-45.7 0.723971
-45.5 0.724782
-45.3 0.725612
-45.1 0.726605
-44.9 0.727409
-44.7 0.728259
-44.5 0.729349
-44.3 0.730218
-44.1 0.730912
-43.9 0.731762
-43.7 0.732599
-43.5 0.733429
-43.3 0.734247
-43.1 0.734986
-42.9 0.735921
-42.7 0.736822
-42.5 0.737653
-42.3 0.738503
-42.1 0.739482
-41.9 0.74028
-41.7 0.740981
-41.5 0.74172
-41.3 0.742603
-41.1 0.743446
-40.9 0.7444
-40.7 0.745204
-40.5 0.746125
-40.3 0.747021
-40.1 0.747864
-39.9 0.748818
-39.7 0.749791
-39.5 0.750537
-39.3 0.751452
-39.1 0.752321
-38.9 0.753171
-38.7 0.753943
-38.5 0.754695
-38.3 0.755675
-38.1 0.756408
-37.9 0.757251
-37.7 0.757978
-37.5 0.758834
-37.3 0.75973
-37.1 0.76056
-36.9 0.761475
-36.7 0.762338
-36.5 0.763116
-36.3 0.764044
-36.1 0.764946
-35.9 0.765782
-35.7 0.766665
-35.5 0.767515
-35.3 0.768442
-35.1 0.76913
-34.9 0.770019
-34.7 0.770869
-34.5 0.771718
-34.3 0.772406
-34.1 0.773256
-33.9 0.77421
-33.7 0.775001
-33.5 0.775851
-33.3 0.776831
-33.1 0.77759
-32.9 0.778323
-32.7 0.779036
-32.5 0.779802
-32.3 0.780567
-32.1 0.781359
-31.9 0.782163
-31.7 0.783039
-31.5 0.783792
-31.3 0.784693
-31.1 0.785543
-30.9 0.78638
-30.7 0.787275
-30.5 0.788093
-30.3 0.788897
-30.1 0.789754
-29.9 0.7905
-29.7 0.791311
-29.5 0.792251
-29.3 0.792952
-29.1 0.793789
-28.9 0.794548
-28.7 0.795398
-28.5 0.796196
-28.3 0.797052
-28.1 0.797928
-27.9 0.79881
-27.7 0.799615
-27.5 0.80051
-27.3 0.801224
-27.1 0.802138
-26.9 0.802878
-26.7 0.803617
-26.5 0.804454
-26.3 0.805252
-26.1 0.806005
-25.9 0.806887
-25.7 0.807776
-25.5 0.808606
-25.3 0.809346
-25.1 0.810072
-24.9 0.810883
-24.7 0.811753
-24.5 0.812687
-24.3 0.813465
-24.1 0.814218
-23.9 0.815068
-23.7 0.815892
-23.5 0.816709
-23.3 0.817637
-23.1 0.818467
-22.9 0.819187
-22.7 0.82018
-22.5 0.820939
-22.3 0.821685
-22.1 0.822366
-21.9 0.82319
-21.7 0.823995
-21.5 0.824896
-21.3 0.825733
-21.1 0.826596
-20.9 0.827452
-20.7 0.828335
-20.5 0.829256
-20.3 0.829983
-20.1 0.830832
-19.9 0.831676
-19.7 0.832448
-19.5 0.833414
-19.3 0.834264
-19.1 0.835173
-18.9 0.836055
-18.7 0.836918
-18.5 0.837651
-18.3 0.838423
-18.1 0.839305
-17.9 0.840168
-17.7 0.841083
-17.5 0.841848
-17.3 0.842659
-17.1 0.843431
-16.9 0.844313
-16.7 0.845157
-16.5 0.846052
-16.3 0.846889
-16.1 0.847648
-15.9 0.848517
-15.7 0.849348
-15.5 0.850198
-15.3 0.85108
-15.1 0.851943
-14.9 0.852786
-14.7 0.853616
-14.5 0.854388
-14.3 0.855096
-14.1 0.85603
-13.9 0.856906
-13.7 0.857846
-13.5 0.858722
-13.3 0.859643
-13.1 0.860454
-12.9 0.861324
-12.7 0.862173
-12.5 0.862945
-12.3 0.863627
-12.1 0.864515
-11.9 0.865476
-11.7 0.866131
-11.5 0.866935
-11.3 0.867882
-11.1 0.868635
-10.9 0.869433
-10.7 0.870374
-10.5 0.871126
-10.3 0.871983
-10.1 0.872917
-9.9 0.873883
-9.7 0.874629
-9.5 0.875447
-9.3 0.876258
-9.1 0.877172
-8.9 0.877964
-8.7 0.878879
-8.5 0.879742
-8.3 0.880533
-8.1 0.88126
-7.9 0.881954
-7.7 0.882739
-7.5 0.883589
-7.3 0.884438
-7.1 0.885223
-6.9 0.886138
-6.7 0.88702
-6.5 0.88789
-6.3 0.888831
-6.1 0.88959
-5.9 0.890381
-5.7 0.891224
-5.5 0.892204
-5.3 0.892963
-5.1 0.893755
-4.9 0.894689
-4.7 0.8955
-4.5 0.896285
-4.3 0.897115
-4.1 0.8979
-3.9 0.898691
-3.7 0.899561
-3.5 0.900391
-3.3 0.901157
-3.1 0.901961
-2.9 0.90285
-2.7 0.903661
-2.5 0.904653
-2.3 0.905549
-2.1 0.906334
-1.9 0.907177
-1.7 0.907975
-1.5 0.908754
-1.3 0.909629
-1.1 0.910473
-0.899999 0.911245
-0.699999 0.912049
-0.499999 0.912893
-0.299999 0.913632
-0.0999993 0.914547
0.100001 0.915261
0.300001 0.916156
0.500001 0.917019
0.700001 0.91781
0.900001 0.918712
1.1 0.919588
1.3 0.920327
1.5 0.921138
1.7 0.921904
1.9 0.922799
2.1 0.92359
2.3 0.924356
2.5 0.925134
2.7 0.926023
2.9 0.92686
3.1 0.927645
3.3 0.928482
3.5 0.929299
3.7 0.930208
3.9 0.930973
4.1 0.931641
4.3 0.932524
4.5 0.933283
4.7 0.934055
4.9 0.934866
5.1 0.935696
5.3 0.936507
5.5 0.937331
5.7 0.938038
5.9 0.938946
6.1 0.939881
6.3 0.94064
6.5 0.941425
6.7 0.942294
6.9 0.943111
7.1 0.943909
7.3 0.944746
7.5 0.945551
7.7 0.946465
7.9 0.947231
8.1 0.948009
8.3 0.948853
8.5 0.949579
8.7 0.950462
8.9 0.951454
9.1 0.952135
9.3 0.952953
9.5 0.953757
9.7 0.954419
9.9 0.955113
10.1 0.95584
10.3 0.956573
10.5 0.957377
10.7 0.958084
10.9 0.95885
11.1 0.959525
11.3 0.960297
11.5 0.960978
11.7 0.961776
11.9 0.962515
12.1 0.963242
12.3 0.964046
12.5 0.964721
12.7 0.965467
12.9 0.966103
13.1 0.966868
13.3 0.967524
13.5 0.968179
13.7 0.968944
13.9 0.969606
14.1 0.970579
14.3 0.971241
14.5 0.971974
14.7 0.972714
14.9 0.973382
15.1 0.973998
15.3 0.974634
15.5 0.97527
15.7 0.975867
15.9 0.976561
16.1 0.977132
16.3 0.977741
16.5 0.978423
16.7 0.979032
16.9 0.979584
17.1 0.980135
17.3 0.980726
17.5 0.981303
17.7 0.981939
17.9 0.982529
18.1 0.983055
18.3 0.983548
18.5 0.984093
18.7 0.984612
18.9 0.985105
19.1 0.98563
19.3 0.986149
19.5 0.986662
19.7 0.987168
19.9 0.98768
20.1 0.988095
20.3 0.988485
20.5 0.988939
20.7 0.989328
20.9 0.989789
21.1 0.990217
21.3 0.990613
21.5 0.99093
21.7 0.991255
21.9 0.991631
22.1 0.991956
22.3 0.992286
22.5 0.992643
22.7 0.993032
22.9 0.993363
23.1 0.993733
23.3 0.994012
23.5 0.994285
23.7 0.994518
23.9 0.994855
24.1 0.995095
24.3 0.995361
24.5 0.995666
24.7 0.995848
24.9 0.996095
25.1 0.996289
25.3 0.996523
25.5 0.99675
25.7 0.99699
25.9 0.99723
26.1 0.997431
26.3 0.997626
26.5 0.997833
26.7 0.998047
26.9 0.998196
27.1 0.998365
27.3 0.998488
27.5 0.998625
27.7 0.99878
27.9 0.998962
28.1 0.999072
28.3 0.999189
28.5 0.999306
28.7 0.99941
28.9 0.999487
29.1 0.999565
29.3 0.999676
29.5 0.999753
29.7 0.999818
29.9 0.999909
30.1 1
