1197
-204.1 9.47447e-07
-203.9 9.47447e-07
-203.7 9.47447e-07
-203.5 9.47447e-07
-203.3 9.47447e-07
-203.1 9.47447e-07
-202.9 9.47447e-07
-202.7 9.47447e-07
-202.5 9.47447e-07
-202.3 9.47447e-07
-202.1 9.47447e-07
-201.9 9.47447e-07
-201.7 9.47447e-07
-201.5 9.47447e-07
-201.3 9.47447e-07
-201.1 9.47447e-07
-200.9 9.47447e-07
-200.7 1.89489e-06
-200.5 1.89489e-06
-200.3 1.89489e-06
-200.1 1.89489e-06
-199.9 1.89489e-06
-199.7 1.89489e-06
-199.5 1.89489e-06
-199.3 1.89489e-06
-199.1 1.89489e-06
-198.9 1.89489e-06
-198.7 1.89489e-06
-198.5 1.89489e-06
-198.3 3.78979e-06
-198.1 5.68468e-06
-197.9 9.47447e-06
-197.7 1.32643e-05
-197.5 2.7476e-05
-197.3 5.77943e-05
-197.1 9.66396e-05
-196.9 0.000144959
-196.7 0.000205596
-196.5 0.000294656
-196.3 0.000411192
-196.1 0.000558994
-195.9 0.000775959
-195.7 0.00103651
-195.5 0.00135295
-195.3 0.00177552
-195.1 0.00230419
-194.9 0.00289919
-194.7 0.00362398
-194.5 0.00448995
-194.3 0.00543266
-194.1 0.00654307
-193.9 0.00770464
-193.7 0.00899696
-193.5 0.0103603
-193.3 0.0118639
-193.1 0.0134073
-192.9 0.0149678
-192.7 0.0166031
-192.5 0.0183378
-192.3 0.0200849
-192.1 0.0218263
-191.9 0.0235658
-191.7 0.02524
-191.5 0.027006
-191.3 0.0287446
-191.1 0.0304121
-190.9 0.0320976
-190.7 0.033893
-190.5 0.0356884
-190.3 0.0373683
-190.1 0.0391381
-189.9 0.0408539
-189.7 0.0425224
-189.5 0.0442628
-189.3 0.0459057
-189.1 0.0475694
-188.9 0.0492464
-188.7 0.0508068
-188.5 0.052408
-188.3 0.0540395
-188.1 0.055635
-187.9 0.0572002
-187.7 0.0588497
-187.5 0.0604026
-187.3 0.0619138
-187.1 0.0633899
-186.9 0.0649551
-186.7 0.0664928
-186.5 0.0679452
-186.3 0.0693948
-186.1 0.0708624
-185.9 0.0723319
-185.7 0.0737692
-185.5 0.0752339
-185.3 0.0766504
-185.1 0.0781445
-184.9 0.0795581
-184.7 0.0809963
-184.5 0.0824061
-184.3 0.0838244
-184.1 0.0852769
-183.9 0.0866734
-183.7 0.0881059
-183.5 0.0895063
-183.3 0.0908621
-183.1 0.0921885
-182.9 0.0935632
-182.7 0.0949077
-182.5 0.0962834
-182.3 0.0975946
-182.1 0.0989192
-181.9 0.100213
-181.7 0.101471
-181.5 0.102752
-181.3 0.104026
-181.1 0.105318
-180.9 0.106568
-180.7 0.107782
-180.5 0.108991
-180.3 0.110246
-180.1 0.111509
-179.9 0.11267
-179.7 0.113921
-179.5 0.11505
-179.3 0.116242
-179.1 0.117418
-178.9 0.11854
-178.7 0.119703
-178.5 0.120926
-178.3 0.122018
-178.1 0.123143
-177.9 0.124322
-177.7 0.125429
-177.5 0.12654
-177.3 0.127632
-177.1 0.128689
-176.9 0.129815
-176.7 0.13094
-176.5 0.131987
-176.3 0.133045
-176.1 0.134127
-175.9 0.13512
-175.7 0.136204
-175.5 0.137227
-175.3 0.138298
-175.1 0.139296
-174.9 0.140357
-174.7 0.141409
-174.5 0.142423
-174.3 0.143425
-174.1 0.14437
-173.9 0.145411
-173.7 0.14645
-173.5 0.14746
-173.3 0.148434
-173.1 0.14943
-172.9 0.150437
-172.7 0.151466
-172.5 0.15254
-172.3 0.15351
-172.1 0.154519
-171.9 0.155486
-171.7 0.156478
-171.5 0.157439
-171.3 0.158432
-171.1 0.159351
-170.9 0.16028
-170.7 0.161241
-170.5 0.162197
-170.3 0.163185
-170.1 0.164223
-169.9 0.165126
-169.7 0.166066
-169.5 0.167033
-169.3 0.16798
-169.1 0.168944
-168.9 0.169868
-168.7 0.170758
-168.5 0.171676
-168.3 0.172628
-168.1 0.173532
-167.9 0.174449
-167.7 0.175377
-167.5 0.176263
-167.3 0.177183
-167.1 0.178102
-166.9 0.178978
-166.7 0.179975
-166.5 0.18089
-166.3 0.181868
-166.1 0.182862
-165.9 0.183802
-165.7 0.18472
-165.5 0.185643
-165.3 0.186585
-165.1 0.187497
-164.9 0.188404
-164.7 0.189302
-164.5 0.19023
-164.3 0.191131
-164.1 0.192016
-163.9 0.192906
-163.7 0.19386
-163.5 0.194822
-163.3 0.195741
-163.1 0.196643
-162.9 0.197573
-162.7 0.198528
-162.5 0.199496
-162.3 0.200414
-162.1 0.201317
-161.9 0.202259
-161.7 0.203202
-161.5 0.204132
-161.3 0.20507
-161.1 0.206004
-160.9 0.206889
-160.7 0.207814
-160.5 0.208719
-160.3 0.209595
-160.1 0.210528
-159.9 0.211452
-159.7 0.212384
-159.5 0.213287
-159.3 0.214196
-159.1 0.215061
-158.9 0.215971
-158.7 0.216911
-158.5 0.217875
-158.3 0.218802
-158.1 0.21971
-157.9 0.220606
-157.7 0.221498
-157.5 0.222396
-157.3 0.223301
-157.1 0.224243
-156.9 0.225095
-156.7 0.225988
-156.5 0.226865
-156.3 0.227813
-156.1 0.228722
-155.9 0.229588
-155.7 0.23051
-155.5 0.231451
-155.3 0.232359
-155.1 0.233269
-154.9 0.234198
-154.7 0.235075
-154.5 0.235987
-154.3 0.236877
-154.1 0.23777
-153.9 0.238606
-153.7 0.23949
-153.5 0.240402
-153.3 0.241337
-153.1 0.242207
-152.9 0.243111
-152.7 0.24399
-152.5 0.244908
-152.3 0.245812
-152.1 0.246728
-151.9 0.247591
-151.7 0.248481
-151.5 0.249347
-151.3 0.250281
-151.1 0.251204
-150.9 0.252122
-150.7 0.253002
-150.5 0.253877
-150.3 0.254774
-150.1 0.255692
-149.9 0.256612
-149.7 0.257514
-149.5 0.25844
-149.3 0.259367
-149.1 0.260238
-148.9 0.261073
-148.7 0.261965
-148.5 0.262891
-148.3 0.263781
-148.1 0.264702
-147.9 0.265584
-147.7 0.266497
-147.5 0.267347
-147.3 0.26821
-147.1 0.269061
-146.9 0.269912
-146.7 0.270782
-146.5 0.27164
-146.3 0.272547
-146.1 0.273441
-145.9 0.274302
-145.7 0.275168
-145.5 0.276081
-145.3 0.276952
-145.1 0.277805
-144.9 0.278648
-144.7 0.279511
-144.5 0.280373
-144.3 0.281238
-144.1 0.282118
-143.9 0.283011
-143.7 0.283856
-143.5 0.284714
-143.3 0.285632
-143.1 0.286533
-142.9 0.287376
-142.7 0.288254
-142.5 0.289143
-142.3 0.29002
-142.1 0.29088
-141.9 0.291668
-141.7 0.29257
-141.5 0.293439
-141.3 0.294278
-141.1 0.295124
-140.9 0.29598
-140.7 0.296833
-140.5 0.297746
-140.3 0.298596
-140.1 0.299432
-139.9 0.300236
-139.7 0.301073
-139.5 0.30188
-139.3 0.302741
-139.1 0.303615
-138.9 0.304492
-138.7 0.305446
-138.5 0.306212
-138.3 0.307066
-138.1 0.307962
-137.9 0.308822
-137.7 0.309689
-137.5 0.310604
-137.3 0.3115
-137.1 0.312415
-136.9 0.313309
-136.7 0.314117
-136.5 0.315019
-136.3 0.315933
-136.1 0.316853
-135.9 0.317751
-135.7 0.318612
-135.5 0.319537
-135.3 0.320423
-135.1 0.321311
-134.9 0.322178
-134.7 0.323008
-134.5 0.323857
-134.3 0.324743
-134.1 0.325614
-133.9 0.326491
-133.7 0.327415
-133.5 0.328295
-133.3 0.329225
-133.1 0.330066
-132.9 0.330935
-132.7 0.331844
-132.5 0.332772
-132.3 0.333693
-132.1 0.33458
-131.9 0.335482
-131.7 0.336377
-131.5 0.337291
-131.3 0.33825
-131.1 0.339181
-130.9 0.340095
-130.7 0.340979
-130.5 0.34188
-130.3 0.342834
-130.1 0.343761
-129.9 0.344673
-129.7 0.345615
-129.5 0.346532
-129.3 0.347447
-129.1 0.348336
-128.9 0.349228
-128.7 0.35016
-128.5 0.351096
-128.3 0.35202
-128.1 0.352955
-127.9 0.35387
-127.7 0.354793
-127.5 0.355678
-127.3 0.356632
-127.1 0.357552
-126.9 0.358486
-126.7 0.359451
-126.5 0.360336
-126.3 0.361291
-126.1 0.362232
-125.9 0.363137
-125.7 0.364011
-125.5 0.36491
-125.3 0.365892
-125.1 0.366799
-124.9 0.367679
-124.7 0.368627
-124.5 0.369565
-124.3 0.370469
-124.1 0.371372
-123.9 0.372255
-123.7 0.373127
-123.5 0.374
-123.3 0.374811
-123.1 0.375676
-122.9 0.376579
-122.7 0.377524
-122.5 0.378452
-122.3 0.379368
-122.1 0.380225
-121.9 0.381096
-121.7 0.38199
-121.5 0.382879
-121.3 0.38375
-121.1 0.384603
-120.9 0.385492
-120.7 0.386392
-120.5 0.387311
-120.3 0.388224
-120.1 0.389103
-119.9 0.390012
-119.7 0.39089
-119.5 0.391735
-119.3 0.392639
-119.1 0.393491
-118.9 0.39434
-118.7 0.395295
-118.5 0.39617
-118.3 0.397082
-118.1 0.397995
-117.9 0.398838
-117.7 0.399743
-117.5 0.400685
-117.3 0.401557
-117.1 0.402452
-116.9 0.40338
-116.7 0.404248
-116.5 0.405193
-116.3 0.406027
-116.1 0.406907
-115.9 0.407753
-115.7 0.408695
-115.5 0.409596
-115.3 0.410544
-115.1 0.411417
-114.9 0.412296
-114.7 0.413221
-114.5 0.414143
-114.3 0.415006
-114.1 0.415884
-113.9 0.41676
-113.7 0.417693
-113.5 0.418611
-113.3 0.419474
-113.1 0.420361
-112.9 0.421228
-112.7 0.422064
-112.5 0.422907
-112.3 0.42374
-112.1 0.424602
-111.9 0.425529
-111.7 0.426396
-111.5 0.427257
-111.3 0.428124
-111.1 0.428949
-110.9 0.429848
-110.7 0.430731
-110.5 0.431628
-110.3 0.432518
-110.1 0.433429
-109.9 0.434295
-109.7 0.435151
-109.5 0.436085
-109.3 0.43698
-109.1 0.437919
-108.9 0.438778
-108.7 0.439614
-108.5 0.440485
-108.3 0.44128
-108.1 0.442179
-107.9 0.442999
-107.7 0.443887
-107.5 0.444731
-107.3 0.445577
-107.1 0.446457
-106.9 0.447347
-106.7 0.448251
-106.5 0.44912
-106.3 0.449966
-106.1 0.450851
-105.9 0.45173
-105.7 0.452633
-105.5 0.453527
-105.3 0.454427
-105.1 0.455325
-104.9 0.456224
-104.7 0.45714
-104.5 0.457975
-104.3 0.45881
-104.1 0.459715
-103.9 0.460595
-103.7 0.461485
-103.5 0.462368
-103.3 0.463223
-103.1 0.46409
-102.9 0.464992
-102.7 0.465912
-102.5 0.466791
-102.3 0.467673
-102.1 0.468577
-101.9 0.469507
-101.7 0.470443
-101.5 0.471338
-101.3 0.47221
-101.1 0.473109
-100.9 0.473972
-100.7 0.47486
-100.5 0.475803
-100.3 0.476692
-100.1 0.477528
-99.9 0.478405
-99.7 0.479273
-99.5 0.480187
-99.3 0.481108
-99.1 0.481997
-98.9 0.482877
-98.7 0.483785
-98.5 0.484716
-98.3 0.485585
-98.1 0.486436
-97.9 0.487314
-97.7 0.48818
-97.5 0.489085
-97.3 0.489994
-97.1 0.490892
-96.9 0.491783
-96.7 0.492636
-96.5 0.493497
-96.3 0.494338
-96.1 0.495234
-95.9 0.496115
-95.7 0.497039
-95.5 0.49795
-95.3 0.498824
-95.1 0.49971
-94.9 0.500608
-94.7 0.501506
-94.5 0.502367
-94.3 0.503254
-94.1 0.504128
-93.9 0.505016
-93.7 0.505851
-93.5 0.506688
-93.3 0.507615
-93.1 0.508476
-92.9 0.509317
-92.7 0.510205
-92.5 0.51109
-92.3 0.511965
-92.1 0.512889
-91.9 0.513744
-91.7 0.514627
-91.5 0.515503
-91.3 0.516406
-91.1 0.51728
-90.9 0.5181
-90.7 0.518968
-90.5 0.519861
-90.3 0.520688
-90.1 0.521553
-89.9 0.5224
-89.7 0.523294
-89.5 0.524172
-89.3 0.525081
-89.1 0.525961
-88.9 0.526867
-88.7 0.527765
-88.5 0.528619
-88.3 0.529471
-88.1 0.53035
-87.9 0.531245
-87.7 0.532155
-87.5 0.533078
-87.3 0.533926
-87.1 0.534775
-86.9 0.535645
-86.7 0.536547
-86.5 0.537401
-86.3 0.538246
-86.1 0.53907
-85.9 0.539946
-85.7 0.540856
-85.5 0.541718
-85.3 0.542633
-85.1 0.543526
-84.9 0.544403
-84.7 0.545266
-84.5 0.546168
-84.3 0.547073
-84.1 0.547972
-83.9 0.548872
-83.7 0.549747
-83.5 0.550641
-83.3 0.551497
-83.1 0.552365
-82.9 0.553247
-82.7 0.554136
-82.5 0.554978
-82.3 0.555869
-82.1 0.556726
-81.9 0.557624
-81.7 0.558486
-81.5 0.559326
-81.3 0.560245
-81.1 0.561106
-80.9 0.561934
-80.7 0.56282
-80.5 0.563654
-80.3 0.564575
-80.1 0.565393
-79.9 0.566269
-79.7 0.567189
-79.5 0.568087
-79.3 0.568972
-79.1 0.569838
-78.9 0.570668
-78.7 0.571494
-78.5 0.572357
-78.3 0.573207
-78.1 0.574061
-77.9 0.574919
-77.7 0.57578
-77.5 0.576601
-77.3 0.577458
-77.1 0.578342
-76.9 0.579234
-76.7 0.580102
-76.5 0.580987
-76.3 0.581872
-76.1 0.582747
-75.9 0.583603
-75.7 0.584456
-75.5 0.58534
-75.3 0.586249
-75.1 0.587114
-74.9 0.588007
-74.7 0.588869
-74.5 0.589785
-74.3 0.590697
-74.1 0.591583
-73.9 0.592468
-73.7 0.593299
-73.5 0.594223
-73.3 0.595118
-73.1 0.595962
-72.9 0.596863
-72.7 0.597722
-72.5 0.598595
-72.3 0.599454
-72.1 0.60037
-71.9 0.601246
-71.7 0.602121
-71.5 0.602986
-71.3 0.603844
-71.1 0.604721
-70.9 0.605594
-70.7 0.606495
-70.5 0.607462
-70.3 0.608294
-70.1 0.609212
-69.9 0.610131
-69.7 0.611011
-69.5 0.611875
-69.3 0.612801
-69.1 0.61363
-68.9 0.614533
-68.7 0.615427
-68.5 0.616324
-68.3 0.617186
-68.1 0.618107
-67.9 0.619002
-67.7 0.619911
-67.5 0.620754
-67.3 0.621611
-67.1 0.62252
-66.9 0.623361
-66.7 0.624243
-66.5 0.625143
-66.3 0.626003
-66.1 0.626866
-65.9 0.627791
-65.7 0.628599
-65.5 0.62946
-65.3 0.630389
-65.1 0.631275
-64.9 0.632149
-64.7 0.633038
-64.5 0.633945
-64.3 0.634796
-64.1 0.63567
-63.9 0.636565
-63.7 0.637416
-63.5 0.638329
-63.3 0.63923
-63.1 0.64014
-62.9 0.641056
-62.7 0.641947
-62.5 0.64284
-62.3 0.643762
-62.1 0.64466
-61.9 0.645522
-61.7 0.646464
-61.5 0.647352
-61.3 0.648226
-61.1 0.649105
-60.9 0.650025
-60.7 0.650913
-60.5 0.651816
-60.3 0.652718
-60.1 0.653633
-59.9 0.65444
-59.7 0.655367
-59.5 0.656261
-59.3 0.657145
-59.1 0.658036
-58.9 0.65893
-58.7 0.659814
-58.5 0.660691
-58.3 0.661585
-58.1 0.662429
-57.9 0.663273
-57.7 0.664167
-57.5 0.665006
-57.3 0.665867
-57.1 0.666746
-56.9 0.667637
-56.7 0.668519
-56.5 0.669411
-56.3 0.670266
-56.1 0.671166
-55.9 0.672072
-55.7 0.672956
-55.5 0.673826
-55.3 0.674728
-55.1 0.675593
-54.9 0.676468
-54.7 0.677337
-54.5 0.678241
-54.3 0.679131
-54.1 0.680015
-53.9 0.680901
-53.7 0.6818
-53.5 0.68267
-53.3 0.683548
-53.1 0.684435
-52.9 0.6853
-52.7 0.686215
-52.5 0.687126
-52.3 0.687991
-52.1 0.688845
-51.9 0.689722
-51.7 0.690556
-51.5 0.691401
-51.3 0.692232
-51.1 0.693088
-50.9 0.69398
-50.7 0.694894
-50.5 0.695794
-50.3 0.696721
-50.1 0.697625
-49.9 0.698476
-49.7 0.699349
-49.5 0.700235
-49.3 0.701115
-49.1 0.701959
-48.9 0.702821
-48.7 0.703656
-48.5 0.704523
-48.3 0.70541
-48.1 0.706214
-47.9 0.707083
-47.7 0.707961
-47.5 0.708858
-47.3 0.709726
-47.1 0.710626
-46.9 0.711521
-46.7 0.712375
-46.5 0.713194
-46.3 0.71412
-46.1 0.714985
-45.9 0.715856
-45.7 0.71676
-45.5 0.717706
-45.3 0.718581
-45.1 0.719438
-44.9 0.720284
-44.7 0.721158
-44.5 0.722014
-44.3 0.722914
-44.1 0.723741
-43.9 0.724616
-43.7 0.725501
-43.5 0.726335
-43.3 0.727265
-43.1 0.728163
-42.9 0.729002
-42.7 0.729846
-42.5 0.730695
-42.3 0.731513
-42.1 0.73237
-41.9 0.733284
-41.7 0.734144
-41.5 0.734974
-41.3 0.735793
-41.1 0.736716
-40.9 0.737587
-40.7 0.738477
-40.5 0.739305
-40.3 0.740173
-40.1 0.74104
-39.9 0.741931
-39.7 0.742786
-39.5 0.743656
-39.3 0.744546
-39.1 0.745398
-38.9 0.746299
-38.7 0.747121
-38.5 0.748002
-38.3 0.748912
-38.1 0.749841
-37.9 0.750692
-37.7 0.751524
-37.5 0.752396
-37.3 0.753251
-37.1 0.754103
-36.9 0.755006
-36.7 0.755856
-36.5 0.756751
-36.3 0.757608
-36.1 0.758479
-35.9 0.759339
-35.7 0.760243
-35.5 0.7611
-35.3 0.761998
-35.1 0.762881
-34.9 0.763817
-34.7 0.764698
-34.5 0.765547
-34.3 0.766423
-34.1 0.767257
-33.9 0.768082
-33.7 0.768929
-33.5 0.769775
-33.3 0.770688
-33.1 0.771622
-32.9 0.772518
-32.7 0.773366
-32.5 0.774252
-32.3 0.775135
-32.1 0.776069
-31.9 0.776947
-31.7 0.777846
-31.5 0.778775
-31.3 0.779651
-31.1 0.780501
-30.9 0.78137
-30.7 0.782298
-30.5 0.783105
-30.3 0.784026
-30.1 0.784889
-29.9 0.785764
-29.7 0.786655
-29.5 0.787547
-29.3 0.788411
-29.1 0.789288
-28.9 0.79015
-28.7 0.79103
-28.5 0.791931
-28.3 0.792803
-28.1 0.793703
-27.9 0.794548
-27.7 0.795455
-27.5 0.796357
-27.3 0.797238
-27.1 0.798113
-26.9 0.79902
-26.7 0.799859
-26.5 0.8007
-26.3 0.801569
-26.1 0.802433
-25.9 0.803316
-25.7 0.804138
-25.5 0.804971
-25.3 0.805835
-25.1 0.806736
-24.9 0.807607
-24.7 0.808439
-24.5 0.809345
-24.3 0.8102
-24.1 0.811105
-23.9 0.811984
-23.7 0.812854
-23.5 0.813699
-23.3 0.814571
-23.1 0.815442
-22.9 0.816308
-22.7 0.817155
-22.5 0.818078
-22.3 0.818982
-22.1 0.819866
-21.9 0.820763
-21.7 0.82166
-21.5 0.822454
-21.3 0.823297
-21.1 0.824206
-20.9 0.825062
-20.7 0.825912
-20.5 0.826739
-20.3 0.827566
-20.1 0.828431
-19.9 0.829321
-19.7 0.830247
-19.5 0.831094
-19.3 0.83197
-19.1 0.832834
-18.9 0.833677
-18.7 0.834569
-18.5 0.835501
-18.3 0.836402
-18.1 0.837222
-17.9 0.838047
-17.7 0.838905
-17.5 0.839803
-17.3 0.840717
-17.1 0.841593
-16.9 0.842455
-16.7 0.843303
-16.5 0.844145
-16.3 0.844981
-16.1 0.845886
-15.9 0.846744
-15.7 0.847657
-15.5 0.848515
-15.3 0.849351
-15.1 0.850222
-14.9 0.851087
-14.7 0.851952
-14.5 0.852753
-14.3 0.8536
-14.1 0.854483
-13.9 0.855327
-13.7 0.856207
-13.5 0.857061
-13.3 0.857876
-13.1 0.858724
-12.9 0.859532
-12.7 0.860391
-12.5 0.861235
-12.3 0.862101
-12.1 0.862971
-11.9 0.863841
-11.7 0.864689
-11.5 0.865527
-11.3 0.8664
-11.1 0.867274
-10.9 0.868161
-10.7 0.868994
-10.5 0.869865
-10.3 0.870711
-10.1 0.871579
-9.9 0.87244
-9.7 0.873353
-9.5 0.874213
-9.3 0.875075
-9.1 0.875922
-8.9 0.876794
-8.7 0.877661
-8.5 0.878555
-8.3 0.879404
-8.1 0.880274
-7.9 0.881138
-7.7 0.881979
-7.5 0.882858
-7.3 0.883773
-7.1 0.884609
-6.9 0.885527
-6.7 0.886346
-6.5 0.887228
-6.3 0.888118
-6.1 0.888989
-5.9 0.889851
-5.7 0.890751
-5.5 0.891632
-5.3 0.892488
-5.1 0.893303
-4.9 0.89416
-4.7 0.89503
-4.5 0.895841
-4.3 0.896702
-4.1 0.897524
-3.9 0.898346
-3.7 0.899252
-3.5 0.90013
-3.3 0.901008
-3.1 0.901869
-2.9 0.902684
-2.7 0.90352
-2.5 0.904391
-2.3 0.905219
-2.1 0.906095
-1.9 0.906975
-1.7 0.907822
-1.5 0.908708
-1.3 0.909598
-1.1 0.910469
-0.899999 0.911326
-0.699999 0.912161
-0.499999 0.913027
-0.299999 0.913906
-0.0999993 0.914803
0.100001 0.915654
0.300001 0.916556
0.500001 0.917487
0.700001 0.91839
0.900001 0.919265
1.1 0.920116
1.3 0.921019
1.5 0.921839
1.7 0.922715
1.9 0.923563
2.1 0.924398
2.3 0.925315
2.5 0.926206
2.7 0.927086
2.9 0.927948
3.1 0.928828
3.3 0.929689
3.5 0.930569
3.7 0.931389
3.9 0.93229
4.1 0.9331
4.3 0.933904
4.5 0.934768
4.7 0.935593
4.9 0.936436
5.1 0.937285
5.3 0.938139
5.5 0.939023
5.7 0.939852
5.9 0.940652
6.1 0.94152
6.3 0.942376
6.5 0.943251
6.7 0.944145
6.9 0.944994
7.1 0.945829
7.3 0.946641
7.5 0.947492
7.7 0.948358
7.9 0.949188
8.1 0.950044
8.3 0.950847
8.5 0.951675
8.7 0.952473
8.9 0.953339
9.1 0.954206
9.3 0.955065
9.5 0.955857
9.7 0.956696
9.9 0.957536
10.1 0.958339
10.3 0.959093
10.5 0.959913
10.7 0.960695
10.9 0.961449
11.1 0.962263
11.3 0.963066
11.5 0.963808
11.7 0.964574
11.9 0.965309
12.1 0.966022
12.3 0.966757
12.5 0.967497
12.7 0.96828
12.9 0.968996
13.1 0.969689
13.3 0.970399
13.5 0.97114
13.7 0.97185
13.9 0.972546
14.1 0.973241
14.3 0.97391
14.5 0.974544
14.7 0.975211
14.9 0.975816
15.1 0.97648
15.3 0.977079
15.5 0.977695
15.7 0.978324
15.9 0.978925
16.1 0.979493
16.3 0.980101
16.5 0.980644
16.7 0.981219
16.9 0.981752
17.1 0.982306
17.3 0.98282
17.5 0.983315
17.7 0.983791
17.9 0.984307
18.1 0.98484
18.3 0.985333
18.5 0.985788
18.7 0.98626
18.9 0.986674
19.1 0.987098
19.3 0.987581
19.5 0.988026
19.7 0.988436
19.9 0.988825
20.1 0.9892
20.3 0.989582
20.5 0.989936
20.7 0.99031
20.9 0.99066
21.1 0.991006
21.3 0.991326
21.5 0.991675
21.7 0.992006
21.9 0.992315
22.1 0.992627
22.3 0.992918
22.5 0.993208
22.7 0.9935
22.9 0.993759
23.1 0.994016
23.3 0.994253
23.5 0.994505
23.7 0.99474
23.9 0.994972
24.1 0.995225
24.3 0.995449
24.5 0.99564
24.7 0.995854
24.9 0.996059
25.1 0.996242
25.3 0.996426
25.5 0.996587
25.7 0.996764
25.9 0.996939
26.1 0.997086
26.3 0.997252
26.5 0.997396
26.7 0.997551
26.9 0.997686
27.1 0.997819
27.3 0.99795
27.5 0.998062
27.7 0.998167
27.9 0.998273
28.1 0.998369
28.3 0.998457
28.5 0.998563
28.7 0.998647
28.9 0.998733
29.1 0.998803
29.3 0.998903
29.5 0.998983
29.7 0.999054
29.9 0.999114
30.1 0.99917
30.3 0.999238
30.5 0.999298
30.7 0.999358
30.9 0.999409
31.1 0.999451
31.3 0.999502
31.5 0.99954
31.7 0.999578
31.9 0.99961
32.1 0.999644
32.3 0.99968
32.5 0.999715
32.7 0.999748
32.9 0.999781
33.1 0.99981
33.3 0.999832
33.5 0.999857
33.7 0.999879
33.9 0.9999
34.1 0.999926
34.3 0.999942
34.5 0.99996
34.7 0.999981
34.9 0.999992
35.1 1
