1392
-358.9 2.67278e-06
-358.7 2.67278e-06
-358.5 2.67278e-06
-358.3 2.67278e-06
-358.1 2.67278e-06
-357.9 2.67278e-06
-357.7 2.67278e-06
-357.5 2.67278e-06
-357.3 2.67278e-06
-357.1 2.67278e-06
-356.9 2.67278e-06
-356.7 2.67278e-06
-356.5 2.67278e-06
-356.3 2.67278e-06
-356.1 2.67278e-06
-355.9 2.67278e-06
-355.7 2.67278e-06
-355.5 2.67278e-06
-355.3 2.67278e-06
-355.1 2.67278e-06
-354.9 2.67278e-06
-354.7 2.67278e-06
-354.5 2.67278e-06
-354.3 2.67278e-06
-354.1 2.67278e-06
-353.9 2.67278e-06
-353.7 2.67278e-06
-353.5 2.67278e-06
-353.3 2.67278e-06
-353.1 2.67278e-06
-352.9 2.67278e-06
-352.7 5.34556e-06
-352.5 5.34556e-06
-352.3 5.34556e-06
-352.1 8.01835e-06
-351.9 8.01835e-06
-351.7 8.01835e-06
-351.5 8.01835e-06
-351.3 8.01835e-06
-351.1 8.01835e-06
-350.9 8.01835e-06
-350.7 8.01835e-06
-350.5 8.01835e-06
-350.3 8.01835e-06
-350.1 8.01835e-06
-349.9 8.01835e-06
-349.7 8.01835e-06
-349.5 8.01835e-06
-349.3 8.01835e-06
-349.1 8.01835e-06
-348.9 8.01835e-06
-348.7 8.01835e-06
-348.5 8.01835e-06
-348.3 8.01835e-06
-348.1 1.06911e-05
-347.9 1.06911e-05
-347.7 1.06911e-05
-347.5 1.06911e-05
-347.3 1.06911e-05
-347.1 1.06911e-05
-346.9 1.33639e-05
-346.7 1.33639e-05
-346.5 1.33639e-05
-346.3 1.33639e-05
-346.1 1.33639e-05
-345.9 1.60367e-05
-345.7 1.60367e-05
-345.5 1.60367e-05
-345.3 1.60367e-05
-345.1 1.60367e-05
-344.9 1.60367e-05
-344.7 1.87095e-05
-344.5 1.87095e-05
-344.3 1.87095e-05
-344.1 2.13823e-05
-343.9 2.67278e-05
-343.7 3.74189e-05
-343.5 4.00917e-05
-343.3 4.81101e-05
-343.1 6.1474e-05
-342.9 8.01835e-05
-342.7 0.000133639
-342.5 0.000171058
-342.3 0.000203131
-342.1 0.000261933
-341.9 0.000315388
-341.7 0.000406263
-341.5 0.000473082
-341.3 0.000507829
-341.1 0.000598703
-340.9 0.000692251
-340.7 0.00080718
-340.5 0.000895382
-340.3 0.000927455
-340.1 0.00101566
-339.9 0.00109317
-339.7 0.00120275
-339.5 0.00127492
-339.3 0.00129897
-339.1 0.00134975
-338.9 0.00140588
-338.7 0.00148072
-338.5 0.00155823
-338.3 0.00158496
-338.1 0.00165445
-337.9 0.00173464
-337.7 0.00194044
-337.5 0.00213021
-337.3 0.00219703
-337.1 0.00249371
-336.9 0.0028866
-336.7 0.00364567
-336.5 0.00431654
-336.3 0.00470944
-336.1 0.00570104
-335.9 0.00692785
-335.7 0.00921843
-335.5 0.0111321
-335.3 0.0121424
-335.1 0.0146174
-334.9 0.0170817
-334.7 0.0209733
-334.5 0.0235392
-334.3 0.0248569
-334.1 0.0275778
-333.9 0.0300848
-333.7 0.0335514
-333.5 0.0359596
-333.3 0.0370875
-333.1 0.0392204
-332.9 0.0413319
-332.7 0.044296
-332.5 0.0460146
-332.3 0.0469367
-332.1 0.0488852
-331.9 0.0506599
-331.7 0.053469
-331.5 0.0551582
-331.3 0.0559627
-331.1 0.0575691
-330.9 0.0592449
-330.7 0.0618081
-330.5 0.0634679
-330.3 0.0642991
-330.1 0.0659402
-329.9 0.0675947
-329.7 0.0700643
-329.5 0.0715664
-329.3 0.0724377
-329.1 0.0741136
-328.9 0.0757734
-328.7 0.0779624
-328.5 0.0794645
-328.3 0.0802396
-328.1 0.0819181
-327.9 0.0835057
-327.7 0.0857455
-327.5 0.0872583
-327.3 0.0880628
-327.1 0.0896611
-326.9 0.0911552
-326.7 0.0935126
-326.5 0.0950976
-326.3 0.0958834
-326.1 0.0972599
-325.9 0.0988261
-325.7 0.101165
-325.5 0.102632
-325.3 0.103359
-325.1 0.104968
-324.9 0.106457
-324.7 0.108788
-324.5 0.110207
-324.3 0.110966
-324.1 0.112447
-323.9 0.113911
-323.7 0.11617
-323.5 0.117538
-323.3 0.118241
-323.1 0.11969
-322.9 0.121077
-322.7 0.123215
-322.5 0.124544
-322.3 0.125265
-322.1 0.126658
-321.9 0.128053
-321.7 0.130103
-321.5 0.131533
-321.3 0.132132
-321.1 0.1335
-320.9 0.134802
-320.7 0.13687
-320.5 0.138212
-320.3 0.138891
-320.1 0.140123
-319.9 0.141425
-319.7 0.143365
-319.5 0.144624
-319.3 0.14525
-319.1 0.14653
-318.9 0.147813
-318.7 0.149686
-318.5 0.150817
-318.3 0.151394
-318.1 0.15272
-317.9 0.153813
-317.7 0.155535
-317.5 0.156668
-317.3 0.157242
-317.1 0.158325
-316.9 0.159469
-316.7 0.161155
-316.5 0.162187
-316.3 0.162719
-316.1 0.163729
-315.9 0.164806
-315.7 0.166421
-315.5 0.167431
-315.3 0.168011
-315.1 0.169096
-314.9 0.170157
-314.7 0.171809
-314.5 0.172774
-314.3 0.173325
-314.1 0.174287
-313.9 0.175273
-313.7 0.17673
-313.5 0.177785
-313.3 0.178333
-313.1 0.179282
-312.9 0.18021
-312.7 0.181658
-312.5 0.182591
-312.3 0.183075
-312.1 0.18401
-311.9 0.185015
-311.7 0.186394
-311.5 0.187359
-311.3 0.1878
-311.1 0.188755
-310.9 0.189645
-310.7 0.191136
-310.5 0.192047
-310.3 0.192504
-310.1 0.193453
-309.9 0.194351
-309.7 0.19584
-309.5 0.196717
-309.3 0.197182
-309.1 0.198104
-308.9 0.199031
-308.7 0.200381
-308.5 0.201274
-308.3 0.20171
-308.1 0.202509
-307.9 0.203409
-307.7 0.204794
-307.5 0.205676
-307.3 0.20608
-307.1 0.206978
-306.9 0.207924
-306.7 0.20911
-306.5 0.209963
-306.3 0.210444
-306.1 0.211251
-305.9 0.212109
-305.7 0.213478
-305.5 0.214408
-305.3 0.214844
-305.1 0.215603
-304.9 0.216506
-304.7 0.217834
-304.5 0.218719
-304.3 0.219131
-304.1 0.220085
-303.9 0.220884
-303.7 0.22214
-303.5 0.223177
-303.3 0.22365
-303.1 0.224468
-302.9 0.225267
-302.7 0.226574
-302.5 0.227515
-302.3 0.227935
-302.1 0.228779
-301.9 0.229653
-301.7 0.230926
-301.5 0.231722
-301.3 0.232163
-301.1 0.232973
-300.9 0.233764
-300.7 0.235069
-300.5 0.235918
-300.3 0.236303
-300.1 0.237113
-299.9 0.237974
-299.7 0.239414
-299.5 0.240232
-299.3 0.240652
-299.1 0.241472
-298.9 0.242451
-298.7 0.24376
-298.5 0.24461
-298.3 0.245065
-298.1 0.245933
-297.9 0.246794
-297.7 0.248098
-297.5 0.248943
-297.3 0.249341
-297.1 0.250057
-296.9 0.250838
-296.7 0.252073
-296.5 0.252955
-296.3 0.253324
-296.1 0.254171
-295.9 0.255125
-295.7 0.256325
-295.5 0.257253
-295.3 0.257694
-295.1 0.258426
-294.9 0.259236
-294.7 0.260431
-294.5 0.261155
-294.3 0.261566
-294.1 0.262304
-293.9 0.263039
-293.7 0.264172
-293.5 0.264945
-293.3 0.265362
-293.1 0.266166
-292.9 0.266861
-292.7 0.268088
-292.5 0.26886
-292.3 0.269304
-292.1 0.269972
-291.9 0.270785
-291.7 0.271859
-291.5 0.272562
-291.3 0.27292
-291.1 0.273642
-290.9 0.274396
-290.7 0.275518
-290.5 0.276224
-290.3 0.276571
-290.1 0.277258
-289.9 0.277961
-289.7 0.279073
-289.5 0.279827
-289.3 0.280196
-289.1 0.28092
-288.9 0.281701
-288.7 0.28278
-288.5 0.283518
-288.3 0.28386
-288.1 0.284592
-287.9 0.285327
-287.7 0.28641
-287.5 0.287092
-287.3 0.287482
-287.1 0.288252
-286.9 0.289016
-286.7 0.290125
-286.5 0.290919
-286.3 0.29129
-286.1 0.292066
-285.9 0.292806
-285.7 0.293982
-285.5 0.29468
-285.3 0.295062
-285.1 0.295751
-284.9 0.296607
-284.7 0.297719
-284.5 0.298536
-284.3 0.298988
-284.1 0.299843
-283.9 0.300562
-283.7 0.30169
-283.5 0.302417
-283.3 0.302866
-283.1 0.303716
-282.9 0.304545
-282.7 0.30574
-282.5 0.306581
-282.3 0.30694
-282.1 0.307779
-281.9 0.308583
-281.7 0.309786
-281.5 0.310639
-281.3 0.311066
-281.1 0.3119
-280.9 0.312782
-280.7 0.314039
-280.5 0.314867
-280.3 0.315337
-280.1 0.316193
-279.9 0.317069
-279.7 0.318331
-279.5 0.319133
-279.3 0.319641
-279.1 0.320421
-278.9 0.321276
-278.7 0.322468
-278.5 0.32335
-278.3 0.323722
-278.1 0.324532
-277.9 0.325398
-277.7 0.326595
-277.5 0.327357
-277.3 0.327779
-277.1 0.328677
-276.9 0.329549
-276.7 0.330917
-276.5 0.331874
-276.3 0.332318
-276.1 0.3332
-275.9 0.334098
-275.7 0.335405
-275.5 0.336281
-275.3 0.336722
-275.1 0.337599
-274.9 0.33843
-274.7 0.339665
-274.5 0.340531
-274.3 0.340961
-274.1 0.341787
-273.9 0.342624
-273.7 0.343982
-273.5 0.344837
-273.3 0.345219
-273.1 0.346144
-272.9 0.347037
-272.7 0.348266
-272.5 0.349154
-272.3 0.349603
-272.1 0.350455
-271.9 0.351265
-271.7 0.35254
-271.5 0.353312
-271.3 0.353772
-271.1 0.354577
-270.9 0.355459
-270.7 0.3568
-270.5 0.357739
-270.3 0.358209
-270.1 0.359056
-269.9 0.359978
-269.7 0.361256
-269.5 0.362119
-269.3 0.362544
-269.1 0.363429
-268.9 0.364311
-268.7 0.365613
-268.5 0.366457
-268.3 0.366879
-268.1 0.367756
-267.9 0.368662
-267.7 0.369918
-267.5 0.37071
-267.3 0.371159
-267.1 0.372115
-266.9 0.372944
-266.7 0.374165
-266.5 0.375037
-266.3 0.375486
-266.1 0.376325
-265.9 0.37718
-265.7 0.378445
-265.5 0.379268
-265.3 0.379693
-265.1 0.380489
-264.9 0.381331
-264.7 0.382569
-264.5 0.383379
-264.3 0.383782
-264.1 0.384699
-263.9 0.385485
-263.7 0.386765
-263.5 0.387652
-263.3 0.388088
-263.1 0.388919
-262.9 0.389705
-262.7 0.391049
-262.5 0.39191
-262.3 0.392354
-262.1 0.393161
-261.9 0.394043
-261.7 0.395318
-261.5 0.396208
-261.3 0.39667
-261.1 0.397459
-260.9 0.398253
-260.7 0.399493
-260.5 0.400428
-260.3 0.400877
-260.1 0.401749
-259.9 0.40262
-259.7 0.403817
-259.5 0.404742
-259.3 0.405183
-259.1 0.406009
-258.9 0.406819
-258.7 0.408043
-258.5 0.40893
-258.3 0.409379
-258.1 0.41017
-257.9 0.411031
-257.7 0.412218
-257.5 0.412977
-257.3 0.413439
-257.1 0.414295
-256.9 0.415083
-256.7 0.416377
-256.5 0.417146
-256.3 0.41751
-256.1 0.418368
-255.9 0.419106
-255.7 0.420263
-255.5 0.420712
-255.3 0.421506
-255.1 0.422364
-254.9 0.423211
-254.7 0.424307
-254.5 0.424737
-254.3 0.425558
-254.1 0.426386
-253.9 0.42718
-253.7 0.428436
-253.5 0.428808
-253.3 0.429596
-253.1 0.430468
-252.9 0.43128
-252.7 0.43255
-252.5 0.43298
-252.3 0.433806
-252.1 0.434608
-251.9 0.435402
-251.7 0.436583
-251.5 0.436992
-251.3 0.437847
-251.1 0.438593
-250.9 0.439427
-250.7 0.440704
-250.5 0.441076
-250.3 0.441843
-250.1 0.442607
-249.9 0.443412
-249.7 0.44462
-249.5 0.445045
-249.3 0.445857
-249.1 0.44659
-248.9 0.447426
-248.7 0.448584
-248.5 0.448974
-248.3 0.449765
-248.1 0.450524
-247.9 0.451302
-247.7 0.452392
-247.5 0.452825
-247.3 0.453611
-247.1 0.454386
-246.9 0.455113
-246.7 0.456335
-246.5 0.456642
-246.3 0.457471
-246.1 0.458219
-245.9 0.458946
-245.7 0.460074
-245.5 0.460478
-245.3 0.461368
-245.1 0.462148
-244.9 0.462955
-244.7 0.464174
-244.5 0.464556
-244.3 0.465393
-244.1 0.466195
-243.9 0.466988
-243.7 0.468255
-243.5 0.46867
-243.3 0.469399
-243.1 0.470204
-242.9 0.470982
-242.7 0.472091
-242.5 0.472532
-242.3 0.473312
-242.1 0.474093
-241.9 0.474862
-241.7 0.476087
-241.5 0.476504
-241.3 0.477289
-241.1 0.478118
-240.9 0.478858
-240.7 0.480058
-240.5 0.480449
-240.3 0.481266
-240.1 0.482114
-239.9 0.482918
-239.7 0.484019
-239.5 0.484434
-239.3 0.485308
-239.1 0.486021
-238.9 0.486788
-238.7 0.487986
-238.5 0.488405
-238.3 0.489146
-238.1 0.489937
-237.9 0.490661
-237.7 0.491736
-237.5 0.492179
-237.3 0.492944
-237.1 0.493815
-236.9 0.494542
-236.7 0.495667
-236.5 0.496047
-236.3 0.496846
-236.1 0.497565
-235.9 0.498316
-235.7 0.499514
-235.5 0.499893
-235.3 0.500738
-235.1 0.501491
-234.9 0.50224
-234.7 0.503456
-234.5 0.503822
-234.3 0.504565
-234.1 0.505311
-233.9 0.505976
-233.7 0.507053
-233.5 0.507492
-233.3 0.508216
-233.1 0.509042
-232.9 0.509812
-232.7 0.510865
-232.5 0.511234
-232.3 0.511963
-232.1 0.512728
-231.9 0.513441
-231.7 0.51465
-231.5 0.51504
-231.3 0.515708
-231.1 0.516528
-230.9 0.517333
-230.7 0.518402
-230.5 0.518787
-230.3 0.519517
-230.1 0.520254
-229.9 0.521029
-229.7 0.522149
-229.5 0.522572
-229.3 0.523256
-229.1 0.523975
-228.9 0.524755
-228.7 0.525939
-228.5 0.526271
-228.3 0.527065
-228.1 0.527717
-227.9 0.528441
-227.7 0.529558
-227.5 0.529983
-227.3 0.530702
-227.1 0.531493
-226.9 0.532277
-226.7 0.533322
-226.5 0.53368
-226.3 0.534439
-226.1 0.535243
-225.9 0.536
-225.7 0.537178
-225.5 0.537601
-225.3 0.538419
-225.1 0.539175
-224.9 0.539878
-224.7 0.541073
-224.5 0.541455
-224.3 0.542225
-224.1 0.543034
-223.9 0.543769
-223.7 0.544986
-223.5 0.545306
-223.3 0.546143
-223.1 0.546873
-222.9 0.547608
-222.7 0.548816
-222.5 0.549193
-222.3 0.550048
-222.1 0.550769
-221.9 0.551521
-221.7 0.552603
-221.5 0.552942
-221.3 0.553621
-221.1 0.55438
-220.9 0.555161
-220.7 0.556329
-220.5 0.556759
-220.3 0.557548
-220.1 0.558371
-219.9 0.559167
-219.7 0.560474
-219.5 0.56087
-219.3 0.561656
-219.1 0.562404
-218.9 0.563211
-218.7 0.564377
-218.5 0.56482
-218.3 0.565507
-218.1 0.566304
-217.9 0.567103
-217.7 0.568308
-217.5 0.568677
-217.3 0.569516
-217.1 0.570259
-216.9 0.571083
-216.7 0.572237
-216.5 0.572644
-216.3 0.573475
-216.1 0.574212
-215.9 0.575004
-215.7 0.576166
-215.5 0.576508
-215.3 0.577345
-215.1 0.578166
-214.9 0.578986
-214.7 0.580173
-214.5 0.580571
-214.3 0.581418
-214.1 0.582252
-213.9 0.583049
-213.7 0.584243
-213.5 0.5847
-213.3 0.585446
-213.1 0.586275
-212.9 0.587007
-212.7 0.588106
-212.5 0.588456
-212.3 0.589279
-212.1 0.590158
-211.9 0.590944
-211.7 0.59212
-211.5 0.592516
-211.3 0.593312
-211.1 0.594098
-210.9 0.594919
-210.7 0.59626
-210.5 0.596675
-210.3 0.597573
-210.1 0.598377
-209.9 0.599152
-209.7 0.600379
-209.5 0.600775
-209.3 0.601582
-209.1 0.602512
-208.9 0.603287
-208.7 0.60445
-208.5 0.604869
-208.3 0.605628
-208.1 0.606542
-207.9 0.60732
-207.7 0.608523
-207.5 0.6089
-207.3 0.609771
-207.1 0.610573
-206.9 0.611396
-206.7 0.612757
-206.5 0.613115
-206.3 0.613959
-206.1 0.614751
-205.9 0.615502
-205.7 0.616654
-205.5 0.617089
-205.3 0.61788
-205.1 0.61869
-204.9 0.619388
-204.7 0.620529
-204.5 0.620906
-204.3 0.621692
-204.1 0.622536
-203.9 0.623416
-203.7 0.624693
-203.5 0.625118
-203.3 0.625891
-203.1 0.626663
-202.9 0.627486
-202.7 0.628719
-202.5 0.629138
-202.3 0.629972
-202.1 0.630766
-201.9 0.631576
-201.7 0.632757
-201.5 0.633169
-201.3 0.63396
-201.1 0.634751
-200.9 0.635553
-200.7 0.636761
-200.5 0.637138
-200.3 0.637924
-200.1 0.638768
-199.9 0.639538
-199.7 0.640738
-199.5 0.641147
-199.3 0.641986
-199.1 0.642793
-198.9 0.643539
-198.7 0.644675
-198.5 0.645039
-198.3 0.64583
-198.1 0.64665
-197.9 0.647436
-197.7 0.648655
-197.5 0.649037
-197.3 0.649844
-197.1 0.650625
-196.9 0.65133
-196.7 0.65253
-196.5 0.652931
-196.3 0.653853
-196.1 0.654559
-195.9 0.65539
-195.7 0.656662
-195.5 0.657039
-195.3 0.657833
-195.1 0.658603
-194.9 0.659354
-194.7 0.660629
-194.5 0.660998
-194.3 0.661765
-194.1 0.662548
-193.9 0.663355
-193.7 0.664504
-193.5 0.664844
-193.3 0.665624
-193.1 0.666407
-192.9 0.667183
-192.7 0.668343
-192.5 0.668725
-192.3 0.669476
-192.1 0.670195
-191.9 0.670948
-191.7 0.672165
-191.5 0.672574
-191.3 0.673405
-191.1 0.674207
-190.9 0.67496
-190.7 0.676227
-190.5 0.676663
-190.3 0.677483
-190.1 0.678293
-189.9 0.679116
-189.7 0.680314
-189.5 0.680731
-189.3 0.681575
-189.1 0.682326
-188.9 0.683115
-188.7 0.684395
-188.5 0.684753
-188.3 0.685563
-188.1 0.686346
-187.9 0.687108
-187.7 0.688308
-187.5 0.68868
-187.3 0.68949
-187.1 0.690299
-186.9 0.691045
-186.7 0.692384
-186.5 0.692793
-186.3 0.693683
-186.1 0.69449
-185.9 0.695295
-185.7 0.696447
-185.5 0.696923
-185.3 0.697762
-185.1 0.698588
-184.9 0.699379
-184.7 0.7006
-184.5 0.700991
-184.3 0.701795
-184.1 0.702581
-183.9 0.70334
-183.7 0.704524
-183.5 0.70492
-183.3 0.705828
-183.1 0.706569
-182.9 0.707344
-182.7 0.708672
-182.5 0.709092
-182.3 0.709928
-182.1 0.710752
-181.9 0.711465
-181.7 0.71254
-181.5 0.712941
-181.3 0.713766
-181.1 0.714576
-180.9 0.715402
-180.7 0.71661
-180.5 0.716976
-180.3 0.71776
-180.1 0.718479
-179.9 0.719307
-179.7 0.720424
-179.5 0.720788
-179.3 0.721675
-179.1 0.722456
-178.9 0.723228
-178.7 0.724434
-178.5 0.724845
-178.3 0.725655
-178.1 0.726371
-177.9 0.727141
-177.7 0.728354
-177.5 0.728774
-177.3 0.729445
-177.1 0.730282
-176.9 0.731049
-176.7 0.73227
-176.5 0.7327
-176.3 0.733459
-176.1 0.734248
-175.9 0.734951
-175.7 0.736175
-175.5 0.736544
-175.3 0.737378
-175.1 0.73807
-174.9 0.738867
-174.7 0.740059
-174.5 0.740494
-174.3 0.741325
-174.1 0.742109
-173.9 0.74298
-173.7 0.744201
-173.5 0.744602
-173.3 0.74546
-173.1 0.746203
-172.9 0.746962
-172.7 0.748154
-172.5 0.748539
-172.3 0.749298
-172.1 0.750068
-171.9 0.750809
-171.7 0.75153
-171.5 0.752284
-171.3 0.753137
-171.1 0.753938
-170.9 0.754673
-170.7 0.755459
-170.5 0.756191
-170.3 0.756945
-170.1 0.757742
-169.9 0.758463
-169.7 0.759177
-169.5 0.759998
-169.3 0.760821
-169.1 0.761572
-168.9 0.762342
-168.7 0.763111
-168.5 0.763868
-168.3 0.764592
-168.1 0.765319
-167.9 0.766057
-167.7 0.766864
-167.5 0.767644
-167.3 0.768444
-167.1 0.769237
-166.9 0.770039
-166.7 0.770902
-166.5 0.77171
-166.3 0.772544
-166.1 0.773295
-165.9 0.77408
-165.7 0.774848
-165.5 0.77566
-165.3 0.776408
-165.1 0.777256
-164.9 0.778066
-164.7 0.778878
-164.5 0.779691
-164.3 0.780447
-164.1 0.781203
-163.9 0.782032
-163.7 0.782831
-163.5 0.783561
-163.3 0.784261
-163.1 0.78506
-162.9 0.78583
-162.7 0.786584
-162.5 0.787375
-162.3 0.788105
-162.1 0.788912
-161.9 0.789633
-161.7 0.790454
-161.5 0.791272
-161.3 0.792009
-161.1 0.792777
-160.9 0.793453
-160.7 0.794156
-160.5 0.795022
-160.3 0.795856
-160.1 0.796585
-159.9 0.797425
-159.7 0.798192
-159.5 0.799036
-159.3 0.799859
-159.1 0.800589
-158.9 0.801399
-158.7 0.802105
-158.5 0.802856
-158.3 0.80369
-158.1 0.8044
-157.9 0.80513
-157.7 0.805916
-157.5 0.806686
-157.3 0.807389
-157.1 0.80811
-156.9 0.808907
-156.7 0.809698
-156.5 0.810505
-156.3 0.811272
-156.1 0.812106
-155.9 0.812913
-155.7 0.813651
-155.5 0.814343
-155.3 0.815228
-155.1 0.815971
-154.9 0.816685
-154.7 0.817446
-154.5 0.818117
-154.3 0.818836
-154.1 0.819702
-153.9 0.820437
-153.7 0.821167
-153.5 0.821985
-153.3 0.822787
-153.1 0.823497
-152.9 0.824289
-152.7 0.825101
-152.5 0.825927
-152.3 0.826745
-152.1 0.827531
-151.9 0.828317
-151.7 0.829057
-151.5 0.829853
-151.3 0.830607
-151.1 0.831358
-150.9 0.832155
-150.7 0.832898
-150.5 0.833705
-150.3 0.834427
-150.1 0.8351
-149.9 0.83588
-149.7 0.836624
-149.5 0.837452
-149.3 0.838206
-149.1 0.838984
-148.9 0.83974
-148.7 0.840504
-148.5 0.841296
-148.3 0.842004
-148.1 0.84275
-147.9 0.843541
-147.7 0.844294
-147.5 0.845067
-147.3 0.845871
-147.1 0.846646
-146.9 0.847435
-146.7 0.848239
-146.5 0.849116
-146.3 0.849816
-146.1 0.850626
-145.9 0.851351
-145.7 0.852134
-145.5 0.852914
-145.3 0.853719
-145.1 0.854526
-144.9 0.855325
-144.7 0.856135
-144.5 0.856998
-144.3 0.857808
-144.1 0.85865
-143.9 0.859468
-143.7 0.860246
-143.5 0.861093
-143.3 0.861836
-143.1 0.862643
-142.9 0.863407
-142.7 0.864169
-142.5 0.864939
-142.3 0.865709
-142.1 0.866409
-141.9 0.867224
-141.7 0.868077
-141.5 0.868903
-141.3 0.869766
-141.1 0.870549
-140.9 0.87138
-140.7 0.872214
-140.5 0.872899
-140.3 0.873732
-140.1 0.874521
-139.9 0.875382
-139.7 0.876138
-139.5 0.876975
-139.3 0.877763
-139.1 0.878546
-138.9 0.879337
-138.7 0.880118
-138.5 0.880928
-138.3 0.881783
-138.1 0.882534
-137.9 0.883306
-137.7 0.884063
-137.5 0.884886
-137.3 0.885677
-137.1 0.886514
-136.9 0.887278
-136.7 0.888125
-136.5 0.888914
-136.3 0.88974
-136.1 0.890507
-135.9 0.891266
-135.7 0.891929
-135.5 0.89268
-135.3 0.893442
-135.1 0.894273
-134.9 0.895139
-134.7 0.895882
-134.5 0.896676
-134.3 0.897368
-134.1 0.898178
-133.9 0.898947
-133.7 0.899704
-133.5 0.900479
-133.3 0.90123
-133.1 0.902002
-132.9 0.902703
-132.7 0.903499
-132.5 0.904314
-132.3 0.905124
-132.1 0.905921
-131.9 0.906685
-131.7 0.907452
-131.5 0.908206
-131.3 0.90893
-131.1 0.909684
-130.9 0.910486
-130.7 0.911282
-130.5 0.912111
-130.3 0.912841
-130.1 0.913674
-129.9 0.914436
-129.7 0.915177
-129.5 0.915965
-129.3 0.916671
-129.1 0.917497
-128.9 0.918229
-128.7 0.919039
-128.5 0.91972
-128.3 0.920506
-128.1 0.921268
-127.9 0.922067
-127.7 0.92285
-127.5 0.923548
-127.3 0.924261
-127.1 0.924983
-126.9 0.925785
-126.7 0.926533
-126.5 0.927255
-126.3 0.928043
-126.1 0.928725
-125.9 0.929489
-125.7 0.930313
-125.5 0.931128
-125.3 0.931956
-125.1 0.932665
-124.9 0.933418
-124.7 0.93418
-124.5 0.935027
-124.3 0.935816
-124.1 0.936578
-123.9 0.937379
-123.7 0.938096
-123.5 0.938831
-123.3 0.939595
-123.1 0.940327
-122.9 0.941041
-122.7 0.941808
-122.5 0.942535
-122.3 0.94323
-122.1 0.944051
-121.9 0.944735
-121.7 0.945566
-121.5 0.946381
-121.3 0.947095
-121.1 0.947846
-120.9 0.948594
-120.7 0.949329
-120.5 0.950091
-120.3 0.950759
-120.1 0.951481
-119.9 0.952163
-119.7 0.952967
-119.5 0.953603
-119.3 0.954346
-119.1 0.955054
-118.9 0.955781
-118.7 0.956482
-118.5 0.957225
-118.3 0.957853
-118.1 0.958612
-117.9 0.959331
-117.7 0.960063
-117.5 0.960734
-117.3 0.96137
-117.1 0.962001
-116.9 0.962661
-116.7 0.963303
-116.5 0.963958
-116.3 0.964602
-116.1 0.965265
-115.9 0.965994
-115.7 0.966657
-115.5 0.967307
-115.3 0.967913
-115.1 0.968547
-114.9 0.969183
-114.7 0.969795
-114.5 0.970412
-114.3 0.971075
-114.1 0.971775
-113.9 0.972452
-113.7 0.973109
-113.5 0.973737
-113.3 0.974304
-113.1 0.974876
-112.9 0.975448
-112.7 0.975988
-112.5 0.976565
-112.3 0.977126
-112.1 0.97764
-111.9 0.978225
-111.7 0.978805
-111.5 0.979323
-111.3 0.979831
-111.1 0.98039
-110.9 0.980935
-110.7 0.981349
-110.5 0.981809
-110.3 0.98229
-110.1 0.982774
-109.9 0.983255
-109.7 0.983728
-109.5 0.984196
-109.3 0.984656
-109.1 0.985131
-108.9 0.985618
-108.7 0.986064
-108.5 0.986462
-108.3 0.986914
-108.1 0.987334
-107.9 0.987724
-107.7 0.988109
-107.5 0.988472
-107.3 0.988828
-107.1 0.989186
-106.9 0.989504
-106.7 0.989862
-106.5 0.990226
-106.3 0.990584
-106.1 0.990864
-105.9 0.991172
-105.7 0.991487
-105.5 0.991765
-105.3 0.992062
-105.1 0.992372
-104.9 0.992634
-104.7 0.992893
-104.5 0.993155
-104.3 0.99342
-104.1 0.993655
-103.9 0.993887
-103.7 0.994128
-103.5 0.994475
-103.3 0.994612
-103.1 0.994775
-102.9 0.994989
-102.7 0.9952
-102.5 0.995491
-102.3 0.995606
-102.1 0.995844
-101.9 0.99606
-101.7 0.996213
-101.5 0.996475
-101.3 0.996565
-101.1 0.996745
-100.9 0.996929
-100.7 0.997052
-100.5 0.997226
-100.3 0.997333
-100.1 0.997469
-99.9 0.997586
-99.7 0.997696
-99.5 0.997891
-99.3 0.997966
-99.1 0.998084
-98.9 0.998185
-98.7 0.998295
-98.5 0.99842
-98.3 0.998444
-98.1 0.998541
-97.9 0.998605
-97.7 0.998688
-97.5 0.998797
-97.3 0.998821
-97.1 0.998883
-96.9 0.998939
-96.7 0.999003
-96.5 0.999081
-96.3 0.999115
-96.1 0.999169
-95.9 0.999233
-95.7 0.999286
-95.5 0.999353
-95.3 0.999372
-95.1 0.999409
-94.9 0.999457
-94.7 0.999503
-94.5 0.999554
-94.3 0.99957
-94.1 0.999596
-93.9 0.999626
-93.7 0.999658
-93.5 0.999693
-93.3 0.999706
-93.1 0.999722
-92.9 0.99973
-92.7 0.999757
-92.5 0.999786
-92.3 0.999794
-92.1 0.999808
-91.9 0.999824
-91.7 0.999837
-91.5 0.999845
-91.3 0.99985
-91.1 0.999858
-90.9 0.999872
-90.7 0.999882
-90.5 0.999888
-90.3 0.999896
-90.1 0.999904
-89.9 0.999912
-89.7 0.999917
-89.5 0.999925
-89.3 0.999928
-89.1 0.999928
-88.9 0.999933
-88.7 0.999936
-88.5 0.999939
-88.3 0.999939
-88.1 0.999939
-87.9 0.999939
-87.7 0.999944
-87.5 0.999944
-87.3 0.999944
-87.1 0.999944
-86.9 0.999952
-86.7 0.999957
-86.5 0.99996
-86.3 0.99996
-86.1 0.99996
-85.9 0.99996
-85.7 0.99996
-85.5 0.999963
-85.3 0.999963
-85.1 0.999963
-84.9 0.999963
-84.7 0.999965
-84.5 0.999968
-84.3 0.999968
-84.1 0.999968
-83.9 0.999971
-83.7 0.999976
-83.5 0.999979
-83.3 0.999979
-83.1 0.999981
-82.9 0.999981
-82.7 0.999984
-82.5 0.999984
-82.3 0.999987
-82.1 0.999987
-81.9 0.999992
-81.7 0.999995
-81.5 0.999995
-81.3 0.999995
-81.1 0.999997
-80.9 0.999997
-80.7 1
