1372
-174.1 2.27536e-05
-173.9 2.27536e-05
-173.7 2.27536e-05
-173.5 2.27536e-05
-173.3 2.27536e-05
-173.1 2.27536e-05
-172.9 2.27536e-05
-172.7 2.27536e-05
-172.5 2.27536e-05
-172.3 2.27536e-05
-172.1 2.27536e-05
-171.9 2.27536e-05
-171.7 2.27536e-05
-171.5 2.27536e-05
-171.3 2.27536e-05
-171.1 2.27536e-05
-170.9 2.27536e-05
-170.7 4.55073e-05
-170.5 4.55073e-05
-170.3 4.55073e-05
-170.1 4.55073e-05
-169.9 4.55073e-05
-169.7 4.55073e-05
-169.5 4.55073e-05
-169.3 4.55073e-05
-169.1 4.55073e-05
-168.9 4.55073e-05
-168.7 4.55073e-05
-168.5 4.55073e-05
-168.3 4.55073e-05
-168.1 4.55073e-05
-167.9 4.55073e-05
-167.7 4.55073e-05
-167.5 4.55073e-05
-167.3 4.55073e-05
-167.1 4.55073e-05
-166.9 4.55073e-05
-166.7 4.55073e-05
-166.5 4.55073e-05
-166.3 4.55073e-05
-166.1 4.55073e-05
-165.9 4.55073e-05
-165.7 4.55073e-05
-165.5 4.55073e-05
-165.3 4.55073e-05
-165.1 4.55073e-05
-164.9 4.55073e-05
-164.7 4.55073e-05
-164.5 4.55073e-05
-164.3 4.55073e-05
-164.1 4.55073e-05
-163.9 4.55073e-05
-163.7 4.55073e-05
-163.5 4.55073e-05
-163.3 4.55073e-05
-163.1 4.55073e-05
-162.9 4.55073e-05
-162.7 4.55073e-05
-162.5 4.55073e-05
-162.3 0.000113768
-162.1 0.000113768
-161.9 0.000113768
-161.7 0.000159276
-161.5 0.00025029
-161.3 0.000364058
-161.1 0.000432319
-160.9 0.000455073
-160.7 0.000659856
-160.5 0.000796378
-160.3 0.00106942
-160.1 0.00136522
-159.9 0.00177478
-159.7 0.00209334
-159.5 0.00263942
-159.3 0.00316276
-159.1 0.00389087
-158.9 0.00461899
-158.7 0.00541537
-158.5 0.00630276
-158.3 0.00744044
-158.1 0.00832783
-157.9 0.00935175
-157.7 0.010808
-157.5 0.012196
-157.3 0.0136294
-157.1 0.0151084
-156.9 0.0164736
-156.7 0.0177023
-156.5 0.0195909
-156.3 0.0211836
-156.1 0.023186
-155.9 0.0247787
-155.7 0.0264397
-155.5 0.0283055
-155.3 0.0303306
-155.1 0.0325605
-154.9 0.0344035
-154.7 0.0363148
-154.5 0.0384082
-154.3 0.040638
-154.1 0.0425721
-153.9 0.0440966
-153.7 0.0459169
-153.5 0.0476461
-153.3 0.0498532
-153.1 0.0516508
-152.9 0.0539944
-152.7 0.0561788
-152.5 0.0583176
-152.3 0.0603882
-152.1 0.0623222
-151.9 0.0643246
-151.7 0.0660311
-151.5 0.0682382
-151.3 0.0706273
-151.1 0.0728344
-150.9 0.0745182
-150.7 0.0763385
-150.5 0.0784091
-150.3 0.0806162
-150.1 0.082755
-149.9 0.0843705
-149.7 0.0866459
-149.5 0.0884889
-149.3 0.0905368
-149.1 0.0927439
-148.9 0.0944959
-148.7 0.0966347
-148.5 0.0982275
-148.3 0.0998658
-148.1 0.101845
-147.9 0.103484
-147.7 0.105236
-147.5 0.106715
-147.3 0.10899
-147.1 0.110651
-146.9 0.112175
-146.7 0.113996
-146.5 0.115702
-146.3 0.11725
-146.1 0.118501
-145.9 0.120299
-145.7 0.122073
-145.5 0.123848
-145.3 0.125646
-145.1 0.127284
-144.9 0.128854
-144.7 0.130606
-144.5 0.13188
-144.3 0.133609
-144.1 0.135088
-143.9 0.136522
-143.7 0.137842
-143.5 0.138843
-143.3 0.140436
-143.1 0.142142
-142.9 0.143553
-142.7 0.144713
-142.5 0.146101
-142.3 0.147626
-142.1 0.148763
-141.9 0.149947
-141.7 0.151039
-141.5 0.152199
-141.3 0.153064
-141.1 0.154201
-140.9 0.155498
-140.7 0.156545
-140.5 0.157888
-140.3 0.159048
-140.1 0.160254
-139.9 0.161528
-139.7 0.162484
-139.5 0.163599
-139.3 0.164668
-139.1 0.165715
-138.9 0.166579
-138.7 0.167558
-138.5 0.168627
-138.3 0.169697
-138.1 0.170971
-137.9 0.172063
-137.7 0.173155
-137.5 0.174088
-137.3 0.174998
-137.1 0.175977
-136.9 0.176637
-136.7 0.177433
-136.5 0.178684
-136.3 0.179549
-136.1 0.1803
-135.9 0.181324
-135.7 0.182302
-135.5 0.183394
-135.3 0.184282
-135.1 0.185101
-134.9 0.186352
-134.7 0.187171
-134.5 0.188195
-134.3 0.189015
-134.1 0.18997
-133.9 0.190835
-133.7 0.191563
-133.5 0.192587
-133.3 0.19352
-133.1 0.194453
-132.9 0.195477
-132.7 0.196159
-132.5 0.197229
-132.3 0.198139
-132.1 0.198867
-131.9 0.199709
-131.7 0.200437
-131.5 0.201324
-131.3 0.202166
-131.1 0.203167
-130.9 0.204077
-130.7 0.204988
-130.5 0.206012
-130.3 0.207126
-130.1 0.207809
-129.9 0.208787
-129.7 0.209584
-129.5 0.210608
-129.3 0.211404
-129.1 0.212223
-128.9 0.212951
-128.7 0.214089
-128.5 0.214885
-128.3 0.215978
-128.1 0.216819
-127.9 0.217616
-127.7 0.218276
-127.5 0.219072
-127.3 0.219846
-127.1 0.220437
-126.9 0.22112
-126.7 0.221712
-126.5 0.22294
-126.3 0.223691
-126.1 0.224624
-125.9 0.225489
-125.7 0.226399
-125.5 0.227059
-125.3 0.228151
-125.1 0.228833
-124.9 0.229562
-124.7 0.230267
-124.5 0.230995
-124.3 0.231928
-124.1 0.232838
-123.9 0.233725
-123.7 0.234567
-123.5 0.235432
-123.3 0.236319
-123.1 0.237025
-122.9 0.238026
-122.7 0.238845
-122.5 0.239778
-122.3 0.240734
-122.1 0.24194
-121.9 0.242736
-121.7 0.243783
-121.5 0.244784
-121.3 0.245853
-121.1 0.246809
-120.9 0.247833
-120.7 0.248538
-120.5 0.249676
-120.3 0.250791
-120.1 0.251655
-119.9 0.252543
-119.7 0.253339
-119.5 0.254044
-119.3 0.254886
-119.1 0.255979
-118.9 0.256502
-118.7 0.257412
-118.5 0.25839
-118.3 0.259323
-118.1 0.260233
-117.9 0.261121
-117.7 0.262054
-117.5 0.26285
-117.3 0.263806
-117.1 0.264511
-116.9 0.265239
-116.7 0.266104
-116.5 0.266991
-116.3 0.267697
-116.1 0.26847
-115.9 0.269039
-115.7 0.269494
-115.5 0.27045
-115.3 0.271451
-115.1 0.272361
-114.9 0.273158
-114.7 0.274022
-114.5 0.274637
-114.3 0.275501
-114.1 0.276184
-113.9 0.277003
-113.7 0.278095
-113.5 0.279028
-113.3 0.279779
-113.1 0.28053
-112.9 0.281394
-112.7 0.282077
-112.5 0.282737
-112.3 0.283556
-112.1 0.284284
-111.9 0.285149
-111.7 0.285809
-111.5 0.286332
-111.3 0.287128
-111.1 0.287765
-110.9 0.288493
-110.7 0.288971
-110.5 0.289722
-110.3 0.290519
-110.1 0.291315
-109.9 0.292202
-109.7 0.292794
-109.5 0.293568
-109.3 0.294341
-109.1 0.295251
-108.9 0.295979
-108.7 0.297003
-108.5 0.297913
-108.3 0.298573
-108.1 0.299392
-107.9 0.300143
-107.7 0.301008
-107.5 0.301895
-107.3 0.302692
-107.1 0.30342
-106.9 0.304171
-106.7 0.304899
-106.5 0.305695
-106.3 0.306492
-106.1 0.307402
-105.9 0.308107
-105.7 0.308812
-105.5 0.309768
-105.3 0.310678
-105.1 0.311429
-104.9 0.312112
-104.7 0.313022
-104.5 0.313659
-104.3 0.314342
-104.1 0.315138
-103.9 0.316025
-103.7 0.317095
-103.5 0.317823
-103.3 0.318779
-103.1 0.31978
-102.9 0.320735
-102.7 0.321555
-102.5 0.322123
-102.3 0.32276
-102.1 0.32342
-101.9 0.324672
-101.7 0.325605
-101.5 0.326674
-101.3 0.327744
-101.1 0.328494
-100.9 0.329245
-100.7 0.330042
-100.5 0.33102
-100.3 0.331907
-100.1 0.332909
-99.9 0.333773
-99.7 0.334888
-99.5 0.335776
-99.3 0.336799
-99.1 0.337687
-98.9 0.338369
-98.7 0.339462
-98.5 0.340486
-98.3 0.341259
-98.1 0.342078
-97.9 0.343193
-97.7 0.344331
-97.5 0.345127
-97.3 0.345833
-97.1 0.346561
-96.9 0.34738
-96.7 0.348381
-96.5 0.349291
-96.3 0.350543
-96.1 0.351271
-95.9 0.351908
-95.7 0.352909
-95.5 0.353956
-95.3 0.354752
-95.1 0.355526
-94.9 0.356641
-94.7 0.357369
-94.5 0.358461
-94.3 0.359303
-94.1 0.360258
-93.9 0.360873
-93.7 0.361669
-93.5 0.362557
-93.3 0.363558
-93.1 0.364559
-92.9 0.36531
-92.7 0.366152
-92.5 0.367267
-92.3 0.368336
-92.1 0.369155
-91.9 0.370134
-91.7 0.370907
-91.5 0.371886
-91.3 0.372773
-91.1 0.37382
-90.9 0.374684
-90.7 0.375594
-90.5 0.376573
-90.3 0.377506
-90.1 0.378302
-89.9 0.379235
-89.7 0.380259
-89.5 0.381101
-89.3 0.381874
-89.1 0.382694
-88.9 0.383331
-88.7 0.384377
-88.5 0.385196
-88.3 0.386175
-88.1 0.386857
-87.9 0.387677
-87.7 0.38845
-87.5 0.389338
-87.3 0.390339
-87.1 0.391294
-86.9 0.392136
-86.7 0.392819
-86.5 0.393547
-86.3 0.394503
-86.1 0.395458
-85.9 0.396255
-85.7 0.39696
-85.5 0.397939
-85.3 0.398917
-85.1 0.399827
-84.9 0.400578
-84.7 0.401329
-84.5 0.402239
-84.3 0.402967
-84.1 0.403786
-83.9 0.404514
-83.7 0.405083
-83.5 0.405902
-83.3 0.406608
-83.1 0.407108
-82.9 0.407996
-82.7 0.408883
-82.5 0.409679
-82.3 0.410248
-82.1 0.410931
-81.9 0.411659
-81.7 0.412478
-81.5 0.413457
-81.3 0.41423
-81.1 0.414935
-80.9 0.415777
-80.7 0.416824
-80.5 0.417711
-80.3 0.418622
-80.1 0.419645
-79.9 0.420715
-79.7 0.421398
-79.5 0.422103
-79.3 0.422854
-79.1 0.423582
-78.9 0.424264
-78.7 0.424902
-78.5 0.425698
-78.3 0.426381
-78.1 0.427177
-77.9 0.427905
-77.7 0.428861
-77.5 0.429589
-77.3 0.430453
-77.1 0.431295
-76.9 0.431932
-76.7 0.432934
-76.5 0.433935
-76.3 0.434731
-76.1 0.435437
-75.9 0.436256
-75.7 0.437325
-75.5 0.438235
-75.3 0.438895
-75.1 0.439714
-74.9 0.440579
-74.7 0.441466
-74.5 0.442649
-74.3 0.443582
-74.1 0.444538
-73.9 0.44538
-73.7 0.446176
-73.5 0.446995
-73.3 0.447928
-73.1 0.448861
-72.9 0.449726
-72.7 0.450681
-72.5 0.451432
-72.3 0.452434
-72.1 0.453503
-71.9 0.454186
-71.7 0.454959
-71.5 0.455528
-71.3 0.456347
-71.1 0.457394
-70.9 0.458304
-70.7 0.4591
-70.5 0.459919
-70.3 0.460716
-70.1 0.461603
-69.9 0.462491
-69.7 0.463241
-69.5 0.464061
-69.3 0.464903
-69.1 0.46579
-68.9 0.466632
-68.7 0.467337
-68.5 0.468225
-68.3 0.468907
-68.1 0.469931
-67.9 0.470591
-67.7 0.471501
-67.5 0.47257
-67.3 0.473367
-67.1 0.474095
-66.9 0.474732
-66.7 0.475756
-66.5 0.476689
-66.3 0.477508
-66.1 0.478373
-65.9 0.479192
-65.7 0.480079
-65.5 0.481035
-65.3 0.48199
-65.1 0.482673
-64.9 0.483447
-64.7 0.484084
-64.5 0.48488
-64.3 0.485768
-64.1 0.486609
-63.9 0.487315
-63.7 0.487975
-63.5 0.488703
-63.3 0.489408
-63.1 0.490136
-62.9 0.491365
-62.7 0.492025
-62.5 0.492844
-62.3 0.493891
-62.1 0.494642
-61.9 0.495574
-61.7 0.496212
-61.5 0.496962
-61.3 0.49785
-61.1 0.498919
-60.9 0.499716
-60.7 0.500535
-60.5 0.501445
-60.3 0.502264
-60.1 0.502947
-59.9 0.503493
-59.7 0.50463
-59.5 0.505427
-59.3 0.506087
-59.1 0.506746
-58.9 0.50793
-58.7 0.508658
-58.5 0.509454
-58.3 0.510251
-58.1 0.510888
-57.9 0.511661
-57.7 0.512708
-57.5 0.51355
-57.3 0.514437
-57.1 0.515347
-56.9 0.516007
-56.7 0.516917
-56.5 0.517873
-56.3 0.518669
-56.1 0.519625
-55.9 0.520444
-55.7 0.521104
-55.5 0.521809
-55.3 0.522651
-55.1 0.523539
-54.9 0.524267
-54.7 0.525063
-54.5 0.525882
-54.3 0.526565
-54.1 0.527225
-53.9 0.527976
-53.7 0.528863
-53.5 0.529841
-53.3 0.530547
-53.1 0.531298
-52.9 0.53214
-52.7 0.533095
-52.5 0.534028
-52.3 0.534824
-52.1 0.535575
-51.9 0.536281
-51.7 0.537214
-51.5 0.538329
-51.3 0.539148
-51.1 0.53999
-50.9 0.540809
-50.7 0.541651
-50.5 0.542265
-50.3 0.543175
-50.1 0.543994
-49.9 0.544586
-49.7 0.545337
-49.5 0.546156
-49.3 0.546952
-49.1 0.547703
-48.9 0.548499
-48.7 0.549091
-48.5 0.549933
-48.3 0.550775
-48.1 0.551503
-47.9 0.552436
-47.7 0.5533
-47.5 0.554302
-47.3 0.555212
-47.1 0.556122
-46.9 0.556804
-46.7 0.557806
-46.5 0.558784
-46.3 0.559353
-46.1 0.560195
-45.9 0.560786
-45.7 0.561446
-45.5 0.562356
-45.3 0.563267
-45.1 0.564131
-44.9 0.565019
-44.7 0.56602
-44.5 0.56668
-44.3 0.567226
-44.1 0.567977
-43.9 0.568545
-43.7 0.569592
-43.5 0.570502
-43.3 0.571503
-43.1 0.572277
-42.9 0.572755
-42.7 0.573506
-42.5 0.574393
-42.3 0.57528
-42.1 0.576054
-41.9 0.576873
-41.7 0.577624
-41.5 0.578307
-41.3 0.57924
-41.1 0.580036
-40.9 0.580719
-40.7 0.581333
-40.5 0.58238
-40.3 0.583176
-40.1 0.583972
-39.9 0.58486
-39.7 0.585997
-39.5 0.58693
-39.3 0.587658
-39.1 0.588569
-38.9 0.588978
-38.7 0.58982
-38.5 0.590571
-38.3 0.591367
-38.1 0.592186
-37.9 0.592915
-37.7 0.593643
-37.5 0.594439
-37.3 0.595349
-37.1 0.596237
-36.9 0.597147
-36.7 0.597943
-36.5 0.598739
-36.3 0.599354
-36.1 0.600173
-35.9 0.600878
-35.7 0.601857
-35.5 0.602721
-35.3 0.603449
-35.1 0.604064
-34.9 0.604928
-34.7 0.605702
-34.5 0.606385
-34.3 0.607136
-34.1 0.608137
-33.9 0.608933
-33.7 0.609843
-33.5 0.610935
-33.3 0.611686
-33.1 0.61271
-32.9 0.613438
-32.7 0.614257
-32.5 0.615054
-32.3 0.615918
-32.1 0.616692
-31.9 0.617466
-31.7 0.618376
-31.5 0.619172
-31.3 0.620014
-31.1 0.621015
-30.9 0.621857
-30.7 0.622858
-30.5 0.623882
-30.3 0.624656
-30.1 0.625429
-29.9 0.626249
-29.7 0.626999
-29.5 0.62791
-29.3 0.62866
-29.1 0.629548
-28.9 0.630162
-28.7 0.631027
-28.5 0.631846
-28.3 0.632642
-28.1 0.633188
-27.9 0.633962
-27.7 0.635009
-27.5 0.635873
-27.3 0.636761
-27.1 0.637489
-26.9 0.638285
-26.7 0.639377
-26.5 0.640333
-26.3 0.641129
-26.1 0.642131
-25.9 0.642882
-25.7 0.643746
-25.5 0.644679
-25.3 0.645703
-25.1 0.646477
-24.9 0.647387
-24.7 0.648115
-24.5 0.649162
-24.3 0.650117
-24.1 0.650936
-23.9 0.651687
-23.7 0.65262
-23.5 0.653507
-23.3 0.654213
-23.1 0.654941
-22.9 0.655806
-22.7 0.656602
-22.5 0.657512
-22.3 0.658263
-22.1 0.659219
-21.9 0.659992
-21.7 0.660948
-21.5 0.661699
-21.3 0.662677
-21.1 0.663678
-20.9 0.664429
-20.7 0.665135
-20.5 0.665885
-20.3 0.666432
-20.1 0.667228
-19.9 0.668252
-19.7 0.669162
-19.5 0.670209
-19.3 0.670755
-19.1 0.671437
-18.9 0.672302
-18.7 0.67328
-18.5 0.6741
-18.3 0.67485
-18.1 0.67567
-17.9 0.676693
-17.7 0.677922
-17.5 0.678536
-17.3 0.679401
-17.1 0.680266
-16.9 0.681221
-16.7 0.682109
-16.5 0.683087
-16.3 0.684043
-16.1 0.684794
-15.9 0.685658
-15.7 0.686455
-15.5 0.687319
-15.3 0.687865
-15.1 0.688844
-14.9 0.6898
-14.7 0.690641
-14.5 0.69137
-14.3 0.692302
-14.1 0.693099
-13.9 0.694032
-13.7 0.694669
-13.5 0.695442
-13.3 0.696466
-13.1 0.69724
-12.9 0.698082
-12.7 0.69881
-12.5 0.699902
-12.3 0.700653
-12.1 0.701427
-11.9 0.702246
-11.7 0.703133
-11.5 0.704089
-11.3 0.70484
-11.1 0.705818
-10.9 0.706432
-10.7 0.707525
-10.5 0.708139
-10.3 0.709026
-10.1 0.709914
-9.9 0.710505
-9.7 0.711165
-9.5 0.711848
-9.3 0.712553
-9.1 0.713372
-8.9 0.71426
-8.7 0.715079
-8.5 0.715875
-8.3 0.716717
-8.1 0.717696
-7.9 0.718446
-7.7 0.719197
-7.5 0.719948
-7.3 0.720949
-7.1 0.721768
-6.9 0.722679
-6.7 0.723202
-6.5 0.723862
-6.3 0.724567
-6.1 0.725227
-5.9 0.725955
-5.7 0.726842
-5.5 0.727707
-5.3 0.728481
-5.1 0.729277
-4.9 0.730028
-4.7 0.730688
-4.5 0.731712
-4.3 0.732349
-4.1 0.733168
-3.9 0.734078
-3.7 0.734852
-3.5 0.735648
-3.3 0.736445
-3.1 0.737059
-2.9 0.738015
-2.7 0.738856
-2.5 0.739744
-2.3 0.740699
-2.1 0.741405
-1.9 0.742269
-1.7 0.743225
-1.5 0.744158
-1.3 0.744886
-1.1 0.745546
-0.900002 0.746206
-0.700002 0.746934
-0.500002 0.747594
-0.300002 0.748254
-0.100002 0.749118
0.099998 0.749915
0.299998 0.750597
0.499998 0.75153
0.699998 0.75244
0.899998 0.753305
1.1 0.75401
1.3 0.754989
1.5 0.755808
1.7 0.756422
1.9 0.757241
2.1 0.758129
2.3 0.758652
2.5 0.759403
2.7 0.76029
2.9 0.7612
3.1 0.761997
3.3 0.762884
3.5 0.763521
3.7 0.764386
3.9 0.765
4.1 0.765637
4.3 0.76657
4.5 0.767594
4.7 0.768618
4.9 0.769255
5.1 0.769892
5.3 0.770598
5.5 0.77128
5.7 0.772213
5.9 0.773078
6.1 0.773852
6.3 0.774739
6.5 0.775558
6.7 0.776354
6.9 0.777151
7.1 0.778061
7.3 0.779153
7.5 0.779881
7.7 0.780609
7.9 0.781292
8.1 0.782043
8.3 0.782976
8.5 0.783886
8.7 0.784751
8.9 0.785865
9.1 0.786889
9.3 0.787754
9.5 0.788801
9.7 0.789734
9.9 0.790575
10.1 0.79144
10.3 0.792214
10.5 0.793056
10.7 0.794011
10.9 0.794762
11.1 0.795672
11.3 0.796241
11.5 0.797015
11.7 0.79797
11.9 0.799085
12.1 0.799995
12.3 0.800906
12.5 0.801861
12.7 0.802817
12.9 0.803522
13.1 0.804341
13.3 0.805183
13.5 0.805866
13.7 0.806594
13.9 0.80755
14.1 0.808301
14.3 0.809393
14.5 0.810212
14.7 0.811008
14.9 0.812237
15.1 0.813011
15.3 0.813921
15.5 0.814876
15.7 0.815604
15.9 0.81631
16.1 0.817265
16.3 0.818107
16.5 0.818835
16.7 0.819837
16.9 0.820633
17.1 0.821316
17.3 0.822522
17.5 0.823363
17.7 0.823955
17.9 0.82482
18.1 0.82573
18.3 0.826594
18.5 0.827505
18.7 0.828233
18.9 0.82887
19.1 0.829666
19.3 0.830576
19.5 0.831464
19.7 0.832215
19.9 0.83317
20.1 0.834012
20.3 0.835013
20.5 0.835855
20.7 0.836606
20.9 0.837744
21.1 0.838495
21.3 0.839291
21.5 0.840087
21.7 0.840815
21.9 0.841475
22.1 0.842272
22.3 0.842954
22.5 0.843887
22.7 0.845116
22.9 0.845912
23.1 0.846595
23.3 0.847482
23.5 0.848301
23.7 0.849075
23.9 0.849871
24.1 0.850509
24.3 0.851623
24.5 0.852352
24.7 0.85308
24.9 0.853899
25.1 0.854581
25.3 0.855537
25.5 0.856493
25.7 0.857426
25.9 0.858199
26.1 0.859064
26.3 0.859929
26.5 0.860611
26.7 0.861681
26.9 0.862409
27.1 0.863137
27.3 0.863819
27.5 0.864639
27.7 0.865276
27.9 0.866368
28.1 0.867369
28.3 0.868256
28.5 0.869212
28.7 0.870145
28.9 0.870964
29.1 0.871874
29.3 0.872466
29.5 0.873217
29.7 0.874263
29.9 0.875333
30.1 0.876379
30.3 0.87713
30.5 0.877836
30.7 0.878905
30.9 0.879679
31.1 0.88043
31.3 0.881135
31.5 0.88184
31.7 0.8825
31.9 0.883638
32.1 0.884525
32.3 0.885413
32.5 0.886277
32.7 0.887119
32.9 0.887938
33.1 0.888621
33.3 0.889326
33.5 0.890441
33.7 0.891283
33.9 0.89192
34.1 0.89258
34.3 0.893536
34.5 0.894378
34.7 0.895265
34.9 0.896266
35.1 0.89704
35.3 0.897836
35.5 0.898928
35.7 0.899747
35.9 0.900885
36.1 0.901795
36.3 0.902614
36.5 0.903411
36.7 0.904321
36.9 0.905277
37.1 0.9058
37.3 0.906619
37.5 0.907324
37.7 0.908121
37.9 0.908985
38.1 0.909668
38.3 0.910464
38.5 0.910988
38.7 0.911852
38.9 0.912626
39.1 0.913695
39.3 0.914515
39.5 0.915447
39.7 0.916289
39.9 0.917086
40.1 0.917859
40.3 0.918565
40.5 0.919611
40.7 0.920567
40.9 0.921363
41.1 0.922387
41.3 0.923047
41.5 0.923889
41.7 0.924754
41.9 0.925618
42.1 0.92646
42.3 0.92712
42.5 0.92803
42.7 0.929213
42.9 0.929964
43.1 0.930761
43.3 0.931398
43.5 0.93208
43.7 0.933036
43.9 0.93365
44.1 0.934287
44.3 0.935289
44.5 0.936176
44.7 0.936859
44.9 0.937678
45.1 0.938633
45.3 0.939726
45.5 0.940431
45.7 0.941045
45.9 0.941933
46.1 0.942456
46.3 0.943252
46.5 0.943935
46.7 0.944731
46.9 0.9453
47.1 0.946097
47.3 0.94703
47.5 0.947735
47.7 0.948372
47.9 0.949282
48.1 0.950101
48.3 0.950807
48.5 0.951626
48.7 0.952422
48.9 0.953287
49.1 0.954083
49.3 0.955039
49.5 0.955812
49.7 0.9567
49.9 0.957701
50.1 0.958406
50.3 0.959225
50.5 0.959954
50.7 0.960727
50.9 0.961569
51.1 0.96257
51.3 0.963571
51.5 0.964277
51.7 0.965119
51.9 0.965642
52.1 0.966325
52.3 0.967075
52.5 0.967713
52.7 0.968395
52.9 0.96901
53.1 0.969806
53.3 0.970511
53.5 0.97133
53.7 0.971899
53.9 0.972582
54.1 0.973401
54.3 0.97397
54.5 0.974721
54.7 0.975449
54.9 0.976359
55.1 0.97686
55.3 0.977406
55.5 0.978043
55.7 0.978612
55.9 0.979226
56.1 0.979818
56.3 0.980227
56.5 0.980728
56.7 0.981251
56.9 0.981683
57.1 0.982047
57.3 0.982662
57.5 0.983253
57.7 0.983708
57.9 0.98405
58.1 0.984778
58.3 0.985233
58.5 0.985779
58.7 0.98628
58.9 0.986803
59.1 0.98719
59.3 0.987485
59.5 0.98769
59.7 0.988236
59.9 0.988714
60.1 0.989169
60.3 0.989533
60.5 0.98992
60.7 0.990216
60.9 0.990625
61.1 0.990967
61.3 0.991172
61.5 0.991467
61.7 0.9919
61.9 0.992173
62.1 0.992355
62.3 0.992673
62.5 0.992924
62.7 0.993151
62.9 0.993515
63.1 0.993629
63.3 0.993811
63.5 0.99397
63.7 0.99413
63.9 0.994334
64.1 0.994562
64.3 0.994812
64.5 0.994994
64.7 0.995153
64.9 0.995336
65.1 0.995495
65.3 0.995586
65.5 0.995654
65.7 0.995791
65.9 0.995973
66.1 0.996109
66.3 0.996291
66.5 0.996405
66.7 0.996473
66.9 0.996564
67.1 0.996814
67.3 0.996951
67.5 0.997065
67.7 0.997201
67.9 0.997247
68.1 0.997383
68.3 0.997406
68.5 0.997497
68.7 0.99752
68.9 0.997588
69.1 0.997634
69.3 0.997725
69.5 0.997747
69.7 0.997884
69.9 0.99802
70.1 0.998043
70.3 0.998043
70.5 0.998089
70.7 0.998111
70.9 0.998202
71.1 0.998202
71.3 0.998271
71.5 0.998316
71.7 0.998339
71.9 0.998339
72.1 0.99843
72.3 0.998476
72.5 0.998498
72.7 0.998521
72.9 0.998567
73.1 0.998612
73.3 0.998612
73.5 0.998658
73.7 0.998658
73.9 0.998658
74.1 0.998658
74.3 0.99868
74.5 0.998703
74.7 0.998749
74.9 0.998771
75.1 0.998771
75.3 0.998771
75.5 0.998771
75.7 0.998817
75.9 0.99884
76.1 0.99884
76.3 0.998862
76.5 0.998885
76.7 0.998908
76.9 0.998908
77.1 0.998931
77.3 0.998931
77.5 0.998931
77.7 0.998931
77.9 0.998931
78.1 0.998931
78.3 0.998953
78.5 0.998953
78.7 0.998953
78.9 0.998953
79.1 0.998953
79.3 0.998953
79.5 0.998976
79.7 0.998999
79.9 0.999022
80.1 0.999022
80.3 0.999022
80.5 0.999022
80.7 0.999022
80.9 0.999022
81.1 0.999022
81.3 0.999022
81.5 0.999044
81.7 0.999067
81.9 0.999067
82.1 0.999067
82.3 0.99909
82.5 0.99909
82.7 0.999113
82.9 0.999113
83.1 0.999135
83.3 0.999135
83.5 0.999158
83.7 0.999158
83.9 0.999158
84.1 0.999158
84.3 0.999158
84.5 0.999158
84.7 0.999158
84.9 0.999158
85.1 0.999158
85.3 0.999158
85.5 0.999158
85.7 0.999158
85.9 0.999158
86.1 0.999181
86.3 0.999181
86.5 0.999181
86.7 0.999181
86.9 0.999181
87.1 0.999181
87.3 0.999204
87.5 0.999226
87.7 0.999249
87.9 0.999272
88.1 0.999272
88.3 0.999295
88.5 0.999295
88.7 0.999295
88.9 0.999295
89.1 0.999317
89.3 0.999317
89.5 0.999363
89.7 0.999386
89.9 0.999386
90.1 0.999431
90.3 0.999431
90.5 0.999454
90.7 0.999477
90.9 0.999477
91.1 0.999499
91.3 0.999499
91.5 0.999522
91.7 0.999522
91.9 0.999568
92.1 0.999568
92.3 0.99959
92.5 0.99959
92.7 0.99959
92.9 0.999613
93.1 0.999636
93.3 0.999659
93.5 0.999659
93.7 0.999681
93.9 0.999681
94.1 0.999727
94.3 0.999727
94.5 0.999727
94.7 0.999772
94.9 0.999795
95.1 0.999818
95.3 0.999818
95.5 0.999818
95.7 0.999818
95.9 0.999818
96.1 0.999841
96.3 0.999841
96.5 0.999841
96.7 0.999841
96.9 0.999841
97.1 0.999841
97.3 0.999841
97.5 0.999841
97.7 0.999841
97.9 0.999863
98.1 0.999886
98.3 0.999886
98.5 0.999909
98.7 0.999932
98.9 0.999932
99.1 0.999932
99.3 0.999954
99.5 0.999977
99.7 0.999977
99.9 0.999977
100.1 1
