1307
-162.7 2.48342e-05
-162.5 4.96685e-05
-162.3 9.93369e-05
-162.1 0.00017384
-161.9 0.000248342
-161.7 0.000322845
-161.5 0.000422182
-161.3 0.000496685
-161.1 0.000620856
-160.9 0.000769861
-160.7 0.000918867
-160.5 0.00111754
-160.3 0.00124171
-160.1 0.00163906
-159.9 0.00206124
-159.7 0.00243375
-159.5 0.00298011
-159.3 0.00345196
-159.1 0.00394864
-158.9 0.00429632
-158.7 0.00494201
-158.5 0.0056622
-158.3 0.00630789
-158.1 0.00687908
-157.9 0.00792212
-157.7 0.00869198
-157.5 0.00943701
-157.3 0.01048
-157.1 0.0115479
-156.9 0.0127648
-156.7 0.0140065
-156.5 0.0157201
-156.3 0.0170611
-156.1 0.0184767
-155.9 0.019619
-155.7 0.0211588
-155.5 0.022624
-155.3 0.0238905
-155.1 0.0254054
-154.9 0.0269203
-154.7 0.02846
-154.5 0.0299501
-154.3 0.0317878
-154.1 0.032955
-153.9 0.0348424
-153.7 0.0366802
-153.5 0.0381454
-153.3 0.0395361
-153.1 0.0412497
-152.9 0.0427894
-152.7 0.0446519
-152.5 0.046291
-152.3 0.0476321
-152.1 0.0493705
-151.9 0.0507363
-151.7 0.0522512
-151.5 0.0538158
-151.3 0.0554797
-151.1 0.0570194
-150.9 0.0585343
-150.7 0.0602478
-150.5 0.0619614
-150.3 0.0634515
-150.1 0.0650905
-149.9 0.0668289
-149.7 0.0681203
-149.5 0.0697594
-149.3 0.0713487
-149.1 0.0729878
-148.9 0.0746269
-148.7 0.0760921
-148.5 0.0773835
-148.3 0.0791219
-148.1 0.0806864
-147.9 0.0820523
-147.7 0.0835672
-147.5 0.0853304
-147.3 0.0868701
-147.1 0.0884099
-146.9 0.0899248
-146.7 0.0917128
-146.5 0.0930787
-146.3 0.0944446
-146.1 0.0962326
-145.9 0.097375
-145.7 0.0986416
-145.5 0.100132
-145.3 0.101597
-145.1 0.102938
-144.9 0.104155
-144.7 0.105372
-144.5 0.106688
-144.3 0.10855
-144.1 0.109916
-143.9 0.111084
-143.7 0.112375
-143.5 0.113815
-143.3 0.114883
-143.1 0.116175
-142.9 0.117665
-142.7 0.118981
-142.5 0.120421
-142.3 0.121539
-142.1 0.122929
-141.9 0.124221
-141.7 0.12514
-141.5 0.126208
-141.3 0.127275
-141.1 0.128219
-140.9 0.129287
-140.7 0.130454
-140.5 0.131547
-140.3 0.132913
-140.1 0.134155
-139.9 0.135098
-139.7 0.135868
-139.5 0.136712
-139.3 0.13778
-139.1 0.138774
-138.9 0.139792
-138.7 0.141034
-138.5 0.142176
-138.3 0.142921
-138.1 0.144212
-137.9 0.145082
-137.7 0.146249
-137.5 0.147267
-137.3 0.14826
-137.1 0.149477
-136.9 0.150446
-136.7 0.151414
-136.5 0.152482
-136.3 0.1535
-136.1 0.154593
-135.9 0.155388
-135.7 0.156505
-135.5 0.157722
-135.3 0.158765
-135.1 0.15956
-134.9 0.160553
-134.7 0.16177
-134.5 0.162913
-134.3 0.163658
-134.1 0.164576
-133.9 0.165545
-133.7 0.166315
-133.5 0.167507
-133.3 0.168475
-133.1 0.169369
-132.9 0.170388
-132.7 0.171158
-132.5 0.171952
-132.3 0.172995
-132.1 0.173864
-131.9 0.174709
-131.7 0.175702
-131.5 0.176571
-131.3 0.17754
-131.1 0.178459
-130.9 0.179328
-130.7 0.180073
-130.5 0.180744
-130.3 0.181762
-130.1 0.182581
-129.9 0.18345
-129.7 0.184419
-129.5 0.185363
-129.3 0.186331
-129.1 0.187449
-128.9 0.188467
-128.7 0.189634
-128.5 0.19028
-128.3 0.191472
-128.1 0.192391
-127.9 0.192987
-127.7 0.193707
-127.5 0.194551
-127.3 0.195445
-127.1 0.19629
-126.9 0.19706
-126.7 0.197954
-126.5 0.198947
-126.3 0.199791
-126.1 0.200661
-125.9 0.201629
-125.7 0.202449
-125.5 0.203318
-125.3 0.204386
-125.1 0.20528
-124.9 0.206074
-124.7 0.206944
-124.5 0.207788
-124.3 0.208632
-124.1 0.209626
-123.9 0.210271
-123.7 0.211091
-123.5 0.212084
-123.3 0.212879
-123.1 0.213798
-122.9 0.214394
-122.7 0.215338
-122.5 0.216654
-122.3 0.217846
-122.1 0.218814
-121.9 0.21946
-121.7 0.220602
-121.5 0.221546
-121.3 0.222366
-121.1 0.223011
-120.9 0.223682
-120.7 0.224799
-120.5 0.225818
-120.3 0.226687
-120.1 0.227606
-119.9 0.228202
-119.7 0.228996
-119.5 0.229816
-119.3 0.23071
-119.1 0.231703
-118.9 0.232523
-118.7 0.233268
-118.5 0.234038
-118.3 0.235131
-118.1 0.236124
-117.9 0.237043
-117.7 0.238011
-117.5 0.238955
-117.3 0.239725
-117.1 0.240917
-116.9 0.24196
-116.7 0.242879
-116.5 0.243723
-116.3 0.244642
-116.1 0.245884
-115.9 0.246604
-115.7 0.247349
-115.5 0.248293
-115.3 0.249212
-115.1 0.250106
-114.9 0.250975
-114.7 0.251769
-114.5 0.252738
-114.3 0.253508
-114.1 0.254352
-113.9 0.255321
-113.7 0.255942
-113.5 0.256786
-113.3 0.257407
-113.1 0.2584
-112.9 0.259443
-112.7 0.260536
-112.5 0.261703
-112.3 0.262374
-112.1 0.263243
-111.9 0.264038
-111.7 0.264733
-111.5 0.265577
-111.3 0.266521
-111.1 0.267266
-110.9 0.268086
-110.7 0.269029
-110.5 0.269824
-110.3 0.27037
-110.1 0.271264
-109.9 0.271985
-109.7 0.272829
-109.5 0.273624
-109.3 0.274468
-109.1 0.275362
-108.9 0.276082
-108.7 0.277125
-108.5 0.278069
-108.3 0.279112
-108.1 0.279931
-107.9 0.280726
-107.7 0.281794
-107.5 0.282837
-107.3 0.283681
-107.1 0.284476
-106.9 0.285221
-106.7 0.28614
-106.5 0.286984
-106.3 0.287556
-106.1 0.2884
-105.9 0.289244
-105.7 0.290387
-105.5 0.291281
-105.3 0.291902
-105.1 0.292746
-104.9 0.293392
-104.7 0.293988
-104.5 0.294633
-104.3 0.295403
-104.1 0.296099
-103.9 0.296794
-103.7 0.297688
-103.5 0.298656
-103.3 0.2996
-103.1 0.300519
-102.9 0.301363
-102.7 0.302108
-102.5 0.302729
-102.3 0.303673
-102.1 0.304666
-101.9 0.305734
-101.7 0.306479
-101.5 0.307497
-101.3 0.308416
-101.1 0.309286
-100.9 0.31008
-100.7 0.310925
-100.5 0.311744
-100.3 0.312539
-100.1 0.313209
-99.9 0.314153
-99.7 0.314948
-99.5 0.315966
-99.3 0.316984
-99.1 0.317853
-98.9 0.319021
-98.7 0.31984
-98.5 0.320784
-98.3 0.321653
-98.1 0.322448
-97.9 0.323391
-97.7 0.324037
-97.5 0.325006
-97.3 0.32585
-97.1 0.32657
-96.9 0.327762
-96.7 0.328507
-96.5 0.329004
-96.3 0.329774
-96.1 0.330742
-95.9 0.331686
-95.7 0.332332
-95.5 0.333325
-95.3 0.334269
-95.1 0.335312
-94.9 0.336007
-94.7 0.337025
-94.5 0.338068
-94.3 0.338838
-94.1 0.339707
-93.9 0.340328
-93.7 0.341173
-93.5 0.341868
-93.3 0.342936
-93.1 0.343954
-92.9 0.344699
-92.7 0.345717
-92.5 0.346587
-92.3 0.347555
-92.1 0.348226
-91.9 0.349045
-91.7 0.349765
-91.5 0.350759
-91.3 0.351404
-91.1 0.352075
-90.9 0.352994
-90.7 0.353962
-90.5 0.355105
-90.3 0.3558
-90.1 0.35652
-89.9 0.357563
-89.7 0.358408
-89.5 0.359451
-89.3 0.360494
-89.1 0.361462
-88.9 0.362207
-88.7 0.363126
-88.5 0.364045
-88.3 0.364914
-88.1 0.365709
-87.9 0.366727
-87.7 0.367671
-87.5 0.36849
-87.3 0.36936
-87.1 0.370278
-86.9 0.371346
-86.7 0.372464
-86.5 0.37306
-86.3 0.374128
-86.1 0.375419
-85.9 0.37609
-85.7 0.377108
-85.5 0.377704
-85.3 0.378722
-85.1 0.379765
-84.9 0.380833
-84.7 0.381826
-84.5 0.382696
-84.3 0.383739
-84.1 0.384608
-83.9 0.3857
-83.7 0.386669
-83.5 0.38724
-83.3 0.388085
-83.1 0.388979
-82.9 0.389848
-82.7 0.390568
-82.5 0.391636
-82.3 0.392431
-82.1 0.393176
-81.9 0.393846
-81.7 0.394939
-81.5 0.395758
-81.3 0.396553
-81.1 0.397174
-80.9 0.398043
-80.7 0.398887
-80.5 0.399483
-80.3 0.400328
-80.1 0.401296
-79.9 0.402215
-79.7 0.403035
-79.5 0.403954
-79.3 0.40455
-79.1 0.405667
-78.9 0.406536
-78.7 0.407803
-78.5 0.408846
-78.3 0.409516
-78.1 0.41046
-77.9 0.41128
-77.7 0.412074
-77.5 0.413142
-77.3 0.413962
-77.1 0.414906
-76.9 0.415849
-76.7 0.416768
-76.5 0.417687
-76.3 0.418606
-76.1 0.419425
-75.9 0.420319
-75.7 0.421114
-75.5 0.422033
-75.3 0.422952
-75.1 0.423821
-74.9 0.424665
-74.7 0.425634
-74.5 0.426553
-74.3 0.427521
-74.1 0.428341
-73.9 0.429483
-73.7 0.430203
-73.5 0.431222
-73.3 0.432414
-73.1 0.43296
-72.9 0.433904
-72.7 0.434649
-72.5 0.435568
-72.3 0.43666
-72.1 0.437405
-71.9 0.438424
-71.7 0.439218
-71.5 0.439963
-71.3 0.440832
-71.1 0.441751
-70.9 0.442322
-70.7 0.443366
-70.5 0.444086
-70.3 0.44493
-70.1 0.445874
-69.9 0.446991
-69.7 0.44791
-69.5 0.44873
-69.3 0.449524
-69.1 0.450245
-68.9 0.451064
-68.7 0.45176
-68.5 0.452778
-68.3 0.453374
-68.1 0.454243
-67.9 0.455162
-67.7 0.455956
-67.5 0.456826
-67.3 0.457745
-67.1 0.458788
-66.9 0.459731
-66.7 0.460526
-66.5 0.461445
-66.3 0.46224
-66.1 0.463307
-65.9 0.464003
-65.7 0.464897
-65.5 0.465865
-65.3 0.46671
-65.1 0.467852
-64.9 0.468771
-64.7 0.46964
-64.5 0.470584
-64.3 0.471403
-64.1 0.472248
-63.9 0.473191
-63.7 0.474284
-63.5 0.475203
-63.3 0.476047
-63.1 0.476768
-62.9 0.478009
-62.7 0.478829
-62.5 0.479673
-62.3 0.480592
-62.1 0.481362
-61.9 0.481958
-61.7 0.482902
-61.5 0.483721
-61.3 0.48459
-61.1 0.48536
-60.9 0.48618
-60.7 0.487123
-60.5 0.487943
-60.3 0.488589
-60.1 0.489383
-59.9 0.490178
-59.7 0.491147
-59.5 0.492165
-59.3 0.493009
-59.1 0.494003
-58.9 0.494772
-58.7 0.495642
-58.5 0.49661
-58.3 0.497554
-58.1 0.498349
-57.9 0.499118
-57.7 0.499938
-57.5 0.500733
-57.3 0.501751
-57.1 0.502645
-56.9 0.503415
-56.7 0.504185
-56.5 0.505029
-56.3 0.505997
-56.1 0.506767
-55.9 0.507587
-55.7 0.508257
-55.5 0.508953
-55.3 0.509921
-55.1 0.511088
-54.9 0.511908
-54.7 0.512926
-54.5 0.513895
-54.3 0.515161
-54.1 0.515881
-53.9 0.516627
-53.7 0.517173
-53.5 0.518092
-53.3 0.519135
-53.1 0.51983
-52.9 0.520774
-52.7 0.521643
-52.5 0.522413
-52.3 0.523431
-52.1 0.524251
-51.9 0.524772
-51.7 0.525691
-51.5 0.526784
-51.3 0.527827
-51.1 0.528423
-50.9 0.529068
-50.7 0.52964
-50.5 0.530459
-50.3 0.531626
-50.1 0.532297
-49.9 0.533166
-49.7 0.53411
-49.5 0.535054
-49.3 0.535774
-49.1 0.536643
-48.9 0.537711
-48.7 0.538505
-48.5 0.539424
-48.3 0.54012
-48.1 0.541163
-47.9 0.542057
-47.7 0.5431
-47.5 0.544019
-47.3 0.54464
-47.1 0.545161
-46.9 0.546229
-46.7 0.547446
-46.5 0.548514
-46.3 0.549557
-46.1 0.550575
-45.9 0.551618
-45.7 0.552189
-45.5 0.553009
-45.3 0.553729
-45.1 0.554598
-44.9 0.555343
-44.7 0.556262
-44.5 0.557131
-44.3 0.558075
-44.1 0.558795
-43.9 0.55959
-43.7 0.560335
-43.5 0.561303
-43.3 0.562073
-43.1 0.563116
-42.9 0.564184
-42.7 0.565227
-42.5 0.565848
-42.3 0.566767
-42.1 0.567661
-41.9 0.56858
-41.7 0.569474
-41.5 0.570492
-41.3 0.571734
-41.1 0.572454
-40.9 0.573273
-40.7 0.574068
-40.5 0.574937
-40.3 0.575856
-40.1 0.576502
-39.9 0.577272
-39.7 0.57834
-39.5 0.579283
-39.3 0.580152
-39.1 0.580922
-38.9 0.581667
-38.7 0.58271
-38.5 0.58348
-38.3 0.584225
-38.1 0.585169
-37.9 0.586013
-37.7 0.587032
-37.5 0.588124
-37.3 0.589267
-37.1 0.590161
-36.9 0.590732
-36.7 0.591849
-36.5 0.592843
-36.3 0.593687
-36.1 0.594805
-35.9 0.595624
-35.7 0.596593
-35.5 0.597263
-35.3 0.598083
-35.1 0.598853
-34.9 0.599747
-34.7 0.600815
-34.5 0.601535
-34.3 0.60228
-34.1 0.603074
-33.9 0.603869
-33.7 0.604614
-33.5 0.605558
-33.3 0.606278
-33.1 0.607048
-32.9 0.607843
-32.7 0.608513
-32.5 0.609184
-32.3 0.609854
-32.1 0.610723
-31.9 0.611593
-31.7 0.612313
-31.5 0.613232
-31.3 0.614175
-31.1 0.615094
-30.9 0.616137
-30.7 0.616982
-30.5 0.617776
-30.3 0.618695
-30.1 0.61949
-29.9 0.62026
-29.7 0.621079
-29.5 0.621924
-29.3 0.622694
-29.1 0.623687
-28.9 0.624308
-28.7 0.625227
-28.5 0.625773
-28.3 0.626493
-28.1 0.627263
-27.9 0.627958
-27.7 0.628629
-27.5 0.629697
-27.3 0.630541
-27.1 0.63151
-26.9 0.63228
-26.7 0.633124
-26.5 0.633869
-26.3 0.634664
-26.1 0.635433
-25.9 0.636303
-25.7 0.637172
-25.5 0.638016
-25.3 0.63901
-25.1 0.639779
-24.9 0.640798
-24.7 0.641568
-24.5 0.64266
-24.3 0.643604
-24.1 0.644473
-23.9 0.645541
-23.7 0.646311
-23.5 0.647006
-23.3 0.647925
-23.1 0.648571
-22.9 0.649365
-22.7 0.650011
-22.5 0.650955
-22.3 0.652048
-22.1 0.652892
-21.9 0.653587
-21.7 0.654779
-21.5 0.655822
-21.3 0.656816
-21.1 0.657536
-20.9 0.658455
-20.7 0.659349
-20.5 0.66064
-20.3 0.661559
-20.1 0.662453
-19.9 0.663372
-19.7 0.664092
-19.5 0.664887
-19.3 0.665731
-19.1 0.666774
-18.9 0.667544
-18.7 0.668264
-18.5 0.669183
-18.3 0.670052
-18.1 0.670698
-17.9 0.671716
-17.7 0.672486
-17.5 0.673206
-17.3 0.674349
-17.1 0.675119
-16.9 0.676037
-16.7 0.676956
-16.5 0.677975
-16.3 0.678893
-16.1 0.679663
-15.9 0.680756
-15.7 0.681675
-15.5 0.682768
-15.3 0.683711
-15.1 0.684978
-14.9 0.685623
-14.7 0.686418
-14.5 0.687287
-14.3 0.688082
-14.1 0.688902
-13.9 0.689945
-13.7 0.691037
-13.5 0.691907
-13.3 0.692925
-13.1 0.693844
-12.9 0.694936
-12.7 0.696004
-12.5 0.697022
-12.3 0.697991
-12.1 0.698959
-11.9 0.699928
-11.7 0.700673
-11.5 0.701542
-11.3 0.702411
-11.1 0.703305
-10.9 0.704175
-10.7 0.705044
-10.5 0.706062
-10.3 0.706906
-10.1 0.707701
-9.9 0.708471
-9.7 0.70934
-9.5 0.71006
-9.3 0.710781
-9.1 0.711575
-8.9 0.712643
-8.7 0.713835
-8.5 0.714853
-8.3 0.715896
-8.1 0.71684
-7.9 0.717809
-7.7 0.719001
-7.5 0.720193
-7.3 0.721261
-7.1 0.721981
-6.9 0.722974
-6.7 0.723918
-6.5 0.724737
-6.3 0.725756
-6.1 0.726476
-5.9 0.727047
-5.7 0.72804
-5.5 0.729208
-5.3 0.730201
-5.1 0.731095
-4.9 0.732014
-4.7 0.732734
-4.5 0.733529
-4.3 0.734398
-4.1 0.735217
-3.9 0.736062
-3.7 0.736956
-3.5 0.737602
-3.3 0.738446
-3.1 0.739439
-2.9 0.740085
-2.7 0.741053
-2.5 0.74227
-2.3 0.743214
-2.1 0.743934
-1.9 0.744952
-1.7 0.745772
-1.5 0.746815
-1.3 0.747734
-1.1 0.748529
-0.900002 0.749323
-0.700002 0.749969
-0.500002 0.750987
-0.300002 0.751608
-0.100002 0.752452
0.099998 0.753346
0.299998 0.754191
0.499998 0.755283
0.699998 0.756401
0.899998 0.757345
1.1 0.758586
1.3 0.759356
1.5 0.760225
1.7 0.761194
1.9 0.762138
2.1 0.762858
2.3 0.763677
2.5 0.76482
2.7 0.765515
2.9 0.766484
3.1 0.767229
3.3 0.768148
3.5 0.768818
3.7 0.769563
3.9 0.770681
4.1 0.771376
4.3 0.772345
4.5 0.773412
4.7 0.774257
4.9 0.775225
5.1 0.77607
5.3 0.776641
5.5 0.777311
5.7 0.778305
5.9 0.779199
6.1 0.77977
6.3 0.780391
6.5 0.781533
6.7 0.782676
6.9 0.783619
7.1 0.784538
7.3 0.785532
7.5 0.786252
7.7 0.787096
7.9 0.78794
8.1 0.789008
8.3 0.790002
8.5 0.790647
8.7 0.791368
8.9 0.792386
9.1 0.79333
9.3 0.794075
9.5 0.795043
9.7 0.796012
9.9 0.796682
10.1 0.797676
10.3 0.798669
10.5 0.799364
10.7 0.800432
10.9 0.801152
11.1 0.802071
11.3 0.80294
11.5 0.80381
11.7 0.804704
11.9 0.805647
12.1 0.806467
12.3 0.807088
12.5 0.807709
12.7 0.808553
12.9 0.80972
13.1 0.81049
13.3 0.81126
13.5 0.812228
13.7 0.813048
13.9 0.813867
14.1 0.814886
14.3 0.81573
14.5 0.816723
14.7 0.817692
14.9 0.818511
15.1 0.819356
15.3 0.820126
15.5 0.82097
15.7 0.82179
15.9 0.822609
16.1 0.823751
16.3 0.824397
16.5 0.825192
16.7 0.826086
16.9 0.826955
17.1 0.82765
17.3 0.828544
17.5 0.829513
17.7 0.830631
17.9 0.831251
18.1 0.83222
18.3 0.833114
18.5 0.834306
18.7 0.835374
18.9 0.836268
19.1 0.837311
19.3 0.838354
19.5 0.839223
19.7 0.840068
19.9 0.840763
20.1 0.841682
20.3 0.842551
20.5 0.843197
20.7 0.844116
20.9 0.845159
21.1 0.846326
21.3 0.847096
21.5 0.848015
21.7 0.848958
21.9 0.849604
22.1 0.85025
22.3 0.851044
22.5 0.851715
22.7 0.852435
22.9 0.85313
23.1 0.854024
23.3 0.854745
23.5 0.855316
23.7 0.856384
23.9 0.857327
24.1 0.858519
24.3 0.859438
24.5 0.860357
24.7 0.861177
24.9 0.862021
25.1 0.862841
25.3 0.863759
25.5 0.864778
25.7 0.865448
25.9 0.866094
26.1 0.867137
26.3 0.868056
26.5 0.869024
26.7 0.869869
26.9 0.870688
27.1 0.871334
27.3 0.872079
27.5 0.872849
27.7 0.874066
27.9 0.875009
28.1 0.875978
28.3 0.876673
28.5 0.877493
28.7 0.878436
28.9 0.879479
29.1 0.880299
29.3 0.881193
29.5 0.882037
29.7 0.882956
29.9 0.883726
30.1 0.884546
30.3 0.885365
30.5 0.886234
30.7 0.887004
30.9 0.887998
31.1 0.888792
31.3 0.889686
31.5 0.890556
31.7 0.891425
31.9 0.89212
32.1 0.892989
32.3 0.894107
32.5 0.894827
32.7 0.89582
32.9 0.896913
33.1 0.897832
33.3 0.898602
33.5 0.899322
33.7 0.900017
33.9 0.900812
34.1 0.901681
34.3 0.902377
34.5 0.903047
34.7 0.903792
34.9 0.904637
35.1 0.905506
35.3 0.906449
35.5 0.907021
35.7 0.908014
35.9 0.908908
36.1 0.909802
36.3 0.910746
36.5 0.911665
36.7 0.912559
36.9 0.913403
37.1 0.914074
37.3 0.914893
37.5 0.915812
37.7 0.916507
37.9 0.917352
38.1 0.918047
38.3 0.918916
38.5 0.919686
38.7 0.920357
38.9 0.921275
39.1 0.921847
39.3 0.922815
39.5 0.923734
39.7 0.924603
39.9 0.925423
40.1 0.926118
40.3 0.926838
40.5 0.927658
40.7 0.928701
40.9 0.929794
41.1 0.930638
41.3 0.931482
41.5 0.932277
41.7 0.932997
41.9 0.933742
42.1 0.934462
42.3 0.935133
42.5 0.935928
42.7 0.936722
42.9 0.937666
43.1 0.938386
43.3 0.938957
43.5 0.939653
43.7 0.940621
43.9 0.94164
44.1 0.942633
44.3 0.943477
44.5 0.944197
44.7 0.944893
44.9 0.945588
45.1 0.946631
45.3 0.947451
45.5 0.947873
45.7 0.948742
45.9 0.949338
46.1 0.950133
46.3 0.950754
46.5 0.951722
46.7 0.952492
46.9 0.953535
47.1 0.954553
47.3 0.955696
47.5 0.956515
47.7 0.957111
47.9 0.957757
48.1 0.958651
48.3 0.959396
48.5 0.960067
48.7 0.960836
48.9 0.96178
49.1 0.962624
49.3 0.96332
49.5 0.964115
49.7 0.96481
49.9 0.96548
50.1 0.966201
50.3 0.966995
50.5 0.967616
50.7 0.968138
50.9 0.968759
51.1 0.969181
51.3 0.969727
51.5 0.970522
51.7 0.971167
51.9 0.971664
52.1 0.97226
52.3 0.973129
52.5 0.973651
52.7 0.974272
52.9 0.974694
53.1 0.975489
53.3 0.976333
53.5 0.977103
53.7 0.977649
53.9 0.978096
54.1 0.978568
54.3 0.978916
54.5 0.979561
54.7 0.980232
54.9 0.980753
55.1 0.981225
55.3 0.981623
55.5 0.982119
55.7 0.982666
55.9 0.983138
56.1 0.983659
56.3 0.984106
56.5 0.984727
56.7 0.985124
56.9 0.985571
57.1 0.98582
57.3 0.986292
57.5 0.986888
57.7 0.98726
57.9 0.987707
58.1 0.987931
58.3 0.988129
58.5 0.988527
58.7 0.989073
58.9 0.98947
59.1 0.989818
59.3 0.99019
59.5 0.990488
59.7 0.990811
59.9 0.991035
60.1 0.991283
60.3 0.991606
60.5 0.991755
60.7 0.991879
60.9 0.992028
61.1 0.992351
61.3 0.992699
61.5 0.992922
61.7 0.993195
61.9 0.993369
62.1 0.993493
62.3 0.993791
62.5 0.99404
62.7 0.994189
62.9 0.994387
63.1 0.994536
63.3 0.994586
63.5 0.994834
63.7 0.995058
63.9 0.995232
64.1 0.995306
64.3 0.99548
64.5 0.995679
64.7 0.996002
64.9 0.996151
65.1 0.996374
65.3 0.996474
65.5 0.996697
65.7 0.996796
65.9 0.997045
66.1 0.997169
66.3 0.997243
66.5 0.997368
66.7 0.997442
66.9 0.997591
67.1 0.997815
67.3 0.997889
67.5 0.997964
67.7 0.998013
67.9 0.998162
68.1 0.998162
68.3 0.998237
68.5 0.998262
68.7 0.998336
68.9 0.998336
69.1 0.998336
69.3 0.998411
69.5 0.998435
69.7 0.998485
69.9 0.99856
70.1 0.998584
70.3 0.998634
70.5 0.998634
70.7 0.998634
70.9 0.998634
71.1 0.998684
71.3 0.998733
71.5 0.998758
71.7 0.998808
71.9 0.998833
72.1 0.998858
72.3 0.998907
72.5 0.998932
72.7 0.998957
72.9 0.998957
73.1 0.998957
73.3 0.998982
73.5 0.999007
73.7 0.999031
73.9 0.999031
74.1 0.999056
74.3 0.999081
74.5 0.999106
74.7 0.999106
74.9 0.999131
75.1 0.999131
75.3 0.999131
75.5 0.999131
75.7 0.999131
75.9 0.999131
76.1 0.999156
76.3 0.999156
76.5 0.999156
76.7 0.999156
76.9 0.999156
77.1 0.999156
77.3 0.99918
77.5 0.99918
77.7 0.99918
77.9 0.99918
78.1 0.999205
78.3 0.99923
78.5 0.99923
78.7 0.999255
78.9 0.999255
79.1 0.999255
79.3 0.999255
79.5 0.999255
79.7 0.99928
79.9 0.99928
80.1 0.999305
80.3 0.999329
80.5 0.999379
80.7 0.999404
80.9 0.999404
81.1 0.999404
81.3 0.999404
81.5 0.999404
81.7 0.999404
81.9 0.999429
82.1 0.999454
82.3 0.999454
82.5 0.999478
82.7 0.999478
82.9 0.999478
83.1 0.999478
83.3 0.999478
83.5 0.999478
83.7 0.999503
83.9 0.999503
84.1 0.999503
84.3 0.999503
84.5 0.999528
84.7 0.999528
84.9 0.999528
85.1 0.999528
85.3 0.999528
85.5 0.999553
85.7 0.999553
85.9 0.999553
86.1 0.999553
86.3 0.999578
86.5 0.999578
86.7 0.999603
86.9 0.999603
87.1 0.999603
87.3 0.999603
87.5 0.999603
87.7 0.999627
87.9 0.999627
88.1 0.999627
88.3 0.999627
88.5 0.999652
88.7 0.999652
88.9 0.999652
89.1 0.999652
89.3 0.999652
89.5 0.999652
89.7 0.999652
89.9 0.999652
90.1 0.999652
90.3 0.999677
90.5 0.999677
90.7 0.999677
90.9 0.999702
91.1 0.999702
91.3 0.999702
91.5 0.999727
91.7 0.999727
91.9 0.999752
92.1 0.999752
92.3 0.999752
92.5 0.999752
92.7 0.999752
92.9 0.999752
93.1 0.999752
93.3 0.999752
93.5 0.999776
93.7 0.999776
93.9 0.999826
94.1 0.999826
94.3 0.999851
94.5 0.999851
94.7 0.999851
94.9 0.999851
95.1 0.999851
95.3 0.999851
95.5 0.999851
95.7 0.999851
95.9 0.999851
96.1 0.999851
96.3 0.999851
96.5 0.999851
96.7 0.999851
96.9 0.999876
97.1 0.999876
97.3 0.999901
97.5 0.999925
97.7 0.999925
97.9 0.999925
98.1 0.999925
98.3 0.999975
98.5 1
