1223
-209.3 2.34936e-06
-209.1 2.34936e-06
-208.9 2.34936e-06
-208.7 2.34936e-06
-208.5 2.34936e-06
-208.3 2.34936e-06
-208.1 2.34936e-06
-207.9 2.34936e-06
-207.7 2.34936e-06
-207.5 2.34936e-06
-207.3 2.34936e-06
-207.1 2.34936e-06
-206.9 2.34936e-06
-206.7 2.34936e-06
-206.5 2.34936e-06
-206.3 2.34936e-06
-206.1 2.34936e-06
-205.9 2.34936e-06
-205.7 2.34936e-06
-205.5 2.34936e-06
-205.3 2.34936e-06
-205.1 2.34936e-06
-204.9 2.34936e-06
-204.7 2.34936e-06
-204.5 4.69873e-06
-204.3 4.69873e-06
-204.1 4.69873e-06
-203.9 4.69873e-06
-203.7 4.69873e-06
-203.5 4.69873e-06
-203.3 4.69873e-06
-203.1 4.69873e-06
-202.9 4.69873e-06
-202.7 4.69873e-06
-202.5 4.69873e-06
-202.3 4.69873e-06
-202.1 4.69873e-06
-201.9 4.69873e-06
-201.7 4.69873e-06
-201.5 4.69873e-06
-201.3 4.69873e-06
-201.1 4.69873e-06
-200.9 4.69873e-06
-200.7 4.69873e-06
-200.5 4.69873e-06
-200.3 4.69873e-06
-200.1 4.69873e-06
-199.9 7.04809e-06
-199.7 9.39746e-06
-199.5 9.39746e-06
-199.3 2.11443e-05
-199.1 3.28911e-05
-198.9 6.57822e-05
-198.7 9.63239e-05
-198.5 0.000131564
-198.3 0.000164456
-198.1 0.000227888
-197.9 0.000305417
-197.7 0.000441681
-197.5 0.000636678
-197.3 0.000822278
-197.1 0.0010995
-196.9 0.00139787
-196.7 0.00177847
-196.5 0.00223425
-196.3 0.00272056
-196.1 0.0033455
-195.9 0.0040597
-195.7 0.00487728
-195.5 0.00573245
-195.3 0.00666985
-195.1 0.00775055
-194.9 0.00900042
-194.7 0.0103067
-194.5 0.0116341
-194.3 0.013093
-194.1 0.0145026
-193.9 0.0160556
-193.7 0.0175756
-193.5 0.0191003
-193.3 0.0207331
-193.1 0.0223589
-192.9 0.0240129
-192.7 0.0257631
-192.5 0.0274923
-192.3 0.0292284
-192.1 0.0308683
-191.9 0.0325622
-191.7 0.0342067
-191.5 0.0359946
-191.3 0.0377402
-191.1 0.0393448
-190.9 0.0409471
-190.7 0.0426551
-190.5 0.0442761
-190.3 0.0459912
-190.1 0.0476522
-189.9 0.0492544
-189.7 0.0508285
-189.5 0.0524073
-189.3 0.0540659
-189.1 0.0556095
-188.9 0.0572517
-188.7 0.0588093
-188.5 0.060475
-188.3 0.0620209
-188.1 0.0635926
-187.9 0.0650539
-187.7 0.0665692
-187.5 0.0681504
-187.3 0.0696516
-187.1 0.0711223
-186.9 0.0726776
-186.7 0.0741037
-186.5 0.0755979
-186.3 0.0770075
-186.1 0.0782503
-185.9 0.0797327
-185.7 0.0811306
-185.5 0.0826013
-185.3 0.0839898
-185.1 0.0854065
-184.9 0.0868114
-184.7 0.0882116
-184.5 0.0895789
-184.3 0.0909134
-184.1 0.0922525
-183.9 0.0937396
-183.7 0.0950459
-183.5 0.0962958
-183.3 0.0976419
-183.1 0.0989458
-182.9 0.100243
-182.7 0.101462
-182.5 0.102705
-182.3 0.104065
-182.1 0.105383
-181.9 0.106534
-181.7 0.107848
-181.5 0.10902
-181.3 0.110211
-181.1 0.111496
-180.9 0.112739
-180.7 0.113855
-180.5 0.115093
-180.3 0.116247
-180.1 0.117445
-179.9 0.118636
-179.7 0.119768
-179.5 0.120941
-179.3 0.122059
-179.1 0.123194
-178.9 0.124321
-178.7 0.125454
-178.5 0.126541
-178.3 0.127582
-178.1 0.128757
-177.9 0.129718
-177.7 0.130838
-177.5 0.131844
-177.3 0.132955
-177.1 0.133963
-176.9 0.135018
-176.7 0.136061
-176.5 0.137085
-176.3 0.138166
-176.1 0.139169
-175.9 0.140135
-175.7 0.141124
-175.5 0.142195
-175.3 0.143297
-175.1 0.144354
-174.9 0.14535
-174.7 0.146391
-174.5 0.147404
-174.3 0.148452
-174.1 0.149481
-173.9 0.150425
-173.7 0.151426
-173.5 0.152389
-173.3 0.153355
-173.1 0.154403
-172.9 0.155373
-172.7 0.156498
-172.5 0.15749
-172.3 0.1585
-172.1 0.15947
-171.9 0.160372
-171.7 0.161312
-171.5 0.162341
-171.3 0.163293
-171.1 0.164216
-170.9 0.165167
-170.7 0.16606
-170.5 0.166969
-170.3 0.167923
-170.1 0.168924
-169.9 0.169843
-169.7 0.170775
-169.5 0.171696
-169.3 0.172573
-169.1 0.173418
-168.9 0.1744
-168.7 0.175404
-168.5 0.176315
-168.3 0.177236
-168.1 0.178181
-167.9 0.179043
-167.7 0.179973
-167.5 0.180889
-167.3 0.181761
-167.1 0.182597
-166.9 0.183551
-166.7 0.184533
-166.5 0.185363
-166.3 0.186232
-166.1 0.187183
-165.9 0.188179
-165.7 0.189122
-165.5 0.190054
-165.3 0.190938
-165.1 0.191924
-164.9 0.192888
-164.7 0.193766
-164.5 0.194685
-164.3 0.195655
-164.1 0.196524
-163.9 0.197441
-163.7 0.198369
-163.5 0.199252
-163.3 0.200117
-163.1 0.201077
-162.9 0.201933
-162.7 0.202816
-162.5 0.203782
-162.3 0.204651
-162.1 0.205574
-161.9 0.206472
-161.7 0.207468
-161.5 0.208457
-161.3 0.209357
-161.1 0.21027
-160.9 0.211142
-160.7 0.212051
-160.5 0.212914
-160.3 0.213773
-160.1 0.214647
-159.9 0.215589
-159.7 0.21652
-159.5 0.217443
-159.3 0.218345
-159.1 0.219182
-158.9 0.220074
-158.7 0.220946
-158.5 0.221792
-158.3 0.22264
-158.1 0.2235
-157.9 0.224388
-157.7 0.225328
-157.5 0.226256
-157.3 0.22708
-157.1 0.227989
-156.9 0.22891
-156.7 0.229789
-156.5 0.230724
-156.3 0.2316
-156.1 0.232608
-155.9 0.233534
-155.7 0.234507
-155.5 0.235397
-155.3 0.236262
-155.1 0.23719
-154.9 0.238099
-154.7 0.239071
-154.5 0.240018
-154.3 0.240941
-154.1 0.241862
-153.9 0.242781
-153.7 0.243643
-153.5 0.244508
-153.3 0.245422
-153.1 0.246289
-152.9 0.247186
-152.7 0.248102
-152.5 0.248936
-152.3 0.24982
-152.1 0.250691
-151.9 0.251619
-151.7 0.252482
-151.5 0.253372
-151.3 0.254246
-151.1 0.255186
-150.9 0.256092
-150.7 0.256995
-150.5 0.257885
-150.3 0.258761
-150.1 0.25972
-149.9 0.260634
-149.7 0.261567
-149.5 0.262473
-149.3 0.263373
-149.1 0.264257
-148.9 0.265079
-148.7 0.265969
-148.5 0.26678
-148.3 0.267687
-148.1 0.268605
-147.9 0.269477
-147.7 0.270334
-147.5 0.27122
-147.3 0.272096
-147.1 0.27293
-146.9 0.273753
-146.7 0.274681
-146.5 0.275609
-146.3 0.276508
-146.1 0.27734
-145.9 0.278235
-145.7 0.279119
-145.5 0.28003
-145.3 0.280871
-145.1 0.281663
-144.9 0.282497
-144.7 0.283369
-144.5 0.284245
-144.3 0.285032
-144.1 0.285873
-143.9 0.286733
-143.7 0.287583
-143.5 0.28846
-143.3 0.289301
-143.1 0.290172
-142.9 0.291044
-142.7 0.29192
-142.5 0.292731
-142.3 0.293612
-142.1 0.294427
-141.9 0.295263
-141.7 0.296074
-141.5 0.296917
-141.3 0.297815
-141.1 0.29859
-140.9 0.299408
-140.7 0.300277
-140.5 0.301123
-140.3 0.301973
-140.1 0.302857
-139.9 0.303709
-139.7 0.304586
-139.5 0.305399
-139.3 0.30628
-139.1 0.307186
-138.9 0.308084
-138.7 0.308953
-138.5 0.309804
-138.3 0.310713
-138.1 0.311601
-137.9 0.312454
-137.7 0.313332
-137.5 0.314206
-137.3 0.315076
-137.1 0.315997
-136.9 0.316847
-136.7 0.31769
-136.5 0.318501
-136.3 0.319391
-136.1 0.320282
-135.9 0.32117
-135.7 0.32203
-135.5 0.322934
-135.3 0.323799
-135.1 0.324694
-134.9 0.325547
-134.7 0.326472
-134.5 0.327436
-134.3 0.328389
-134.1 0.329263
-133.9 0.330175
-133.7 0.331072
-133.5 0.33201
-133.3 0.332964
-133.1 0.333852
-132.9 0.334777
-132.7 0.335609
-132.5 0.336542
-132.3 0.337467
-132.1 0.338365
-131.9 0.33926
-131.7 0.340204
-131.5 0.341083
-131.3 0.342025
-131.1 0.342995
-130.9 0.343839
-130.7 0.34475
-130.5 0.345794
-130.3 0.346653
-130.1 0.34752
-129.9 0.348383
-129.7 0.349275
-129.5 0.350236
-129.3 0.351157
-129.1 0.352057
-128.9 0.352959
-128.7 0.353894
-128.5 0.354822
-128.3 0.355809
-128.1 0.3568
-127.9 0.35767
-127.7 0.358588
-127.5 0.359472
-127.3 0.360378
-127.1 0.361335
-126.9 0.362209
-126.7 0.363134
-126.5 0.364036
-126.3 0.364896
-126.1 0.365867
-125.9 0.366743
-125.7 0.367565
-125.5 0.368493
-125.3 0.369391
-125.1 0.37026
-124.9 0.371101
-124.7 0.371982
-124.5 0.372858
-124.3 0.37377
-124.1 0.374674
-123.9 0.375527
-123.7 0.37645
-123.5 0.377348
-123.3 0.378283
-123.1 0.379136
-122.9 0.380054
-122.7 0.380992
-122.5 0.381819
-122.3 0.382735
-122.1 0.383597
-121.9 0.384464
-121.7 0.385369
-121.5 0.386283
-121.3 0.38718
-121.1 0.388056
-120.9 0.388942
-120.7 0.389804
-120.5 0.390657
-120.3 0.391578
-120.1 0.392438
-119.9 0.393382
-119.7 0.394245
-119.5 0.3951
-119.3 0.395995
-119.1 0.396862
-118.9 0.397754
-118.7 0.39861
-118.5 0.399486
-118.3 0.400421
-118.1 0.401213
-117.9 0.40215
-117.7 0.403029
-117.5 0.403905
-117.3 0.404803
-117.1 0.405679
-116.9 0.406574
-116.7 0.407568
-116.5 0.408348
-116.3 0.40921
-116.1 0.410093
-115.9 0.410993
-115.7 0.411813
-115.5 0.412687
-115.3 0.413568
-115.1 0.414407
-114.9 0.415396
-114.7 0.416298
-114.5 0.417156
-114.3 0.418029
-114.1 0.418913
-113.9 0.419756
-113.7 0.420651
-113.5 0.421593
-113.3 0.422479
-113.1 0.423353
-112.9 0.424234
-112.7 0.425165
-112.5 0.425994
-112.3 0.426919
-112.1 0.427859
-111.9 0.428717
-111.7 0.429635
-111.5 0.430509
-111.3 0.431421
-111.1 0.432375
-110.9 0.433223
-110.7 0.434148
-110.5 0.435032
-110.3 0.435899
-110.1 0.436726
-109.9 0.437581
-109.7 0.438549
-109.5 0.439395
-109.3 0.440219
-109.1 0.441089
-108.9 0.442017
-108.7 0.442975
-108.5 0.443873
-108.3 0.444749
-108.1 0.445653
-107.9 0.446487
-107.7 0.447382
-107.5 0.448275
-107.3 0.449201
-107.1 0.450101
-106.9 0.450989
-106.7 0.45183
-106.5 0.452685
-106.3 0.453658
-106.1 0.45447
-105.9 0.455276
-105.7 0.456134
-105.5 0.45698
-105.3 0.457849
-105.1 0.458742
-104.9 0.459571
-104.7 0.460428
-104.5 0.461331
-104.3 0.46224
-104.1 0.463147
-103.9 0.463955
-103.7 0.464892
-103.5 0.465729
-103.3 0.466603
-103.1 0.46746
-102.9 0.468341
-102.7 0.469241
-102.5 0.469993
-102.3 0.470834
-102.1 0.471736
-101.9 0.472596
-101.7 0.473404
-101.5 0.474271
-101.3 0.475086
-101.1 0.475955
-100.9 0.476914
-100.7 0.477847
-100.5 0.478763
-100.3 0.479597
-100.1 0.480445
-99.9 0.481281
-99.7 0.482184
-99.5 0.483034
-99.3 0.48396
-99.1 0.484855
-98.9 0.485769
-98.7 0.486624
-98.5 0.487582
-98.3 0.4884
-98.1 0.489267
-97.9 0.490139
-97.7 0.491045
-97.5 0.491863
-97.3 0.492749
-97.1 0.493639
-96.9 0.494497
-96.7 0.495345
-96.5 0.496247
-96.3 0.497175
-96.1 0.498063
-95.9 0.498892
-95.7 0.499754
-95.5 0.500558
-95.3 0.501448
-95.1 0.502327
-94.9 0.503234
-94.7 0.50412
-94.5 0.505003
-94.3 0.505865
-94.1 0.506781
-93.9 0.507646
-93.7 0.508529
-93.5 0.509443
-93.3 0.510287
-93.1 0.511226
-92.9 0.512042
-92.7 0.512864
-92.5 0.51374
-92.3 0.514657
-92.1 0.515505
-91.9 0.516357
-91.7 0.517255
-91.5 0.518197
-91.3 0.519071
-91.1 0.519957
-90.9 0.520842
-90.7 0.521674
-90.5 0.52248
-90.3 0.523398
-90.1 0.524214
-89.9 0.525069
-89.7 0.525912
-89.5 0.526756
-89.3 0.527674
-89.1 0.528605
-88.9 0.5295
-88.7 0.530378
-88.5 0.531201
-88.3 0.532119
-88.1 0.532963
-87.9 0.533816
-87.7 0.534762
-87.5 0.535643
-87.3 0.53659
-87.1 0.537459
-86.9 0.53835
-86.7 0.539198
-86.5 0.540098
-86.3 0.540962
-86.1 0.541801
-85.9 0.542691
-85.7 0.543554
-85.5 0.544465
-85.3 0.545407
-85.1 0.5463
-84.9 0.547176
-84.7 0.548046
-84.5 0.548934
-84.3 0.549775
-84.1 0.550623
-83.9 0.55145
-83.7 0.552263
-83.5 0.553118
-83.3 0.553945
-83.1 0.554859
-82.9 0.555808
-82.7 0.556642
-82.5 0.557488
-82.3 0.558381
-82.1 0.55925
-81.9 0.56011
-81.7 0.561
-81.5 0.561893
-81.3 0.562771
-81.1 0.563608
-80.9 0.564461
-80.7 0.565443
-80.5 0.566321
-80.3 0.567132
-80.1 0.567989
-79.9 0.568859
-79.7 0.569686
-79.5 0.570614
-79.3 0.571556
-79.1 0.57243
-78.9 0.573301
-78.7 0.574239
-78.5 0.575035
-78.3 0.575949
-78.1 0.576872
-77.9 0.577793
-77.7 0.578623
-77.5 0.579511
-77.3 0.58031
-77.1 0.581169
-76.9 0.581996
-76.7 0.582821
-76.5 0.583657
-76.3 0.58455
-76.1 0.58545
-75.9 0.586312
-75.7 0.587144
-75.5 0.588105
-75.3 0.588901
-75.1 0.589716
-74.9 0.590647
-74.7 0.591497
-74.5 0.592409
-74.3 0.593311
-74.1 0.594199
-73.9 0.595113
-73.7 0.595912
-73.5 0.59679
-73.3 0.597735
-73.1 0.598667
-72.9 0.599527
-72.7 0.600387
-72.5 0.601108
-72.3 0.601964
-72.1 0.602732
-71.9 0.603498
-71.7 0.604466
-71.5 0.605297
-71.3 0.606254
-71.1 0.607179
-70.9 0.60803
-70.7 0.60888
-70.5 0.609778
-70.3 0.610722
-70.1 0.611518
-69.9 0.612421
-69.7 0.613234
-69.5 0.614136
-69.3 0.615061
-69.1 0.615855
-68.9 0.616706
-68.7 0.617643
-68.5 0.618522
-68.3 0.619417
-68.1 0.620202
-67.9 0.621083
-67.7 0.62202
-67.5 0.622875
-67.3 0.623669
-67.1 0.624564
-66.9 0.625413
-66.7 0.626242
-66.5 0.627104
-66.3 0.627973
-66.1 0.62884
-65.9 0.629679
-65.7 0.630577
-65.5 0.631354
-65.3 0.632299
-65.1 0.633248
-64.9 0.634103
-64.7 0.63493
-64.5 0.635794
-64.3 0.636671
-64.1 0.637556
-63.9 0.638386
-63.7 0.639309
-63.5 0.6402
-63.3 0.641092
-63.1 0.642006
-62.9 0.642847
-62.7 0.643771
-62.5 0.644642
-62.3 0.645486
-62.1 0.64627
-61.9 0.647212
-61.7 0.648046
-61.5 0.648949
-61.3 0.649851
-61.1 0.650722
-60.9 0.651545
-60.7 0.652404
-60.5 0.653304
-60.3 0.654216
-60.1 0.65508
-59.9 0.656015
-59.7 0.656925
-59.5 0.65781
-59.3 0.658626
-59.1 0.659582
-58.9 0.660456
-58.7 0.661346
-58.5 0.662288
-58.3 0.663221
-58.1 0.664123
-57.9 0.665023
-57.7 0.665895
-57.5 0.666797
-57.3 0.667687
-57.1 0.668509
-56.9 0.66936
-56.7 0.670152
-56.5 0.671018
-56.3 0.671954
-56.1 0.672877
-55.9 0.673683
-55.7 0.674432
-55.5 0.675374
-55.3 0.676295
-55.1 0.677155
-54.9 0.678008
-54.7 0.678896
-54.5 0.679758
-54.3 0.680677
-54.1 0.68156
-53.9 0.682441
-53.7 0.683299
-53.5 0.684213
-53.3 0.685141
-53.1 0.685989
-52.9 0.686766
-52.7 0.687654
-52.5 0.688547
-52.3 0.689372
-52.1 0.690203
-51.9 0.691089
-51.7 0.691947
-51.5 0.692788
-51.3 0.693709
-51.1 0.694695
-50.9 0.695515
-50.7 0.696326
-50.5 0.697221
-50.3 0.698055
-50.1 0.698959
-49.9 0.699833
-49.7 0.700707
-49.5 0.701523
-49.3 0.702418
-49.1 0.703376
-48.9 0.704271
-48.7 0.705192
-48.5 0.706005
-48.3 0.706811
-48.1 0.70764
-47.9 0.708559
-47.7 0.709499
-47.5 0.710481
-47.3 0.711331
-47.1 0.712193
-46.9 0.713067
-46.7 0.71397
-46.5 0.714825
-46.3 0.715649
-46.1 0.716479
-45.9 0.717425
-45.7 0.718281
-45.5 0.719178
-45.3 0.72005
-45.1 0.720928
-44.9 0.721769
-44.7 0.722618
-44.5 0.723553
-44.3 0.72441
-44.1 0.725324
-43.9 0.726191
-43.7 0.727077
-43.5 0.727969
-43.3 0.728881
-43.1 0.729682
-42.9 0.730591
-42.7 0.731522
-42.5 0.732391
-42.3 0.733319
-42.1 0.734254
-41.9 0.73509
-41.7 0.735974
-41.5 0.736744
-41.3 0.737501
-41.1 0.738349
-40.9 0.739155
-40.7 0.740019
-40.5 0.740891
-40.3 0.741758
-40.1 0.742641
-39.9 0.743473
-39.7 0.744347
-39.5 0.745211
-39.3 0.746052
-39.1 0.746978
-38.9 0.747876
-38.7 0.748771
-38.5 0.749631
-38.3 0.750462
-38.1 0.751367
-37.9 0.75222
-37.7 0.753007
-37.5 0.754005
-37.3 0.754893
-37.1 0.755744
-36.9 0.756606
-36.7 0.757517
-36.5 0.758417
-36.3 0.759298
-36.1 0.760205
-35.9 0.761093
-35.7 0.761958
-35.5 0.762794
-35.3 0.763626
-35.1 0.7645
-34.9 0.765374
-34.7 0.766241
-34.5 0.767129
-34.3 0.768033
-34.1 0.7689
-33.9 0.769753
-33.7 0.770622
-33.5 0.771456
-33.3 0.772314
-33.1 0.773213
-32.9 0.774127
-32.7 0.775013
-32.5 0.775854
-32.3 0.776754
-32.1 0.777609
-31.9 0.778493
-31.7 0.779371
-31.5 0.780309
-31.3 0.781152
-31.1 0.781986
-30.9 0.782836
-30.7 0.7836
-30.5 0.78446
-30.3 0.785254
-30.1 0.786213
-29.9 0.787101
-29.7 0.787951
-29.5 0.788729
-29.3 0.789605
-29.1 0.790484
-28.9 0.791374
-28.7 0.792229
-28.5 0.793134
-28.3 0.794059
-28.1 0.794884
-27.9 0.795737
-27.7 0.796578
-27.5 0.797487
-27.3 0.798366
-27.1 0.79931
-26.9 0.800191
-26.7 0.801002
-26.5 0.801833
-26.3 0.802667
-26.1 0.803539
-25.9 0.804392
-25.7 0.805334
-25.5 0.806196
-25.3 0.80711
-25.1 0.80805
-24.9 0.80883
-24.7 0.809685
-24.5 0.810575
-24.3 0.811386
-24.1 0.81226
-23.9 0.813122
-23.7 0.814022
-23.5 0.814926
-23.3 0.81573
-23.1 0.816562
-22.9 0.817393
-22.7 0.818291
-22.5 0.819188
-22.3 0.820083
-22.1 0.821004
-21.9 0.821899
-21.7 0.822891
-21.5 0.82369
-21.3 0.824531
-21.1 0.825421
-20.9 0.826243
-20.7 0.827089
-20.5 0.827991
-20.3 0.828804
-20.1 0.829589
-19.9 0.830559
-19.7 0.831492
-19.5 0.832284
-19.3 0.833193
-19.1 0.834034
-18.9 0.834884
-18.7 0.835683
-18.5 0.836566
-18.3 0.837363
-18.1 0.838232
-17.9 0.83917
-17.7 0.840126
-17.5 0.840972
-17.3 0.841815
-17.1 0.842611
-16.9 0.843509
-16.7 0.844364
-16.5 0.845231
-16.3 0.846128
-16.1 0.847007
-15.9 0.847869
-15.7 0.848703
-15.5 0.849615
-15.3 0.850512
-15.1 0.851351
-14.9 0.852192
-14.7 0.852989
-14.5 0.853919
-14.3 0.854795
-14.1 0.855636
-13.9 0.856564
-13.7 0.857457
-13.5 0.858343
-13.3 0.859221
-13.1 0.860121
-12.9 0.860981
-12.7 0.861867
-12.5 0.862741
-12.3 0.863577
-12.1 0.864491
-11.9 0.865309
-11.7 0.866208
-11.5 0.867035
-11.3 0.867851
-11.1 0.868779
-10.9 0.869657
-10.7 0.870517
-10.5 0.871462
-10.3 0.872293
-10.1 0.873148
-9.9 0.874018
-9.7 0.874922
-9.5 0.875801
-9.3 0.876628
-9.1 0.877448
-8.9 0.878324
-8.7 0.879123
-8.5 0.879969
-8.3 0.880852
-8.1 0.881707
-7.9 0.882553
-7.7 0.883387
-7.5 0.884277
-7.3 0.885078
-7.1 0.885964
-6.9 0.886801
-6.7 0.887703
-6.5 0.888595
-6.3 0.889462
-6.1 0.890383
-5.9 0.891196
-5.7 0.892
-5.5 0.892855
-5.3 0.893656
-5.1 0.894516
-4.9 0.895343
-4.7 0.896222
-4.5 0.897112
-4.3 0.897991
-4.1 0.898914
-3.9 0.89971
-3.7 0.900547
-3.5 0.901404
-3.3 0.902297
-3.1 0.90319
-2.9 0.904021
-2.7 0.904917
-2.5 0.905783
-2.3 0.906606
-2.1 0.90747
-1.9 0.908271
-1.7 0.909068
-1.5 0.909993
-1.3 0.910828
-1.1 0.911725
-0.899999 0.912599
-0.699999 0.913449
-0.499999 0.914333
-0.299999 0.915183
-0.0999993 0.916024
0.100001 0.916936
0.300001 0.917763
0.500001 0.918602
0.700001 0.919398
0.900001 0.920295
1.1 0.921087
1.3 0.921947
1.5 0.922812
1.7 0.923634
1.9 0.924536
2.1 0.925408
2.3 0.92631
2.5 0.927247
2.7 0.928156
2.9 0.929005
3.1 0.929857
3.3 0.930818
3.5 0.931673
3.7 0.932413
3.9 0.933323
4.1 0.934138
4.3 0.934958
4.5 0.935853
4.7 0.936692
4.9 0.937483
5.1 0.938364
5.3 0.939252
5.5 0.940082
5.7 0.940874
5.9 0.941764
6.1 0.942687
6.3 0.943495
6.5 0.944398
6.7 0.945307
6.9 0.94611
7.1 0.946942
7.3 0.947785
7.5 0.948631
7.7 0.949491
7.9 0.95032
8.1 0.951187
8.3 0.952021
8.5 0.952912
8.7 0.953642
8.9 0.954559
9.1 0.955383
9.3 0.956147
9.5 0.956957
9.7 0.957794
9.9 0.958644
10.1 0.959443
10.3 0.960242
10.5 0.961076
10.7 0.961898
10.9 0.962671
11.1 0.963453
11.3 0.964222
11.5 0.965009
11.7 0.965713
11.9 0.966493
12.1 0.967217
12.3 0.967962
12.5 0.968751
12.7 0.969447
12.9 0.970123
13.1 0.970866
13.3 0.971678
13.5 0.972435
13.7 0.973135
13.9 0.973816
14.1 0.974486
14.3 0.975073
14.5 0.975684
14.7 0.976335
14.9 0.976922
15.1 0.977552
15.3 0.978172
15.5 0.978851
15.7 0.979455
15.9 0.980014
16.1 0.980592
16.3 0.981123
16.5 0.981687
16.7 0.982201
16.9 0.982798
17.1 0.983303
17.3 0.983818
17.5 0.984292
17.7 0.984842
17.9 0.9853
18.1 0.98581
18.3 0.986273
18.5 0.986761
18.7 0.987184
18.9 0.987595
19.1 0.988035
19.3 0.988427
19.5 0.988824
19.7 0.98924
19.9 0.989646
20.1 0.990062
20.3 0.990429
20.5 0.990736
20.7 0.99111
20.9 0.991458
21.1 0.991803
21.3 0.992123
21.5 0.992405
21.7 0.992656
21.9 0.992994
22.1 0.993271
22.3 0.993509
22.5 0.993748
22.7 0.994023
22.9 0.994315
23.1 0.994526
23.3 0.994754
23.5 0.995012
23.7 0.995233
23.9 0.99543
24.1 0.995665
24.3 0.995853
24.5 0.996046
24.7 0.996255
24.9 0.996443
25.1 0.996629
25.3 0.99681
25.5 0.996965
25.7 0.997131
25.9 0.997305
26.1 0.997463
26.3 0.997601
26.5 0.997714
26.7 0.997902
26.9 0.998012
27.1 0.998118
27.3 0.998238
27.5 0.998362
27.7 0.998454
27.9 0.998555
28.1 0.998644
28.3 0.998741
28.5 0.998814
28.7 0.998884
28.9 0.99895
29.1 0.999025
29.3 0.999081
29.5 0.999154
29.7 0.999199
29.9 0.999281
30.1 0.999323
30.3 0.999368
30.5 0.999417
30.7 0.999467
30.9 0.999502
31.1 0.999563
31.3 0.999603
31.5 0.999641
31.7 0.99968
31.9 0.999711
32.1 0.999732
32.3 0.999758
32.5 0.999786
32.7 0.999812
32.9 0.999831
33.1 0.99985
33.3 0.999878
33.5 0.999892
33.7 0.999918
33.9 0.999934
34.1 0.999951
34.3 0.999958
34.5 0.999969
34.7 0.999981
34.9 0.999993
35.1 1
