1217
-208.1 2.39472e-06
-207.9 2.39472e-06
-207.7 2.39472e-06
-207.5 2.39472e-06
-207.3 2.39472e-06
-207.1 2.39472e-06
-206.9 2.39472e-06
-206.7 2.39472e-06
-206.5 2.39472e-06
-206.3 2.39472e-06
-206.1 2.39472e-06
-205.9 2.39472e-06
-205.7 2.39472e-06
-205.5 2.39472e-06
-205.3 2.39472e-06
-205.1 4.78943e-06
-204.9 4.78943e-06
-204.7 7.18415e-06
-204.5 7.18415e-06
-204.3 7.18415e-06
-204.1 7.18415e-06
-203.9 7.18415e-06
-203.7 7.18415e-06
-203.5 7.18415e-06
-203.3 7.18415e-06
-203.1 7.18415e-06
-202.9 7.18415e-06
-202.7 7.18415e-06
-202.5 7.18415e-06
-202.3 7.18415e-06
-202.1 7.18415e-06
-201.9 7.18415e-06
-201.7 7.18415e-06
-201.5 7.18415e-06
-201.3 7.18415e-06
-201.1 7.18415e-06
-200.9 7.18415e-06
-200.7 7.18415e-06
-200.5 7.18415e-06
-200.3 7.18415e-06
-200.1 7.18415e-06
-199.9 7.18415e-06
-199.7 7.18415e-06
-199.5 7.18415e-06
-199.3 7.18415e-06
-199.1 7.18415e-06
-198.9 7.18415e-06
-198.7 7.18415e-06
-198.5 7.18415e-06
-198.3 9.57887e-06
-198.1 9.57887e-06
-197.9 2.15524e-05
-197.7 2.87366e-05
-197.5 5.26838e-05
-197.3 8.14204e-05
-197.1 0.000102973
-196.9 0.000148472
-196.7 0.000215524
-196.5 0.000304129
-196.3 0.000404707
-196.1 0.00054839
-195.9 0.000708836
-195.7 0.000945913
-195.5 0.00126202
-195.3 0.00165714
-195.1 0.00219595
-194.9 0.00275871
-194.7 0.00345558
-194.5 0.00429373
-194.3 0.00519653
-194.1 0.00627655
-193.9 0.00750983
-193.7 0.00873832
-193.5 0.0101177
-193.3 0.0115282
-193.1 0.0130105
-192.9 0.0145695
-192.7 0.016138
-192.5 0.0178311
-192.3 0.0195098
-192.1 0.0212914
-191.9 0.023042
-191.7 0.0248308
-191.5 0.0264712
-191.3 0.0281882
-191.1 0.0299651
-190.9 0.0316989
-190.7 0.0333632
-190.5 0.0351401
-190.3 0.0368619
-190.1 0.0385573
-189.9 0.0401977
-189.7 0.0419387
-189.5 0.0436126
-189.3 0.0452386
-189.1 0.0469532
-188.9 0.0486463
-188.7 0.0502771
-188.5 0.0519845
-188.3 0.0536009
-188.1 0.0552437
-187.9 0.056853
-187.7 0.0583616
-187.5 0.0599852
-187.3 0.0614819
-187.1 0.0630601
-186.9 0.0645879
-186.7 0.066099
-186.5 0.0675621
-186.3 0.0690085
-186.1 0.0705244
-185.9 0.0720019
-185.7 0.0734771
-185.5 0.0750432
-185.3 0.0764369
-185.1 0.0779145
-184.9 0.0792699
-184.7 0.0806852
-184.5 0.0820047
-184.3 0.0834654
-184.1 0.0848017
-183.9 0.0860637
-183.7 0.0875077
-183.5 0.0888679
-183.3 0.0903215
-183.1 0.0917272
-182.9 0.0930539
-182.7 0.0945027
-182.5 0.095906
-182.3 0.0971944
-182.1 0.0986527
-181.9 0.0999866
-181.7 0.101344
-181.5 0.102609
-181.3 0.103828
-181.1 0.105056
-180.9 0.106232
-180.7 0.10758
-180.5 0.108821
-180.3 0.110092
-180.1 0.111311
-179.9 0.112621
-179.7 0.113888
-179.5 0.115073
-179.3 0.116194
-179.1 0.117322
-178.9 0.118512
-178.7 0.119683
-178.5 0.120861
-178.3 0.122071
-178.1 0.123206
-177.9 0.124362
-177.7 0.125517
-177.5 0.126568
-177.3 0.127691
-177.1 0.128855
-176.9 0.129964
-176.7 0.130924
-176.5 0.132076
-176.3 0.133223
-176.1 0.134284
-175.9 0.135366
-175.7 0.136525
-175.5 0.137579
-175.3 0.13857
-175.1 0.139578
-174.9 0.14062
-174.7 0.14171
-174.5 0.142749
-174.3 0.143738
-174.1 0.144732
-173.9 0.14568
-173.7 0.1467
-173.5 0.14762
-173.3 0.148542
-173.1 0.149548
-172.9 0.150556
-172.7 0.151547
-172.5 0.152553
-172.3 0.153461
-172.1 0.154483
-171.9 0.155403
-171.7 0.156353
-171.5 0.157345
-171.3 0.158372
-171.1 0.159268
-170.9 0.16025
-170.7 0.161222
-170.5 0.162194
-170.3 0.163231
-170.1 0.164179
-169.9 0.165056
-169.7 0.165978
-169.5 0.166943
-169.3 0.167941
-169.1 0.168871
-168.9 0.169819
-168.7 0.170681
-168.5 0.17162
-168.3 0.172511
-168.1 0.1735
-167.9 0.174426
-167.7 0.17536
-167.5 0.176289
-167.3 0.177346
-167.1 0.178366
-166.9 0.179367
-166.7 0.180327
-166.5 0.181242
-166.3 0.182224
-166.1 0.183169
-165.9 0.184091
-165.7 0.185066
-165.5 0.185907
-165.3 0.186886
-165.1 0.187777
-164.9 0.188716
-164.7 0.189657
-164.5 0.190591
-164.3 0.191505
-164.1 0.192413
-163.9 0.193392
-163.7 0.194355
-163.5 0.195268
-163.3 0.196194
-163.1 0.197205
-162.9 0.198215
-162.7 0.199238
-162.5 0.200155
-162.3 0.201185
-162.1 0.202119
-161.9 0.203117
-161.7 0.204138
-161.5 0.205052
-161.3 0.205929
-161.1 0.206772
-160.9 0.207612
-160.7 0.20853
-160.5 0.209478
-160.3 0.210378
-160.1 0.211262
-159.9 0.212184
-159.7 0.213199
-159.5 0.214054
-159.3 0.215012
-159.1 0.215908
-158.9 0.216815
-158.7 0.217661
-158.5 0.218571
-158.3 0.219538
-158.1 0.22045
-157.9 0.221363
-157.7 0.222203
-157.5 0.223106
-157.3 0.224117
-157.1 0.225089
-156.9 0.225913
-156.7 0.226758
-156.5 0.227656
-156.3 0.228549
-156.1 0.229426
-155.9 0.230269
-155.7 0.231205
-155.5 0.232058
-155.3 0.232913
-155.1 0.233796
-154.9 0.234675
-154.7 0.235626
-154.5 0.236548
-154.3 0.237386
-154.1 0.238317
-153.9 0.239187
-153.7 0.240123
-153.5 0.24099
-153.3 0.241984
-153.1 0.242822
-152.9 0.24361
-152.7 0.244467
-152.5 0.245336
-152.3 0.246234
-152.1 0.247202
-151.9 0.248042
-151.7 0.248979
-151.5 0.249841
-151.3 0.250739
-151.1 0.251627
-150.9 0.252444
-150.7 0.253356
-150.5 0.254261
-150.3 0.255164
-150.1 0.256017
-149.9 0.256934
-149.7 0.257818
-149.5 0.258694
-149.3 0.259594
-149.1 0.260418
-148.9 0.261307
-148.7 0.262219
-148.5 0.26304
-148.3 0.263879
-148.1 0.264789
-147.9 0.265591
-147.7 0.266462
-147.5 0.267363
-147.3 0.268177
-147.1 0.269097
-146.9 0.269918
-146.7 0.270828
-146.5 0.271697
-146.3 0.272502
-146.1 0.273386
-145.9 0.274286
-145.7 0.275203
-145.5 0.276046
-145.3 0.276944
-145.1 0.277857
-144.9 0.278716
-144.7 0.279602
-144.5 0.280484
-144.3 0.281382
-144.1 0.282248
-143.9 0.283063
-143.7 0.28387
-143.5 0.284806
-143.3 0.285678
-143.1 0.286542
-142.9 0.287428
-142.7 0.288321
-142.5 0.289181
-142.3 0.290074
-142.1 0.290953
-141.9 0.291743
-141.7 0.292673
-141.5 0.293554
-141.3 0.294406
-141.1 0.295223
-140.9 0.296085
-140.7 0.29693
-140.5 0.29773
-140.3 0.298561
-140.1 0.299419
-139.9 0.300233
-139.7 0.301109
-139.5 0.301974
-139.3 0.302853
-139.1 0.303688
-138.9 0.304555
-138.7 0.305475
-138.5 0.306361
-138.3 0.307237
-138.1 0.308166
-137.9 0.309043
-137.7 0.309874
-137.5 0.310736
-137.3 0.311586
-137.1 0.312448
-136.9 0.313346
-136.7 0.314218
-136.5 0.315137
-136.3 0.316002
-136.1 0.316878
-135.9 0.317664
-135.7 0.31849
-135.5 0.319388
-135.3 0.320291
-135.1 0.321199
-134.9 0.322053
-134.7 0.322892
-134.5 0.323816
-134.3 0.324736
-134.1 0.32566
-133.9 0.326536
-133.7 0.327432
-133.5 0.328407
-133.3 0.329364
-133.1 0.330284
-132.9 0.331295
-132.7 0.332126
-132.5 0.333033
-132.3 0.333979
-132.1 0.334875
-131.9 0.335746
-131.7 0.336666
-131.5 0.337626
-131.3 0.338539
-131.1 0.339303
-130.9 0.340215
-130.7 0.341051
-130.5 0.34197
-130.3 0.342969
-130.1 0.343812
-129.9 0.344674
-129.7 0.345538
-129.5 0.346434
-129.3 0.347366
-129.1 0.348283
-128.9 0.349119
-128.7 0.350074
-128.5 0.35102
-128.3 0.351961
-128.1 0.352878
-127.9 0.353781
-127.7 0.354725
-127.5 0.35569
-127.3 0.356552
-127.1 0.357474
-126.9 0.358353
-126.7 0.359236
-126.5 0.360189
-126.3 0.361066
-126.1 0.362009
-125.9 0.36296
-125.7 0.363856
-125.5 0.364809
-125.3 0.365707
-125.1 0.366653
-124.9 0.36757
-124.7 0.368458
-124.5 0.369284
-124.3 0.370173
-124.1 0.371121
-123.9 0.37205
-123.7 0.372912
-123.5 0.373913
-123.3 0.37479
-123.1 0.37575
-122.9 0.376612
-122.7 0.377549
-122.5 0.378425
-122.3 0.379266
-122.1 0.380183
-121.9 0.381153
-121.7 0.382096
-121.5 0.38297
-121.3 0.383916
-121.1 0.384747
-120.9 0.385657
-120.7 0.386579
-120.5 0.387422
-120.3 0.388349
-120.1 0.389237
-119.9 0.390063
-119.7 0.391012
-119.5 0.391926
-119.3 0.392726
-119.1 0.393634
-118.9 0.394477
-118.7 0.395363
-118.5 0.396282
-118.3 0.397204
-118.1 0.398186
-117.9 0.399053
-117.7 0.39993
-117.5 0.400737
-117.3 0.401723
-117.1 0.402609
-116.9 0.403512
-116.7 0.404365
-116.5 0.405203
-116.3 0.406106
-116.1 0.406946
-115.9 0.40789
-115.7 0.408713
-115.5 0.409554
-115.3 0.410543
-115.1 0.411422
-114.9 0.412363
-114.7 0.413292
-114.5 0.414221
-114.3 0.41511
-114.1 0.415938
-113.9 0.416858
-113.7 0.41777
-113.5 0.418656
-113.3 0.419523
-113.1 0.420404
-112.9 0.421317
-112.7 0.422191
-112.5 0.423015
-112.3 0.423822
-112.1 0.424672
-111.9 0.425498
-111.7 0.426295
-111.5 0.427162
-111.3 0.428058
-111.1 0.428915
-110.9 0.429835
-110.7 0.430745
-110.5 0.431593
-110.3 0.432479
-110.1 0.433372
-109.9 0.434205
-109.7 0.43513
-109.5 0.435867
-109.3 0.436796
-109.1 0.437675
-108.9 0.438554
-108.7 0.439438
-108.5 0.440237
-108.3 0.44114
-108.1 0.44201
-107.9 0.442927
-107.7 0.44381
-107.5 0.444622
-107.3 0.445472
-107.1 0.446387
-106.9 0.447311
-106.7 0.448181
-106.5 0.449076
-106.3 0.449965
-106.1 0.450781
-105.9 0.451727
-105.7 0.452676
-105.5 0.453535
-105.3 0.454414
-105.1 0.455351
-104.9 0.45633
-104.7 0.457252
-104.5 0.458167
-104.3 0.459072
-104.1 0.459857
-103.9 0.460688
-103.7 0.461479
-103.5 0.462259
-103.3 0.463174
-103.1 0.46407
-102.9 0.464958
-102.7 0.465854
-102.5 0.466804
-102.3 0.467645
-102.1 0.468481
-101.9 0.469357
-101.7 0.470334
-101.5 0.471292
-101.3 0.472209
-101.1 0.473083
-100.9 0.473991
-100.7 0.474832
-100.5 0.475684
-100.3 0.476673
-100.1 0.477475
-99.9 0.478321
-99.7 0.479228
-99.5 0.480088
-99.3 0.481015
-99.1 0.48187
-98.9 0.482734
-98.7 0.483553
-98.5 0.484398
-98.3 0.485308
-98.1 0.486206
-97.9 0.48703
-97.7 0.487816
-97.5 0.488718
-97.3 0.489597
-97.1 0.490491
-96.9 0.491401
-96.7 0.49226
-96.5 0.493194
-96.3 0.494035
-96.1 0.494973
-95.9 0.49586
-95.7 0.496726
-95.5 0.497656
-95.3 0.498513
-95.1 0.499442
-94.9 0.500307
-94.7 0.501135
-94.5 0.502115
-94.3 0.502926
-94.1 0.50381
-93.9 0.504708
-93.7 0.505553
-93.5 0.506413
-93.3 0.507301
-93.1 0.508202
-92.9 0.509078
-92.7 0.509849
-92.5 0.510747
-92.3 0.511681
-92.1 0.512529
-91.9 0.513427
-91.7 0.514311
-91.5 0.515211
-91.3 0.516066
-91.1 0.516952
-90.9 0.517817
-90.7 0.518638
-90.5 0.519467
-90.3 0.520274
-90.1 0.521176
-89.9 0.522086
-89.7 0.523032
-89.5 0.523964
-89.3 0.524828
-89.1 0.525753
-88.9 0.526696
-88.7 0.527599
-88.5 0.528468
-88.3 0.52928
-88.1 0.530051
-87.9 0.530928
-87.7 0.531766
-87.5 0.532731
-87.3 0.533651
-87.1 0.534525
-86.9 0.53537
-86.7 0.536313
-86.5 0.537118
-86.3 0.537978
-86.1 0.538869
-85.9 0.539762
-85.7 0.540638
-85.5 0.541417
-85.3 0.542274
-85.1 0.543263
-84.9 0.544173
-84.7 0.545035
-84.5 0.5459
-84.3 0.546786
-84.1 0.547679
-83.9 0.548503
-83.7 0.549372
-83.5 0.550234
-83.3 0.551067
-83.1 0.551937
-82.9 0.552854
-82.7 0.553742
-82.5 0.554573
-82.3 0.555454
-82.1 0.556338
-81.9 0.557143
-81.7 0.55805
-81.5 0.558881
-81.3 0.559734
-81.1 0.560661
-80.9 0.561492
-80.7 0.562351
-80.5 0.563194
-80.3 0.564042
-80.1 0.564897
-79.9 0.565699
-79.7 0.566568
-79.5 0.567478
-79.3 0.56834
-79.1 0.569198
-78.9 0.570103
-78.7 0.571075
-78.5 0.571964
-78.3 0.572862
-78.1 0.573745
-77.9 0.574607
-77.7 0.575517
-77.5 0.576403
-77.3 0.577237
-77.1 0.578065
-76.9 0.578913
-76.7 0.579792
-76.5 0.580719
-76.3 0.581595
-76.1 0.582517
-75.9 0.583339
-75.7 0.584155
-75.5 0.585056
-75.3 0.585973
-75.1 0.58678
-74.9 0.587604
-74.7 0.588466
-74.5 0.589371
-74.3 0.590341
-74.1 0.591243
-73.9 0.592259
-73.7 0.593171
-73.5 0.594026
-73.3 0.594915
-73.1 0.595758
-72.9 0.59655
-72.7 0.597429
-72.5 0.598294
-72.3 0.599196
-72.1 0.60007
-71.9 0.600899
-71.7 0.601821
-71.5 0.602724
-71.3 0.603564
-71.1 0.604481
-70.9 0.605279
-70.7 0.606184
-70.5 0.607063
-70.3 0.607997
-70.1 0.608936
-69.9 0.609779
-69.7 0.610569
-69.5 0.611414
-69.3 0.612327
-69.1 0.613167
-68.9 0.61402
-68.7 0.61487
-68.5 0.615653
-68.3 0.616596
-68.1 0.617525
-67.9 0.618392
-67.7 0.619228
-67.5 0.620112
-67.3 0.620969
-67.1 0.62185
-66.9 0.622691
-66.7 0.623632
-66.5 0.624576
-66.3 0.625442
-66.1 0.626357
-65.9 0.627332
-65.7 0.628273
-65.5 0.629097
-65.3 0.630031
-65.1 0.630874
-64.9 0.631817
-64.7 0.632734
-64.5 0.633608
-64.3 0.63448
-64.1 0.635395
-63.9 0.636219
-63.7 0.637162
-63.5 0.638043
-63.3 0.638956
-63.1 0.639861
-62.9 0.640694
-62.7 0.641549
-62.5 0.642416
-62.3 0.643345
-62.1 0.644188
-61.9 0.645103
-61.7 0.646061
-61.5 0.646923
-61.3 0.647732
-61.1 0.648587
-60.9 0.649555
-60.7 0.650386
-60.5 0.651305
-60.3 0.652132
-60.1 0.653113
-59.9 0.653901
-59.7 0.654811
-59.5 0.655654
-59.3 0.65655
-59.1 0.657354
-58.9 0.658312
-58.7 0.659244
-58.5 0.660132
-58.3 0.660985
-58.1 0.661921
-57.9 0.662857
-57.7 0.663696
-57.5 0.664649
-57.3 0.665532
-57.1 0.666349
-56.9 0.66718
-56.7 0.667987
-56.5 0.668835
-56.3 0.669711
-56.1 0.670676
-55.9 0.671538
-55.7 0.672391
-55.5 0.673294
-55.3 0.674187
-55.1 0.67503
-54.9 0.675789
-54.7 0.676649
-54.5 0.67758
-54.3 0.67856
-54.1 0.679386
-53.9 0.680207
-53.7 0.681076
-53.5 0.681931
-53.3 0.682868
-53.1 0.683756
-52.9 0.684633
-52.7 0.685533
-52.5 0.68646
-52.3 0.687355
-52.1 0.688229
-51.9 0.689106
-51.7 0.690011
-51.5 0.690888
-51.3 0.691745
-51.1 0.692681
-50.9 0.693548
-50.7 0.694496
-50.5 0.695406
-50.3 0.696343
-50.1 0.697246
-49.9 0.698101
-49.7 0.698912
-49.5 0.699808
-49.3 0.700675
-49.1 0.701623
-48.9 0.702483
-48.7 0.703364
-48.5 0.704202
-48.3 0.705045
-48.1 0.705879
-47.9 0.70675
-47.7 0.707648
-47.5 0.708592
-47.3 0.709463
-47.1 0.710326
-46.9 0.71118
-46.7 0.712052
-46.5 0.712907
-46.3 0.713762
-46.1 0.714603
-45.9 0.715424
-45.7 0.716269
-45.5 0.717227
-45.3 0.718084
-45.1 0.718958
-44.9 0.719837
-44.7 0.720767
-44.5 0.7216
-44.3 0.722548
-44.1 0.72341
-43.9 0.724325
-43.7 0.725175
-43.5 0.726013
-43.3 0.72689
-43.1 0.72779
-42.9 0.728674
-42.7 0.729565
-42.5 0.730357
-42.3 0.731234
-42.1 0.732082
-41.9 0.732958
-41.7 0.733894
-41.5 0.734821
-41.3 0.735657
-41.1 0.736543
-40.9 0.737453
-40.7 0.738351
-40.5 0.739215
-40.3 0.740094
-40.1 0.740925
-39.9 0.741809
-39.7 0.742635
-39.5 0.74355
-39.3 0.744424
-39.1 0.745267
-38.9 0.746095
-38.7 0.74689
-38.5 0.747839
-38.3 0.748675
-38.1 0.749498
-37.9 0.750372
-37.7 0.751218
-37.5 0.752094
-37.3 0.752973
-37.1 0.753778
-36.9 0.754666
-36.7 0.755567
-36.5 0.756457
-36.3 0.757307
-36.1 0.758189
-35.9 0.759101
-35.7 0.759958
-35.5 0.760823
-35.3 0.761675
-35.1 0.762554
-34.9 0.763462
-34.7 0.764298
-34.5 0.765191
-34.3 0.766046
-34.1 0.76692
-33.9 0.767717
-33.7 0.768541
-33.5 0.769492
-33.3 0.770371
-33.1 0.771233
-32.9 0.772095
-32.7 0.772971
-32.5 0.773807
-32.3 0.774624
-32.1 0.775467
-31.9 0.776322
-31.7 0.777191
-31.5 0.778036
-31.3 0.778865
-31.1 0.779698
-30.9 0.78056
-30.7 0.781396
-30.5 0.782229
-30.3 0.783079
-30.1 0.783903
-29.9 0.78478
-29.7 0.785709
-29.5 0.786583
-29.3 0.787598
-29.1 0.788477
-28.9 0.789349
-28.7 0.790177
-28.5 0.79113
-28.3 0.792007
-28.1 0.792883
-27.9 0.79375
-27.7 0.794581
-27.5 0.795498
-27.3 0.796396
-27.1 0.797266
-26.9 0.798157
-26.7 0.799069
-26.5 0.799895
-26.3 0.80081
-26.1 0.801684
-25.9 0.802505
-25.7 0.803396
-25.5 0.804246
-25.3 0.805125
-25.1 0.805923
-24.9 0.806768
-24.7 0.807671
-24.5 0.80855
-24.3 0.809476
-24.1 0.810319
-23.9 0.811193
-23.7 0.812
-23.5 0.812786
-23.3 0.813634
-23.1 0.814568
-22.9 0.815468
-22.7 0.816311
-22.5 0.817173
-22.3 0.818021
-22.1 0.818952
-21.9 0.819843
-21.7 0.82065
-21.5 0.821507
-21.3 0.822413
-21.1 0.823351
-20.9 0.824225
-20.7 0.825143
-20.5 0.826033
-20.3 0.826862
-20.1 0.827753
-19.9 0.828625
-19.7 0.829487
-19.5 0.830421
-19.3 0.831273
-19.1 0.83215
-18.9 0.832952
-18.7 0.833747
-18.5 0.834645
-18.3 0.835464
-18.1 0.836316
-17.9 0.837114
-17.7 0.837947
-17.5 0.838742
-17.3 0.839621
-17.1 0.840457
-16.9 0.841257
-16.7 0.842128
-16.5 0.842935
-16.3 0.843862
-16.1 0.844683
-15.9 0.845615
-15.7 0.846506
-15.5 0.847356
-15.3 0.848199
-15.1 0.84913
-14.9 0.850017
-14.7 0.850785
-14.5 0.851674
-14.3 0.852548
-14.1 0.853391
-13.9 0.854339
-13.7 0.855235
-13.5 0.856027
-13.3 0.856911
-13.1 0.857692
-12.9 0.85853
-12.7 0.859385
-12.5 0.860168
-12.3 0.861097
-12.1 0.861978
-11.9 0.862821
-11.7 0.863731
-11.5 0.864586
-11.3 0.865453
-11.1 0.866313
-10.9 0.867167
-10.7 0.86802
-10.5 0.868937
-10.3 0.869768
-10.1 0.87064
-9.9 0.871591
-9.7 0.872421
-9.5 0.873322
-9.3 0.874268
-9.1 0.875116
-8.9 0.875942
-8.7 0.876864
-8.5 0.87769
-8.3 0.878585
-8.1 0.879498
-7.9 0.880386
-7.7 0.881275
-7.5 0.882115
-7.3 0.882951
-7.1 0.883729
-6.9 0.884615
-6.7 0.885597
-6.5 0.886531
-6.3 0.887408
-6.1 0.888358
-5.9 0.889249
-5.7 0.890142
-5.5 0.891052
-5.3 0.891907
-5.1 0.892777
-4.9 0.893588
-4.7 0.894443
-4.5 0.89525
-4.3 0.896199
-4.1 0.896996
-3.9 0.897798
-3.7 0.898634
-3.5 0.899539
-3.3 0.900363
-3.1 0.901237
-2.9 0.902025
-2.7 0.902861
-2.5 0.903831
-2.3 0.904705
-2.1 0.905531
-1.9 0.906383
-1.7 0.907356
-1.5 0.908189
-1.3 0.909018
-1.1 0.90992
-0.899999 0.910749
-0.699999 0.911664
-0.499999 0.912442
-0.299999 0.913275
-0.0999993 0.914125
0.100001 0.914937
0.300001 0.915831
0.500001 0.916664
0.700001 0.917504
0.900001 0.918386
1.1 0.91919
1.3 0.920086
1.5 0.921034
1.7 0.921913
1.9 0.922746
2.1 0.923577
2.3 0.924459
2.5 0.925242
2.7 0.926097
2.9 0.92692
3.1 0.927735
3.3 0.928642
3.5 0.929471
3.7 0.930398
3.9 0.931267
4.1 0.932071
4.3 0.932936
4.5 0.933865
4.7 0.934746
4.9 0.935541
5.1 0.936473
5.3 0.937314
5.5 0.938154
5.7 0.938995
5.9 0.939878
6.1 0.940659
6.3 0.941519
6.5 0.942402
6.7 0.943214
6.9 0.944057
7.1 0.944933
7.3 0.945827
7.5 0.946691
7.7 0.947527
7.9 0.948356
8.1 0.949191
8.3 0.950099
8.5 0.95086
8.7 0.951687
8.9 0.952501
9.1 0.95338
9.3 0.954168
9.5 0.955039
9.7 0.955887
9.9 0.956739
10.1 0.957597
10.3 0.958435
10.5 0.959261
10.7 0.960011
10.9 0.960834
11.1 0.961627
11.3 0.962374
11.5 0.963083
11.7 0.963869
11.9 0.964599
12.1 0.965322
12.3 0.966103
12.5 0.966812
12.7 0.967568
12.9 0.968277
13.1 0.96901
13.3 0.969676
13.5 0.970397
13.7 0.971148
13.9 0.971762
14.1 0.972489
14.3 0.97311
14.5 0.973744
14.7 0.974417
14.9 0.975057
15.1 0.975677
15.3 0.976333
15.5 0.976929
15.7 0.977552
15.9 0.978158
16.1 0.978733
16.3 0.979348
16.5 0.979944
16.7 0.980473
16.9 0.981075
17.1 0.981601
17.3 0.982159
17.5 0.982631
17.7 0.983175
17.9 0.983668
18.1 0.984147
18.3 0.984647
18.5 0.985129
18.7 0.985589
18.9 0.986056
19.1 0.986525
19.3 0.986956
19.5 0.987354
19.7 0.987832
19.9 0.988225
20.1 0.988616
20.3 0.989073
20.5 0.989389
20.7 0.989743
20.9 0.990115
21.1 0.990447
21.3 0.990843
21.5 0.991163
21.7 0.99152
21.9 0.991846
22.1 0.9922
22.3 0.992514
22.5 0.992787
22.7 0.993098
22.9 0.993374
23.1 0.993656
23.3 0.993917
23.5 0.9942
23.7 0.994478
23.9 0.994705
24.1 0.994918
24.3 0.995151
24.5 0.995381
24.7 0.99563
24.9 0.995855
25.1 0.996061
25.3 0.996257
25.5 0.996441
25.7 0.996628
25.9 0.996822
26.1 0.996959
26.3 0.997102
26.5 0.997248
26.7 0.997363
26.9 0.997495
27.1 0.997651
27.3 0.99779
27.5 0.997914
27.7 0.998008
27.9 0.998125
28.1 0.998237
28.3 0.998357
28.5 0.998472
28.7 0.99857
28.9 0.998657
29.1 0.998714
29.3 0.998769
29.5 0.998839
29.7 0.998903
29.9 0.998977
30.1 0.999049
30.3 0.999128
30.5 0.999212
30.7 0.999272
30.9 0.999339
31.1 0.999389
31.3 0.99943
31.5 0.999483
31.7 0.999511
31.9 0.999552
32.1 0.999591
32.3 0.999653
32.5 0.999677
32.7 0.999713
32.9 0.999744
33.1 0.999801
33.3 0.99982
33.5 0.999844
33.7 0.999861
33.9 0.999895
34.1 0.999914
34.3 0.999933
34.5 0.999947
34.7 0.999966
34.9 0.999978
35.1 1
