1300
-209.7 4.42086e-07
-209.5 8.84172e-07
-209.3 8.84172e-07
-209.1 1.10521e-06
-208.9 1.10521e-06
-208.7 1.32626e-06
-208.5 1.32626e-06
-208.3 1.5473e-06
-208.1 1.76834e-06
-207.9 1.76834e-06
-207.7 1.98939e-06
-207.5 2.43147e-06
-207.3 2.65252e-06
-207.1 3.0946e-06
-206.9 3.97877e-06
-206.7 4.19982e-06
-206.5 4.6419e-06
-206.3 5.74712e-06
-206.1 6.41025e-06
-205.9 6.41025e-06
-205.7 6.85233e-06
-205.5 7.07337e-06
-205.3 7.07337e-06
-205.1 7.29442e-06
-204.9 7.95755e-06
-204.7 8.17859e-06
-204.5 8.39963e-06
-204.3 8.84172e-06
-204.1 8.84172e-06
-203.9 9.2838e-06
-203.7 9.50485e-06
-203.5 1.0389e-05
-203.3 1.0389e-05
-203.1 1.08311e-05
-202.9 1.14942e-05
-202.7 1.21574e-05
-202.5 1.25994e-05
-202.3 1.34836e-05
-202.1 1.37047e-05
-201.9 1.48099e-05
-201.7 1.63572e-05
-201.5 1.79045e-05
-201.3 2.0778e-05
-201.1 2.45358e-05
-200.9 2.98408e-05
-200.7 3.86825e-05
-200.5 4.73032e-05
-200.3 5.99026e-05
-200.1 7.29442e-05
-199.9 9.37222e-05
-199.7 0.000116711
-199.5 0.000145667
-199.3 0.000182139
-199.1 0.000234527
-198.9 0.000295534
-198.7 0.000383288
-198.5 0.00050663
-198.3 0.000653182
-198.1 0.000844605
-197.9 0.00108532
-197.7 0.00138284
-197.5 0.00173983
-197.3 0.00219252
-197.1 0.00273717
-196.9 0.00336781
-196.7 0.00414809
-196.5 0.00507249
-196.3 0.00614654
-196.1 0.00735211
-195.9 0.00872479
-195.7 0.0102489
-195.5 0.0119224
-195.3 0.0137223
-195.1 0.0156642
-194.9 0.0176737
-194.7 0.0197743
-194.5 0.0219312
-194.3 0.0241706
-194.1 0.0264549
-193.9 0.0286779
-193.7 0.0309418
-193.5 0.033202
-193.3 0.0354199
-193.1 0.0376297
-192.9 0.0398269
-192.7 0.0419847
-192.5 0.0441182
-192.3 0.0462161
-192.1 0.0483014
-191.9 0.050362
-191.7 0.0523556
-191.5 0.0543706
-191.3 0.0563169
-191.1 0.0582999
-190.9 0.0602101
-190.7 0.0620905
-190.5 0.0639707
-190.3 0.0658547
-190.1 0.0677214
-189.9 0.069541
-189.7 0.0713199
-189.5 0.0730834
-189.3 0.0748679
-189.1 0.0766517
-188.9 0.0783977
-188.7 0.0801506
-188.5 0.0819125
-188.3 0.0836577
-188.1 0.0854156
-187.9 0.0871223
-187.7 0.0888294
-187.5 0.0905029
-187.3 0.092207
-187.1 0.0939059
-186.9 0.0956062
-186.7 0.0972324
-186.5 0.0989061
-186.3 0.100532
-186.1 0.102122
-185.9 0.103773
-185.7 0.10539
-185.5 0.106967
-185.3 0.108575
-185.1 0.110164
-184.9 0.111766
-184.7 0.11335
-184.5 0.114903
-184.3 0.116474
-184.1 0.118056
-183.9 0.119562
-183.7 0.121102
-183.5 0.122629
-183.3 0.124133
-183.1 0.125612
-182.9 0.127072
-182.7 0.128512
-182.5 0.129964
-182.3 0.131371
-182.1 0.132789
-181.9 0.134206
-181.7 0.135579
-181.5 0.136949
-181.3 0.13829
-181.1 0.139627
-180.9 0.140931
-180.7 0.142197
-180.5 0.143466
-180.3 0.144727
-180.1 0.145972
-179.9 0.147232
-179.7 0.148434
-179.5 0.149633
-179.3 0.150807
-179.1 0.151962
-178.9 0.15312
-178.7 0.15424
-178.5 0.155361
-178.3 0.156488
-178.1 0.157613
-177.9 0.1587
-177.7 0.159786
-177.5 0.160887
-177.3 0.161977
-177.1 0.163035
-176.9 0.164109
-176.7 0.165142
-176.5 0.166215
-176.3 0.167242
-176.1 0.168273
-175.9 0.169294
-175.7 0.170315
-175.5 0.171336
-175.3 0.172335
-175.1 0.173324
-174.9 0.174343
-174.7 0.175326
-174.5 0.176298
-174.3 0.177304
-174.1 0.17829
-173.9 0.179285
-173.7 0.180282
-173.5 0.18126
-173.3 0.182234
-173.1 0.183203
-172.9 0.184161
-172.7 0.18513
-172.5 0.186081
-172.3 0.187028
-172.1 0.188001
-171.9 0.18895
-171.7 0.189907
-171.5 0.190839
-171.3 0.191763
-171.1 0.192691
-170.9 0.193631
-170.7 0.194542
-170.5 0.195459
-170.3 0.196367
-170.1 0.197274
-169.9 0.198194
-169.7 0.19911
-169.5 0.200031
-169.3 0.200918
-169.1 0.201827
-168.9 0.202748
-168.7 0.203631
-168.5 0.204515
-168.3 0.205412
-168.1 0.206308
-167.9 0.207217
-167.7 0.208124
-167.5 0.209031
-167.3 0.209942
-167.1 0.21084
-166.9 0.211731
-166.7 0.212627
-166.5 0.21354
-166.3 0.214419
-166.1 0.215325
-165.9 0.21622
-165.7 0.21709
-165.5 0.217985
-165.3 0.21889
-165.1 0.219778
-164.9 0.220679
-164.7 0.221558
-164.5 0.222429
-164.3 0.223307
-164.1 0.224171
-163.9 0.225059
-163.7 0.225936
-163.5 0.226797
-163.3 0.227679
-163.1 0.228566
-162.9 0.229452
-162.7 0.230344
-162.5 0.231236
-162.3 0.232085
-162.1 0.232971
-161.9 0.233842
-161.7 0.234711
-161.5 0.235599
-161.3 0.236473
-161.1 0.237356
-160.9 0.238249
-160.7 0.239115
-160.5 0.239995
-160.3 0.240875
-160.1 0.241751
-159.9 0.242623
-159.7 0.243496
-159.5 0.244351
-159.3 0.245203
-159.1 0.246084
-158.9 0.246947
-158.7 0.24782
-158.5 0.248689
-158.3 0.249547
-158.1 0.250409
-157.9 0.251236
-157.7 0.252091
-157.5 0.252948
-157.3 0.253795
-157.1 0.254645
-156.9 0.255502
-156.7 0.256321
-156.5 0.257143
-156.3 0.257984
-156.1 0.258801
-155.9 0.259626
-155.7 0.260473
-155.5 0.261294
-155.3 0.262114
-155.1 0.262923
-154.9 0.263735
-154.7 0.264542
-154.5 0.265361
-154.3 0.266166
-154.1 0.266967
-153.9 0.267756
-153.7 0.268559
-153.5 0.269358
-153.3 0.270168
-153.1 0.270971
-152.9 0.271758
-152.7 0.272551
-152.5 0.27332
-152.3 0.274123
-152.1 0.274869
-151.9 0.275637
-151.7 0.276401
-151.5 0.277181
-151.3 0.277965
-151.1 0.278731
-150.9 0.279521
-150.7 0.2803
-150.5 0.281049
-150.3 0.281828
-150.1 0.282613
-149.9 0.283392
-149.7 0.284151
-149.5 0.284907
-149.3 0.285673
-149.1 0.286453
-148.9 0.287225
-148.7 0.288019
-148.5 0.288787
-148.3 0.289567
-148.1 0.290347
-147.9 0.29114
-147.7 0.291944
-147.5 0.292766
-147.3 0.293588
-147.1 0.294382
-146.9 0.295162
-146.7 0.295976
-146.5 0.296777
-146.3 0.297591
-146.1 0.298413
-145.9 0.299211
-145.7 0.300022
-145.5 0.30086
-145.3 0.301694
-145.1 0.302538
-144.9 0.303385
-144.7 0.304228
-144.5 0.305052
-144.3 0.305889
-144.1 0.306725
-143.9 0.307598
-143.7 0.308449
-143.5 0.309314
-143.3 0.310181
-143.1 0.311018
-142.9 0.311885
-142.7 0.312733
-142.5 0.313615
-142.3 0.314471
-142.1 0.315349
-141.9 0.316213
-141.7 0.317085
-141.5 0.317971
-141.3 0.318819
-141.1 0.319711
-140.9 0.320606
-140.7 0.321486
-140.5 0.322377
-140.3 0.323264
-140.1 0.324138
-139.9 0.325024
-139.7 0.325929
-139.5 0.326823
-139.3 0.327723
-139.1 0.328601
-138.9 0.329485
-138.7 0.330371
-138.5 0.331258
-138.3 0.332152
-138.1 0.333086
-137.9 0.33394
-137.7 0.334844
-137.5 0.335738
-137.3 0.336608
-137.1 0.337491
-136.9 0.338364
-136.7 0.339282
-136.5 0.340184
-136.3 0.341092
-136.1 0.342012
-135.9 0.34292
-135.7 0.343818
-135.5 0.344713
-135.3 0.345623
-135.1 0.34651
-134.9 0.347408
-134.7 0.348291
-134.5 0.349193
-134.3 0.3501
-134.1 0.351016
-133.9 0.351932
-133.7 0.35284
-133.5 0.353724
-133.3 0.354629
-133.1 0.355517
-132.9 0.356429
-132.7 0.35732
-132.5 0.358227
-132.3 0.359097
-132.1 0.359977
-131.9 0.360891
-131.7 0.361782
-131.5 0.362679
-131.3 0.36356
-131.1 0.364467
-130.9 0.365357
-130.7 0.366274
-130.5 0.36719
-130.3 0.368085
-130.1 0.36898
-129.9 0.369866
-129.7 0.370779
-129.5 0.371634
-129.3 0.372533
-129.1 0.373406
-128.9 0.374269
-128.7 0.375149
-128.5 0.376037
-128.3 0.376903
-128.1 0.377784
-127.9 0.378676
-127.7 0.379603
-127.5 0.38047
-127.3 0.381364
-127.1 0.382239
-126.9 0.383108
-126.7 0.383973
-126.5 0.384844
-126.3 0.385708
-126.1 0.386576
-125.9 0.387436
-125.7 0.388292
-125.5 0.389169
-125.3 0.390024
-125.1 0.390885
-124.9 0.391765
-124.7 0.392607
-124.5 0.393478
-124.3 0.394362
-124.1 0.395242
-123.9 0.396097
-123.7 0.396952
-123.5 0.397805
-123.3 0.398653
-123.1 0.399536
-122.9 0.400425
-122.7 0.401312
-122.5 0.402169
-122.3 0.403034
-122.1 0.403891
-121.9 0.404729
-121.7 0.405597
-121.5 0.406455
-121.3 0.407311
-121.1 0.408162
-120.9 0.409017
-120.7 0.409871
-120.5 0.410734
-120.3 0.41157
-120.1 0.412459
-119.9 0.413339
-119.7 0.414206
-119.5 0.41506
-119.3 0.415916
-119.1 0.416794
-118.9 0.417632
-118.7 0.418484
-118.5 0.419343
-118.3 0.420208
-118.1 0.42107
-117.9 0.421933
-117.7 0.42277
-117.5 0.423624
-117.3 0.42446
-117.1 0.425316
-116.9 0.426171
-116.7 0.427039
-116.5 0.427902
-116.3 0.428741
-116.1 0.429611
-115.9 0.430464
-115.7 0.43133
-115.5 0.432194
-115.3 0.433041
-115.1 0.433876
-114.9 0.434708
-114.7 0.435577
-114.5 0.436418
-114.3 0.437271
-114.1 0.438145
-113.9 0.439029
-113.7 0.439884
-113.5 0.440726
-113.3 0.441558
-113.1 0.442428
-112.9 0.443273
-112.7 0.444145
-112.5 0.444991
-112.3 0.44583
-112.1 0.44668
-111.9 0.447491
-111.7 0.448335
-111.5 0.449172
-111.3 0.450018
-111.1 0.450872
-110.9 0.451737
-110.7 0.452577
-110.5 0.453414
-110.3 0.454269
-110.1 0.455089
-109.9 0.455938
-109.7 0.456764
-109.5 0.45761
-109.3 0.458438
-109.1 0.459257
-108.9 0.460099
-108.7 0.460928
-108.5 0.461755
-108.3 0.46257
-108.1 0.463373
-107.9 0.464186
-107.7 0.465023
-107.5 0.465851
-107.3 0.466672
-107.1 0.467512
-106.9 0.468317
-106.7 0.469144
-106.5 0.469965
-106.3 0.470766
-106.1 0.471575
-105.9 0.472411
-105.7 0.473225
-105.5 0.474051
-105.3 0.474853
-105.1 0.475665
-104.9 0.47651
-104.7 0.477363
-104.5 0.478186
-104.3 0.479004
-104.1 0.479824
-103.9 0.480619
-103.7 0.481446
-103.5 0.482297
-103.3 0.483089
-103.1 0.483911
-102.9 0.484738
-102.7 0.485567
-102.5 0.486415
-102.3 0.487242
-102.1 0.488026
-101.9 0.488841
-101.7 0.489671
-101.5 0.490488
-101.3 0.491286
-101.1 0.49211
-100.9 0.492922
-100.7 0.493763
-100.5 0.494569
-100.3 0.49541
-100.1 0.496229
-99.9 0.497042
-99.7 0.497866
-99.5 0.498673
-99.3 0.499484
-99.1 0.500322
-98.9 0.501158
-98.7 0.501987
-98.5 0.502819
-98.3 0.503647
-98.1 0.504456
-97.9 0.505289
-97.7 0.506108
-97.5 0.50693
-97.3 0.50774
-97.1 0.508544
-96.9 0.509366
-96.7 0.510212
-96.5 0.511024
-96.3 0.511855
-96.1 0.512677
-95.9 0.513519
-95.7 0.514329
-95.5 0.515137
-95.3 0.515962
-95.1 0.516791
-94.9 0.51762
-94.7 0.518426
-94.5 0.519212
-94.3 0.520021
-94.1 0.520832
-93.9 0.521656
-93.7 0.522449
-93.5 0.523253
-93.3 0.524073
-93.1 0.524888
-92.9 0.525682
-92.7 0.526492
-92.5 0.527301
-92.3 0.528106
-92.1 0.528944
-91.9 0.529757
-91.7 0.530552
-91.5 0.531371
-91.3 0.532191
-91.1 0.533002
-90.9 0.533795
-90.7 0.534627
-90.5 0.535416
-90.3 0.536275
-90.1 0.53708
-89.9 0.537908
-89.7 0.538715
-89.5 0.539543
-89.3 0.540371
-89.1 0.541186
-88.9 0.541995
-88.7 0.542804
-88.5 0.543639
-88.3 0.544461
-88.1 0.545269
-87.9 0.546048
-87.7 0.546847
-87.5 0.547657
-87.3 0.548457
-87.1 0.549273
-86.9 0.550066
-86.7 0.550872
-86.5 0.551696
-86.3 0.552535
-86.1 0.55334
-85.9 0.554148
-85.7 0.554978
-85.5 0.555793
-85.3 0.55661
-85.1 0.557417
-84.9 0.558253
-84.7 0.559067
-84.5 0.559892
-84.3 0.560733
-84.1 0.561518
-83.9 0.562336
-83.7 0.563151
-83.5 0.563965
-83.3 0.564774
-83.1 0.565594
-82.9 0.5664
-82.7 0.56725
-82.5 0.568082
-82.3 0.568891
-82.1 0.569725
-81.9 0.570538
-81.7 0.571373
-81.5 0.572192
-81.3 0.573026
-81.1 0.573859
-80.9 0.574686
-80.7 0.575541
-80.5 0.576345
-80.3 0.577174
-80.1 0.578012
-79.9 0.578867
-79.7 0.579706
-79.5 0.580541
-79.3 0.581359
-79.1 0.582195
-78.9 0.583019
-78.7 0.583847
-78.5 0.584674
-78.3 0.585516
-78.1 0.586352
-77.9 0.587179
-77.7 0.588004
-77.5 0.588855
-77.3 0.589702
-77.1 0.590542
-76.9 0.591372
-76.7 0.592218
-76.5 0.593046
-76.3 0.593878
-76.1 0.594714
-75.9 0.595549
-75.7 0.59639
-75.5 0.597214
-75.3 0.598064
-75.1 0.598877
-74.9 0.59972
-74.7 0.600565
-74.5 0.601411
-74.3 0.602274
-74.1 0.603105
-73.9 0.603945
-73.7 0.604784
-73.5 0.605616
-73.3 0.606439
-73.1 0.607299
-72.9 0.608142
-72.7 0.608967
-72.5 0.609802
-72.3 0.610652
-72.1 0.611463
-71.9 0.612319
-71.7 0.613133
-71.5 0.613966
-71.3 0.614823
-71.1 0.615664
-70.9 0.616497
-70.7 0.617334
-70.5 0.618171
-70.3 0.619027
-70.1 0.619881
-69.9 0.620723
-69.7 0.621544
-69.5 0.622381
-69.3 0.623226
-69.1 0.624062
-68.9 0.624892
-68.7 0.625773
-68.5 0.626638
-68.3 0.627477
-68.1 0.628311
-67.9 0.629153
-67.7 0.630001
-67.5 0.630824
-67.3 0.631688
-67.1 0.632529
-66.9 0.633379
-66.7 0.634206
-66.5 0.63506
-66.3 0.635911
-66.1 0.636744
-65.9 0.63758
-65.7 0.638424
-65.5 0.639263
-65.3 0.640112
-65.1 0.640917
-64.9 0.641724
-64.7 0.642554
-64.5 0.643403
-64.3 0.644238
-64.1 0.645091
-63.9 0.64593
-63.7 0.646781
-63.5 0.647617
-63.3 0.648459
-63.1 0.649311
-62.9 0.650147
-62.7 0.650997
-62.5 0.651822
-62.3 0.652641
-62.1 0.653482
-61.9 0.654344
-61.7 0.655201
-61.5 0.656031
-61.3 0.656858
-61.1 0.657706
-60.9 0.658547
-60.7 0.65939
-60.5 0.66022
-60.3 0.661049
-60.1 0.661886
-59.9 0.662741
-59.7 0.663557
-59.5 0.664381
-59.3 0.665207
-59.1 0.666031
-58.9 0.666883
-58.7 0.667715
-58.5 0.668548
-58.3 0.669378
-58.1 0.670202
-57.9 0.671041
-57.7 0.671872
-57.5 0.672695
-57.3 0.673521
-57.1 0.674323
-56.9 0.67516
-56.7 0.675996
-56.5 0.676827
-56.3 0.677665
-56.1 0.678498
-55.9 0.679339
-55.7 0.680189
-55.5 0.681016
-55.3 0.681844
-55.1 0.682676
-54.9 0.683526
-54.7 0.684364
-54.5 0.685204
-54.3 0.686027
-54.1 0.686856
-53.9 0.687698
-53.7 0.68851
-53.5 0.689351
-53.3 0.690175
-53.1 0.691021
-52.9 0.691854
-52.7 0.692668
-52.5 0.693481
-52.3 0.694295
-52.1 0.695141
-51.9 0.695994
-51.7 0.696846
-51.5 0.697677
-51.3 0.698515
-51.1 0.699369
-50.9 0.700188
-50.7 0.701019
-50.5 0.701842
-50.3 0.702663
-50.1 0.703505
-49.9 0.704353
-49.7 0.705182
-49.5 0.706011
-49.3 0.706836
-49.1 0.707677
-48.9 0.708515
-48.7 0.709366
-48.5 0.710203
-48.3 0.711015
-48.1 0.711876
-47.9 0.712716
-47.7 0.713561
-47.5 0.714405
-47.3 0.715211
-47.1 0.716043
-46.9 0.716867
-46.7 0.717676
-46.5 0.718493
-46.3 0.719338
-46.1 0.720155
-45.9 0.721004
-45.7 0.721832
-45.5 0.722648
-45.3 0.723466
-45.1 0.724287
-44.9 0.725126
-44.7 0.725961
-44.5 0.726807
-44.3 0.727623
-44.1 0.728439
-43.9 0.72927
-43.7 0.730101
-43.5 0.730942
-43.3 0.731765
-43.1 0.732579
-42.9 0.7334
-42.7 0.734241
-42.5 0.735068
-42.3 0.735886
-42.1 0.736697
-41.9 0.737539
-41.7 0.738353
-41.5 0.739186
-41.3 0.74002
-41.1 0.740839
-40.9 0.741655
-40.7 0.742491
-40.5 0.743355
-40.3 0.744179
-40.1 0.744988
-39.9 0.745812
-39.7 0.746618
-39.5 0.747484
-39.3 0.748311
-39.1 0.74915
-38.9 0.749986
-38.7 0.750805
-38.5 0.751638
-38.3 0.752474
-38.1 0.753307
-37.9 0.754151
-37.7 0.754965
-37.5 0.755796
-37.3 0.756617
-37.1 0.75744
-36.9 0.758258
-36.7 0.759094
-36.5 0.759922
-36.3 0.76075
-36.1 0.761554
-35.9 0.762377
-35.7 0.76322
-35.5 0.764038
-35.3 0.764862
-35.1 0.765702
-34.9 0.766525
-34.7 0.767374
-34.5 0.768171
-34.3 0.769008
-34.1 0.769857
-33.9 0.770676
-33.7 0.771492
-33.5 0.772288
-33.3 0.773109
-33.1 0.773931
-32.9 0.774761
-32.7 0.775597
-32.5 0.776413
-32.3 0.777201
-32.1 0.778032
-31.9 0.778863
-31.7 0.779692
-31.5 0.780534
-31.3 0.78137
-31.1 0.782213
-30.9 0.783036
-30.7 0.78384
-30.5 0.784656
-30.3 0.785484
-30.1 0.78631
-29.9 0.787109
-29.7 0.787939
-29.5 0.788747
-29.3 0.789561
-29.1 0.790396
-28.9 0.791203
-28.7 0.792024
-28.5 0.792829
-28.3 0.793619
-28.1 0.794431
-27.9 0.795265
-27.7 0.796096
-27.5 0.79692
-27.3 0.797733
-27.1 0.798548
-26.9 0.799382
-26.7 0.800215
-26.5 0.801055
-26.3 0.80184
-26.1 0.80263
-25.9 0.803435
-25.7 0.80424
-25.5 0.805055
-25.3 0.805878
-25.1 0.806696
-24.9 0.807526
-24.7 0.808353
-24.5 0.809175
-24.3 0.809989
-24.1 0.81082
-23.9 0.811652
-23.7 0.812455
-23.5 0.81328
-23.3 0.814087
-23.1 0.814902
-22.9 0.81573
-22.7 0.816588
-22.5 0.817412
-22.3 0.818212
-22.1 0.819021
-21.9 0.819819
-21.7 0.82063
-21.5 0.821442
-21.3 0.822249
-21.1 0.823087
-20.9 0.823904
-20.7 0.824715
-20.5 0.82555
-20.3 0.826382
-20.1 0.82722
-19.9 0.828044
-19.7 0.828857
-19.5 0.829688
-19.3 0.830486
-19.1 0.831305
-18.9 0.832113
-18.7 0.832905
-18.5 0.833733
-18.3 0.834543
-18.1 0.835392
-17.9 0.836226
-17.7 0.837064
-17.5 0.837891
-17.3 0.838719
-17.1 0.839531
-16.9 0.840343
-16.7 0.841161
-16.5 0.841974
-16.3 0.842787
-16.1 0.843614
-15.9 0.844424
-15.7 0.845247
-15.5 0.846075
-15.3 0.84689
-15.1 0.847689
-14.9 0.848536
-14.7 0.849387
-14.5 0.850218
-14.3 0.851048
-14.1 0.851878
-13.9 0.852712
-13.7 0.853526
-13.5 0.854344
-13.3 0.855148
-13.1 0.855984
-12.9 0.856807
-12.7 0.857611
-12.5 0.858418
-12.3 0.859265
-12.1 0.860099
-11.9 0.860926
-11.7 0.861743
-11.5 0.862573
-11.3 0.863392
-11.1 0.864227
-10.9 0.865034
-10.7 0.86584
-10.5 0.866681
-10.3 0.867508
-10.1 0.868333
-9.9 0.86916
-9.7 0.869973
-9.5 0.870808
-9.3 0.87162
-9.1 0.872453
-8.9 0.873261
-8.7 0.874085
-8.5 0.874901
-8.3 0.875725
-8.1 0.87654
-7.9 0.877354
-7.7 0.878152
-7.5 0.878955
-7.3 0.879793
-7.1 0.880627
-6.9 0.881467
-6.7 0.882282
-6.5 0.883114
-6.3 0.883913
-6.1 0.884738
-5.9 0.885576
-5.7 0.8864
-5.5 0.88724
-5.3 0.88808
-5.1 0.888913
-4.9 0.889746
-4.7 0.890564
-4.5 0.891371
-4.3 0.892212
-4.1 0.893042
-3.9 0.893863
-3.7 0.894684
-3.5 0.895496
-3.3 0.896316
-3.1 0.897155
-2.9 0.897959
-2.7 0.898768
-2.5 0.899601
-2.3 0.90043
-2.1 0.901248
-1.9 0.902054
-1.7 0.902887
-1.5 0.903699
-1.3 0.90453
-1.1 0.905361
-0.899999 0.906191
-0.699999 0.907007
-0.499999 0.907826
-0.299999 0.908653
-0.0999994 0.909465
0.100001 0.910272
0.300001 0.911104
0.500001 0.911923
0.700001 0.912743
0.900001 0.913578
1.1 0.914413
1.3 0.915237
1.5 0.91605
1.7 0.916906
1.9 0.917727
2.1 0.918539
2.3 0.919351
2.5 0.920167
2.7 0.920995
2.9 0.921793
3.1 0.922612
3.3 0.923432
3.5 0.924249
3.7 0.925086
3.9 0.925901
4.1 0.926722
4.3 0.927541
4.5 0.928365
4.7 0.929186
4.9 0.929973
5.1 0.930772
5.3 0.931596
5.5 0.932434
5.7 0.933257
5.9 0.934079
6.1 0.934887
6.3 0.935692
6.5 0.936514
6.7 0.937328
6.9 0.938135
7.1 0.938931
7.3 0.93974
7.5 0.940564
7.7 0.941371
7.9 0.942182
8.1 0.943001
8.3 0.943793
8.5 0.944601
8.7 0.945403
8.9 0.946195
9.1 0.946981
9.3 0.947782
9.5 0.948596
9.7 0.949394
9.9 0.950196
10.1 0.950954
10.3 0.951739
10.5 0.95249
10.7 0.953297
10.9 0.95408
11.1 0.95485
11.3 0.955623
11.5 0.956397
11.7 0.957173
11.9 0.957915
12.1 0.958686
12.3 0.959458
12.5 0.960205
12.7 0.960961
12.9 0.961714
13.1 0.962434
13.3 0.963204
13.5 0.963939
13.7 0.96464
13.9 0.965355
14.1 0.966065
14.3 0.96676
14.5 0.967469
14.7 0.96815
14.9 0.968855
15.1 0.969541
15.3 0.97024
15.5 0.970937
15.7 0.971601
15.9 0.972283
16.1 0.972945
16.3 0.973591
16.5 0.974225
16.7 0.974868
16.9 0.97549
17.1 0.976106
17.3 0.97672
17.5 0.977333
17.7 0.977947
17.9 0.978533
18.1 0.979114
18.3 0.979703
18.5 0.980268
18.7 0.980836
18.9 0.981376
19.1 0.981905
19.3 0.98243
19.5 0.982946
19.7 0.983453
19.9 0.983946
20.1 0.98444
20.3 0.984936
20.5 0.985412
20.7 0.98588
20.9 0.986352
21.1 0.9868
21.3 0.987246
21.5 0.987678
21.7 0.9881
21.9 0.988518
22.1 0.988931
22.3 0.989327
22.5 0.989706
22.7 0.990081
22.9 0.990447
23.1 0.990799
23.3 0.991138
23.5 0.991468
23.7 0.991798
23.9 0.992124
24.1 0.99243
24.3 0.992739
24.5 0.993041
24.7 0.993323
24.9 0.993607
25.1 0.993884
25.3 0.994139
25.5 0.994391
25.7 0.994632
25.9 0.994869
26.1 0.995089
26.3 0.995299
26.5 0.995502
26.7 0.995708
26.9 0.995909
27.1 0.9961
27.3 0.996287
27.5 0.996463
27.7 0.996638
27.9 0.9968
28.1 0.99695
28.3 0.9971
28.5 0.997245
28.7 0.997379
28.9 0.99752
29.1 0.99764
29.3 0.997765
29.5 0.997895
29.7 0.998004
29.9 0.998112
30.1 0.998215
30.3 0.998316
30.5 0.998419
30.7 0.998505
30.9 0.998593
31.1 0.998665
31.3 0.998735
31.5 0.99881
31.7 0.998887
31.9 0.99896
32.1 0.999018
32.3 0.999074
32.5 0.999128
32.7 0.999176
32.9 0.999227
33.1 0.999274
33.3 0.999316
33.5 0.999361
33.7 0.999401
33.9 0.999435
34.1 0.999468
34.3 0.999498
34.5 0.999525
34.7 0.999551
34.9 0.999573
35.1 0.999594
35.3 0.999618
35.5 0.999636
35.7 0.999655
35.9 0.999671
36.1 0.999686
36.3 0.999702
36.5 0.999716
36.7 0.999731
36.9 0.999742
37.1 0.99975
37.3 0.999761
37.5 0.999771
37.7 0.999781
37.9 0.999792
38.1 0.9998
38.3 0.99981
38.5 0.999817
38.7 0.999824
38.9 0.999832
39.1 0.999838
39.3 0.999844
39.5 0.999851
39.7 0.999856
39.9 0.999859
40.1 0.999865
40.3 0.999869
40.5 0.999874
40.7 0.999875
40.9 0.999879
41.1 0.999883
41.3 0.999885
41.5 0.999889
41.7 0.999891
41.9 0.999894
42.1 0.999898
42.3 0.9999
42.5 0.999902
42.7 0.999905
42.9 0.999907
43.1 0.999911
43.3 0.999915
43.5 0.999918
43.7 0.99992
43.9 0.999922
44.1 0.999926
44.3 0.999929
44.5 0.999932
44.7 0.999933
44.9 0.999936
45.1 0.999939
45.3 0.999941
45.5 0.999944
45.7 0.999948
45.9 0.99995
46.1 0.999952
46.3 0.999954
46.5 0.999958
46.7 0.99996
46.9 0.999962
47.1 0.999963
47.3 0.999966
47.5 0.999968
47.7 0.99997
47.9 0.999973
48.1 0.999974
48.3 0.999975
48.5 0.999977
48.7 0.999981
48.9 0.999982
49.1 0.999985
49.3 0.999987
49.5 0.99999
49.7 0.999994
49.9 0.999997
50.1 1
