1300
-209.7 4.76199e-07
-209.5 9.52398e-07
-209.3 9.52398e-07
-209.1 9.52398e-07
-208.9 1.6667e-06
-208.7 1.9048e-06
-208.5 1.9048e-06
-208.3 2.1429e-06
-208.1 2.381e-06
-207.9 2.381e-06
-207.7 2.381e-06
-207.5 2.85719e-06
-207.3 2.85719e-06
-207.1 3.09529e-06
-206.9 3.33339e-06
-206.7 3.80959e-06
-206.5 4.04769e-06
-206.3 4.28579e-06
-206.1 4.28579e-06
-205.9 4.76199e-06
-205.7 5.00009e-06
-205.5 5.23819e-06
-205.3 5.23819e-06
-205.1 5.47629e-06
-204.9 5.95249e-06
-204.7 5.95249e-06
-204.5 6.19059e-06
-204.3 6.42869e-06
-204.1 6.90489e-06
-203.9 7.38109e-06
-203.7 7.38109e-06
-203.5 7.85729e-06
-203.3 8.33348e-06
-203.1 8.57158e-06
-202.9 9.04778e-06
-202.7 9.28588e-06
-202.5 9.52398e-06
-202.3 9.76208e-06
-202.1 1.11907e-05
-201.9 1.11907e-05
-201.7 1.14288e-05
-201.5 1.1905e-05
-201.3 1.21431e-05
-201.1 1.28574e-05
-200.9 1.4286e-05
-200.7 1.59527e-05
-200.5 1.83337e-05
-200.3 2.1429e-05
-200.1 2.381e-05
-199.9 2.80957e-05
-199.7 3.78578e-05
-199.5 4.66675e-05
-199.3 6.33345e-05
-199.1 8.28586e-05
-198.9 0.000119764
-198.7 0.000167622
-198.5 0.00022548
-198.3 0.00031072
-198.1 0.000425722
-197.9 0.000565963
-197.7 0.000751204
-197.5 0.000983113
-197.3 0.00128336
-197.1 0.00165122
-196.9 0.00209075
-196.7 0.002641
-196.5 0.0032853
-196.3 0.00405722
-196.1 0.00492461
-195.9 0.00590511
-195.7 0.00702632
-195.5 0.00821467
-195.3 0.00949208
-195.1 0.0108659
-194.9 0.012325
-194.7 0.0138274
-194.5 0.0154134
-194.3 0.017017
-194.1 0.0186722
-193.9 0.0203787
-193.7 0.0220611
-193.5 0.0238069
-193.3 0.0255709
-193.1 0.0273241
-192.9 0.0290667
-192.7 0.0308351
-192.5 0.032588
-192.3 0.0343151
-192.1 0.0360333
-191.9 0.0377178
-191.7 0.039396
-191.5 0.0410891
-191.3 0.0427729
-191.1 0.0444265
-190.9 0.046057
-190.7 0.0476847
-190.5 0.049299
-190.3 0.0509154
-190.1 0.0524957
-189.9 0.05406
-189.7 0.0556041
-189.5 0.0571525
-189.3 0.0587125
-189.1 0.0602663
-188.9 0.061734
-188.7 0.0632445
-188.5 0.064744
-188.3 0.066216
-188.1 0.0676688
-187.9 0.0691163
-187.7 0.0706051
-187.5 0.0720354
-187.3 0.073493
-187.1 0.0749259
-186.9 0.0763371
-186.7 0.0777674
-186.5 0.0791552
-186.3 0.0805646
-186.1 0.0819674
-185.9 0.0833751
-185.7 0.0847451
-185.5 0.0860925
-185.3 0.0874337
-185.1 0.0887933
-184.9 0.0901192
-184.7 0.0914712
-184.5 0.0928064
-184.3 0.0941231
-184.1 0.0954148
-183.9 0.0967208
-183.7 0.0980358
-183.5 0.0993306
-183.3 0.100596
-183.1 0.101855
-182.9 0.103112
-182.7 0.104343
-182.5 0.105595
-182.3 0.106822
-182.1 0.108044
-181.9 0.10924
-181.7 0.110383
-181.5 0.111568
-181.3 0.112766
-181.1 0.113952
-180.9 0.115124
-180.7 0.116261
-180.5 0.117404
-180.3 0.118547
-180.1 0.119681
-179.9 0.120804
-179.7 0.121947
-179.5 0.123023
-179.3 0.124142
-179.1 0.125236
-178.9 0.126322
-178.7 0.12739
-178.5 0.128449
-178.3 0.129499
-178.1 0.130554
-177.9 0.131602
-177.7 0.132657
-177.5 0.133721
-177.3 0.134782
-177.1 0.135817
-176.9 0.136833
-176.7 0.137852
-176.5 0.138862
-176.3 0.139897
-176.1 0.140915
-175.9 0.141916
-175.7 0.142934
-175.5 0.143926
-175.3 0.144928
-175.1 0.145889
-174.9 0.146876
-174.7 0.14786
-174.5 0.148847
-174.3 0.149845
-174.1 0.150816
-173.9 0.151792
-173.7 0.152788
-173.5 0.153752
-173.3 0.15473
-173.1 0.15569
-172.9 0.156663
-172.7 0.157629
-172.5 0.158609
-172.3 0.159575
-172.1 0.160526
-171.9 0.161493
-171.7 0.162435
-171.5 0.163384
-171.3 0.16434
-171.1 0.165238
-170.9 0.166177
-170.7 0.167115
-170.5 0.168063
-170.3 0.169019
-170.1 0.169947
-169.9 0.170861
-169.7 0.171788
-169.5 0.172711
-169.3 0.17363
-169.1 0.17455
-168.9 0.17551
-168.7 0.176455
-168.5 0.177392
-168.3 0.178327
-168.1 0.179271
-167.9 0.180194
-167.7 0.181114
-167.5 0.182035
-167.3 0.182941
-167.1 0.183865
-166.9 0.184795
-166.7 0.185709
-166.5 0.186653
-166.3 0.187563
-166.1 0.188497
-165.9 0.189403
-165.7 0.190286
-165.5 0.191192
-165.3 0.19212
-165.1 0.193022
-164.9 0.193929
-164.7 0.194836
-164.5 0.195744
-164.3 0.19663
-164.1 0.19752
-163.9 0.198411
-163.7 0.19932
-163.5 0.200215
-163.3 0.201097
-163.1 0.201986
-162.9 0.20289
-162.7 0.203793
-162.5 0.204694
-162.3 0.205612
-162.1 0.206527
-161.9 0.207415
-161.7 0.208332
-161.5 0.209223
-161.3 0.210118
-161.1 0.21102
-160.9 0.211918
-160.7 0.212808
-160.5 0.213717
-160.3 0.214595
-160.1 0.215485
-159.9 0.216407
-159.7 0.217275
-159.5 0.218166
-159.3 0.219073
-159.1 0.219976
-158.9 0.220881
-158.7 0.221767
-158.5 0.22267
-158.3 0.223543
-158.1 0.224467
-157.9 0.225346
-157.7 0.226231
-157.5 0.227103
-157.3 0.228017
-157.1 0.228909
-156.9 0.229822
-156.7 0.230724
-156.5 0.231611
-156.3 0.23251
-156.1 0.233419
-155.9 0.234286
-155.7 0.235159
-155.5 0.236048
-155.3 0.236935
-155.1 0.237838
-154.9 0.23873
-154.7 0.239605
-154.5 0.240481
-154.3 0.241369
-154.1 0.242288
-153.9 0.24317
-153.7 0.244077
-153.5 0.244978
-153.3 0.245899
-153.1 0.24679
-152.9 0.247659
-152.7 0.248543
-152.5 0.249436
-152.3 0.250337
-152.1 0.251225
-151.9 0.252125
-151.7 0.253031
-151.5 0.253944
-151.3 0.254828
-151.1 0.255712
-150.9 0.256583
-150.7 0.257467
-150.5 0.258366
-150.3 0.259259
-150.1 0.26015
-149.9 0.261016
-149.7 0.261925
-149.5 0.262815
-149.3 0.26368
-149.1 0.26454
-148.9 0.26542
-148.7 0.2663
-148.5 0.267169
-148.3 0.268044
-148.1 0.268924
-147.9 0.269778
-147.7 0.27066
-147.5 0.271574
-147.3 0.272446
-147.1 0.273319
-146.9 0.274189
-146.7 0.275039
-146.5 0.275911
-146.3 0.276778
-146.1 0.277634
-145.9 0.278495
-145.7 0.279372
-145.5 0.280217
-145.3 0.281083
-145.1 0.281926
-144.9 0.282768
-144.7 0.283609
-144.5 0.284492
-144.3 0.285343
-144.1 0.286177
-143.9 0.287043
-143.7 0.28791
-143.5 0.288795
-143.3 0.289636
-143.1 0.290484
-142.9 0.291355
-142.7 0.292205
-142.5 0.293052
-142.3 0.293881
-142.1 0.294719
-141.9 0.295598
-141.7 0.296459
-141.5 0.297321
-141.3 0.298178
-141.1 0.299032
-140.9 0.299869
-140.7 0.300747
-140.5 0.301601
-140.3 0.302455
-140.1 0.303325
-139.9 0.304175
-139.7 0.305026
-139.5 0.305906
-139.3 0.306757
-139.1 0.307629
-138.9 0.308494
-138.7 0.309371
-138.5 0.310222
-138.3 0.311082
-138.1 0.311947
-137.9 0.312828
-137.7 0.313705
-137.5 0.314589
-137.3 0.315486
-137.1 0.316349
-136.9 0.317222
-136.7 0.318121
-136.5 0.319013
-136.3 0.319901
-136.1 0.320803
-135.9 0.321718
-135.7 0.3226
-135.5 0.323498
-135.3 0.324405
-135.1 0.325304
-134.9 0.326177
-134.7 0.327089
-134.5 0.328026
-134.3 0.328925
-134.1 0.329796
-133.9 0.330681
-133.7 0.331585
-133.5 0.332497
-133.3 0.333421
-133.1 0.334317
-132.9 0.335214
-132.7 0.3361
-132.5 0.337014
-132.3 0.337929
-132.1 0.338842
-131.9 0.339744
-131.7 0.340649
-131.5 0.341541
-131.3 0.342443
-131.1 0.343371
-130.9 0.344261
-130.7 0.345165
-130.5 0.346066
-130.3 0.346992
-130.1 0.347905
-129.9 0.348822
-129.7 0.349711
-129.5 0.350629
-129.3 0.351524
-129.1 0.352417
-128.9 0.353346
-128.7 0.354257
-128.5 0.355178
-128.3 0.356079
-128.1 0.356978
-127.9 0.357864
-127.7 0.358774
-127.5 0.359678
-127.3 0.360568
-127.1 0.361478
-126.9 0.362373
-126.7 0.363267
-126.5 0.364163
-126.3 0.365068
-126.1 0.365979
-125.9 0.36688
-125.7 0.367793
-125.5 0.368684
-125.3 0.369543
-125.1 0.370416
-124.9 0.371289
-124.7 0.372176
-124.5 0.373066
-124.3 0.373937
-124.1 0.374807
-123.9 0.3757
-123.7 0.376592
-123.5 0.377482
-123.3 0.378379
-123.1 0.379281
-122.9 0.380174
-122.7 0.381067
-122.5 0.381929
-122.3 0.382803
-122.1 0.383678
-121.9 0.384554
-121.7 0.385442
-121.5 0.386332
-121.3 0.387211
-121.1 0.388112
-120.9 0.388978
-120.7 0.389868
-120.5 0.390725
-120.3 0.391594
-120.1 0.392465
-119.9 0.393375
-119.7 0.394255
-119.5 0.395134
-119.3 0.395995
-119.1 0.396864
-118.9 0.397751
-118.7 0.398624
-118.5 0.399492
-118.3 0.400362
-118.1 0.401226
-117.9 0.402103
-117.7 0.402956
-117.5 0.40382
-117.3 0.404686
-117.1 0.405556
-116.9 0.406414
-116.7 0.407283
-116.5 0.408143
-116.3 0.409017
-116.1 0.409921
-115.9 0.410784
-115.7 0.41165
-115.5 0.412538
-115.3 0.413405
-115.1 0.414279
-114.9 0.415151
-114.7 0.416047
-114.5 0.416911
-114.3 0.417777
-114.1 0.418647
-113.9 0.419526
-113.7 0.420386
-113.5 0.421269
-113.3 0.42214
-113.1 0.423019
-112.9 0.423893
-112.7 0.424758
-112.5 0.425646
-112.3 0.426502
-112.1 0.427384
-111.9 0.428257
-111.7 0.429137
-111.5 0.430009
-111.3 0.430876
-111.1 0.431727
-110.9 0.432621
-110.7 0.433496
-110.5 0.434367
-110.3 0.435247
-110.1 0.43611
-109.9 0.436965
-109.7 0.437842
-109.5 0.438704
-109.3 0.439551
-109.1 0.440425
-108.9 0.441303
-108.7 0.442172
-108.5 0.443064
-108.3 0.443926
-108.1 0.444793
-107.9 0.445657
-107.7 0.446538
-107.5 0.447404
-107.3 0.448287
-107.1 0.449146
-106.9 0.45002
-106.7 0.450904
-106.5 0.451778
-106.3 0.452654
-106.1 0.453523
-105.9 0.454385
-105.7 0.455242
-105.5 0.456119
-105.3 0.456989
-105.1 0.45784
-104.9 0.458705
-104.7 0.45958
-104.5 0.460455
-104.3 0.461312
-104.1 0.46218
-103.9 0.46305
-103.7 0.463928
-103.5 0.464799
-103.3 0.465662
-103.1 0.466517
-102.9 0.467404
-102.7 0.468271
-102.5 0.469145
-102.3 0.470019
-102.1 0.470891
-101.9 0.471732
-101.7 0.47259
-101.5 0.473425
-101.3 0.474318
-101.1 0.475207
-100.9 0.476082
-100.7 0.476933
-100.5 0.477806
-100.3 0.478666
-100.1 0.479528
-99.9 0.480389
-99.7 0.481265
-99.5 0.482138
-99.3 0.483025
-99.1 0.483884
-98.9 0.484725
-98.7 0.4856
-98.5 0.486453
-98.3 0.487336
-98.1 0.488205
-97.9 0.489058
-97.7 0.489928
-97.5 0.490788
-97.3 0.491661
-97.1 0.492544
-96.9 0.49341
-96.7 0.494277
-96.5 0.495118
-96.3 0.49598
-96.1 0.496838
-95.9 0.4977
-95.7 0.498577
-95.5 0.499441
-95.3 0.500302
-95.1 0.50118
-94.9 0.502052
-94.7 0.502916
-94.5 0.503752
-94.3 0.50462
-94.1 0.505493
-93.9 0.506371
-93.7 0.507223
-93.5 0.508092
-93.3 0.508937
-93.1 0.509801
-92.9 0.510663
-92.7 0.511542
-92.5 0.512414
-92.3 0.513276
-92.1 0.514148
-91.9 0.515018
-91.7 0.51589
-91.5 0.516767
-91.3 0.517622
-91.1 0.518495
-90.9 0.519357
-90.7 0.520206
-90.5 0.521095
-90.3 0.521962
-90.1 0.522811
-89.9 0.523681
-89.7 0.524541
-89.5 0.525395
-89.3 0.526232
-89.1 0.52709
-88.9 0.527941
-88.7 0.528806
-88.5 0.529658
-88.3 0.53054
-88.1 0.531423
-87.9 0.532284
-87.7 0.533144
-87.5 0.534008
-87.3 0.534879
-87.1 0.535729
-86.9 0.536586
-86.7 0.537457
-86.5 0.5383
-86.3 0.539151
-86.1 0.540023
-85.9 0.540882
-85.7 0.541739
-85.5 0.542585
-85.3 0.54344
-85.1 0.544307
-84.9 0.545159
-84.7 0.546021
-84.5 0.546883
-84.3 0.547742
-84.1 0.548605
-83.9 0.549479
-83.7 0.550331
-83.5 0.551183
-83.3 0.552035
-83.1 0.552899
-82.9 0.553796
-82.7 0.554679
-82.5 0.555547
-82.3 0.556423
-82.1 0.557256
-81.9 0.558104
-81.7 0.558956
-81.5 0.559792
-81.3 0.560671
-81.1 0.561526
-80.9 0.562386
-80.7 0.563272
-80.5 0.564151
-80.3 0.565009
-80.1 0.565865
-79.9 0.56675
-79.7 0.567639
-79.5 0.568503
-79.3 0.569381
-79.1 0.570265
-78.9 0.57116
-78.7 0.572005
-78.5 0.572872
-78.3 0.573717
-78.1 0.574577
-77.9 0.575443
-77.7 0.576289
-77.5 0.577155
-77.3 0.578014
-77.1 0.578887
-76.9 0.579764
-76.7 0.580617
-76.5 0.581471
-76.3 0.582359
-76.1 0.583241
-75.9 0.584121
-75.7 0.584998
-75.5 0.585843
-75.3 0.586712
-75.1 0.587561
-74.9 0.588437
-74.7 0.589277
-74.5 0.590116
-74.3 0.590962
-74.1 0.591821
-73.9 0.592666
-73.7 0.593525
-73.5 0.594401
-73.3 0.595289
-73.1 0.596134
-72.9 0.597015
-72.7 0.597869
-72.5 0.598738
-72.3 0.599614
-72.1 0.600511
-71.9 0.60139
-71.7 0.602256
-71.5 0.603108
-71.3 0.604
-71.1 0.604854
-70.9 0.605726
-70.7 0.606608
-70.5 0.607478
-70.3 0.608351
-70.1 0.609222
-69.9 0.610094
-69.7 0.610967
-69.5 0.611849
-69.3 0.612724
-69.1 0.613578
-68.9 0.614457
-68.7 0.615324
-68.5 0.616197
-68.3 0.617102
-68.1 0.61797
-67.9 0.618828
-67.7 0.619702
-67.5 0.620584
-67.3 0.621482
-67.1 0.622331
-66.9 0.623206
-66.7 0.624064
-66.5 0.62494
-66.3 0.625829
-66.1 0.62671
-65.9 0.627593
-65.7 0.628471
-65.5 0.629328
-65.3 0.6302
-65.1 0.631086
-64.9 0.631946
-64.7 0.632837
-64.5 0.633691
-64.3 0.634588
-64.1 0.635454
-63.9 0.636332
-63.7 0.637197
-63.5 0.638082
-63.3 0.638955
-63.1 0.639828
-62.9 0.640682
-62.7 0.641562
-62.5 0.642431
-62.3 0.643323
-62.1 0.644173
-61.9 0.645042
-61.7 0.645897
-61.5 0.646768
-61.3 0.647641
-61.1 0.648478
-60.9 0.649355
-60.7 0.650218
-60.5 0.651096
-60.3 0.651946
-60.1 0.652813
-59.9 0.65367
-59.7 0.654547
-59.5 0.65543
-59.3 0.656306
-59.1 0.657177
-58.9 0.658053
-58.7 0.658926
-58.5 0.659805
-58.3 0.660669
-58.1 0.661541
-57.9 0.662412
-57.7 0.663276
-57.5 0.664131
-57.3 0.665013
-57.1 0.665881
-56.9 0.666749
-56.7 0.667594
-56.5 0.66846
-56.3 0.669336
-56.1 0.670197
-55.9 0.671072
-55.7 0.671939
-55.5 0.672822
-55.3 0.673679
-55.1 0.67453
-54.9 0.675389
-54.7 0.676241
-54.5 0.677101
-54.3 0.677956
-54.1 0.678845
-53.9 0.679705
-53.7 0.680573
-53.5 0.681438
-53.3 0.682328
-53.1 0.6832
-52.9 0.684074
-52.7 0.684948
-52.5 0.685823
-52.3 0.68666
-52.1 0.687544
-51.9 0.688432
-51.7 0.689307
-51.5 0.690165
-51.3 0.69103
-51.1 0.69191
-50.9 0.692781
-50.7 0.693665
-50.5 0.694524
-50.3 0.695414
-50.1 0.696289
-49.9 0.697131
-49.7 0.697993
-49.5 0.698849
-49.3 0.699703
-49.1 0.700546
-48.9 0.701406
-48.7 0.702296
-48.5 0.70312
-48.3 0.703992
-48.1 0.704851
-47.9 0.705705
-47.7 0.706583
-47.5 0.70747
-47.3 0.708339
-47.1 0.70922
-46.9 0.710091
-46.7 0.710936
-46.5 0.711815
-46.3 0.712691
-46.1 0.71354
-45.9 0.714421
-45.7 0.715299
-45.5 0.716175
-45.3 0.71705
-45.1 0.717928
-44.9 0.718788
-44.7 0.719622
-44.5 0.720492
-44.3 0.721372
-44.1 0.722226
-43.9 0.72311
-43.7 0.723948
-43.5 0.724835
-43.3 0.725677
-43.1 0.726511
-42.9 0.727351
-42.7 0.72821
-42.5 0.729051
-42.3 0.729918
-42.1 0.730808
-41.9 0.731658
-41.7 0.732527
-41.5 0.733398
-41.3 0.734269
-41.1 0.735151
-40.9 0.736031
-40.7 0.736889
-40.5 0.737773
-40.3 0.738628
-40.1 0.739505
-39.9 0.740391
-39.7 0.741274
-39.5 0.742116
-39.3 0.742984
-39.1 0.74382
-38.9 0.744683
-38.7 0.745559
-38.5 0.74637
-38.3 0.74721
-38.1 0.748046
-37.9 0.748915
-37.7 0.749757
-37.5 0.750613
-37.3 0.751471
-37.1 0.752326
-36.9 0.753187
-36.7 0.754036
-36.5 0.754889
-36.3 0.75576
-36.1 0.756638
-35.9 0.757515
-35.7 0.758346
-35.5 0.759225
-35.3 0.760088
-35.1 0.760949
-34.9 0.761779
-34.7 0.762636
-34.5 0.763495
-34.3 0.764356
-34.1 0.765218
-33.9 0.766093
-33.7 0.766964
-33.5 0.767825
-33.3 0.768712
-33.1 0.769582
-32.9 0.770426
-32.7 0.771274
-32.5 0.772161
-32.3 0.773054
-32.1 0.77394
-31.9 0.774797
-31.7 0.775655
-31.5 0.776495
-31.3 0.77737
-31.1 0.778253
-30.9 0.779119
-30.7 0.780008
-30.5 0.780868
-30.3 0.78172
-30.1 0.782576
-29.9 0.783416
-29.7 0.784282
-29.5 0.785147
-29.3 0.786006
-29.1 0.786849
-28.9 0.787717
-28.7 0.788575
-28.5 0.789447
-28.3 0.790311
-28.1 0.791178
-27.9 0.792037
-27.7 0.79289
-27.5 0.793769
-27.3 0.794665
-27.1 0.795523
-26.9 0.796391
-26.7 0.797257
-26.5 0.798149
-26.3 0.799007
-26.1 0.799895
-25.9 0.800745
-25.7 0.801618
-25.5 0.802479
-25.3 0.803331
-25.1 0.804207
-24.9 0.805056
-24.7 0.805908
-24.5 0.806758
-24.3 0.807623
-24.1 0.808499
-23.9 0.809361
-23.7 0.810219
-23.5 0.811097
-23.3 0.81197
-23.1 0.812832
-22.9 0.813715
-22.7 0.814565
-22.5 0.815408
-22.3 0.816251
-22.1 0.817113
-21.9 0.817965
-21.7 0.818849
-21.5 0.81973
-21.3 0.820589
-21.1 0.821459
-20.9 0.82231
-20.7 0.823151
-20.5 0.823989
-20.3 0.824855
-20.1 0.825736
-19.9 0.826627
-19.7 0.82751
-19.5 0.828386
-19.3 0.82924
-19.1 0.830089
-18.9 0.830955
-18.7 0.831823
-18.5 0.832691
-18.3 0.833566
-18.1 0.834436
-17.9 0.835295
-17.7 0.836163
-17.5 0.837003
-17.3 0.837882
-17.1 0.838739
-16.9 0.839592
-16.7 0.840444
-16.5 0.841297
-16.3 0.842157
-16.1 0.843009
-15.9 0.843886
-15.7 0.844761
-15.5 0.845636
-15.3 0.84649
-15.1 0.847356
-14.9 0.848222
-14.7 0.849086
-14.5 0.849975
-14.3 0.850833
-14.1 0.851696
-13.9 0.852545
-13.7 0.853408
-13.5 0.854264
-13.3 0.855145
-13.1 0.856001
-12.9 0.856847
-12.7 0.857691
-12.5 0.858539
-12.3 0.859397
-12.1 0.86025
-11.9 0.861125
-11.7 0.861972
-11.5 0.862813
-11.3 0.863655
-11.1 0.864509
-10.9 0.865395
-10.7 0.866261
-10.5 0.867152
-10.3 0.868003
-10.1 0.868865
-9.9 0.869733
-9.7 0.870621
-9.5 0.871487
-9.3 0.872376
-9.1 0.873251
-8.9 0.874119
-8.7 0.874958
-8.5 0.875817
-8.3 0.876657
-8.1 0.877542
-7.9 0.878425
-7.7 0.87927
-7.5 0.88013
-7.3 0.881006
-7.1 0.881882
-6.9 0.882725
-6.7 0.883577
-6.5 0.88444
-6.3 0.885317
-6.1 0.886159
-5.9 0.88702
-5.7 0.887878
-5.5 0.888715
-5.3 0.889565
-5.1 0.890433
-4.9 0.891319
-4.7 0.892185
-4.5 0.893027
-4.3 0.893885
-4.1 0.894749
-3.9 0.895628
-3.7 0.896495
-3.5 0.897345
-3.3 0.898206
-3.1 0.899065
-2.9 0.899915
-2.7 0.900759
-2.5 0.901612
-2.3 0.902458
-2.1 0.903338
-1.9 0.904188
-1.7 0.905042
-1.5 0.905921
-1.3 0.906791
-1.1 0.90764
-0.899999 0.908491
-0.699999 0.909365
-0.499999 0.910231
-0.299999 0.911076
-0.0999994 0.911945
0.100001 0.912824
0.300001 0.913685
0.500001 0.914537
0.700001 0.915401
0.900001 0.916252
1.1 0.917101
1.3 0.917971
1.5 0.918821
1.7 0.91968
1.9 0.920554
2.1 0.921398
2.3 0.922256
2.5 0.923106
2.7 0.923951
2.9 0.924832
3.1 0.9257
3.3 0.926552
3.5 0.92742
3.7 0.928278
3.9 0.929136
4.1 0.929984
4.3 0.930797
4.5 0.931631
4.7 0.932501
4.9 0.933371
5.1 0.934212
5.3 0.935069
5.5 0.935919
5.7 0.936804
5.9 0.937646
6.1 0.938501
6.3 0.93937
6.5 0.940226
6.7 0.941053
6.9 0.941898
7.1 0.942757
7.3 0.943608
7.5 0.944437
7.7 0.945309
7.9 0.946146
8.1 0.94697
8.3 0.94783
8.5 0.948679
8.7 0.949496
8.9 0.950338
9.1 0.951189
9.3 0.952008
9.5 0.952836
9.7 0.953626
9.9 0.954434
10.1 0.955257
10.3 0.956049
10.5 0.956847
10.7 0.957653
10.9 0.958443
11.1 0.959257
11.3 0.960028
11.5 0.960804
11.7 0.961573
11.9 0.962355
12.1 0.963121
12.3 0.963903
12.5 0.964676
12.7 0.965414
12.9 0.966157
13.1 0.966908
13.3 0.967638
13.5 0.968363
13.7 0.969088
13.9 0.969806
14.1 0.97051
14.3 0.971214
14.5 0.971918
14.7 0.972603
14.9 0.97329
15.1 0.973972
15.3 0.974643
15.5 0.975297
15.7 0.975898
15.9 0.976536
16.1 0.977165
16.3 0.977783
16.5 0.978412
16.7 0.978992
16.9 0.979571
17.1 0.980135
17.3 0.980677
17.5 0.981237
17.7 0.981781
17.9 0.982331
18.1 0.982867
18.3 0.983379
18.5 0.983903
18.7 0.984393
18.9 0.984874
19.1 0.985334
19.3 0.985795
19.5 0.986248
19.7 0.986712
19.9 0.987142
20.1 0.987569
20.3 0.987993
20.5 0.988407
20.7 0.988792
20.9 0.989196
21.1 0.989571
21.3 0.989936
21.5 0.990295
21.7 0.990656
21.9 0.991001
22.1 0.991335
22.3 0.991669
22.5 0.991986
22.7 0.992284
22.9 0.992581
23.1 0.992877
23.3 0.993154
23.5 0.993434
23.7 0.993701
23.9 0.993958
24.1 0.994208
24.3 0.994453
24.5 0.994687
24.7 0.994919
24.9 0.995141
25.1 0.995351
25.3 0.995563
25.5 0.995763
25.7 0.995951
25.9 0.996144
26.1 0.996314
26.3 0.996492
26.5 0.996662
26.7 0.99682
26.9 0.996979
27.1 0.997125
27.3 0.997262
27.5 0.997398
27.7 0.997529
27.9 0.99765
28.1 0.997783
28.3 0.9979
28.5 0.998011
28.7 0.998109
28.9 0.998213
29.1 0.998311
29.3 0.998404
29.5 0.998488
29.7 0.998564
29.9 0.998641
30.1 0.998716
30.3 0.998787
30.5 0.99885
30.7 0.998911
30.9 0.998979
31.1 0.999038
31.3 0.999088
31.5 0.999136
31.7 0.999183
31.9 0.999227
32.1 0.999265
32.3 0.999308
32.5 0.999345
32.7 0.999379
32.9 0.999415
33.1 0.999446
33.3 0.999471
33.5 0.999498
33.7 0.999519
33.9 0.999541
34.1 0.999562
34.3 0.999586
34.5 0.999606
34.7 0.999624
34.9 0.999642
35.1 0.999657
35.3 0.999676
35.5 0.999688
35.7 0.999703
35.9 0.999714
36.1 0.999724
36.3 0.999734
36.5 0.999741
36.7 0.99975
36.9 0.99976
37.1 0.999766
37.3 0.999778
37.5 0.999786
37.7 0.999795
37.9 0.999803
38.1 0.999809
38.3 0.999815
38.5 0.999823
38.7 0.999829
38.9 0.999833
39.1 0.999837
39.3 0.999841
39.5 0.999845
39.7 0.999849
39.9 0.999853
40.1 0.999858
40.3 0.999862
40.5 0.999866
40.7 0.999869
40.9 0.999871
41.1 0.999875
41.3 0.999878
41.5 0.999882
41.7 0.999884
41.9 0.999886
42.1 0.999889
42.3 0.999893
42.5 0.999898
42.7 0.9999
42.9 0.999904
43.1 0.999907
43.3 0.99991
43.5 0.999914
43.7 0.999916
43.9 0.999919
44.1 0.999922
44.3 0.999925
44.5 0.999927
44.7 0.99993
44.9 0.999932
45.1 0.999935
45.3 0.999938
45.5 0.999942
45.7 0.999943
45.9 0.999947
46.1 0.999951
46.3 0.999954
46.5 0.999957
46.7 0.99996
46.9 0.999963
47.1 0.999963
47.3 0.999966
47.5 0.999968
47.7 0.999971
47.9 0.999973
48.1 0.999976
48.3 0.999978
48.5 0.99998
48.7 0.999983
48.9 0.999985
49.1 0.999988
49.3 0.999991
49.5 0.999994
49.7 0.999996
49.9 0.999999
50.1 1
