1456
-1591.3 8.89783e-06
-1591.1 8.89783e-06
-1590.9 8.89783e-06
-1590.7 8.89783e-06
-1590.5 8.89783e-06
-1590.3 8.89783e-06
-1590.1 1.77957e-05
-1589.9 1.77957e-05
-1589.7 1.77957e-05
-1589.5 1.77957e-05
-1589.3 1.77957e-05
-1589.1 1.77957e-05
-1588.9 1.77957e-05
-1588.7 1.77957e-05
-1588.5 1.77957e-05
-1588.3 1.77957e-05
-1588.1 1.77957e-05
-1587.9 1.77957e-05
-1587.7 1.77957e-05
-1587.5 1.77957e-05
-1587.3 1.77957e-05
-1587.1 1.77957e-05
-1586.9 1.77957e-05
-1586.7 1.77957e-05
-1586.5 1.77957e-05
-1586.3 1.77957e-05
-1586.1 1.77957e-05
-1585.9 2.66935e-05
-1585.7 2.66935e-05
-1585.5 2.66935e-05
-1585.3 2.66935e-05
-1585.1 2.66935e-05
-1584.9 2.66935e-05
-1584.7 2.66935e-05
-1584.5 2.66935e-05
-1584.3 2.66935e-05
-1584.1 2.66935e-05
-1583.9 2.66935e-05
-1583.7 2.66935e-05
-1583.5 2.66935e-05
-1583.3 2.66935e-05
-1583.1 2.66935e-05
-1582.9 2.66935e-05
-1582.7 2.66935e-05
-1582.5 2.66935e-05
-1582.3 3.55913e-05
-1582.1 4.44891e-05
-1581.9 4.44891e-05
-1581.7 5.3387e-05
-1581.5 5.3387e-05
-1581.3 5.3387e-05
-1581.1 5.3387e-05
-1580.9 5.3387e-05
-1580.7 5.3387e-05
-1580.5 5.3387e-05
-1580.3 5.3387e-05
-1580.1 5.3387e-05
-1579.9 5.3387e-05
-1579.7 5.3387e-05
-1579.5 5.3387e-05
-1579.3 5.3387e-05
-1579.1 5.3387e-05
-1578.9 5.3387e-05
-1578.7 5.3387e-05
-1578.5 5.3387e-05
-1578.3 5.3387e-05
-1578.1 5.3387e-05
-1577.9 5.3387e-05
-1577.7 5.3387e-05
-1577.5 5.3387e-05
-1577.3 6.22848e-05
-1577.1 6.22848e-05
-1576.9 6.22848e-05
-1576.7 6.22848e-05
-1576.5 6.22848e-05
-1576.3 6.22848e-05
-1576.1 6.22848e-05
-1575.9 6.22848e-05
-1575.7 6.22848e-05
-1575.5 6.22848e-05
-1575.3 7.11826e-05
-1575.1 7.11826e-05
-1574.9 7.11826e-05
-1574.7 7.11826e-05
-1574.5 7.11826e-05
-1574.3 7.11826e-05
-1574.1 7.11826e-05
-1573.9 7.11826e-05
-1573.7 7.11826e-05
-1573.5 7.11826e-05
-1573.3 7.11826e-05
-1573.1 7.11826e-05
-1572.9 7.11826e-05
-1572.7 7.11826e-05
-1572.5 7.11826e-05
-1572.3 7.11826e-05
-1572.1 7.11826e-05
-1571.9 7.11826e-05
-1571.7 7.11826e-05
-1571.5 7.11826e-05
-1571.3 7.11826e-05
-1571.1 7.11826e-05
-1570.9 7.11826e-05
-1570.7 7.11826e-05
-1570.5 7.11826e-05
-1570.3 7.11826e-05
-1570.1 7.11826e-05
-1569.9 7.11826e-05
-1569.7 7.11826e-05
-1569.5 7.11826e-05
-1569.3 8.00804e-05
-1569.1 8.00804e-05
-1568.9 8.00804e-05
-1568.7 8.00804e-05
-1568.5 8.00804e-05
-1568.3 8.00804e-05
-1568.1 8.00804e-05
-1567.9 8.00804e-05
-1567.7 8.00804e-05
-1567.5 8.00804e-05
-1567.3 8.00804e-05
-1567.1 8.00804e-05
-1566.9 8.00804e-05
-1566.7 8.00804e-05
-1566.5 8.00804e-05
-1566.3 8.00804e-05
-1566.1 8.00804e-05
-1565.9 8.00804e-05
-1565.7 8.00804e-05
-1565.5 8.00804e-05
-1565.3 8.00804e-05
-1565.1 8.89783e-05
-1564.9 8.89783e-05
-1564.7 8.89783e-05
-1564.5 8.89783e-05
-1564.3 8.89783e-05
-1564.1 8.89783e-05
-1563.9 8.89783e-05
-1563.7 8.89783e-05
-1563.5 8.89783e-05
-1563.3 8.89783e-05
-1563.1 9.78761e-05
-1562.9 9.78761e-05
-1562.7 0.000115672
-1562.5 0.000115672
-1562.3 0.000115672
-1562.1 0.000115672
-1561.9 0.000115672
-1561.7 0.00012457
-1561.5 0.00012457
-1561.3 0.000142365
-1561.1 0.000160161
-1560.9 0.000160161
-1560.7 0.000177957
-1560.5 0.000195752
-1560.3 0.000213548
-1560.1 0.000249139
-1559.9 0.000266935
-1559.7 0.000338117
-1559.5 0.0004093
-1559.3 0.000471585
-1559.1 0.000560563
-1558.9 0.000631746
-1558.7 0.00073852
-1558.5 0.000863089
-1558.3 0.00100545
-1558.1 0.001219
-1557.9 0.00141475
-1557.7 0.00161051
-1557.5 0.00179736
-1557.3 0.00201981
-1557.1 0.00226005
-1556.9 0.0024647
-1556.7 0.00278502
-1556.5 0.00317652
-1556.3 0.00362142
-1556.1 0.00401292
-1555.9 0.0045201
-1555.7 0.00497388
-1555.5 0.00538318
-1555.3 0.00595265
-1555.1 0.00651321
-1554.9 0.00702038
-1554.7 0.0077678
-1554.5 0.00843514
-1554.3 0.00926264
-1554.1 0.0101079
-1553.9 0.0109621
-1553.7 0.011754
-1553.5 0.0127061
-1553.3 0.0135959
-1553.1 0.0146458
-1552.9 0.0156335
-1552.7 0.0165233
-1552.5 0.0175109
-1552.3 0.0185253
-1552.1 0.0196197
-1551.9 0.0206697
-1551.7 0.0218442
-1551.5 0.022992
-1551.3 0.0242288
-1551.1 0.0253321
-1550.9 0.0267647
-1550.7 0.0280459
-1550.5 0.0290959
-1550.3 0.0303238
-1550.1 0.0314894
-1549.9 0.0327707
-1549.7 0.0339986
-1549.5 0.0354222
-1549.3 0.0366146
-1549.1 0.0377891
-1548.9 0.0393106
-1548.7 0.0406631
-1548.5 0.0421579
-1548.3 0.0436883
-1548.1 0.0451476
-1547.9 0.046856
-1547.7 0.0482885
-1547.5 0.0496321
-1547.3 0.0508244
-1547.1 0.0524794
-1546.9 0.0538407
-1546.7 0.0551754
-1546.5 0.056608
-1546.3 0.0578715
-1546.1 0.0590905
-1545.9 0.0605764
-1545.7 0.0617865
-1545.5 0.0632102
-1545.3 0.0645181
-1545.1 0.0658706
-1544.9 0.0671964
-1544.7 0.0685311
-1544.5 0.0698212
-1544.3 0.0712449
-1544.1 0.0724639
-1543.9 0.0736829
-1543.7 0.0749286
-1543.5 0.0761209
-1543.3 0.0775446
-1543.1 0.0788881
-1542.9 0.0801338
-1542.7 0.0813973
-1542.5 0.0825718
-1542.3 0.0837641
-1542.1 0.0848675
-1541.9 0.0861132
-1541.7 0.087261
-1541.5 0.0884889
-1541.3 0.089699
-1541.1 0.0907845
-1540.9 0.0920302
-1540.7 0.0933293
-1540.5 0.0946373
-1540.3 0.0957139
-1540.1 0.0969329
-1539.9 0.0980718
-1539.7 0.0990951
-1539.5 0.100279
-1539.3 0.101426
-1539.1 0.102521
-1538.9 0.103722
-1538.7 0.104834
-1538.5 0.106133
-1538.3 0.107174
-1538.1 0.108198
-1537.9 0.109345
-1537.7 0.110395
-1537.5 0.111392
-1537.3 0.112299
-1537.1 0.113234
-1536.9 0.114328
-1536.7 0.115254
-1536.5 0.116303
-1536.3 0.117345
-1536.1 0.118323
-1535.9 0.119364
-1535.7 0.120325
-1535.5 0.121295
-1535.3 0.122238
-1535.1 0.123262
-1534.9 0.124214
-1534.7 0.125184
-1534.5 0.126073
-1534.3 0.126999
-1534.1 0.127986
-1533.9 0.128849
-1533.7 0.129748
-1533.5 0.130691
-1533.3 0.131385
-1533.1 0.132248
-1532.9 0.133165
-1532.7 0.134108
-1532.5 0.135069
-1532.3 0.135914
-1532.1 0.136866
-1531.9 0.137845
-1531.7 0.138993
-1531.5 0.139865
-1531.3 0.140844
-1531.1 0.141778
-1530.9 0.14257
-1530.7 0.143558
-1530.5 0.144394
-1530.3 0.145204
-1530.1 0.146218
-1529.9 0.147037
-1529.7 0.147846
-1529.5 0.148781
-1529.3 0.149626
-1529.1 0.150649
-1528.9 0.151672
-1528.7 0.152589
-1528.5 0.15347
-1528.3 0.154422
-1528.1 0.155534
-1527.9 0.156691
-1527.7 0.157687
-1527.5 0.15863
-1527.3 0.159529
-1527.1 0.160766
-1526.9 0.161745
-1526.7 0.162732
-1526.5 0.163773
-1526.3 0.164832
-1526.1 0.165811
-1525.9 0.166736
-1525.7 0.167742
-1525.5 0.168703
-1525.3 0.169628
-1525.1 0.17058
-1524.9 0.171586
-1524.7 0.172511
-1524.5 0.173552
-1524.3 0.174531
-1524.1 0.175519
-1523.9 0.176542
-1523.7 0.177627
-1523.5 0.178535
-1523.3 0.179531
-1523.1 0.180661
-1522.9 0.181631
-1522.7 0.182566
-1522.5 0.183598
-1522.3 0.184425
-1522.1 0.185271
-1521.9 0.18616
-1521.7 0.187032
-1521.5 0.187886
-1521.3 0.188776
-1521.1 0.189648
-1520.9 0.190413
-1520.7 0.19133
-1520.5 0.192389
-1520.3 0.193243
-1520.1 0.194079
-1519.9 0.194853
-1519.7 0.195672
-1519.5 0.196402
-1519.3 0.197042
-1519.1 0.197763
-1518.9 0.198599
-1518.7 0.199258
-1518.5 0.200237
-1518.3 0.201046
-1518.1 0.201723
-1517.9 0.202497
-1517.7 0.203173
-1517.5 0.204027
-1517.3 0.204819
-1517.1 0.205442
-1516.9 0.206225
-1516.7 0.206937
-1516.5 0.207684
-1516.3 0.208618
-1516.1 0.209384
-1515.9 0.210238
-1515.7 0.210896
-1515.5 0.211608
-1515.3 0.212275
-1515.1 0.213076
-1514.9 0.213922
-1514.7 0.214785
-1514.5 0.215541
-1514.3 0.21619
-1514.1 0.217062
-1513.9 0.217854
-1513.7 0.218628
-1513.5 0.21934
-1513.3 0.220114
-1513.1 0.220915
-1512.9 0.221769
-1512.7 0.222499
-1512.5 0.223273
-1512.3 0.223994
-1512.1 0.224759
-1511.9 0.225533
-1511.7 0.226307
-1511.5 0.226975
-1511.3 0.22774
-1511.1 0.228434
-1510.9 0.229235
-1510.7 0.229911
-1510.5 0.230623
-1510.3 0.231299
-1510.1 0.232126
-1509.9 0.232954
-1509.7 0.233808
-1509.5 0.234867
-1509.3 0.23581
-1509.1 0.236682
-1508.9 0.237572
-1508.7 0.238497
-1508.5 0.239467
-1508.3 0.240357
-1508.1 0.241576
-1507.9 0.242706
-1507.7 0.243587
-1507.5 0.244628
-1507.3 0.245696
-1507.1 0.246808
-1506.9 0.247956
-1506.7 0.249095
-1506.5 0.250251
-1506.3 0.251506
-1506.1 0.252609
-1505.9 0.253722
-1505.7 0.254878
-1505.5 0.255919
-1505.3 0.256996
-1505.1 0.258215
-1504.9 0.259532
-1504.7 0.260671
-1504.5 0.26189
-1504.3 0.26286
-1504.1 0.264043
-1503.9 0.265155
-1503.7 0.266232
-1503.5 0.267433
-1503.3 0.268376
-1503.1 0.269284
-1502.9 0.270254
-1502.7 0.271099
-1502.5 0.272256
-1502.3 0.27311
-1502.1 0.273982
-1501.9 0.274872
-1501.7 0.275512
-1501.5 0.276402
-1501.3 0.277336
-1501.1 0.278119
-1500.9 0.27884
-1500.7 0.279721
-1500.5 0.280486
-1500.3 0.281136
-1500.1 0.281785
-1499.9 0.282479
-1499.7 0.283067
-1499.5 0.283778
-1499.3 0.284517
-1499.1 0.285344
-1498.9 0.286038
-1498.7 0.286804
-1498.5 0.287373
-1498.3 0.288094
-1498.1 0.288734
-1497.9 0.289384
-1497.7 0.290203
-1497.5 0.290995
-1497.3 0.291644
-1497.1 0.292276
-1496.9 0.293014
-1496.7 0.293708
-1496.5 0.294385
-1496.3 0.294954
-1496.1 0.295595
-1495.9 0.296235
-1495.7 0.297018
-1495.5 0.297828
-1495.3 0.298567
-1495.1 0.299358
-1494.9 0.300186
-1494.7 0.300996
-1494.5 0.301761
-1494.3 0.30241
-1494.1 0.30322
-1493.9 0.304065
-1493.7 0.305053
-1493.5 0.305996
-1493.3 0.306931
-1493.1 0.307865
-1492.9 0.308924
-1492.7 0.309902
-1492.5 0.311015
-1492.3 0.311931
-1492.1 0.312883
-1491.9 0.31396
-1491.7 0.315028
-1491.5 0.316184
-1491.3 0.317127
-1491.1 0.318249
-1490.9 0.319432
-1490.7 0.320375
-1490.5 0.321559
-1490.3 0.32252
-1490.1 0.323561
-1489.9 0.324682
-1489.7 0.325803
-1489.5 0.326817
-1489.3 0.328072
-1489.1 0.329282
-1488.9 0.330118
-1488.7 0.331204
-1488.5 0.332325
-1488.3 0.333499
-1488.1 0.33446
-1487.9 0.335519
-1487.7 0.336694
-1487.5 0.337761
-1487.3 0.33874
-1487.1 0.339817
-1486.9 0.340796
-1486.7 0.341792
-1486.5 0.3427
-1486.3 0.343527
-1486.1 0.344399
-1485.9 0.345405
-1485.7 0.346517
-1485.5 0.347407
-1485.3 0.348403
-1485.1 0.349329
-1484.9 0.350094
-1484.7 0.35085
-1484.5 0.35158
-1484.3 0.35247
-1484.1 0.353324
-1483.9 0.354151
-1483.7 0.354979
-1483.5 0.355815
-1483.3 0.356705
-1483.1 0.357648
-1482.9 0.358574
-1482.7 0.359392
-1482.5 0.360166
-1482.3 0.360967
-1482.1 0.361857
-1481.9 0.362622
-1481.7 0.363361
-1481.5 0.364144
-1481.3 0.364971
-1481.1 0.365852
-1480.9 0.366662
-1480.7 0.367231
-1480.5 0.367881
-1480.3 0.36869
-1480.1 0.369349
-1479.9 0.370167
-1479.7 0.370924
-1479.5 0.371529
-1479.3 0.372338
-1479.1 0.373077
-1478.9 0.373869
-1478.7 0.374598
-1478.5 0.375444
-1478.3 0.376031
-1478.1 0.376796
-1477.9 0.377597
-1477.7 0.37822
-1477.5 0.378887
-1477.3 0.379759
-1477.1 0.380542
-1476.9 0.381218
-1476.7 0.382082
-1476.5 0.383078
-1476.3 0.384101
-1476.1 0.384956
-1475.9 0.38581
-1475.7 0.386441
-1475.5 0.387296
-1475.3 0.388355
-1475.1 0.389191
-1474.9 0.390161
-1474.7 0.391104
-1474.5 0.392092
-1474.3 0.393044
-1474.1 0.394014
-1473.9 0.395099
-1473.7 0.396007
-1473.5 0.397021
-1473.3 0.398053
-1473.1 0.399201
-1472.9 0.400153
-1472.7 0.401265
-1472.5 0.402511
-1472.3 0.403534
-1472.1 0.404406
-1471.9 0.405474
-1471.7 0.406542
-1471.5 0.407663
-1471.3 0.408668
-1471.1 0.409834
-1470.9 0.410777
-1470.7 0.411791
-1470.5 0.412832
-1470.3 0.413678
-1470.1 0.414532
-1469.9 0.415493
-1469.7 0.416507
-1469.5 0.417388
-1469.3 0.418251
-1469.1 0.419123
-1468.9 0.420075
-1468.7 0.420876
-1468.5 0.421837
-1468.3 0.422709
-1468.1 0.423821
-1467.9 0.424586
-1467.7 0.425512
-1467.5 0.426491
-1467.3 0.427478
-1467.1 0.42827
-1466.9 0.429098
-1466.7 0.429979
-1466.5 0.43094
-1466.3 0.431865
-1466.1 0.432586
-1465.9 0.433351
-1465.7 0.434116
-1465.5 0.435006
-1465.3 0.435709
-1465.1 0.436429
-1464.9 0.437195
-1464.7 0.437995
-1464.5 0.438743
-1464.3 0.439535
-1464.1 0.440505
-1463.9 0.441323
-1463.7 0.44216
-1463.5 0.442987
-1463.3 0.44393
-1463.1 0.444758
-1462.9 0.445505
-1462.7 0.446333
-1462.5 0.447196
-1462.3 0.448014
-1462.1 0.448922
-1461.9 0.449919
-1461.7 0.450639
-1461.5 0.451351
-1461.3 0.452054
-1461.1 0.452819
-1460.9 0.453611
-1460.7 0.454332
-1460.5 0.455142
-1460.3 0.455889
-1460.1 0.456734
-1459.9 0.4575
-1459.7 0.458372
-1459.5 0.459074
-1459.3 0.459706
-1459.1 0.460667
-1458.9 0.461557
-1458.7 0.462358
-1458.5 0.463239
-1458.3 0.464022
-1458.1 0.464796
-1457.9 0.465552
-1457.7 0.466442
-1457.5 0.467216
-1457.3 0.467981
-1457.1 0.469111
-1456.9 0.47001
-1456.7 0.470935
-1456.5 0.471674
-1456.3 0.472555
-1456.1 0.473409
-1455.9 0.474192
-1455.7 0.475117
-1455.5 0.475954
-1455.3 0.476781
-1455.1 0.4776
-1454.9 0.478383
-1454.7 0.479317
-1454.5 0.480189
-1454.3 0.481114
-1454.1 0.4822
-1453.9 0.483152
-1453.7 0.484211
-1453.5 0.485101
-1453.3 0.485892
-1453.1 0.486818
-1452.9 0.487823
-1452.7 0.488713
-1452.5 0.489505
-1452.3 0.49051
-1452.1 0.491525
-1451.9 0.492593
-1451.7 0.493589
-1451.5 0.494577
-1451.3 0.495315
-1451.1 0.496232
-1450.9 0.497237
-1450.7 0.498198
-1450.5 0.499221
-1450.3 0.500325
-1450.1 0.501339
-1449.9 0.502273
-1449.7 0.503172
-1449.5 0.504053
-1449.3 0.504863
-1449.1 0.505779
-1448.9 0.50674
-1448.7 0.50763
-1448.5 0.508502
-1448.3 0.509285
-1448.1 0.510032
-1447.9 0.510922
-1447.7 0.511767
-1447.5 0.512417
-1447.3 0.513182
-1447.1 0.514108
-1446.9 0.514864
-1446.7 0.515496
-1446.5 0.516403
-1446.3 0.517231
-1446.1 0.518005
-1445.9 0.518859
-1445.7 0.519749
-1445.5 0.520532
-1445.3 0.521404
-1445.1 0.522391
-1444.9 0.523263
-1444.7 0.524002
-1444.5 0.524687
-1444.3 0.525408
-1444.1 0.526226
-1443.9 0.527045
-1443.7 0.527846
-1443.5 0.528789
-1443.3 0.529554
-1443.1 0.530266
-1442.9 0.531156
-1442.7 0.531805
-1442.5 0.532766
-1442.3 0.53362
-1442.1 0.534457
-1441.9 0.535249
-1441.7 0.536272
-1441.5 0.537073
-1441.3 0.5379
-1441.1 0.538674
-1440.9 0.539529
-1440.7 0.540312
-1440.5 0.541095
-1440.3 0.541975
-1440.1 0.542776
-1439.9 0.543773
-1439.7 0.544529
-1439.5 0.545259
-1439.3 0.546149
-1439.1 0.547056
-1438.9 0.547884
-1438.7 0.548845
-1438.5 0.549779
-1438.3 0.550767
-1438.1 0.551754
-1437.9 0.552626
-1437.7 0.553383
-1437.5 0.55413
-1437.3 0.554851
-1437.1 0.555678
-1436.9 0.556523
-1436.7 0.557351
-1436.5 0.55825
-1436.3 0.559175
-1436.1 0.560074
-1435.9 0.560955
-1435.7 0.56196
-1435.5 0.562832
-1435.3 0.563642
-1435.1 0.564647
-1434.9 0.565448
-1434.7 0.566462
-1434.5 0.567379
-1434.3 0.56826
-1434.1 0.569132
-1433.9 0.570102
-1433.7 0.571045
-1433.5 0.571899
-1433.3 0.572887
-1433.1 0.57383
-1432.9 0.574746
-1432.7 0.575609
-1432.5 0.576722
-1432.3 0.577656
-1432.1 0.578465
-1431.9 0.57924
-1431.7 0.580245
-1431.5 0.581242
-1431.3 0.582194
-1431.1 0.58319
-1430.9 0.584107
-1430.7 0.584979
-1430.5 0.586002
-1430.3 0.586794
-1430.1 0.587648
-1429.9 0.58852
-1429.7 0.58941
-1429.5 0.590237
-1429.3 0.5911
-1429.1 0.591999
-1428.9 0.592916
-1428.7 0.593805
-1428.5 0.594766
-1428.3 0.595656
-1428.1 0.596492
-1427.9 0.59748
-1427.7 0.598352
-1427.5 0.599375
-1427.3 0.600212
-1427.1 0.601066
-1426.9 0.60184
-1426.7 0.60289
-1426.5 0.603682
-1426.3 0.604527
-1426.1 0.605479
-1425.9 0.606227
-1425.7 0.607019
-1425.5 0.607997
-1425.3 0.608754
-1425.1 0.609635
-1424.9 0.610631
-1424.7 0.611708
-1424.5 0.612473
-1424.3 0.613309
-1424.1 0.614075
-1423.9 0.614973
-1423.7 0.615827
-1423.5 0.616735
-1423.3 0.617456
-1423.1 0.618283
-1422.9 0.619093
-1422.7 0.620036
-1422.5 0.620801
-1422.3 0.621611
-1422.1 0.622483
-1421.9 0.623302
-1421.7 0.624022
-1421.5 0.624992
-1421.3 0.625846
-1421.1 0.626709
-1420.9 0.627573
-1420.7 0.628471
-1420.5 0.629272
-1420.3 0.629913
-1420.1 0.630847
-1419.9 0.631488
-1419.7 0.632288
-1419.5 0.633071
-1419.3 0.633837
-1419.1 0.634682
-1418.9 0.635358
-1418.7 0.636186
-1418.5 0.636915
-1418.3 0.637681
-1418.1 0.638464
-1417.9 0.639291
-1417.7 0.640163
-1417.5 0.64091
-1417.3 0.641969
-1417.1 0.642859
-1416.9 0.643624
-1416.7 0.644559
-1416.5 0.64535
-1416.3 0.64624
-1416.1 0.647041
-1415.9 0.647931
-1415.7 0.649079
-1415.5 0.649871
-1415.3 0.650823
-1415.1 0.651819
-1414.9 0.652762
-1414.7 0.653634
-1414.5 0.65448
-1414.3 0.655494
-1414.1 0.656428
-1413.9 0.657309
-1413.7 0.658137
-1413.5 0.658937
-1413.3 0.659863
-1413.1 0.66077
-1412.9 0.661544
-1412.7 0.662461
-1412.5 0.663324
-1412.3 0.664294
-1412.1 0.665184
-1411.9 0.666269
-1411.7 0.667364
-1411.5 0.668253
-1411.3 0.669045
-1411.1 0.669837
-1410.9 0.670727
-1410.7 0.671608
-1410.5 0.672524
-1410.3 0.673423
-1410.1 0.674313
-1409.9 0.675363
-1409.7 0.67619
-1409.5 0.677169
-1409.3 0.67813
-1409.1 0.678984
-1408.9 0.67991
-1408.7 0.680817
-1408.5 0.681556
-1408.3 0.682374
-1408.1 0.683282
-1407.9 0.684127
-1407.7 0.685053
-1407.5 0.686094
-1407.3 0.686957
-1407.1 0.687749
-1406.9 0.688665
-1406.7 0.689617
-1406.5 0.690311
-1406.3 0.691139
-1406.1 0.691993
-1405.9 0.692678
-1405.7 0.693541
-1405.5 0.694351
-1405.3 0.695187
-1405.1 0.695908
-1404.9 0.696744
-1404.7 0.697483
-1404.5 0.698346
-1404.3 0.699049
-1404.1 0.699832
-1403.9 0.700722
-1403.7 0.701602
-1403.5 0.702581
-1403.3 0.703382
-1403.1 0.704147
-1402.9 0.704957
-1402.7 0.70574
-1402.5 0.706621
-1402.3 0.707306
-1402.1 0.708151
-1401.9 0.70905
-1401.7 0.710073
-1401.5 0.71107
-1401.3 0.711853
-1401.1 0.712707
-1400.9 0.713686
-1400.7 0.714549
-1400.5 0.715367
-1400.3 0.716328
-1400.1 0.717138
-1399.9 0.717983
-1399.7 0.719033
-1399.5 0.719799
-1399.3 0.720697
-1399.1 0.721569
-1398.9 0.722468
-1398.7 0.723331
-1398.5 0.724141
-1398.3 0.724915
-1398.1 0.725983
-1397.9 0.726899
-1397.7 0.727798
-1397.5 0.728696
-1397.3 0.729577
-1397.1 0.730476
-1396.9 0.73133
-1396.7 0.732167
-1396.5 0.733154
-1396.3 0.733857
-1396.1 0.734756
-1395.9 0.735859
-1395.7 0.736731
-1395.5 0.737656
-1395.3 0.738511
-1395.1 0.739356
-1394.9 0.740112
-1394.7 0.741064
-1394.5 0.741936
-1394.3 0.742666
-1394.1 0.743404
-1393.9 0.744365
-1393.7 0.745264
-1393.5 0.746056
-1393.3 0.747026
-1393.1 0.747862
-1392.9 0.748823
-1392.7 0.749544
-1392.5 0.750469
-1392.3 0.751288
-1392.1 0.752107
-1391.9 0.752943
-1391.7 0.753673
-1391.5 0.754491
-1391.3 0.755328
-1391.1 0.756351
-1390.9 0.757276
-1390.7 0.758371
-1390.5 0.759243
-1390.3 0.760195
-1390.1 0.761156
-1389.9 0.762028
-1389.7 0.762882
-1389.5 0.763727
-1389.3 0.764466
-1389.1 0.765266
-1388.9 0.766156
-1388.7 0.76693
-1388.5 0.767802
-1388.3 0.768772
-1388.1 0.76968
-1387.9 0.770587
-1387.7 0.771539
-1387.5 0.772376
-1387.3 0.773346
-1387.1 0.77428
-1386.9 0.775099
-1386.7 0.776006
-1386.5 0.776914
-1386.3 0.777777
-1386.1 0.778667
-1385.9 0.779547
-1385.7 0.780348
-1385.5 0.781149
-1385.3 0.78195
-1385.1 0.782706
-1384.9 0.783365
-1384.7 0.784343
-1384.5 0.785082
-1384.3 0.785972
-1384.1 0.786888
-1383.9 0.788009
-1383.7 0.788855
-1383.5 0.789842
-1383.3 0.79059
-1383.1 0.791568
-1382.9 0.792396
-1382.7 0.793223
-1382.5 0.79414
-1382.3 0.795119
-1382.1 0.796142
-1381.9 0.796987
-1381.7 0.797859
-1381.5 0.79866
-1381.3 0.799603
-1381.1 0.800466
-1380.9 0.801365
-1380.7 0.802192
-1380.5 0.80302
-1380.3 0.80383
-1380.1 0.804791
-1379.9 0.805752
-1379.7 0.806659
-1379.5 0.807673
-1379.3 0.808483
-1379.1 0.809364
-1378.9 0.810378
-1378.7 0.811268
-1378.5 0.812051
-1378.3 0.812932
-1378.1 0.813929
-1377.9 0.814863
-1377.7 0.815664
-1377.5 0.816509
-1377.3 0.817319
-1377.1 0.818289
-1376.9 0.819054
-1376.7 0.819792
-1376.5 0.820718
-1376.3 0.821625
-1376.1 0.822373
-1375.9 0.823173
-1375.7 0.82401
-1375.5 0.824855
-1375.3 0.825781
-1375.1 0.826635
-1374.9 0.82772
-1374.7 0.82877
-1374.5 0.829633
-1374.3 0.830674
-1374.1 0.831502
-1373.9 0.832454
-1373.7 0.833273
-1373.5 0.834109
-1373.3 0.83507
-1373.1 0.836031
-1372.9 0.836938
-1372.7 0.837882
-1372.5 0.838745
-1372.3 0.839795
-1372.1 0.840667
-1371.9 0.841494
-1371.7 0.842482
-1371.5 0.843434
-1371.3 0.844324
-1371.1 0.845133
-1370.9 0.845854
-1370.7 0.846771
-1370.5 0.847723
-1370.3 0.848541
-1370.1 0.849413
-1369.9 0.850285
-1369.7 0.851033
-1369.5 0.851753
-1369.3 0.852696
-1369.1 0.853568
-1368.9 0.854547
-1368.7 0.855339
-1368.5 0.856345
-1368.3 0.857092
-1368.1 0.857813
-1367.9 0.858774
-1367.7 0.859637
-1367.5 0.860509
-1367.3 0.861301
-1367.1 0.86211
-1366.9 0.863151
-1366.7 0.863934
-1366.5 0.864744
-1366.3 0.865589
-1366.1 0.866346
-1365.9 0.86728
-1365.7 0.868152
-1365.5 0.869051
-1365.3 0.869825
-1365.1 0.870679
-1364.9 0.871702
-1364.7 0.872565
-1364.5 0.873339
-1364.3 0.874185
-1364.1 0.875083
-1363.9 0.875938
-1363.7 0.876801
-1363.5 0.877584
-1363.3 0.878411
-1363.1 0.879114
-1362.9 0.880013
-1362.7 0.880823
-1362.5 0.881463
-1362.3 0.88238
-1362.1 0.883252
-1361.9 0.884106
-1361.7 0.885013
-1361.5 0.885948
-1361.3 0.886891
-1361.1 0.887772
-1360.9 0.888581
-1360.7 0.889364
-1360.5 0.890121
-1360.3 0.890922
-1360.1 0.891945
-1359.9 0.892826
-1359.7 0.893751
-1359.5 0.89457
-1359.3 0.895388
-1359.1 0.89634
-1358.9 0.897203
-1358.7 0.898173
-1358.5 0.899108
-1358.3 0.899864
-1358.1 0.900709
-1357.9 0.901581
-1357.7 0.902462
-1357.5 0.903387
-1357.3 0.904357
-1357.1 0.905167
-1356.9 0.906012
-1356.7 0.906688
-1356.5 0.907436
-1356.3 0.908361
-1356.1 0.909233
-1355.9 0.910159
-1355.7 0.911013
-1355.5 0.911831
-1355.3 0.912677
-1355.1 0.913433
-1354.9 0.914234
-1354.7 0.915088
-1354.5 0.916165
-1354.3 0.916983
-1354.1 0.917864
-1353.9 0.918558
-1353.7 0.91935
-1353.5 0.920347
-1353.3 0.921174
-1353.1 0.92185
-1352.9 0.922633
-1352.7 0.923514
-1352.5 0.924493
-1352.3 0.925338
-1352.1 0.926077
-1351.9 0.926744
-1351.7 0.927509
-1351.5 0.928426
-1351.3 0.9292
-1351.1 0.930072
-1350.9 0.930882
-1350.7 0.931638
-1350.5 0.932483
-1350.3 0.933426
-1350.1 0.934316
-1349.9 0.935206
-1349.7 0.936087
-1349.5 0.936914
-1349.3 0.937733
-1349.1 0.938587
-1348.9 0.939486
-1348.7 0.94026
-1348.5 0.941087
-1348.3 0.941959
-1348.1 0.942716
-1347.9 0.943481
-1347.7 0.944389
-1347.5 0.945038
-1347.3 0.945786
-1347.1 0.946595
-1346.9 0.947396
-1346.7 0.948339
-1346.5 0.949202
-1346.3 0.950163
-1346.1 0.950848
-1345.9 0.951685
-1345.7 0.952557
-1345.5 0.953349
-1345.3 0.954061
-1345.1 0.954941
-1344.9 0.955538
-1344.7 0.956214
-1344.5 0.956979
-1344.3 0.957709
-1344.1 0.958412
-1343.9 0.959114
-1343.7 0.959862
-1343.5 0.960752
-1343.3 0.961579
-1343.1 0.9623
-1342.9 0.963003
-1342.7 0.963741
-1342.5 0.964409
-1342.3 0.965112
-1342.1 0.965912
-1341.9 0.966562
-1341.7 0.967158
-1341.5 0.967852
-1341.3 0.968413
-1341.1 0.969009
-1340.9 0.969623
-1340.7 0.970246
-1340.5 0.970931
-1340.3 0.971545
-1340.1 0.972212
-1339.9 0.972888
-1339.7 0.973547
-1339.5 0.974054
-1339.3 0.974695
-1339.1 0.97522
-1338.9 0.975798
-1338.7 0.976296
-1338.5 0.976714
-1338.3 0.977159
-1338.1 0.977693
-1337.9 0.978049
-1337.7 0.978503
-1337.5 0.978992
-1337.3 0.979491
-1337.1 0.979891
-1336.9 0.980229
-1336.7 0.980718
-1336.5 0.98119
-1336.3 0.981706
-1336.1 0.982133
-1335.9 0.982631
-1335.7 0.982987
-1335.5 0.983432
-1335.3 0.983735
-1335.1 0.984126
-1334.9 0.984642
-1334.7 0.985034
-1334.5 0.985497
-1334.3 0.985844
-1334.1 0.986271
-1333.9 0.986733
-1333.7 0.987089
-1333.5 0.987454
-1333.3 0.987828
-1333.1 0.988201
-1332.9 0.988602
-1332.7 0.988833
-1332.5 0.989118
-1332.3 0.989403
-1332.1 0.989767
-1331.9 0.990034
-1331.7 0.990257
-1331.5 0.990515
-1331.3 0.990773
-1331.1 0.990995
-1330.9 0.991191
-1330.7 0.991414
-1330.5 0.991654
-1330.3 0.991841
-1330.1 0.992161
-1329.9 0.992375
-1329.7 0.992553
-1329.5 0.992784
-1329.3 0.992882
-1329.1 0.993095
-1328.9 0.993282
-1328.7 0.993513
-1328.5 0.993727
-1328.3 0.993923
-1328.1 0.994074
-1327.9 0.994216
-1327.7 0.99435
-1327.5 0.99451
-1327.3 0.994715
-1327.1 0.994848
-1326.9 0.994964
-1326.7 0.99508
-1326.5 0.995204
-1326.3 0.995355
-1326.1 0.995462
-1325.9 0.99556
-1325.7 0.995693
-1325.5 0.995916
-1325.3 0.996076
-1325.1 0.996227
-1324.9 0.996334
-1324.7 0.996468
-1324.5 0.996592
-1324.3 0.996654
-1324.1 0.99677
-1323.9 0.996886
-1323.7 0.997001
-1323.5 0.997108
-1323.3 0.997242
-1323.1 0.997393
-1322.9 0.997491
-1322.7 0.997624
-1322.5 0.997687
-1322.3 0.997802
-1322.1 0.997909
-1321.9 0.997971
-1321.7 0.99806
-1321.5 0.998114
-1321.3 0.998238
-1321.1 0.998336
-1320.9 0.998416
-1320.7 0.998452
-1320.5 0.998523
-1320.3 0.998594
-1320.1 0.998665
-1319.9 0.998781
-1319.7 0.998843
-1319.5 0.998914
-1319.3 0.998968
-1319.1 0.998995
-1318.9 0.999039
-1318.7 0.999155
-1318.5 0.99919
-1318.3 0.999235
-1318.1 0.999253
-1317.9 0.999288
-1317.7 0.999342
-1317.5 0.999395
-1317.3 0.999439
-1317.1 0.999448
-1316.9 0.999493
-1316.7 0.999546
-1316.5 0.999582
-1316.3 0.9996
-1316.1 0.999635
-1315.9 0.999662
-1315.7 0.99968
-1315.5 0.99968
-1315.3 0.99968
-1315.1 0.999697
-1314.9 0.999697
-1314.7 0.999724
-1314.5 0.999724
-1314.3 0.999724
-1314.1 0.999742
-1313.9 0.999769
-1313.7 0.999769
-1313.5 0.999778
-1313.3 0.999786
-1313.1 0.999786
-1312.9 0.999786
-1312.7 0.999804
-1312.5 0.999813
-1312.3 0.999822
-1312.1 0.99984
-1311.9 0.999858
-1311.7 0.999858
-1311.5 0.999858
-1311.3 0.999858
-1311.1 0.999858
-1310.9 0.999858
-1310.7 0.999867
-1310.5 0.999867
-1310.3 0.999867
-1310.1 0.999867
-1309.9 0.999867
-1309.7 0.999867
-1309.5 0.999867
-1309.3 0.999875
-1309.1 0.999875
-1308.9 0.999875
-1308.7 0.999875
-1308.5 0.999884
-1308.3 0.999893
-1308.1 0.999893
-1307.9 0.999893
-1307.7 0.999893
-1307.5 0.999893
-1307.3 0.999893
-1307.1 0.999902
-1306.9 0.999911
-1306.7 0.999911
-1306.5 0.999911
-1306.3 0.999911
-1306.1 0.99992
-1305.9 0.99992
-1305.7 0.99992
-1305.5 0.99992
-1305.3 0.99992
-1305.1 0.99992
-1304.9 0.99992
-1304.7 0.999929
-1304.5 0.999929
-1304.3 0.999929
-1304.1 0.999938
-1303.9 0.999947
-1303.7 0.999956
-1303.5 0.999956
-1303.3 0.999956
-1303.1 0.999956
-1302.9 0.999956
-1302.7 0.999956
-1302.5 0.999956
-1302.3 0.999964
-1302.1 0.999964
-1301.9 0.999964
-1301.7 0.999973
-1301.5 0.999982
-1301.3 0.999982
-1301.1 0.999982
-1300.9 0.999982
-1300.7 0.999991
-1300.5 0.999991
-1300.3 1
