1453
-1591.1 8.91051e-06
-1590.9 8.91051e-06
-1590.7 8.91051e-06
-1590.5 8.91051e-06
-1590.3 8.91051e-06
-1590.1 8.91051e-06
-1589.9 8.91051e-06
-1589.7 8.91051e-06
-1589.5 8.91051e-06
-1589.3 8.91051e-06
-1589.1 8.91051e-06
-1588.9 8.91051e-06
-1588.7 8.91051e-06
-1588.5 1.7821e-05
-1588.3 1.7821e-05
-1588.1 1.7821e-05
-1587.9 2.67315e-05
-1587.7 2.67315e-05
-1587.5 2.67315e-05
-1587.3 2.67315e-05
-1587.1 2.67315e-05
-1586.9 2.67315e-05
-1586.7 2.67315e-05
-1586.5 2.67315e-05
-1586.3 2.67315e-05
-1586.1 2.67315e-05
-1585.9 2.67315e-05
-1585.7 2.67315e-05
-1585.5 2.67315e-05
-1585.3 2.67315e-05
-1585.1 2.67315e-05
-1584.9 3.5642e-05
-1584.7 3.5642e-05
-1584.5 3.5642e-05
-1584.3 3.5642e-05
-1584.1 3.5642e-05
-1583.9 3.5642e-05
-1583.7 3.5642e-05
-1583.5 3.5642e-05
-1583.3 3.5642e-05
-1583.1 3.5642e-05
-1582.9 3.5642e-05
-1582.7 3.5642e-05
-1582.5 3.5642e-05
-1582.3 3.5642e-05
-1582.1 3.5642e-05
-1581.9 3.5642e-05
-1581.7 3.5642e-05
-1581.5 3.5642e-05
-1581.3 3.5642e-05
-1581.1 3.5642e-05
-1580.9 3.5642e-05
-1580.7 3.5642e-05
-1580.5 3.5642e-05
-1580.3 3.5642e-05
-1580.1 3.5642e-05
-1579.9 3.5642e-05
-1579.7 3.5642e-05
-1579.5 3.5642e-05
-1579.3 3.5642e-05
-1579.1 4.45526e-05
-1578.9 4.45526e-05
-1578.7 4.45526e-05
-1578.5 4.45526e-05
-1578.3 4.45526e-05
-1578.1 4.45526e-05
-1577.9 4.45526e-05
-1577.7 4.45526e-05
-1577.5 4.45526e-05
-1577.3 4.45526e-05
-1577.1 4.45526e-05
-1576.9 4.45526e-05
-1576.7 4.45526e-05
-1576.5 4.45526e-05
-1576.3 4.45526e-05
-1576.1 4.45526e-05
-1575.9 4.45526e-05
-1575.7 4.45526e-05
-1575.5 4.45526e-05
-1575.3 4.45526e-05
-1575.1 4.45526e-05
-1574.9 4.45526e-05
-1574.7 4.45526e-05
-1574.5 4.45526e-05
-1574.3 4.45526e-05
-1574.1 4.45526e-05
-1573.9 4.45526e-05
-1573.7 4.45526e-05
-1573.5 4.45526e-05
-1573.3 4.45526e-05
-1573.1 4.45526e-05
-1572.9 5.34631e-05
-1572.7 5.34631e-05
-1572.5 5.34631e-05
-1572.3 5.34631e-05
-1572.1 5.34631e-05
-1571.9 5.34631e-05
-1571.7 5.34631e-05
-1571.5 5.34631e-05
-1571.3 5.34631e-05
-1571.1 5.34631e-05
-1570.9 5.34631e-05
-1570.7 5.34631e-05
-1570.5 5.34631e-05
-1570.3 5.34631e-05
-1570.1 5.34631e-05
-1569.9 5.34631e-05
-1569.7 5.34631e-05
-1569.5 5.34631e-05
-1569.3 5.34631e-05
-1569.1 5.34631e-05
-1568.9 5.34631e-05
-1568.7 5.34631e-05
-1568.5 6.23736e-05
-1568.3 6.23736e-05
-1568.1 6.23736e-05
-1567.9 6.23736e-05
-1567.7 6.23736e-05
-1567.5 6.23736e-05
-1567.3 6.23736e-05
-1567.1 6.23736e-05
-1566.9 6.23736e-05
-1566.7 6.23736e-05
-1566.5 6.23736e-05
-1566.3 6.23736e-05
-1566.1 6.23736e-05
-1565.9 6.23736e-05
-1565.7 6.23736e-05
-1565.5 7.12841e-05
-1565.3 7.12841e-05
-1565.1 7.12841e-05
-1564.9 8.01946e-05
-1564.7 8.01946e-05
-1564.5 8.01946e-05
-1564.3 8.01946e-05
-1564.1 8.91051e-05
-1563.9 8.91051e-05
-1563.7 8.91051e-05
-1563.5 8.91051e-05
-1563.3 8.91051e-05
-1563.1 9.80156e-05
-1562.9 0.000106926
-1562.7 0.000115837
-1562.5 0.000115837
-1562.3 0.000115837
-1562.1 0.000124747
-1561.9 0.000124747
-1561.7 0.000124747
-1561.5 0.000124747
-1561.3 0.000124747
-1561.1 0.000124747
-1560.9 0.000124747
-1560.7 0.000124747
-1560.5 0.000124747
-1560.3 0.000133658
-1560.1 0.000151479
-1559.9 0.0001693
-1559.7 0.000187121
-1559.5 0.000204942
-1559.3 0.000222763
-1559.1 0.000240584
-1558.9 0.000258405
-1558.7 0.000285136
-1558.5 0.000311868
-1558.3 0.000365331
-1558.1 0.000409884
-1557.9 0.000498989
-1557.7 0.00051681
-1557.5 0.000659378
-1557.3 0.000757393
-1557.1 0.00086432
-1556.9 0.000989067
-1556.7 0.00115837
-1556.5 0.00125638
-1556.3 0.00151479
-1556.1 0.00170191
-1555.9 0.00188903
-1555.7 0.00219199
-1555.5 0.00251276
-1555.3 0.00294047
-1555.1 0.00327907
-1554.9 0.00361767
-1554.7 0.00404537
-1554.5 0.00457109
-1554.3 0.0051681
-1554.1 0.0058453
-1553.9 0.00647794
-1553.7 0.0072086
-1553.5 0.0080551
-1553.3 0.0087323
-1553.1 0.0095788
-1552.9 0.0105411
-1552.7 0.0113431
-1552.5 0.0122609
-1552.3 0.013339
-1552.1 0.014337
-1551.9 0.0152548
-1551.7 0.016333
-1551.5 0.0174111
-1551.3 0.0184715
-1551.1 0.0195586
-1550.9 0.0208328
-1550.7 0.0221694
-1550.5 0.0236039
-1550.3 0.0249227
-1550.1 0.0264375
-1549.9 0.0277473
-1549.7 0.0293334
-1549.5 0.03067
-1549.3 0.0319709
-1549.1 0.0333431
-1548.9 0.0348936
-1548.7 0.0360519
-1548.5 0.0375845
-1548.3 0.0389657
-1548.1 0.0403379
-1547.9 0.0418527
-1547.7 0.0433229
-1547.5 0.0446506
-1547.3 0.0461921
-1547.1 0.0476712
-1546.9 0.0492751
-1546.7 0.0508523
-1546.5 0.0525096
-1546.3 0.0540868
-1546.1 0.055566
-1545.9 0.0569916
-1545.7 0.0586223
-1545.5 0.0602707
-1545.3 0.0616786
-1545.1 0.0632201
-1544.9 0.0643963
-1544.7 0.0657685
-1544.5 0.0671051
-1544.3 0.0685664
-1544.1 0.0699921
-1543.9 0.0715603
-1543.7 0.07279
-1543.5 0.0740107
-1543.3 0.0753116
-1543.1 0.07647
-1542.9 0.0780294
-1542.7 0.0793036
-1542.5 0.0807025
-1542.3 0.0819143
-1542.1 0.0833311
-1541.9 0.0846053
-1541.7 0.0857013
-1541.5 0.087029
-1541.3 0.0882052
-1541.1 0.0895061
-1540.9 0.0905843
-1540.7 0.0916713
-1540.5 0.0930257
-1540.3 0.0940683
-1540.1 0.0952177
-1539.9 0.0963137
-1539.7 0.0973206
-1539.5 0.0983988
-1539.3 0.0993968
-1539.1 0.100635
-1538.9 0.101963
-1538.7 0.102988
-1538.5 0.104084
-1538.3 0.105126
-1538.1 0.106133
-1537.9 0.107354
-1537.7 0.108441
-1537.5 0.109635
-1537.3 0.110642
-1537.1 0.111497
-1536.9 0.112665
-1536.7 0.113796
-1536.5 0.114776
-1536.3 0.115632
-1536.1 0.116763
-1535.9 0.117717
-1535.7 0.118893
-1535.5 0.11998
-1535.3 0.120933
-1535.1 0.121923
-1534.9 0.122903
-1534.7 0.12382
-1534.5 0.124667
-1534.3 0.125736
-1534.1 0.126654
-1533.9 0.127697
-1533.7 0.128837
-1533.5 0.129853
-1533.3 0.130708
-1533.1 0.131697
-1532.9 0.132633
-1532.7 0.133577
-1532.5 0.134593
-1532.3 0.135761
-1532.1 0.136785
-1531.9 0.137694
-1531.7 0.138763
-1531.5 0.139681
-1531.3 0.140688
-1531.1 0.14174
-1530.9 0.142853
-1530.7 0.143691
-1530.5 0.14452
-1530.3 0.145304
-1530.1 0.146195
-1529.9 0.147184
-1529.7 0.147923
-1529.5 0.148797
-1529.3 0.149634
-1529.1 0.150561
-1528.9 0.15147
-1528.7 0.152468
-1528.5 0.153412
-1528.3 0.154161
-1528.1 0.155105
-1527.9 0.155934
-1527.7 0.156968
-1527.5 0.157796
-1527.3 0.158607
-1527.1 0.159489
-1526.9 0.160247
-1526.7 0.161093
-1526.5 0.161877
-1526.3 0.162759
-1526.1 0.163579
-1525.9 0.164381
-1525.7 0.165103
-1525.5 0.165985
-1525.3 0.166894
-1525.1 0.167794
-1524.9 0.168703
-1524.7 0.169326
-1524.5 0.170102
-1524.3 0.170904
-1524.1 0.171634
-1523.9 0.172614
-1523.7 0.173452
-1523.5 0.174192
-1523.3 0.175002
-1523.1 0.175769
-1522.9 0.176597
-1522.7 0.177569
-1522.5 0.178549
-1522.3 0.179458
-1522.1 0.180411
-1521.9 0.181373
-1521.7 0.182238
-1521.5 0.183209
-1521.3 0.184118
-1521.1 0.185062
-1520.9 0.185971
-1520.7 0.186836
-1520.5 0.187851
-1520.3 0.189063
-1520.1 0.190034
-1519.9 0.191006
-1519.7 0.191986
-1519.5 0.192886
-1519.3 0.193955
-1519.1 0.195007
-1518.9 0.195987
-1518.7 0.197047
-1518.5 0.197947
-1518.3 0.198829
-1518.1 0.199702
-1517.9 0.200611
-1517.7 0.201493
-1517.5 0.202491
-1517.3 0.203293
-1517.1 0.20422
-1516.9 0.205156
-1516.7 0.206091
-1516.5 0.207045
-1516.3 0.208132
-1516.1 0.208916
-1515.9 0.209789
-1515.7 0.210671
-1515.5 0.211589
-1515.3 0.212605
-1515.1 0.213487
-1514.9 0.214467
-1514.7 0.215483
-1514.5 0.216222
-1514.3 0.217176
-1514.1 0.217933
-1513.9 0.218922
-1513.7 0.219867
-1513.5 0.22066
-1513.3 0.221667
-1513.1 0.222576
-1512.9 0.22344
-1512.7 0.224411
-1512.5 0.22524
-1512.3 0.225971
-1512.1 0.226879
-1511.9 0.227646
-1511.7 0.22843
-1511.5 0.229401
-1511.3 0.23047
-1511.1 0.231424
-1510.9 0.232261
-1510.7 0.233063
-1510.5 0.234088
-1510.3 0.23489
-1510.1 0.235612
-1509.9 0.236521
-1509.7 0.237501
-1509.5 0.238258
-1509.3 0.239203
-1509.1 0.24012
-1508.9 0.241003
-1508.7 0.241956
-1508.5 0.242776
-1508.3 0.243533
-1508.1 0.244353
-1507.9 0.245128
-1507.7 0.245814
-1507.5 0.246518
-1507.3 0.247178
-1507.1 0.248042
-1506.9 0.248808
-1506.7 0.249539
-1506.5 0.250323
-1506.3 0.251089
-1506.1 0.251793
-1505.9 0.252551
-1505.7 0.25329
-1505.5 0.254083
-1505.3 0.254796
-1505.1 0.25566
-1504.9 0.256578
-1504.7 0.257434
-1504.5 0.258262
-1504.3 0.259073
-1504.1 0.259893
-1503.9 0.26073
-1503.7 0.261541
-1503.5 0.262539
-1503.3 0.263332
-1503.1 0.264206
-1502.9 0.26499
-1502.7 0.265845
-1502.5 0.266603
-1502.3 0.267734
-1502.1 0.268545
-1501.9 0.269481
-1501.7 0.270496
-1501.5 0.27137
-1501.3 0.272243
-1501.1 0.273152
-1500.9 0.274043
-1500.7 0.274987
-1500.5 0.276021
-1500.3 0.276974
-1500.1 0.27791
-1499.9 0.278979
-1499.7 0.279915
-1499.5 0.281091
-1499.3 0.282142
-1499.1 0.283185
-1498.9 0.284263
-1498.7 0.285332
-1498.5 0.286411
-1498.3 0.287569
-1498.1 0.288674
-1497.9 0.289681
-1497.7 0.290634
-1497.5 0.291507
-1497.3 0.29247
-1497.1 0.293405
-1496.9 0.294252
-1496.7 0.295303
-1496.5 0.296203
-1496.3 0.297166
-1496.1 0.298003
-1495.9 0.298992
-1495.7 0.29983
-1495.5 0.300721
-1495.3 0.301665
-1495.1 0.302574
-1494.9 0.303528
-1494.7 0.304401
-1494.5 0.305158
-1494.3 0.305951
-1494.1 0.306878
-1493.9 0.307716
-1493.7 0.30833
-1493.5 0.309284
-1493.3 0.310104
-1493.1 0.310843
-1492.9 0.311645
-1492.7 0.312358
-1492.5 0.313169
-1492.3 0.313908
-1492.1 0.314782
-1491.9 0.315477
-1491.7 0.31619
-1491.5 0.316893
-1491.3 0.317588
-1491.1 0.318435
-1490.9 0.319192
-1490.7 0.320039
-1490.5 0.320707
-1490.3 0.321554
-1490.1 0.322409
-1489.9 0.323131
-1489.7 0.323915
-1489.5 0.324735
-1489.3 0.32551
-1489.1 0.326374
-1488.9 0.32698
-1488.7 0.32788
-1488.5 0.328664
-1488.3 0.3296
-1488.1 0.330589
-1487.9 0.3314
-1487.7 0.332104
-1487.5 0.332825
-1487.3 0.333494
-1487.1 0.334189
-1486.9 0.33516
-1486.7 0.336006
-1486.5 0.336817
-1486.3 0.337593
-1486.1 0.338368
-1485.9 0.339161
-1485.7 0.340043
-1485.5 0.340898
-1485.3 0.341763
-1485.1 0.342654
-1484.9 0.343634
-1484.7 0.344436
-1484.5 0.345461
-1484.3 0.346378
-1484.1 0.347225
-1483.9 0.348027
-1483.7 0.348927
-1483.5 0.349773
-1483.3 0.35086
-1483.1 0.351707
-1482.9 0.352553
-1482.7 0.353266
-1482.5 0.354184
-1482.3 0.354968
-1482.1 0.356082
-1481.9 0.357
-1481.7 0.357944
-1481.5 0.358817
-1481.3 0.359913
-1481.1 0.360796
-1480.9 0.361669
-1480.7 0.362676
-1480.5 0.363558
-1480.3 0.364449
-1480.1 0.365233
-1479.9 0.366186
-1479.7 0.366962
-1479.5 0.367942
-1479.3 0.368833
-1479.1 0.369706
-1478.9 0.370481
-1478.7 0.37139
-1478.5 0.372228
-1478.3 0.373226
-1478.1 0.374081
-1477.9 0.374928
-1477.7 0.37573
-1477.5 0.376621
-1477.3 0.377583
-1477.1 0.37851
-1476.9 0.379303
-1476.7 0.380007
-1476.5 0.381005
-1476.3 0.381771
-1476.1 0.382493
-1475.9 0.383375
-1475.7 0.38431
-1475.5 0.385246
-1475.3 0.386101
-1475.1 0.386912
-1474.9 0.387741
-1474.7 0.38848
-1474.5 0.389363
-1474.3 0.390191
-1474.1 0.39102
-1473.9 0.391965
-1473.7 0.392936
-1473.5 0.393809
-1473.3 0.394638
-1473.1 0.395564
-1472.9 0.396455
-1472.7 0.397382
-1472.5 0.398309
-1472.3 0.398995
-1472.1 0.399877
-1471.9 0.400955
-1471.7 0.401713
-1471.5 0.40255
-1471.3 0.40337
-1471.1 0.404252
-1470.9 0.405152
-1470.7 0.405963
-1470.5 0.406997
-1470.3 0.407959
-1470.1 0.408939
-1469.9 0.409714
-1469.7 0.410801
-1469.5 0.411657
-1469.3 0.412539
-1469.1 0.413466
-1468.9 0.414374
-1468.7 0.415239
-1468.5 0.416094
-1468.3 0.416852
-1468.1 0.417814
-1467.9 0.418687
-1467.7 0.419632
-1467.5 0.420585
-1467.3 0.421574
-1467.1 0.422385
-1466.9 0.423428
-1466.7 0.424372
-1466.5 0.425272
-1466.3 0.426306
-1466.1 0.427143
-1465.9 0.428025
-1465.7 0.428818
-1465.5 0.429718
-1465.3 0.430779
-1465.1 0.431643
-1464.9 0.432525
-1464.7 0.433568
-1464.5 0.43437
-1464.3 0.435145
-1464.1 0.436223
-1463.9 0.437061
-1463.7 0.437898
-1463.5 0.438549
-1463.3 0.439253
-1463.1 0.440161
-1462.9 0.441204
-1462.7 0.442104
-1462.5 0.44295
-1462.3 0.443886
-1462.1 0.44467
-1461.9 0.44549
-1461.7 0.446524
-1461.5 0.447281
-1461.3 0.448136
-1461.1 0.44901
-1460.9 0.449936
-1460.7 0.450712
-1460.5 0.451701
-1460.3 0.452663
-1460.1 0.453385
-1459.9 0.454115
-1459.7 0.455069
-1459.5 0.455942
-1459.3 0.456904
-1459.1 0.457867
-1458.9 0.458713
-1458.7 0.459462
-1458.5 0.46029
-1458.3 0.461235
-1458.1 0.462037
-1457.9 0.462963
-1457.7 0.463837
-1457.5 0.464692
-1457.3 0.465788
-1457.1 0.466635
-1456.9 0.467659
-1456.7 0.468541
-1456.5 0.469334
-1456.3 0.470047
-1456.1 0.470858
-1455.9 0.471838
-1455.7 0.472747
-1455.5 0.473407
-1455.3 0.474271
-1455.1 0.4751
-1454.9 0.476053
-1454.7 0.476998
-1454.5 0.477799
-1454.3 0.478699
-1454.1 0.479635
-1453.9 0.480464
-1453.7 0.48123
-1453.5 0.482059
-1453.3 0.483039
-1453.1 0.483876
-1452.9 0.484955
-1452.7 0.485872
-1452.5 0.486915
-1452.3 0.48777
-1452.1 0.488456
-1451.9 0.489276
-1451.7 0.490194
-1451.5 0.490934
-1451.3 0.491727
-1451.1 0.492618
-1450.9 0.493473
-1450.7 0.494034
-1450.5 0.494943
-1450.3 0.495727
-1450.1 0.49652
-1449.9 0.497581
-1449.7 0.498418
-1449.5 0.499167
-1449.3 0.500013
-1449.1 0.500869
-1448.9 0.501778
-1448.7 0.502669
-1448.5 0.503426
-1448.3 0.504201
-1448.1 0.505021
-1447.9 0.506019
-1447.7 0.506981
-1447.5 0.508006
-1447.3 0.50887
-1447.1 0.509904
-1446.9 0.510715
-1446.7 0.51157
-1446.5 0.512461
-1446.3 0.51337
-1446.1 0.514163
-1445.9 0.514992
-1445.7 0.515865
-1445.5 0.516747
-1445.3 0.517692
-1445.1 0.518627
-1444.9 0.519581
-1444.7 0.520606
-1444.5 0.521604
-1444.3 0.522566
-1444.1 0.523421
-1443.9 0.52441
-1443.7 0.525453
-1443.5 0.526424
-1443.3 0.52719
-1443.1 0.528117
-1442.9 0.528883
-1442.7 0.529855
-1442.5 0.530844
-1442.3 0.531833
-1442.1 0.532635
-1441.9 0.533535
-1441.7 0.534354
-1441.5 0.535299
-1441.3 0.536226
-1441.1 0.53693
-1440.9 0.537874
-1440.7 0.538819
-1440.5 0.539763
-1440.3 0.540645
-1440.1 0.541545
-1439.9 0.542303
-1439.7 0.543096
-1439.5 0.543933
-1439.3 0.544833
-1439.1 0.545591
-1438.9 0.546455
-1438.7 0.547293
-1438.5 0.548201
-1438.3 0.549084
-1438.1 0.549948
-1437.9 0.550821
-1437.7 0.55173
-1437.5 0.552773
-1437.3 0.553681
-1437.1 0.554466
-1436.9 0.555401
-1436.7 0.55623
-1436.5 0.557165
-1436.3 0.557932
-1436.1 0.558689
-1435.9 0.559509
-1435.7 0.560596
-1435.5 0.561425
-1435.3 0.56236
-1435.1 0.562975
-1434.9 0.563893
-1434.7 0.564828
-1434.5 0.565532
-1434.3 0.56629
-1434.1 0.567208
-1433.9 0.568072
-1433.7 0.569052
-1433.5 0.570068
-1433.3 0.570941
-1433.1 0.57185
-1432.9 0.572759
-1432.7 0.573659
-1432.5 0.574434
-1432.3 0.57528
-1432.1 0.576154
-1431.9 0.57708
-1431.7 0.57798
-1431.5 0.578675
-1431.3 0.579673
-1431.1 0.580547
-1430.9 0.581375
-1430.7 0.582222
-1430.5 0.582961
-1430.3 0.583888
-1430.1 0.584726
-1429.9 0.585554
-1429.7 0.586392
-1429.5 0.587274
-1429.3 0.588058
-1429.1 0.588914
-1428.9 0.589787
-1428.7 0.590722
-1428.5 0.591533
-1428.3 0.592513
-1428.1 0.593404
-1427.9 0.594215
-1427.7 0.595115
-1427.5 0.595899
-1427.3 0.596888
-1427.1 0.597833
-1426.9 0.598573
-1426.7 0.599464
-1426.5 0.600568
-1426.3 0.60154
-1426.1 0.602342
-1425.9 0.603295
-1425.7 0.604106
-1425.5 0.604997
-1425.3 0.605772
-1425.1 0.606628
-1424.9 0.607501
-1424.7 0.60841
-1424.5 0.609247
-1424.3 0.610076
-1424.1 0.610967
-1423.9 0.611858
-1423.7 0.612731
-1423.5 0.613774
-1423.3 0.614718
-1423.1 0.615547
-1422.9 0.616385
-1422.7 0.617196
-1422.5 0.618006
-1422.3 0.618853
-1422.1 0.619494
-1421.9 0.620368
-1421.7 0.621268
-1421.5 0.622141
-1421.3 0.622872
-1421.1 0.623852
-1420.9 0.624689
-1420.7 0.625687
-1420.5 0.626632
-1420.3 0.627452
-1420.1 0.62828
-1419.9 0.629189
-1419.7 0.630098
-1419.5 0.630953
-1419.3 0.631853
-1419.1 0.632798
-1418.9 0.633725
-1418.7 0.634642
-1418.5 0.635364
-1418.3 0.636353
-1418.1 0.637209
-1417.9 0.638055
-1417.7 0.638857
-1417.5 0.639757
-1417.3 0.640496
-1417.1 0.641361
-1416.9 0.642136
-1416.7 0.642929
-1416.5 0.643731
-1416.3 0.644488
-1416.1 0.645264
-1415.9 0.646083
-1415.7 0.646939
-1415.5 0.647839
-1415.3 0.648605
-1415.1 0.649434
-1414.9 0.650227
-1414.7 0.651296
-1414.5 0.652
-1414.3 0.652882
-1414.1 0.653657
-1413.9 0.654495
-1413.7 0.655324
-1413.5 0.656179
-1413.3 0.657409
-1413.1 0.6583
-1412.9 0.659084
-1412.7 0.659877
-1412.5 0.660608
-1412.3 0.661409
-1412.1 0.66214
-1411.9 0.663013
-1411.7 0.66386
-1411.5 0.664671
-1411.3 0.665499
-1411.1 0.666194
-1410.9 0.667085
-1410.7 0.66795
-1410.5 0.668752
-1410.3 0.66958
-1410.1 0.670338
-1409.9 0.671095
-1409.7 0.671835
-1409.5 0.672565
-1409.3 0.673341
-1409.1 0.674196
-1408.9 0.675114
-1408.7 0.676032
-1408.5 0.677083
-1408.3 0.677894
-1408.1 0.678687
-1407.9 0.679346
-1407.7 0.6803
-1407.5 0.681218
-1407.3 0.682189
-1407.1 0.683178
-1406.9 0.684194
-1406.7 0.685111
-1406.5 0.685913
-1406.3 0.686831
-1406.1 0.687713
-1405.9 0.688533
-1405.7 0.689397
-1405.5 0.690413
-1405.3 0.691215
-1405.1 0.692177
-1404.9 0.69314
-1404.7 0.694129
-1404.5 0.695073
-1404.3 0.695947
-1404.1 0.696847
-1403.9 0.697791
-1403.7 0.698646
-1403.5 0.69968
-1403.3 0.700616
-1403.1 0.70156
-1402.9 0.702416
-1402.7 0.703414
-1402.5 0.704385
-1402.3 0.705267
-1402.1 0.706194
-1401.9 0.706915
-1401.7 0.707726
-1401.5 0.708635
-1401.3 0.709562
-1401.1 0.710462
-1400.9 0.711353
-1400.7 0.712119
-1400.5 0.712992
-1400.3 0.713901
-1400.1 0.714801
-1399.9 0.715568
-1399.7 0.716387
-1399.5 0.717359
-1399.3 0.718125
-1399.1 0.718945
-1398.9 0.719996
-1398.7 0.720718
-1398.5 0.721404
-1398.3 0.72209
-1398.1 0.722874
-1397.9 0.723712
-1397.7 0.724353
-1397.5 0.725057
-1397.3 0.726002
-1397.1 0.726732
-1396.9 0.727561
-1396.7 0.728408
-1396.5 0.729245
-1396.3 0.730065
-1396.1 0.730911
-1395.9 0.731589
-1395.7 0.732596
-1395.5 0.733513
-1395.3 0.734378
-1395.1 0.735358
-1394.9 0.736276
-1394.7 0.737033
-1394.5 0.737888
-1394.3 0.738797
-1394.1 0.739626
-1393.9 0.740553
-1393.7 0.741417
-1393.5 0.742272
-1393.3 0.74319
-1393.1 0.743939
-1392.9 0.744669
-1392.7 0.745649
-1392.5 0.74638
-1392.3 0.747173
-1392.1 0.748082
-1391.9 0.749
-1391.7 0.75014
-1391.5 0.750933
-1391.3 0.751851
-1391.1 0.752707
-1390.9 0.753571
-1390.7 0.754453
-1390.5 0.755157
-1390.3 0.756012
-1390.1 0.756779
-1389.9 0.75775
-1389.7 0.75873
-1389.5 0.759532
-1389.3 0.760503
-1389.1 0.761492
-1388.9 0.762348
-1388.7 0.763203
-1388.5 0.764085
-1388.3 0.764932
-1388.1 0.765752
-1387.9 0.766723
-1387.7 0.767632
-1387.5 0.76838
-1387.3 0.769129
-1387.1 0.770136
-1386.9 0.771107
-1386.7 0.771882
-1386.5 0.772737
-1386.3 0.773495
-1386.1 0.774315
-1385.9 0.775339
-1385.7 0.776221
-1385.5 0.777148
-1385.3 0.777825
-1385.1 0.778592
-1384.9 0.77959
-1384.7 0.780463
-1384.5 0.781354
-1384.3 0.782334
-1384.1 0.783136
-1383.9 0.784027
-1383.7 0.784882
-1383.5 0.785916
-1383.3 0.786807
-1383.1 0.78768
-1382.9 0.788598
-1382.7 0.789543
-1382.5 0.790398
-1382.3 0.791369
-1382.1 0.792144
-1381.9 0.793044
-1381.7 0.79382
-1381.5 0.794764
-1381.3 0.795664
-1381.1 0.796644
-1380.9 0.797402
-1380.7 0.798239
-1380.5 0.799006
-1380.3 0.799977
-1380.1 0.800779
-1379.9 0.801661
-1379.7 0.802507
-1379.5 0.803345
-1379.3 0.804174
-1379.1 0.805065
-1378.9 0.805947
-1378.7 0.80682
-1378.5 0.807782
-1378.3 0.808772
-1378.1 0.809671
-1377.9 0.810589
-1377.7 0.811507
-1377.5 0.812309
-1377.3 0.813325
-1377.1 0.814153
-1376.9 0.814955
-1376.7 0.815775
-1376.5 0.816639
-1376.3 0.817433
-1376.1 0.818154
-1375.9 0.818938
-1375.7 0.819821
-1375.5 0.820658
-1375.3 0.821424
-1375.1 0.822173
-1374.9 0.82285
-1374.7 0.823991
-1374.5 0.824846
-1374.3 0.825737
-1374.1 0.826664
-1373.9 0.827475
-1373.7 0.828437
-1373.5 0.829257
-1373.3 0.830112
-1373.1 0.831164
-1372.9 0.831876
-1372.7 0.832741
-1372.5 0.833667
-1372.3 0.834621
-1372.1 0.835414
-1371.9 0.836385
-1371.7 0.837223
-1371.5 0.838078
-1371.3 0.838862
-1371.1 0.839602
-1370.9 0.840529
-1370.7 0.841437
-1370.5 0.842266
-1370.3 0.843166
-1370.1 0.843986
-1369.9 0.844877
-1369.7 0.845804
-1369.5 0.846802
-1369.3 0.847737
-1369.1 0.848575
-1368.9 0.849412
-1368.7 0.850321
-1368.5 0.851016
-1368.3 0.852014
-1368.1 0.852798
-1367.9 0.853538
-1367.7 0.854358
-1367.5 0.855373
-1367.3 0.856282
-1367.1 0.857022
-1366.9 0.857824
-1366.7 0.858661
-1366.5 0.859553
-1366.3 0.860346
-1366.1 0.861156
-1365.9 0.862243
-1365.7 0.86309
-1365.5 0.864088
-1365.3 0.864934
-1365.1 0.86595
-1364.9 0.866886
-1364.7 0.867759
-1364.5 0.868543
-1364.3 0.869461
-1364.1 0.870477
-1363.9 0.87143
-1363.7 0.872428
-1363.5 0.873462
-1363.3 0.874246
-1363.1 0.87519
-1362.9 0.876046
-1362.7 0.876901
-1362.5 0.877855
-1362.3 0.878657
-1362.1 0.87961
-1361.9 0.880492
-1361.7 0.881259
-1361.5 0.882069
-1361.3 0.883076
-1361.1 0.883941
-1360.9 0.884903
-1360.7 0.885767
-1360.5 0.886623
-1360.3 0.887532
-1360.1 0.888431
-1359.9 0.889305
-1359.7 0.890151
-1359.5 0.890926
-1359.3 0.891773
-1359.1 0.892771
-1358.9 0.893564
-1358.7 0.894375
-1358.5 0.895186
-1358.3 0.895961
-1358.1 0.896932
-1357.9 0.89769
-1357.7 0.898598
-1357.5 0.899605
-1357.3 0.900612
-1357.1 0.901459
-1356.9 0.902474
-1356.7 0.903232
-1356.5 0.904096
-1356.3 0.905041
-1356.1 0.905923
-1355.9 0.906769
-1355.7 0.907714
-1355.5 0.908649
-1355.3 0.909567
-1355.1 0.91044
-1354.9 0.91134
-1354.7 0.912125
-1354.5 0.912882
-1354.3 0.9138
-1354.1 0.9147
-1353.9 0.9156
-1353.7 0.916535
-1353.5 0.917186
-1353.3 0.918103
-1353.1 0.919173
-1352.9 0.919984
-1352.7 0.92091
-1352.5 0.921748
-1352.3 0.922577
-1352.1 0.923414
-1351.9 0.924198
-1351.7 0.925098
-1351.5 0.92582
-1351.3 0.926773
-1351.1 0.927664
-1350.9 0.928582
-1350.7 0.929589
-1350.5 0.930453
-1350.3 0.931318
-1350.1 0.93212
-1349.9 0.933038
-1349.7 0.933893
-1349.5 0.934748
-1349.3 0.935639
-1349.1 0.936379
-1348.9 0.937136
-1348.7 0.937903
-1348.5 0.938651
-1348.3 0.939533
-1348.1 0.940424
-1347.9 0.941298
-1347.7 0.94218
-1347.5 0.942946
-1347.3 0.943766
-1347.1 0.944461
-1346.9 0.945102
-1346.7 0.945851
-1346.5 0.946653
-1346.3 0.947535
-1346.1 0.948435
-1345.9 0.949228
-1345.7 0.949967
-1345.5 0.950867
-1345.3 0.951678
-1345.1 0.952623
-1344.9 0.953353
-1344.7 0.954209
-1344.5 0.955064
-1344.3 0.955768
-1344.1 0.956579
-1343.9 0.95731
-1343.7 0.958147
-1343.5 0.958914
-1343.3 0.959751
-1343.1 0.960553
-1342.9 0.961248
-1342.7 0.961881
-1342.5 0.962505
-1342.3 0.963235
-1342.1 0.963948
-1341.9 0.964697
-1341.7 0.965418
-1341.5 0.966015
-1341.3 0.966586
-1341.1 0.967316
-1340.9 0.967949
-1340.7 0.968519
-1340.5 0.969187
-1340.3 0.969802
-1340.1 0.970381
-1339.9 0.970987
-1339.7 0.97162
-1339.5 0.97219
-1339.3 0.972752
-1339.1 0.973268
-1338.9 0.973874
-1338.7 0.974427
-1338.5 0.974953
-1338.3 0.975585
-1338.1 0.976066
-1337.9 0.976565
-1337.7 0.977109
-1337.5 0.977581
-1337.3 0.978
-1337.1 0.978383
-1336.9 0.978855
-1336.7 0.979283
-1336.5 0.979755
-1336.3 0.980165
-1336.1 0.980539
-1335.9 0.980923
-1335.7 0.981324
-1335.5 0.981769
-1335.3 0.982206
-1335.1 0.98266
-1334.9 0.983097
-1334.7 0.983444
-1334.5 0.983792
-1334.3 0.984202
-1334.1 0.98454
-1333.9 0.984906
-1333.7 0.985324
-1333.5 0.985725
-1333.3 0.986091
-1333.1 0.986536
-1332.9 0.986777
-1332.7 0.987151
-1332.5 0.987418
-1332.3 0.987739
-1332.1 0.988087
-1331.9 0.98839
-1331.7 0.988737
-1331.5 0.98896
-1331.3 0.989254
-1331.1 0.989539
-1330.9 0.989744
-1330.7 0.990011
-1330.5 0.990234
-1330.3 0.990582
-1330.1 0.990751
-1329.9 0.991
-1329.7 0.991223
-1329.5 0.991419
-1329.3 0.991642
-1329.1 0.991963
-1328.9 0.992292
-1328.7 0.992426
-1328.5 0.992684
-1328.3 0.992889
-1328.1 0.993157
-1327.9 0.993388
-1327.7 0.993647
-1327.5 0.993959
-1327.3 0.994181
-1327.1 0.994422
-1326.9 0.9946
-1326.7 0.994778
-1326.5 0.994912
-1326.3 0.995099
-1326.1 0.995188
-1325.9 0.995331
-1325.7 0.995473
-1325.5 0.995661
-1325.3 0.995759
-1325.1 0.995883
-1324.9 0.996097
-1324.7 0.996258
-1324.5 0.996436
-1324.3 0.996543
-1324.1 0.99665
-1323.9 0.996792
-1323.7 0.996908
-1323.5 0.99697
-1323.3 0.997149
-1323.1 0.997211
-1322.9 0.997273
-1322.7 0.997345
-1322.5 0.997443
-1322.3 0.997567
-1322.1 0.997674
-1321.9 0.997826
-1321.7 0.997924
-1321.5 0.998004
-1321.3 0.998129
-1321.1 0.9982
-1320.9 0.998254
-1320.7 0.998316
-1320.5 0.998432
-1320.3 0.998512
-1320.1 0.998592
-1319.9 0.998637
-1319.7 0.998681
-1319.5 0.998717
-1319.3 0.99877
-1319.1 0.998815
-1318.9 0.998904
-1318.7 0.99894
-1318.5 0.998975
-1318.3 0.99902
-1318.1 0.999047
-1317.9 0.999073
-1317.7 0.999091
-1317.5 0.999136
-1317.3 0.999171
-1317.1 0.999252
-1316.9 0.999269
-1316.7 0.999287
-1316.5 0.999305
-1316.3 0.999341
-1316.1 0.999367
-1315.9 0.999403
-1315.7 0.999456
-1315.5 0.999474
-1315.3 0.999474
-1315.1 0.999492
-1314.9 0.999501
-1314.7 0.99951
-1314.5 0.999546
-1314.3 0.999554
-1314.1 0.999563
-1313.9 0.999572
-1313.7 0.999581
-1313.5 0.99959
-1313.3 0.999608
-1313.1 0.999617
-1312.9 0.999617
-1312.7 0.999661
-1312.5 0.999688
-1312.3 0.999688
-1312.1 0.999697
-1311.9 0.999697
-1311.7 0.999724
-1311.5 0.999751
-1311.3 0.999768
-1311.1 0.999795
-1310.9 0.999804
-1310.7 0.999813
-1310.5 0.999822
-1310.3 0.999849
-1310.1 0.999857
-1309.9 0.999866
-1309.7 0.999866
-1309.5 0.999866
-1309.3 0.999866
-1309.1 0.999866
-1308.9 0.999866
-1308.7 0.999866
-1308.5 0.999866
-1308.3 0.999911
-1308.1 0.999929
-1307.9 0.999938
-1307.7 0.999947
-1307.5 0.999955
-1307.3 0.999955
-1307.1 0.999955
-1306.9 0.999955
-1306.7 0.999955
-1306.5 0.999955
-1306.3 0.999955
-1306.1 0.999955
-1305.9 0.999955
-1305.7 0.999955
-1305.5 0.999955
-1305.3 0.999964
-1305.1 0.999964
-1304.9 0.999964
-1304.7 0.999964
-1304.5 0.999964
-1304.3 0.999964
-1304.1 0.999964
-1303.9 0.999964
-1303.7 0.999964
-1303.5 0.999964
-1303.3 0.999964
-1303.1 0.999964
-1302.9 0.999964
-1302.7 0.999964
-1302.5 0.999964
-1302.3 0.999964
-1302.1 0.999964
-1301.9 0.999964
-1301.7 0.999973
-1301.5 0.999973
-1301.3 0.999991
-1301.1 0.999991
-1300.9 0.999991
-1300.7 1
