1490
-1598.9 8.46274e-06
-1598.7 8.46274e-06
-1598.5 8.46274e-06
-1598.3 8.46274e-06
-1598.1 8.46274e-06
-1597.9 8.46274e-06
-1597.7 8.46274e-06
-1597.5 8.46274e-06
-1597.3 8.46274e-06
-1597.1 8.46274e-06
-1596.9 8.46274e-06
-1596.7 8.46274e-06
-1596.5 8.46274e-06
-1596.3 8.46274e-06
-1596.1 8.46274e-06
-1595.9 8.46274e-06
-1595.7 8.46274e-06
-1595.5 8.46274e-06
-1595.3 8.46274e-06
-1595.1 8.46274e-06
-1594.9 1.69255e-05
-1594.7 1.69255e-05
-1594.5 1.69255e-05
-1594.3 1.69255e-05
-1594.1 1.69255e-05
-1593.9 1.69255e-05
-1593.7 1.69255e-05
-1593.5 1.69255e-05
-1593.3 1.69255e-05
-1593.1 1.69255e-05
-1592.9 1.69255e-05
-1592.7 1.69255e-05
-1592.5 1.69255e-05
-1592.3 1.69255e-05
-1592.1 1.69255e-05
-1591.9 1.69255e-05
-1591.7 1.69255e-05
-1591.5 2.53882e-05
-1591.3 3.3851e-05
-1591.1 3.3851e-05
-1590.9 3.3851e-05
-1590.7 4.23137e-05
-1590.5 4.23137e-05
-1590.3 4.23137e-05
-1590.1 4.23137e-05
-1589.9 4.23137e-05
-1589.7 5.07765e-05
-1589.5 5.07765e-05
-1589.3 5.07765e-05
-1589.1 5.07765e-05
-1588.9 5.07765e-05
-1588.7 5.07765e-05
-1588.5 5.07765e-05
-1588.3 5.07765e-05
-1588.1 5.92392e-05
-1587.9 5.92392e-05
-1587.7 5.92392e-05
-1587.5 5.92392e-05
-1587.3 5.92392e-05
-1587.1 5.92392e-05
-1586.9 5.92392e-05
-1586.7 5.92392e-05
-1586.5 5.92392e-05
-1586.3 5.92392e-05
-1586.1 5.92392e-05
-1585.9 5.92392e-05
-1585.7 5.92392e-05
-1585.5 5.92392e-05
-1585.3 5.92392e-05
-1585.1 5.92392e-05
-1584.9 5.92392e-05
-1584.7 5.92392e-05
-1584.5 5.92392e-05
-1584.3 5.92392e-05
-1584.1 6.77019e-05
-1583.9 6.77019e-05
-1583.7 6.77019e-05
-1583.5 6.77019e-05
-1583.3 6.77019e-05
-1583.1 6.77019e-05
-1582.9 6.77019e-05
-1582.7 6.77019e-05
-1582.5 6.77019e-05
-1582.3 6.77019e-05
-1582.1 6.77019e-05
-1581.9 6.77019e-05
-1581.7 6.77019e-05
-1581.5 6.77019e-05
-1581.3 6.77019e-05
-1581.1 6.77019e-05
-1580.9 7.61647e-05
-1580.7 7.61647e-05
-1580.5 7.61647e-05
-1580.3 7.61647e-05
-1580.1 7.61647e-05
-1579.9 7.61647e-05
-1579.7 8.46274e-05
-1579.5 8.46274e-05
-1579.3 8.46274e-05
-1579.1 8.46274e-05
-1578.9 8.46274e-05
-1578.7 8.46274e-05
-1578.5 8.46274e-05
-1578.3 8.46274e-05
-1578.1 8.46274e-05
-1577.9 9.30902e-05
-1577.7 9.30902e-05
-1577.5 9.30902e-05
-1577.3 9.30902e-05
-1577.1 9.30902e-05
-1576.9 9.30902e-05
-1576.7 9.30902e-05
-1576.5 9.30902e-05
-1576.3 9.30902e-05
-1576.1 9.30902e-05
-1575.9 9.30902e-05
-1575.7 0.000101553
-1575.5 0.000101553
-1575.3 0.000101553
-1575.1 0.000101553
-1574.9 0.000101553
-1574.7 0.000101553
-1574.5 0.000101553
-1574.3 0.000101553
-1574.1 0.000101553
-1573.9 0.000110016
-1573.7 0.000135404
-1573.5 0.000135404
-1573.3 0.000152329
-1573.1 0.000177718
-1572.9 0.00018618
-1572.7 0.000194643
-1572.5 0.000211569
-1572.3 0.000228494
-1572.1 0.000253882
-1571.9 0.000279271
-1571.7 0.000287733
-1571.5 0.000321584
-1571.3 0.000346972
-1571.1 0.000363898
-1570.9 0.000414674
-1570.7 0.000490839
-1570.5 0.000558541
-1570.3 0.00061778
-1570.1 0.000677019
-1569.9 0.000753184
-1569.7 0.000854737
-1569.5 0.000973215
-1569.3 0.00110016
-1569.1 0.00125249
-1568.9 0.00138789
-1568.7 0.00152329
-1568.5 0.00167562
-1568.3 0.00187027
-1568.1 0.00205645
-1567.9 0.00225109
-1567.7 0.00242034
-1567.5 0.00263191
-1567.3 0.00291118
-1567.1 0.00316507
-1566.9 0.00339356
-1566.7 0.00367283
-1566.5 0.0040875
-1566.3 0.00441755
-1566.1 0.00480684
-1565.9 0.00514535
-1565.7 0.00558541
-1565.5 0.00592392
-1565.3 0.00644861
-1565.1 0.00687175
-1564.9 0.0072695
-1564.7 0.00792959
-1564.5 0.00854737
-1564.3 0.0092667
-1564.1 0.00983371
-1563.9 0.0106377
-1563.7 0.0112216
-1563.5 0.0118648
-1563.3 0.0125672
-1563.1 0.0132103
-1562.9 0.0138958
-1562.7 0.014759
-1562.5 0.0155884
-1562.3 0.0165023
-1562.1 0.0174502
-1561.9 0.0183642
-1561.7 0.0192358
-1561.5 0.0201836
-1561.3 0.0210468
-1561.1 0.0220031
-1560.9 0.0231118
-1560.7 0.0242458
-1560.5 0.0253544
-1560.3 0.0264038
-1560.1 0.0275885
-1559.9 0.0286972
-1559.7 0.0297042
-1559.5 0.0307959
-1559.3 0.0319638
-1559.1 0.0332755
-1558.9 0.0345111
-1558.7 0.0355689
-1558.5 0.0367791
-1558.3 0.0379469
-1558.1 0.0390894
-1557.9 0.0402827
-1557.7 0.0415775
-1557.5 0.0427369
-1557.3 0.0439724
-1557.1 0.0451487
-1556.9 0.0462827
-1556.7 0.0475183
-1556.5 0.0486523
-1556.3 0.0499133
-1556.1 0.0509372
-1555.9 0.0521051
-1555.7 0.0533322
-1555.5 0.0545847
-1555.3 0.0557695
-1555.1 0.0570389
-1554.9 0.0583168
-1554.7 0.0594
-1554.5 0.060754
-1554.3 0.062125
-1554.1 0.0631913
-1553.9 0.0644438
-1553.7 0.0657047
-1553.5 0.0671349
-1553.3 0.0684636
-1553.1 0.0697161
-1552.9 0.0710109
-1552.7 0.0723734
-1552.5 0.0735074
-1552.3 0.0746583
-1552.1 0.0759616
-1551.9 0.0771718
-1551.7 0.0781873
-1551.5 0.0793805
-1551.3 0.0804468
-1551.1 0.0815978
-1550.9 0.0827064
-1550.7 0.0838827
-1550.5 0.0849998
-1550.3 0.0864385
-1550.1 0.0874624
-1549.9 0.0886388
-1549.7 0.0897728
-1549.5 0.090856
-1549.3 0.0919731
-1549.1 0.0932256
-1548.9 0.0944611
-1548.7 0.095629
-1548.5 0.0967122
-1548.3 0.0979647
-1548.1 0.0990987
-1547.9 0.100216
-1547.7 0.101468
-1547.5 0.102636
-1547.3 0.103652
-1547.1 0.10465
-1546.9 0.105827
-1546.7 0.106994
-1546.5 0.108298
-1546.3 0.109576
-1546.1 0.110464
-1545.9 0.111556
-1545.7 0.112732
-1545.5 0.113866
-1545.3 0.114763
-1545.1 0.115906
-1544.9 0.116972
-1544.7 0.118072
-1544.5 0.119096
-1544.3 0.12012
-1544.1 0.121322
-1543.9 0.122202
-1543.7 0.123302
-1543.5 0.124504
-1543.3 0.125562
-1543.1 0.126721
-1542.9 0.127796
-1542.7 0.128744
-1542.5 0.129582
-1542.3 0.130648
-1542.1 0.131723
-1541.9 0.132687
-1541.7 0.133669
-1541.5 0.134685
-1541.3 0.135768
-1541.1 0.136876
-1540.9 0.137841
-1540.7 0.139077
-1540.5 0.140194
-1540.3 0.141243
-1540.1 0.142462
-1539.9 0.143367
-1539.7 0.144408
-1539.5 0.145432
-1539.3 0.146609
-1539.1 0.147556
-1538.9 0.148453
-1538.7 0.149427
-1538.5 0.15051
-1538.3 0.151551
-1538.1 0.152626
-1537.9 0.153675
-1537.7 0.154631
-1537.5 0.155528
-1537.3 0.156485
-1537.1 0.157449
-1536.9 0.158431
-1536.7 0.159421
-1536.5 0.160284
-1536.3 0.161359
-1536.1 0.162434
-1535.9 0.163432
-1535.7 0.164304
-1535.5 0.165303
-1535.3 0.166378
-1535.1 0.167545
-1534.9 0.168459
-1534.7 0.169373
-1534.5 0.170533
-1534.3 0.171599
-1534.1 0.172615
-1533.9 0.17374
-1533.7 0.174696
-1533.5 0.175602
-1533.3 0.176584
-1533.1 0.177498
-1532.9 0.178454
-1532.7 0.179342
-1532.5 0.18051
-1532.3 0.181509
-1532.1 0.182508
-1531.9 0.183489
-1531.7 0.184395
-1531.5 0.185478
-1531.3 0.186451
-1531.1 0.187433
-1530.9 0.188491
-1530.7 0.189549
-1530.5 0.190378
-1530.3 0.191326
-1530.1 0.19224
-1529.9 0.193154
-1529.7 0.194118
-1529.5 0.194999
-1529.3 0.19587
-1529.1 0.196826
-1528.9 0.197817
-1528.7 0.198917
-1528.5 0.199975
-1528.3 0.200973
-1528.1 0.201972
-1527.9 0.202869
-1527.7 0.203977
-1527.5 0.204908
-1527.3 0.205797
-1527.1 0.206787
-1526.9 0.207726
-1526.7 0.20864
-1526.5 0.209673
-1526.3 0.210545
-1526.1 0.211459
-1525.9 0.212415
-1525.7 0.213278
-1525.5 0.21431
-1525.3 0.215563
-1525.1 0.216511
-1524.9 0.217526
-1524.7 0.218542
-1524.5 0.219566
-1524.3 0.220488
-1524.1 0.221419
-1523.9 0.222375
-1523.7 0.223408
-1523.5 0.22439
-1523.3 0.22527
-1523.1 0.226302
-1522.9 0.227369
-1522.7 0.228316
-1522.5 0.229383
-1522.3 0.230305
-1522.1 0.231126
-1521.9 0.232184
-1521.7 0.233182
-1521.5 0.234122
-1521.3 0.234993
-1521.1 0.235848
-1520.9 0.236847
-1520.7 0.237879
-1520.5 0.238726
-1520.3 0.239487
-1520.1 0.240342
-1519.9 0.241214
-1519.7 0.242195
-1519.5 0.242957
-1519.3 0.243955
-1519.1 0.24492
-1518.9 0.245758
-1518.7 0.246672
-1518.5 0.247527
-1518.3 0.248449
-1518.1 0.249253
-1517.9 0.250226
-1517.7 0.25109
-1517.5 0.251894
-1517.3 0.252824
-1517.1 0.253772
-1516.9 0.254686
-1516.7 0.255761
-1516.5 0.256675
-1516.3 0.257572
-1516.1 0.258486
-1515.9 0.259417
-1515.7 0.260297
-1515.5 0.261186
-1515.3 0.261871
-1515.1 0.26281
-1514.9 0.263598
-1514.7 0.264638
-1514.5 0.265476
-1514.3 0.266297
-1514.1 0.267194
-1513.9 0.268193
-1513.7 0.269107
-1513.5 0.269936
-1513.3 0.270935
-1513.1 0.271764
-1512.9 0.272686
-1512.7 0.273694
-1512.5 0.274633
-1512.3 0.275522
-1512.1 0.276478
-1511.9 0.277553
-1511.7 0.278467
-1511.5 0.279372
-1511.3 0.280379
-1511.1 0.281124
-1510.9 0.282139
-1510.7 0.283096
-1510.5 0.284027
-1510.3 0.284957
-1510.1 0.285965
-1509.9 0.286845
-1509.7 0.287826
-1509.5 0.28869
-1509.3 0.289714
-1509.1 0.290517
-1508.9 0.291609
-1508.7 0.292498
-1508.5 0.293344
-1508.3 0.294283
-1508.1 0.295223
-1507.9 0.296044
-1507.7 0.296898
-1507.5 0.297973
-1507.3 0.298853
-1507.1 0.299666
-1506.9 0.300546
-1506.7 0.301434
-1506.5 0.30245
-1506.3 0.303347
-1506.1 0.304388
-1505.9 0.305226
-1505.7 0.306419
-1505.5 0.307274
-1505.3 0.308281
-1505.1 0.309119
-1504.9 0.310109
-1504.7 0.311073
-1504.5 0.312081
-1504.3 0.313011
-1504.1 0.313756
-1503.9 0.314543
-1503.7 0.315415
-1503.5 0.316177
-1503.3 0.317209
-1503.1 0.317979
-1502.9 0.319138
-1502.7 0.319959
-1502.5 0.320882
-1502.3 0.321863
-1502.1 0.322777
-1501.9 0.323497
-1501.7 0.324605
-1501.5 0.325714
-1501.3 0.326569
-1501.1 0.327534
-1500.9 0.328388
-1500.7 0.329378
-1500.5 0.330411
-1500.3 0.331266
-1500.1 0.332213
-1499.9 0.333161
-1499.7 0.333999
-1499.5 0.335065
-1499.3 0.336072
-1499.1 0.337215
-1498.9 0.338154
-1498.7 0.339305
-1498.5 0.340245
-1498.3 0.34126
-1498.1 0.34236
-1497.9 0.343376
-1497.7 0.344239
-1497.5 0.345094
-1497.3 0.346084
-1497.1 0.347032
-1496.9 0.34809
-1496.7 0.348893
-1496.5 0.349892
-1496.3 0.35084
-1496.1 0.351915
-1495.9 0.352947
-1495.7 0.353929
-1495.5 0.354902
-1495.3 0.355816
-1495.1 0.356848
-1494.9 0.357746
-1494.7 0.35866
-1494.5 0.35959
-1494.3 0.360462
-1494.1 0.361376
-1493.9 0.362307
-1493.7 0.363263
-1493.5 0.364118
-1493.3 0.364939
-1493.1 0.365904
-1492.9 0.366885
-1492.7 0.367816
-1492.5 0.36873
-1492.3 0.369602
-1492.1 0.370567
-1491.9 0.371447
-1491.7 0.372369
-1491.5 0.373224
-1491.3 0.374146
-1491.1 0.375043
-1490.9 0.375991
-1490.7 0.376871
-1490.5 0.377802
-1490.3 0.378767
-1490.1 0.379766
-1489.9 0.380891
-1489.7 0.381856
-1489.5 0.382736
-1489.3 0.383802
-1489.1 0.384902
-1488.9 0.38569
-1488.7 0.38668
-1488.5 0.387577
-1488.3 0.388651
-1488.1 0.389523
-1487.9 0.39064
-1487.7 0.391622
-1487.5 0.392519
-1487.3 0.393357
-1487.1 0.394271
-1486.9 0.395117
-1486.7 0.396039
-1486.5 0.396852
-1486.3 0.397876
-1486.1 0.398722
-1485.9 0.399712
-1485.7 0.400592
-1485.5 0.401693
-1485.3 0.40259
-1485.1 0.403478
-1484.9 0.404384
-1484.7 0.405315
-1484.5 0.406237
-1484.3 0.407202
-1484.1 0.408192
-1483.9 0.409064
-1483.7 0.409876
-1483.5 0.4109
-1483.3 0.411848
-1483.1 0.41272
-1482.9 0.413481
-1482.7 0.414353
-1482.5 0.415165
-1482.3 0.416164
-1482.1 0.417027
-1481.9 0.417992
-1481.7 0.418889
-1481.5 0.419811
-1481.3 0.420768
-1481.1 0.421622
-1480.9 0.422553
-1480.7 0.423408
-1480.5 0.42428
-1480.3 0.42516
-1480.1 0.425964
-1479.9 0.426903
-1479.7 0.427758
-1479.5 0.428621
-1479.3 0.429577
-1479.1 0.430466
-1478.9 0.431414
-1478.7 0.432336
-1478.5 0.433165
-1478.3 0.434096
-1478.1 0.435002
-1477.9 0.436017
-1477.7 0.437202
-1477.5 0.43826
-1477.3 0.439106
-1477.1 0.440181
-1476.9 0.441214
-1476.7 0.442254
-1476.5 0.443194
-1476.3 0.444082
-1476.1 0.445123
-1475.9 0.445978
-1475.7 0.446917
-1475.5 0.447814
-1475.3 0.448644
-1475.1 0.449532
-1474.9 0.450345
-1474.7 0.451462
-1474.5 0.452384
-1474.3 0.453298
-1474.1 0.454204
-1473.9 0.455152
-1473.7 0.456294
-1473.5 0.45725
-1473.3 0.458139
-1473.1 0.459028
-1472.9 0.46006
-1472.7 0.461059
-1472.5 0.4621
-1472.3 0.463022
-1472.1 0.463953
-1471.9 0.464968
-1471.7 0.466162
-1471.5 0.467143
-1471.3 0.468134
-1471.1 0.469225
-1470.9 0.470232
-1470.7 0.47118
-1470.5 0.472018
-1470.3 0.473228
-1470.1 0.474201
-1469.9 0.475191
-1469.7 0.476097
-1469.5 0.476986
-1469.3 0.4779
-1469.1 0.478746
-1468.9 0.479677
-1468.7 0.480684
-1468.5 0.481606
-1468.3 0.482613
-1468.1 0.483451
-1467.9 0.484348
-1467.7 0.485271
-1467.5 0.48632
-1467.3 0.487352
-1467.1 0.488326
-1466.9 0.48935
-1466.7 0.490323
-1466.5 0.491195
-1466.3 0.492202
-1466.1 0.493183
-1465.9 0.494156
-1465.7 0.495189
-1465.5 0.496255
-1465.3 0.497245
-1465.1 0.498142
-1464.9 0.49909
-1464.7 0.50003
-1464.5 0.50091
-1464.3 0.501756
-1464.1 0.502788
-1463.9 0.503863
-1463.7 0.504684
-1463.5 0.505657
-1463.3 0.506698
-1463.1 0.507646
-1462.9 0.508687
-1462.7 0.509753
-1462.5 0.510684
-1462.3 0.511717
-1462.1 0.512656
-1461.9 0.513638
-1461.7 0.51467
-1461.5 0.515677
-1461.3 0.516693
-1461.1 0.517759
-1460.9 0.518656
-1460.7 0.519426
-1460.5 0.520306
-1460.3 0.521288
-1460.1 0.522261
-1459.9 0.523158
-1459.7 0.524182
-1459.5 0.525113
-1459.3 0.525976
-1459.1 0.526983
-1458.9 0.527965
-1458.7 0.528879
-1458.5 0.529844
-1458.3 0.530741
-1458.1 0.531773
-1457.9 0.53289
-1457.7 0.53372
-1457.5 0.534676
-1457.3 0.535404
-1457.1 0.536276
-1456.9 0.53735
-1456.7 0.53823
-1456.5 0.539254
-1456.3 0.540236
-1456.1 0.541159
-1455.9 0.542174
-1455.7 0.543122
-1455.5 0.543994
-1455.3 0.544899
-1455.1 0.545822
-1454.9 0.546642
-1454.7 0.547548
-1454.5 0.548301
-1454.3 0.549139
-1454.1 0.550104
-1453.9 0.550992
-1453.7 0.551788
-1453.5 0.552812
-1453.3 0.553785
-1453.1 0.554623
-1452.9 0.555579
-1452.7 0.556544
-1452.5 0.55739
-1452.3 0.558448
-1452.1 0.559328
-1451.9 0.560394
-1451.7 0.561258
-1451.5 0.56207
-1451.3 0.563035
-1451.1 0.564118
-1450.9 0.565091
-1450.7 0.565904
-1450.5 0.567029
-1450.3 0.567969
-1450.1 0.568882
-1449.9 0.569737
-1449.7 0.570744
-1449.5 0.571616
-1449.3 0.572538
-1449.1 0.573529
-1448.9 0.57451
-1448.7 0.575483
-1448.5 0.576524
-1448.3 0.577311
-1448.1 0.578192
-1447.9 0.579241
-1447.7 0.580172
-1447.5 0.581103
-1447.3 0.582076
-1447.1 0.582922
-1446.9 0.583862
-1446.7 0.584826
-1446.5 0.585918
-1446.3 0.586849
-1446.1 0.587831
-1445.9 0.588651
-1445.7 0.589574
-1445.5 0.590513
-1445.3 0.591503
-1445.1 0.592443
-1444.9 0.593543
-1444.7 0.594482
-1444.5 0.595303
-1444.3 0.596124
-1444.1 0.597038
-1443.9 0.597749
-1443.7 0.598764
-1443.5 0.599492
-1443.3 0.600449
-1443.1 0.601523
-1442.9 0.602539
-1442.7 0.603444
-1442.5 0.60435
-1442.3 0.605205
-1442.1 0.606051
-1441.9 0.606829
-1441.7 0.60776
-1441.5 0.60864
-1441.3 0.60958
-1441.1 0.610443
-1440.9 0.611442
-1440.7 0.612347
-1440.5 0.613337
-1440.3 0.614285
-1440.1 0.615224
-1439.9 0.616316
-1439.7 0.617256
-1439.5 0.61833
-1439.3 0.619329
-1439.1 0.620175
-1438.9 0.621106
-1438.7 0.622172
-1438.5 0.623103
-1438.3 0.624068
-1438.1 0.62516
-1437.9 0.626158
-1437.7 0.627047
-1437.5 0.628105
-1437.3 0.628976
-1437.1 0.630068
-1436.9 0.631041
-1436.7 0.631998
-1436.5 0.633047
-1436.3 0.634012
-1436.1 0.635078
-1435.9 0.636009
-1435.7 0.636804
-1435.5 0.637981
-1435.3 0.638852
-1435.1 0.639834
-1434.9 0.640757
-1434.7 0.641671
-1434.5 0.642695
-1434.3 0.643592
-1434.1 0.644565
-1433.9 0.645377
-1433.7 0.64635
-1433.5 0.647451
-1433.3 0.648424
-1433.1 0.649363
-1432.9 0.650328
-1432.7 0.651259
-1432.5 0.651987
-1432.3 0.652901
-1432.1 0.653891
-1431.9 0.654788
-1431.7 0.655761
-1431.5 0.656455
-1431.3 0.657479
-1431.1 0.658384
-1430.9 0.659459
-1430.7 0.660365
-1430.5 0.661287
-1430.3 0.662125
-1430.1 0.663039
-1429.9 0.664021
-1429.7 0.664782
-1429.5 0.665849
-1429.3 0.666703
-1429.1 0.667617
-1428.9 0.668557
-1428.7 0.669598
-1428.5 0.670579
-1428.3 0.671569
-1428.1 0.672348
-1427.9 0.673245
-1427.7 0.674337
-1427.5 0.675318
-1427.3 0.676249
-1427.1 0.677214
-1426.9 0.678289
-1426.7 0.679203
-1426.5 0.680337
-1426.3 0.681268
-1426.1 0.682326
-1425.9 0.68318
-1425.7 0.684086
-1425.5 0.684991
-1425.3 0.685897
-1425.1 0.686912
-1424.9 0.687801
-1424.7 0.688791
-1424.5 0.689705
-1424.3 0.690661
-1424.1 0.691541
-1423.9 0.692684
-1423.7 0.693674
-1423.5 0.694402
-1423.3 0.695265
-1423.1 0.696365
-1422.9 0.697186
-1422.7 0.698066
-1422.5 0.699149
-1422.3 0.700004
-1422.1 0.700918
-1421.9 0.701748
-1421.7 0.702577
-1421.5 0.703584
-1421.3 0.704439
-1421.1 0.705327
-1420.9 0.706182
-1420.7 0.707104
-1420.5 0.708027
-1420.3 0.708932
-1420.1 0.709965
-1419.9 0.71087
-1419.7 0.711742
-1419.5 0.71247
-1419.3 0.713299
-1419.1 0.714255
-1418.9 0.715144
-1418.7 0.716016
-1418.5 0.717065
-1418.3 0.718004
-1418.1 0.719012
-1417.9 0.719909
-1417.7 0.720738
-1417.5 0.721576
-1417.3 0.722515
-1417.1 0.723421
-1416.9 0.724182
-1416.7 0.725198
-1416.5 0.726019
-1416.3 0.726823
-1416.1 0.727779
-1415.9 0.728693
-1415.7 0.729683
-1415.5 0.730741
-1415.3 0.731765
-1415.1 0.732755
-1414.9 0.733618
-1414.7 0.734481
-1414.5 0.735489
-1414.3 0.736326
-1414.1 0.7373
-1413.9 0.738324
-1413.7 0.739246
-1413.5 0.740109
-1413.3 0.740955
-1413.1 0.741988
-1412.9 0.742944
-1412.7 0.744002
-1412.5 0.74495
-1412.3 0.745999
-1412.1 0.747015
-1411.9 0.748013
-1411.7 0.749029
-1411.5 0.749943
-1411.3 0.750857
-1411.1 0.751822
-1410.9 0.752896
-1410.7 0.753836
-1410.5 0.754843
-1410.3 0.755816
-1410.1 0.756764
-1409.9 0.757568
-1409.7 0.758516
-1409.5 0.759311
-1409.3 0.760047
-1409.1 0.761164
-1408.9 0.762036
-1408.7 0.762882
-1408.5 0.763805
-1408.3 0.7646
-1408.1 0.765548
-1407.9 0.76642
-1407.7 0.767334
-1407.5 0.768324
-1407.3 0.769119
-1407.1 0.770025
-1406.9 0.770998
-1406.7 0.771811
-1406.5 0.772708
-1406.3 0.773732
-1406.1 0.774569
-1405.9 0.775483
-1405.7 0.77638
-1405.5 0.777294
-1405.3 0.778081
-1405.1 0.778936
-1404.9 0.780028
-1404.7 0.781103
-1404.5 0.782161
-1404.3 0.7831
-1404.1 0.784022
-1403.9 0.784886
-1403.7 0.785893
-1403.5 0.786824
-1403.3 0.787839
-1403.1 0.788871
-1402.9 0.789684
-1402.7 0.790539
-1402.5 0.791503
-1402.3 0.792578
-1402.1 0.793509
-1401.9 0.794372
-1401.7 0.795295
-1401.5 0.796327
-1401.3 0.797283
-1401.1 0.79807
-1400.9 0.798891
-1400.7 0.799822
-1400.5 0.800702
-1400.3 0.801701
-1400.1 0.80286
-1399.9 0.803749
-1399.7 0.804773
-1399.5 0.805822
-1399.3 0.806686
-1399.1 0.807625
-1398.9 0.808497
-1398.7 0.809419
-1398.5 0.810375
-1398.3 0.811399
-1398.1 0.812254
-1397.9 0.813202
-1397.7 0.814268
-1397.5 0.815241
-1397.3 0.816257
-1397.1 0.817247
-1396.9 0.818085
-1396.7 0.819075
-1396.5 0.820014
-1396.3 0.820903
-1396.1 0.821741
-1395.9 0.822689
-1395.7 0.823577
-1395.5 0.824567
-1395.3 0.825557
-1395.1 0.826438
-1394.9 0.827377
-1394.7 0.828316
-1394.5 0.829349
-1394.3 0.830246
-1394.1 0.831143
-1393.9 0.832141
-1393.7 0.833055
-1393.5 0.833995
-1393.3 0.834977
-1393.1 0.835992
-1392.9 0.837067
-1392.7 0.838048
-1392.5 0.838988
-1392.3 0.839885
-1392.1 0.840748
-1391.9 0.841806
-1391.7 0.842678
-1391.5 0.843702
-1391.3 0.844633
-1391.1 0.845597
-1390.9 0.846511
-1390.7 0.8474
-1390.5 0.848271
-1390.3 0.84927
-1390.1 0.850032
-1389.9 0.85103
-1389.7 0.852004
-1389.5 0.852934
-1389.3 0.853933
-1389.1 0.854906
-1388.9 0.855837
-1388.7 0.856751
-1388.5 0.857707
-1388.3 0.858808
-1388.1 0.859832
-1387.9 0.86083
-1387.7 0.861761
-1387.5 0.862667
-1387.3 0.863767
-1387.1 0.864757
-1386.9 0.865586
-1386.7 0.8665
-1386.5 0.867338
-1386.3 0.868201
-1386.1 0.869225
-1385.9 0.87008
-1385.7 0.870952
-1385.5 0.871832
-1385.3 0.87278
-1385.1 0.873634
-1384.9 0.874523
-1384.7 0.87531
-1384.5 0.876055
-1384.3 0.877104
-1384.1 0.878077
-1383.9 0.87911
-1383.7 0.879939
-1383.5 0.880887
-1383.3 0.881725
-1383.1 0.882715
-1382.9 0.883578
-1382.7 0.884492
-1382.5 0.885313
-1382.3 0.886227
-1382.1 0.887124
-1381.9 0.88808
-1381.7 0.889189
-1381.5 0.890137
-1381.3 0.890932
-1381.1 0.891914
-1380.9 0.892794
-1380.7 0.893683
-1380.5 0.894478
-1380.3 0.895527
-1380.1 0.896424
-1379.9 0.897457
-1379.7 0.898498
-1379.5 0.899539
-1379.3 0.900334
-1379.1 0.901307
-1378.9 0.902374
-1378.7 0.903398
-1378.5 0.90432
-1378.3 0.905293
-1378.1 0.906402
-1377.9 0.907282
-1377.7 0.908247
-1377.5 0.909271
-1377.3 0.910312
-1377.1 0.911327
-1376.9 0.912512
-1376.7 0.913409
-1376.5 0.914315
-1376.3 0.915347
-1376.1 0.916295
-1375.9 0.917209
-1375.7 0.918013
-1375.5 0.918876
-1375.3 0.919773
-1375.1 0.920772
-1374.9 0.921618
-1374.7 0.922524
-1374.5 0.923421
-1374.3 0.924258
-1374.1 0.925249
-1373.9 0.926086
-1373.7 0.927203
-1373.5 0.928024
-1373.3 0.928955
-1373.1 0.929835
-1372.9 0.930893
-1372.7 0.931985
-1372.5 0.933195
-1372.3 0.933982
-1372.1 0.934972
-1371.9 0.935768
-1371.7 0.936606
-1371.5 0.937587
-1371.3 0.938637
-1371.1 0.939694
-1370.9 0.940507
-1370.7 0.941269
-1370.5 0.942216
-1370.3 0.943122
-1370.1 0.943968
-1369.9 0.944916
-1369.7 0.945813
-1369.5 0.946879
-1369.3 0.947759
-1369.1 0.948597
-1368.9 0.9493
-1368.7 0.949968
-1368.5 0.950628
-1368.3 0.951576
-1368.1 0.952439
-1367.9 0.953328
-1367.7 0.954073
-1367.5 0.955012
-1367.3 0.955867
-1367.1 0.956654
-1366.9 0.95761
-1366.7 0.958279
-1366.5 0.959125
-1366.3 0.959844
-1366.1 0.960699
-1365.9 0.961478
-1365.7 0.962205
-1365.5 0.962899
-1365.3 0.96372
-1365.1 0.964524
-1364.9 0.965328
-1364.7 0.965954
-1364.5 0.966631
-1364.3 0.967317
-1364.1 0.968019
-1363.9 0.968806
-1363.7 0.969356
-1363.5 0.970084
-1363.3 0.97071
-1363.1 0.971404
-1362.9 0.972141
-1362.7 0.972733
-1362.5 0.973579
-1362.3 0.974265
-1362.1 0.974874
-1361.9 0.975543
-1361.7 0.97616
-1361.5 0.976753
-1361.3 0.977303
-1361.1 0.977811
-1360.9 0.978386
-1360.7 0.978928
-1360.5 0.979554
-1360.3 0.980248
-1360.1 0.980798
-1359.9 0.98128
-1359.7 0.981771
-1359.5 0.982279
-1359.3 0.98266
-1359.1 0.983075
-1358.9 0.983574
-1358.7 0.984005
-1358.5 0.984429
-1358.3 0.984784
-1358.1 0.985224
-1357.9 0.985563
-1357.7 0.985952
-1357.5 0.986307
-1357.3 0.986722
-1357.1 0.987111
-1356.9 0.98745
-1356.7 0.987763
-1356.5 0.988118
-1356.3 0.988525
-1356.1 0.988846
-1355.9 0.989269
-1355.7 0.989608
-1355.5 0.989938
-1355.3 0.990268
-1355.1 0.990547
-1354.9 0.990793
-1354.7 0.991089
-1354.5 0.991283
-1354.3 0.991571
-1354.1 0.991791
-1353.9 0.992045
-1353.7 0.992274
-1353.5 0.992553
-1353.3 0.992798
-1353.1 0.992984
-1352.9 0.993221
-1352.7 0.99345
-1352.5 0.993653
-1352.3 0.993873
-1352.1 0.994017
-1351.9 0.994211
-1351.7 0.994406
-1351.5 0.994601
-1351.3 0.994787
-1351.1 0.994982
-1350.9 0.995109
-1350.7 0.995269
-1350.5 0.995413
-1350.3 0.995506
-1350.1 0.995642
-1349.9 0.995786
-1349.7 0.995921
-1349.5 0.996116
-1349.3 0.996209
-1349.1 0.996344
-1348.9 0.996429
-1348.7 0.996573
-1348.5 0.996657
-1348.3 0.996793
-1348.1 0.997004
-1347.9 0.997097
-1347.7 0.997157
-1347.5 0.997258
-1347.3 0.997351
-1347.1 0.997427
-1346.9 0.997529
-1346.7 0.99763
-1346.5 0.997817
-1346.3 0.997867
-1346.1 0.997893
-1345.9 0.997952
-1345.7 0.99802
-1345.5 0.998113
-1345.3 0.998164
-1345.1 0.998274
-1344.9 0.998316
-1344.7 0.998375
-1344.5 0.998426
-1344.3 0.998468
-1344.1 0.998494
-1343.9 0.998553
-1343.7 0.99857
-1343.5 0.998637
-1343.3 0.99868
-1343.1 0.998722
-1342.9 0.998764
-1342.7 0.998798
-1342.5 0.998849
-1342.3 0.998874
-1342.1 0.998891
-1341.9 0.998908
-1341.7 0.998925
-1341.5 0.998942
-1341.3 0.998968
-1341.1 0.998976
-1340.9 0.999018
-1340.7 0.999027
-1340.5 0.999052
-1340.3 0.999086
-1340.1 0.999103
-1339.9 0.999111
-1339.7 0.99912
-1339.5 0.999137
-1339.3 0.999154
-1339.1 0.999171
-1338.9 0.999179
-1338.7 0.999188
-1338.5 0.999196
-1338.3 0.999221
-1338.1 0.99923
-1337.9 0.99923
-1337.7 0.999238
-1337.5 0.999247
-1337.3 0.999272
-1337.1 0.999298
-1336.9 0.999298
-1336.7 0.999315
-1336.5 0.999331
-1336.3 0.999331
-1336.1 0.999348
-1335.9 0.999357
-1335.7 0.999382
-1335.5 0.999391
-1335.3 0.999391
-1335.1 0.999408
-1334.9 0.999408
-1334.7 0.999425
-1334.5 0.999425
-1334.3 0.99945
-1334.1 0.999458
-1333.9 0.999467
-1333.7 0.999475
-1333.5 0.999475
-1333.3 0.999475
-1333.1 0.999475
-1332.9 0.999501
-1332.7 0.999501
-1332.5 0.999509
-1332.3 0.999543
-1332.1 0.999543
-1331.9 0.999551
-1331.7 0.999551
-1331.5 0.99956
-1331.3 0.999577
-1331.1 0.999585
-1330.9 0.999594
-1330.7 0.999594
-1330.5 0.999594
-1330.3 0.999594
-1330.1 0.999594
-1329.9 0.999611
-1329.7 0.999619
-1329.5 0.999628
-1329.3 0.999628
-1329.1 0.999628
-1328.9 0.999628
-1328.7 0.999628
-1328.5 0.999636
-1328.3 0.999645
-1328.1 0.999645
-1327.9 0.999645
-1327.7 0.999653
-1327.5 0.999653
-1327.3 0.999653
-1327.1 0.999653
-1326.9 0.999653
-1326.7 0.99967
-1326.5 0.999678
-1326.3 0.999678
-1326.1 0.999678
-1325.9 0.999678
-1325.7 0.999687
-1325.5 0.999687
-1325.3 0.999687
-1325.1 0.999695
-1324.9 0.999695
-1324.7 0.999704
-1324.5 0.999721
-1324.3 0.999738
-1324.1 0.999738
-1323.9 0.999763
-1323.7 0.999772
-1323.5 0.999788
-1323.3 0.999788
-1323.1 0.999797
-1322.9 0.999805
-1322.7 0.999814
-1322.5 0.999814
-1322.3 0.999822
-1322.1 0.999831
-1321.9 0.999839
-1321.7 0.999856
-1321.5 0.999856
-1321.3 0.999856
-1321.1 0.999856
-1320.9 0.999865
-1320.7 0.999873
-1320.5 0.999873
-1320.3 0.999873
-1320.1 0.999873
-1319.9 0.999873
-1319.7 0.999873
-1319.5 0.999873
-1319.3 0.999873
-1319.1 0.999873
-1318.9 0.999873
-1318.7 0.999873
-1318.5 0.999873
-1318.3 0.999882
-1318.1 0.99989
-1317.9 0.99989
-1317.7 0.999898
-1317.5 0.999898
-1317.3 0.999898
-1317.1 0.999898
-1316.9 0.999898
-1316.7 0.999898
-1316.5 0.999907
-1316.3 0.999907
-1316.1 0.999907
-1315.9 0.999907
-1315.7 0.999907
-1315.5 0.999907
-1315.3 0.999907
-1315.1 0.999907
-1314.9 0.999915
-1314.7 0.999924
-1314.5 0.999924
-1314.3 0.999924
-1314.1 0.999924
-1313.9 0.999924
-1313.7 0.999924
-1313.5 0.999924
-1313.3 0.999924
-1313.1 0.999924
-1312.9 0.999924
-1312.7 0.999924
-1312.5 0.999924
-1312.3 0.999924
-1312.1 0.999924
-1311.9 0.999924
-1311.7 0.999924
-1311.5 0.999924
-1311.3 0.999932
-1311.1 0.999932
-1310.9 0.999941
-1310.7 0.999941
-1310.5 0.999941
-1310.3 0.999941
-1310.1 0.999941
-1309.9 0.999941
-1309.7 0.999941
-1309.5 0.999941
-1309.3 0.999941
-1309.1 0.999941
-1308.9 0.999941
-1308.7 0.999941
-1308.5 0.999941
-1308.3 0.999941
-1308.1 0.999941
-1307.9 0.999941
-1307.7 0.999941
-1307.5 0.999949
-1307.3 0.999949
-1307.1 0.999949
-1306.9 0.999949
-1306.7 0.999949
-1306.5 0.999949
-1306.3 0.999949
-1306.1 0.999949
-1305.9 0.999949
-1305.7 0.999949
-1305.5 0.999949
-1305.3 0.999949
-1305.1 0.999949
-1304.9 0.999949
-1304.7 0.999949
-1304.5 0.999949
-1304.3 0.999949
-1304.1 0.999949
-1303.9 0.999949
-1303.7 0.999949
-1303.5 0.999958
-1303.3 0.999966
-1303.1 0.999966
-1302.9 0.999966
-1302.7 0.999975
-1302.5 0.999983
-1302.3 0.999983
-1302.1 0.999983
-1301.9 0.999983
-1301.7 0.999983
-1301.5 0.999983
-1301.3 0.999992
-1301.1 1
