-209.9 0
-209.7 0
-209.5 0
-209.3 0
-209.1 0
-208.9 0
-208.7 0
-208.5 0
-208.3 0
-208.1 0
-207.9 0
-207.7 0
-207.5 0
-207.3 0
-207.1 0
-206.9 0
-206.7 0
-206.5 0
-206.3 0
-206.1 0
-205.9 0
-205.7 0
-205.5 0
-205.3 0
-205.1 0
-204.9 0
-204.7 0
-204.5 0
-204.3 0
-204.1 0
-203.9 0
-203.7 1
-203.5 0
-203.3 0
-203.1 0
-202.9 0
-202.7 0
-202.5 0
-202.3 2
-202.1 3
-201.9 5
-201.7 16
-201.5 16
-201.3 25
-201.1 47
-200.9 61
-200.7 78
-200.5 108
-200.3 126
-200.1 121
-199.9 143
-199.7 194
-199.5 200
-199.3 225
-199.1 219
-198.9 216
-198.7 208
-198.5 209
-198.3 237
-198.1 195
-197.9 175
-197.7 177
-197.5 176
-197.3 146
-197.1 153
-196.9 158
-196.7 134
-196.5 150
-196.3 154
-196.1 156
-195.9 146
-195.7 126
-195.5 150
-195.3 154
-195.1 148
-194.9 115
-194.7 145
-194.5 148
-194.3 150
-194.1 152
-193.9 129
-193.7 149
-193.5 123
-193.3 125
-193.1 132
-192.9 118
-192.7 147
-192.5 138
-192.3 125
-192.1 131
-191.9 115
-191.7 132
-191.5 126
-191.3 125
-191.1 119
-190.9 139
-190.7 145
-190.5 119
-190.3 131
-190.1 125
-189.9 126
-189.7 122
-189.5 128
-189.3 124
-189.1 119
-188.9 108
-188.7 116
-188.5 105
-188.3 130
-188.1 131
-187.9 140
-187.7 121
-187.5 112
-187.3 115
-187.1 118
-186.9 121
-186.7 119
-186.5 133
-186.3 141
-186.1 122
-185.9 126
-185.7 113
-185.5 119
-185.3 103
-185.1 111
-184.9 115
-184.7 114
-184.5 128
-184.3 115
-184.1 122
-183.9 112
-183.7 102
-183.5 129
-183.3 130
-183.1 123
-182.9 88
-182.7 117
-182.5 100
-182.3 100
-182.1 98
-181.9 105
-181.7 108
-181.5 98
-181.3 110
-181.1 109
-180.9 96
-180.7 113
-180.5 111
-180.3 102
-180.1 91
-179.9 94
-179.7 103
-179.5 88
-179.3 110
-179.1 90
-178.9 105
-178.7 105
-178.5 86
-178.3 98
-178.1 103
-177.9 86
-177.7 96
-177.5 98
-177.3 102
-177.1 95
-176.9 71
-176.7 112
-176.5 100
-176.3 105
-176.1 81
-175.9 98
-175.7 102
-175.5 71
-175.3 89
-175.1 99
-174.9 83
-174.7 110
-174.5 94
-174.3 86
-174.1 94
-173.9 100
-173.7 85
-173.5 77
-173.3 89
-173.1 101
-172.9 80
-172.7 85
-172.5 91
-172.3 87
-172.1 95
-171.9 75
-171.7 71
-171.5 94
-171.3 106
-171.1 100
-170.9 82
-170.7 100
-170.5 80
-170.3 94
-170.1 88
-169.9 93
-169.7 78
-169.5 80
-169.3 83
-169.1 92
-168.9 85
-168.7 91
-168.5 78
-168.3 70
-168.1 92
-167.9 95
-167.7 90
-167.5 77
-167.3 78
-167.1 100
-166.9 91
-166.7 68
-166.5 98
-166.3 80
-166.1 84
-165.9 86
-165.7 83
-165.5 82
-165.3 108
-165.1 83
-164.9 92
-164.7 71
-164.5 88
-164.3 91
-164.1 94
-163.9 96
-163.7 85
-163.5 98
-163.3 83
-163.1 76
-162.9 92
-162.7 89
-162.5 80
-162.3 92
-162.1 87
-161.9 92
-161.7 74
-161.5 104
-161.3 83
-161.1 71
-160.9 91
-160.7 89
-160.5 69
-160.3 96
-160.1 101
-159.9 76
-159.7 87
-159.5 97
-159.3 83
-159.1 77
-158.9 87
-158.7 107
-158.5 85
-158.3 85
-158.1 76
-157.9 79
-157.7 85
-157.5 95
-157.3 91
-157.1 93
-156.9 94
-156.7 81
-156.5 83
-156.3 87
-156.1 80
-155.9 79
-155.7 92
-155.5 80
-155.3 85
-155.1 95
-154.9 94
-154.7 92
-154.5 84
-154.3 102
-154.1 93
-153.9 73
-153.7 86
-153.5 71
-153.3 84
-153.1 83
-152.9 84
-152.7 77
-152.5 91
-152.3 81
-152.1 99
-151.9 88
-151.7 70
-151.5 90
-151.3 84
-151.1 81
-150.9 101
-150.7 76
-150.5 74
-150.3 74
-150.1 77
-149.9 96
-149.7 94
-149.5 86
-149.3 75
-149.1 100
-148.9 86
-148.7 89
-148.5 85
-148.3 57
-148.1 75
-147.9 84
-147.7 73
-147.5 88
-147.3 82
-147.1 69
-146.9 75
-146.7 76
-146.5 80
-146.3 87
-146.1 94
-145.9 80
-145.7 103
-145.5 84
-145.3 93
-145.1 77
-144.9 69
-144.7 76
-144.5 74
-144.3 92
-144.1 83
-143.9 73
-143.7 77
-143.5 86
-143.3 99
-143.1 90
-142.9 57
-142.7 91
-142.5 66
-142.3 89
-142.1 79
-141.9 78
-141.7 96
-141.5 83
-141.3 84
-141.1 78
-140.9 95
-140.7 80
-140.5 87
-140.3 81
-140.1 85
-139.9 102
-139.7 90
-139.5 76
-139.3 79
-139.1 81
-138.9 99
-138.7 73
-138.5 87
-138.3 107
-138.1 88
-137.9 100
-137.7 82
-137.5 73
-137.3 80
-137.1 80
-136.9 99
-136.7 105
-136.5 78
-136.3 95
-136.1 91
-135.9 107
-135.7 92
-135.5 94
-135.3 85
-135.1 93
-134.9 99
-134.7 84
-134.5 89
-134.3 89
-134.1 86
-133.9 74
-133.7 94
-133.5 94
-133.3 80
-133.1 79
-132.9 77
-132.7 82
-132.5 85
-132.3 99
-132.1 92
-131.9 86
-131.7 89
-131.5 81
-131.3 78
-131.1 83
-130.9 100
-130.7 94
-130.5 92
-130.3 88
-130.1 81
-129.9 92
-129.7 68
-129.5 91
-129.3 108
-129.1 82
-128.9 82
-128.7 73
-128.5 98
-128.3 95
-128.1 82
-127.9 82
-127.7 84
-127.5 91
-127.3 86
-127.1 83
-126.9 94
-126.7 74
-126.5 69
-126.3 86
-126.1 86
-125.9 84
-125.7 101
-125.5 89
-125.3 79
-125.1 74
-124.9 77
-124.7 91
-124.5 94
-124.3 69
-124.1 82
-123.9 79
-123.7 80
-123.5 82
-123.3 91
-123.1 75
-122.9 84
-122.7 71
-122.5 86
-122.3 83
-122.1 76
-121.9 103
-121.7 73
-121.5 75
-121.3 81
-121.1 71
-120.9 70
-120.7 95
-120.5 91
-120.3 86
-120.1 88
-119.9 75
-119.7 96
-119.5 80
-119.3 76
-119.1 77
-118.9 91
-118.7 75
-118.5 74
-118.3 109
-118.1 72
-117.9 101
-117.7 81
-117.5 75
-117.3 87
-117.1 87
-116.9 101
-116.7 94
-116.5 80
-116.3 88
-116.1 91
-115.9 86
-115.7 81
-115.5 80
-115.3 76
-115.1 88
-114.9 63
-114.7 74
-114.5 91
-114.3 68
-114.1 76
-113.9 85
-113.7 83
-113.5 75
-113.3 85
-113.1 81
-112.9 105
-112.7 81
-112.5 79
-112.3 92
-112.1 90
-111.9 68
-111.7 99
-111.5 79
-111.3 90
-111.1 73
-110.9 86
-110.7 91
-110.5 97
-110.3 91
-110.1 81
-109.9 85
-109.7 76
-109.5 80
-109.3 81
-109.1 78
-108.9 69
-108.7 78
-108.5 75
-108.3 89
-108.1 90
-107.9 87
-107.7 80
-107.5 100
-107.3 71
-107.1 70
-106.9 79
-106.7 79
-106.5 74
-106.3 67
-106.1 94
-105.9 76
-105.7 99
-105.5 91
-105.3 83
-105.1 74
-104.9 89
-104.7 75
-104.5 97
-104.3 70
-104.1 79
-103.9 76
-103.7 75
-103.5 82
-103.3 89
-103.1 82
-102.9 70
-102.7 94
-102.5 90
-102.3 87
-102.1 82
-101.9 95
-101.7 76
-101.5 82
-101.3 92
-101.1 100
-100.9 75
-100.7 95
-100.5 92
-100.3 99
-100.1 88
-99.9 63
-99.7 75
-99.5 87
-99.3 88
-99.1 74
-98.9 76
-98.7 89
-98.5 90
-98.3 74
-98.1 83
-97.9 92
-97.7 71
-97.5 67
-97.3 78
-97.1 86
-96.9 81
-96.7 78
-96.5 83
-96.3 71
-96.1 87
-95.9 72
-95.7 88
-95.5 71
-95.3 79
-95.1 78
-94.9 76
-94.7 78
-94.5 73
-94.3 88
-94.1 77
-93.9 97
-93.7 89
-93.5 101
-93.3 100
-93.1 79
-92.9 86
-92.7 83
-92.5 92
-92.3 82
-92.1 71
-91.9 81
-91.7 64
-91.5 84
-91.3 74
-91.1 84
-90.9 68
-90.7 96
-90.5 87
-90.3 80
-90.1 77
-89.9 71
-89.7 77
-89.5 77
-89.3 86
-89.1 82
-88.9 85
-88.7 98
-88.5 88
-88.3 69
-88.1 84
-87.9 94
-87.7 91
-87.5 76
-87.3 71
-87.1 69
-86.9 81
-86.7 81
-86.5 81
-86.3 89
-86.1 69
-85.9 70
-85.7 82
-85.5 69
-85.3 83
-85.1 93
-84.9 85
-84.7 82
-84.5 63
-84.3 82
-84.1 93
-83.9 72
-83.7 75
-83.5 80
-83.3 72
-83.1 88
-82.9 68
-82.7 98
-82.5 78
-82.3 70
-82.1 83
-81.9 84
-81.7 98
-81.5 101
-81.3 65
-81.1 88
-80.9 93
-80.7 77
-80.5 75
-80.3 82
-80.1 86
-79.9 79
-79.7 90
-79.5 86
-79.3 82
-79.1 86
-78.9 89
-78.7 79
-78.5 84
-78.3 62
-78.1 82
-77.9 90
-77.7 76
-77.5 89
-77.3 86
-77.1 68
-76.9 76
-76.7 89
-76.5 89
-76.3 89
-76.1 81
-75.9 70
-75.7 74
-75.5 81
-75.3 97
-75.1 88
-74.9 87
-74.7 97
-74.5 76
-74.3 112
-74.1 75
-73.9 76
-73.7 78
-73.5 89
-73.3 68
-73.1 91
-72.9 87
-72.7 87
-72.5 81
-72.3 87
-72.1 83
-71.9 80
-71.7 84
-71.5 85
-71.3 75
-71.1 89
-70.9 82
-70.7 81
-70.5 77
-70.3 92
-70.1 90
-69.9 81
-69.7 81
-69.5 108
-69.3 54
-69.1 72
-68.9 89
-68.7 97
-68.5 93
-68.3 85
-68.1 87
-67.9 83
-67.7 79
-67.5 77
-67.3 85
-67.1 79
-66.9 87
-66.7 84
-66.5 73
-66.3 78
-66.1 88
-65.9 77
-65.7 78
-65.5 86
-65.3 85
-65.1 93
-64.9 98
-64.7 116
-64.5 85
-64.3 85
-64.1 87
-63.9 95
-63.7 87
-63.5 90
-63.3 67
-63.1 99
-62.9 92
-62.7 80
-62.5 82
-62.3 60
-62.1 83
-61.9 94
-61.7 94
-61.5 80
-61.3 88
-61.1 86
-60.9 99
-60.7 72
-60.5 108
-60.3 72
-60.1 85
-59.9 92
-59.7 82
-59.5 82
-59.3 87
-59.1 92
-58.9 86
-58.7 99
-58.5 77
-58.3 67
-58.1 74
-57.9 76
-57.7 88
-57.5 91
-57.3 75
-57.1 93
-56.9 89
-56.7 99
-56.5 92
-56.3 83
-56.1 88
-55.9 83
-55.7 90
-55.5 106
-55.3 82
-55.1 97
-54.9 77
-54.7 79
-54.5 85
-54.3 88
-54.1 73
-53.9 99
-53.7 75
-53.5 80
-53.3 90
-53.1 101
-52.9 83
-52.7 87
-52.5 93
-52.3 79
-52.1 82
-51.9 76
-51.7 79
-51.5 88
-51.3 85
-51.1 86
-50.9 91
-50.7 77
-50.5 70
-50.3 77
-50.1 82
-49.9 67
-49.7 93
-49.5 81
-49.3 83
-49.1 85
-48.9 77
-48.7 69
-48.5 87
-48.3 75
-48.1 79
-47.9 84
-47.7 78
-47.5 85
-47.3 85
-47.1 89
-46.9 89
-46.7 87
-46.5 88
-46.3 88
-46.1 86
-45.9 93
-45.7 81
-45.5 76
-45.3 85
-45.1 78
-44.9 78
-44.7 89
-44.5 86
-44.3 73
-44.1 74
-43.9 73
-43.7 69
-43.5 100
-43.3 69
-43.1 69
-42.9 92
-42.7 87
-42.5 88
-42.3 66
-42.1 74
-41.9 94
-41.7 86
-41.5 74
-41.3 92
-41.1 94
-40.9 85
-40.7 72
-40.5 68
-40.3 67
-40.1 76
-39.9 86
-39.7 72
-39.5 65
-39.3 75
-39.1 86
-38.9 93
-38.7 79
-38.5 91
-38.3 71
-38.1 88
-37.9 82
-37.7 76
-37.5 77
-37.3 86
-37.1 67
-36.9 92
-36.7 93
-36.5 88
-36.3 88
-36.1 68
-35.9 72
-35.7 83
-35.5 83
-35.3 79
-35.1 101
-34.9 76
-34.7 83
-34.5 94
-34.3 95
-34.1 92
-33.9 86
-33.7 75
-33.5 76
-33.3 95
-33.1 79
-32.9 88
-32.7 75
-32.5 81
-32.3 83
-32.1 75
-31.9 73
-31.7 81
-31.5 84
-31.3 92
-31.1 71
-30.9 87
-30.7 85
-30.5 78
-30.3 74
-30.1 80
-29.9 75
-29.7 84
-29.5 81
-29.3 76
-29.1 94
-28.9 82
-28.7 82
-28.5 76
-28.3 76
-28.1 96
-27.9 83
-27.7 90
-27.5 78
-27.3 94
-27.1 88
-26.9 81
-26.7 69
-26.5 81
-26.3 78
-26.1 75
-25.9 79
-25.7 89
-25.5 91
-25.3 83
-25.1 79
-24.9 81
-24.7 85
-24.5 78
-24.3 65
-24.1 74
-23.9 71
-23.7 71
-23.5 74
-23.3 92
-23.1 67
-22.9 94
-22.7 90
-22.5 89
-22.3 76
-22.1 75
-21.9 78
-21.7 77
-21.5 104
-21.3 81
-21.1 93
-20.9 88
-20.7 75
-20.5 91
-20.3 96
-20.1 76
-19.9 71
-19.7 102
-19.5 67
-19.3 71
-19.1 88
-18.9 74
-18.7 82
-18.5 88
-18.3 89
-18.1 73
-17.9 82
-17.7 85
-17.5 93
-17.3 80
-17.1 73
-16.9 72
-16.7 89
-16.5 92
-16.3 79
-16.1 85
-15.9 80
-15.7 88
-15.5 84
-15.3 85
-15.1 83
-14.9 92
-14.7 90
-14.5 86
-14.3 87
-14.1 88
-13.9 82
-13.7 79
-13.5 85
-13.3 73
-13.1 70
-12.9 77
-12.7 70
-12.5 80
-12.3 88
-12.1 86
-11.9 66
-11.7 98
-11.5 76
-11.3 74
-11.1 97
-10.9 85
-10.7 78
-10.5 92
-10.3 74
-10.1 66
-9.9 86
-9.7 70
-9.5 90
-9.3 79
-9.1 76
-8.9 70
-8.7 97
-8.5 90
-8.3 74
-8.1 80
-7.9 76
-7.7 79
-7.5 78
-7.3 82
-7.1 81
-6.9 74
-6.7 87
-6.5 80
-6.3 90
-6.1 64
-5.9 91
-5.7 82
-5.5 79
-5.3 81
-5.1 84
-4.9 88
-4.7 79
-4.5 81
-4.3 100
-4.1 86
-3.9 86
-3.7 95
-3.5 99
-3.3 85
-3.1 95
-2.9 80
-2.7 79
-2.5 84
-2.3 76
-2.1 83
-1.9 83
-1.7 75
-1.5 74
-1.3 90
-1.1 69
-0.9 78
-0.7 74
-0.5 84
-0.3 79
-0.1 78
0.1 86
0.3 80
0.5 78
0.7 71
0.9 75
1.1 81
1.3 70
1.5 88
1.7 108
1.9 90
2.1 87
2.3 94
2.5 71
2.7 98
2.9 60
3.1 82
3.3 87
3.5 85
3.7 90
3.9 87
4.1 62
4.3 79
4.5 100
4.7 59
4.9 73
5.1 67
5.3 70
5.5 92
5.7 78
5.9 89
6.1 74
6.3 72
6.5 78
6.7 77
6.9 61
7.1 83
7.3 88
7.5 80
7.7 66
7.9 60
8.1 70
8.3 74
8.5 84
8.7 55
8.9 69
9.1 68
9.3 66
9.5 79
9.7 69
9.9 68
10.1 76
10.3 73
10.5 69
10.7 50
10.9 64
11.1 60
11.3 83
11.5 68
11.7 69
11.9 75
12.1 92
12.3 58
12.5 61
12.7 72
12.9 53
13.1 62
13.3 52
13.5 48
13.7 53
13.9 49
14.1 50
14.3 62
14.5 68
14.7 52
14.9 56
15.1 62
15.3 45
15.5 67
15.7 53
15.9 47
16.1 52
16.3 35
16.5 57
16.7 44
16.9 38
17.1 45
17.3 48
17.5 48
17.7 45
17.9 47
18.1 44
18.3 51
18.5 32
18.7 46
18.9 38
19.1 37
19.3 46
19.5 37
19.7 36
19.9 36
20.1 41
20.3 24
20.5 27
20.7 33
20.9 39
21.1 32
21.3 22
21.5 24
21.7 38
21.9 37
22.1 28
22.3 30
22.5 34
22.7 27
22.9 20
23.1 26
23.3 28
23.5 27
23.7 23
23.9 29
24.1 20
24.3 20
24.5 14
24.7 15
24.9 11
25.1 15
25.3 9
25.5 18
25.7 14
25.9 23
26.1 20
26.3 17
26.5 17
26.7 13
26.9 14
27.1 17
27.3 11
27.5 9
27.7 14
27.9 10
28.1 12
28.3 8
28.5 15
28.7 11
28.9 7
29.1 9
29.3 4
29.5 4
29.7 2
29.9 8
30.1 3
30.3 3
30.5 6
30.7 5
30.9 6
31.1 5
31.3 3
31.5 3
31.7 4
31.9 1
32.1 2
32.3 5
32.5 2
32.7 2
32.9 2
33.1 0
33.3 2
33.5 3
33.7 1
33.9 3
34.1 1
34.3 1
34.5 0
34.7 0
34.9 1
35.1 1
35.3 0
35.5 0
35.7 0
35.9 2
36.1 0
36.3 0
36.5 0
36.7 0
36.9 0
37.1 0
37.3 1
37.5 0
37.7 0
37.9 0
38.1 1
38.3 0
38.5 2
38.7 1
38.9 0
39.1 0
39.3 0
39.5 0
39.7 1
39.9 1
40.1 0
40.3 0
40.5 0
40.7 0
40.9 0
41.1 0
41.3 1
41.5 0
41.7 0
41.9 1
42.1 0
42.3 0
42.5 0
42.7 0
42.9 0
43.1 0
43.3 0
43.5 0
43.7 0
43.9 0
44.1 0
44.3 0
44.5 0
44.7 0
44.9 2
45.1 0
45.3 0
45.5 1
45.7 1
45.9 0
46.1 0
46.3 0
46.5 0
46.7 0
46.9 0
47.1 0
47.3 0
47.5 0
47.7 0
47.9 1
48.1 0
48.3 0
48.5 0
48.7 0
48.9 0
49.1 0
49.3 0
49.5 0
49.7 0
49.9 0
