-209.9 0
-209.7 0
-209.5 0
-209.3 0
-209.1 0
-208.9 0
-208.7 0
-208.5 0
-208.3 0
-208.1 0
-207.9 0
-207.7 0
-207.5 0
-207.3 0
-207.1 0
-206.9 0
-206.7 0
-206.5 0
-206.3 0
-206.1 0
-205.9 0
-205.7 0
-205.5 0
-205.3 0
-205.1 0
-204.9 0
-204.7 0
-204.5 0
-204.3 0
-204.1 0
-203.9 0
-203.7 0
-203.5 0
-203.3 0
-203.1 0
-202.9 0
-202.7 0
-202.5 0
-202.3 0
-202.1 0
-201.9 0
-201.7 0
-201.5 0
-201.3 0
-201.1 0
-200.9 0
-200.7 0
-200.5 0
-200.3 0
-200.1 0
-199.9 0
-199.7 0
-199.5 0
-199.3 0
-199.1 2
-198.9 2
-198.7 3
-198.5 5
-198.3 12
-198.1 12
-197.9 28
-197.7 40
-197.5 64
-197.3 91
-197.1 117
-196.9 124
-196.7 172
-196.5 205
-196.3 221
-196.1 241
-195.9 235
-195.7 257
-195.5 206
-195.3 232
-195.1 203
-194.9 207
-194.7 188
-194.5 172
-194.3 153
-194.1 153
-193.9 153
-193.7 164
-193.5 137
-193.3 128
-193.1 133
-192.9 163
-192.7 136
-192.5 166
-192.3 153
-192.1 146
-191.9 151
-191.7 154
-191.5 127
-191.3 146
-191.1 137
-190.9 129
-190.7 124
-190.5 125
-190.3 130
-190.1 130
-189.9 145
-189.7 136
-189.5 145
-189.3 133
-189.1 145
-188.9 140
-188.7 112
-188.5 134
-188.3 124
-188.1 154
-187.9 132
-187.7 136
-187.5 125
-187.3 121
-187.1 136
-186.9 129
-186.7 108
-186.5 146
-186.3 134
-186.1 127
-185.9 135
-185.7 136
-185.5 124
-185.3 111
-185.1 112
-184.9 134
-184.7 152
-184.5 129
-184.3 130
-184.1 125
-183.9 107
-183.7 111
-183.5 108
-183.3 126
-183.1 118
-182.9 118
-182.7 105
-182.5 136
-182.3 106
-182.1 121
-181.9 123
-181.7 113
-181.5 108
-181.3 105
-181.1 99
-180.9 91
-180.7 99
-180.5 110
-180.3 114
-180.1 126
-179.9 100
-179.7 105
-179.5 106
-179.3 109
-179.1 104
-178.9 117
-178.7 123
-178.5 116
-178.3 92
-178.1 107
-177.9 85
-177.7 94
-177.5 96
-177.3 99
-177.1 96
-176.9 100
-176.7 102
-176.5 94
-176.3 104
-176.1 100
-175.9 97
-175.7 93
-175.5 95
-175.3 90
-175.1 96
-174.9 102
-174.7 103
-174.5 110
-174.3 92
-174.1 92
-173.9 80
-173.7 100
-173.5 100
-173.3 77
-173.1 109
-172.9 85
-172.7 76
-172.5 85
-172.3 113
-172.1 91
-171.9 92
-171.7 95
-171.5 96
-171.3 100
-171.1 89
-170.9 81
-170.7 83
-170.5 92
-170.3 104
-170.1 87
-169.9 92
-169.7 115
-169.5 95
-169.3 80
-169.1 92
-168.9 103
-168.7 80
-168.5 83
-168.3 89
-168.1 88
-167.9 96
-167.7 100
-167.5 97
-167.3 90
-167.1 86
-166.9 81
-166.7 88
-166.5 99
-166.3 71
-166.1 93
-165.9 91
-165.7 99
-165.5 68
-165.3 84
-165.1 90
-164.9 93
-164.7 76
-164.5 84
-164.3 80
-164.1 79
-163.9 89
-163.7 82
-163.5 92
-163.3 107
-163.1 92
-162.9 81
-162.7 92
-162.5 80
-162.3 87
-162.1 89
-161.9 99
-161.7 80
-161.5 86
-161.3 76
-161.1 88
-160.9 92
-160.7 80
-160.5 82
-160.3 90
-160.1 90
-159.9 89
-159.7 80
-159.5 85
-159.3 84
-159.1 92
-158.9 83
-158.7 72
-158.5 66
-158.3 106
-158.1 79
-157.9 72
-157.7 88
-157.5 80
-157.3 101
-157.1 82
-156.9 79
-156.7 78
-156.5 110
-156.3 71
-156.1 88
-155.9 73
-155.7 92
-155.5 87
-155.3 65
-155.1 94
-154.9 85
-154.7 82
-154.5 90
-154.3 72
-154.1 85
-153.9 81
-153.7 83
-153.5 81
-153.3 72
-153.1 83
-152.9 70
-152.7 102
-152.5 85
-152.3 82
-152.1 79
-151.9 88
-151.7 66
-151.5 91
-151.3 74
-151.1 97
-150.9 103
-150.7 93
-150.5 83
-150.3 83
-150.1 90
-149.9 83
-149.7 73
-149.5 77
-149.3 88
-149.1 78
-148.9 81
-148.7 72
-148.5 81
-148.3 100
-148.1 87
-147.9 77
-147.7 79
-147.5 85
-147.3 85
-147.1 99
-146.9 75
-146.7 97
-146.5 89
-146.3 83
-146.1 85
-145.9 77
-145.7 111
-145.5 73
-145.3 67
-145.1 72
-144.9 89
-144.7 80
-144.5 75
-144.3 72
-144.1 87
-143.9 82
-143.7 91
-143.5 87
-143.3 78
-143.1 87
-142.9 84
-142.7 78
-142.5 73
-142.3 83
-142.1 91
-141.9 89
-141.7 91
-141.5 94
-141.3 82
-141.1 100
-140.9 77
-140.7 71
-140.5 88
-140.3 89
-140.1 78
-139.9 86
-139.7 83
-139.5 86
-139.3 92
-139.1 72
-138.9 80
-138.7 78
-138.5 82
-138.3 64
-138.1 82
-137.9 79
-137.7 70
-137.5 78
-137.3 106
-137.1 90
-136.9 96
-136.7 91
-136.5 99
-136.3 79
-136.1 97
-135.9 78
-135.7 79
-135.5 88
-135.3 79
-135.1 79
-134.9 88
-134.7 90
-134.5 81
-134.3 85
-134.1 88
-133.9 75
-133.7 84
-133.5 85
-133.3 92
-133.1 74
-132.9 101
-132.7 74
-132.5 82
-132.3 81
-132.1 76
-131.9 90
-131.7 98
-131.5 85
-131.3 93
-131.1 76
-130.9 81
-130.7 87
-130.5 82
-130.3 84
-130.1 95
-129.9 80
-129.7 73
-129.5 87
-129.3 75
-129.1 109
-128.9 101
-128.7 95
-128.5 82
-128.3 74
-128.1 95
-127.9 71
-127.7 95
-127.5 80
-127.3 85
-127.1 85
-126.9 78
-126.7 99
-126.5 88
-126.3 79
-126.1 76
-125.9 79
-125.7 82
-125.5 77
-125.3 82
-125.1 65
-124.9 77
-124.7 93
-124.5 86
-124.3 84
-124.1 87
-123.9 64
-123.7 70
-123.5 90
-123.3 69
-123.1 88
-122.9 77
-122.7 71
-122.5 80
-122.3 87
-122.1 72
-121.9 62
-121.7 88
-121.5 75
-121.3 77
-121.1 80
-120.9 78
-120.7 96
-120.5 80
-120.3 84
-120.1 86
-119.9 91
-119.7 82
-119.5 85
-119.3 73
-119.1 76
-118.9 76
-118.7 94
-118.5 112
-118.3 70
-118.1 83
-117.9 79
-117.7 76
-117.5 77
-117.3 88
-117.1 76
-116.9 59
-116.7 89
-116.5 107
-116.3 91
-116.1 84
-115.9 83
-115.7 93
-115.5 100
-115.3 85
-115.1 92
-114.9 76
-114.7 89
-114.5 88
-114.3 89
-114.1 74
-113.9 81
-113.7 100
-113.5 86
-113.3 96
-113.1 79
-112.9 78
-112.7 88
-112.5 85
-112.3 75
-112.1 80
-111.9 67
-111.7 89
-111.5 94
-111.3 86
-111.1 99
-110.9 96
-110.7 74
-110.5 84
-110.3 73
-110.1 89
-109.9 85
-109.7 82
-109.5 67
-109.3 81
-109.1 76
-108.9 84
-108.7 84
-108.5 83
-108.3 73
-108.1 71
-107.9 70
-107.7 79
-107.5 80
-107.3 88
-107.1 69
-106.9 80
-106.7 74
-106.5 81
-106.3 81
-106.1 97
-105.9 88
-105.7 90
-105.5 81
-105.3 71
-105.1 90
-104.9 106
-104.7 89
-104.5 97
-104.3 94
-104.1 90
-103.9 81
-103.7 86
-103.5 70
-103.3 80
-103.1 80
-102.9 84
-102.7 66
-102.5 82
-102.3 88
-102.1 74
-101.9 85
-101.7 96
-101.5 88
-101.3 82
-101.1 84
-100.9 82
-100.7 96
-100.5 83
-100.3 82
-100.1 79
-99.9 77
-99.7 84
-99.5 85
-99.3 72
-99.1 80
-98.9 70
-98.7 82
-98.5 81
-98.3 84
-98.1 76
-97.9 72
-97.7 86
-97.5 107
-97.3 77
-97.1 100
-96.9 68
-96.7 85
-96.5 87
-96.3 86
-96.1 92
-95.9 75
-95.7 96
-95.5 77
-95.3 88
-95.1 70
-94.9 89
-94.7 86
-94.5 86
-94.3 91
-94.1 96
-93.9 77
-93.7 77
-93.5 88
-93.3 85
-93.1 60
-92.9 76
-92.7 88
-92.5 86
-92.3 75
-92.1 77
-91.9 91
-91.7 100
-91.5 83
-91.3 77
-91.1 92
-90.9 95
-90.7 80
-90.5 70
-90.3 73
-90.1 81
-89.9 71
-89.7 73
-89.5 88
-89.3 91
-89.1 79
-88.9 89
-88.7 78
-88.5 87
-88.3 68
-88.1 83
-87.9 79
-87.7 80
-87.5 81
-87.3 67
-87.1 86
-86.9 97
-86.7 78
-86.5 99
-86.3 92
-86.1 85
-85.9 81
-85.7 87
-85.5 69
-85.3 79
-85.1 94
-84.9 60
-84.7 79
-84.5 83
-84.3 104
-84.1 82
-83.9 81
-83.7 76
-83.5 92
-83.3 92
-83.1 97
-82.9 75
-82.7 83
-82.5 67
-82.3 86
-82.1 68
-81.9 85
-81.7 81
-81.5 75
-81.3 103
-81.1 101
-80.9 82
-80.7 69
-80.5 85
-80.3 68
-80.1 77
-79.9 87
-79.7 89
-79.5 94
-79.3 93
-79.1 69
-78.9 98
-78.7 68
-78.5 89
-78.3 71
-78.1 66
-77.9 78
-77.7 79
-77.5 78
-77.3 88
-77.1 68
-76.9 76
-76.7 82
-76.5 74
-76.3 78
-76.1 82
-75.9 79
-75.7 83
-75.5 80
-75.3 85
-75.1 69
-74.9 75
-74.7 88
-74.5 77
-74.3 84
-74.1 96
-73.9 81
-73.7 88
-73.5 82
-73.3 95
-73.1 83
-72.9 91
-72.7 112
-72.5 69
-72.3 94
-72.1 67
-71.9 72
-71.7 77
-71.5 92
-71.3 94
-71.1 98
-70.9 92
-70.7 84
-70.5 82
-70.3 88
-70.1 110
-69.9 84
-69.7 88
-69.5 87
-69.3 77
-69.1 81
-68.9 90
-68.7 86
-68.5 74
-68.3 84
-68.1 74
-67.9 96
-67.7 84
-67.5 70
-67.3 85
-67.1 89
-66.9 75
-66.7 67
-66.5 84
-66.3 84
-66.1 90
-65.9 93
-65.7 80
-65.5 96
-65.3 73
-65.1 76
-64.9 79
-64.7 87
-64.5 76
-64.3 82
-64.1 77
-63.9 88
-63.7 74
-63.5 83
-63.3 94
-63.1 74
-62.9 85
-62.7 87
-62.5 78
-62.3 99
-62.1 95
-61.9 94
-61.7 89
-61.5 86
-61.3 71
-61.1 90
-60.9 78
-60.7 96
-60.5 83
-60.3 90
-60.1 75
-59.9 82
-59.7 89
-59.5 68
-59.3 79
-59.1 76
-58.9 77
-58.7 87
-58.5 85
-58.3 83
-58.1 68
-57.9 80
-57.7 75
-57.5 91
-57.3 78
-57.1 67
-56.9 75
-56.7 77
-56.5 79
-56.3 70
-56.1 104
-55.9 82
-55.7 77
-55.5 66
-55.3 84
-55.1 84
-54.9 77
-54.7 88
-54.5 89
-54.3 77
-54.1 63
-53.9 79
-53.7 93
-53.5 83
-53.3 81
-53.1 80
-52.9 76
-52.7 79
-52.5 79
-52.3 92
-52.1 76
-51.9 83
-51.7 81
-51.5 70
-51.3 86
-51.1 77
-50.9 67
-50.7 79
-50.5 89
-50.3 87
-50.1 78
-49.9 81
-49.7 87
-49.5 83
-49.3 87
-49.1 75
-48.9 91
-48.7 79
-48.5 98
-48.3 86
-48.1 88
-47.9 72
-47.7 72
-47.5 93
-47.3 97
-47.1 83
-46.9 75
-46.7 73
-46.5 87
-46.3 67
-46.1 91
-45.9 86
-45.7 75
-45.5 92
-45.3 99
-45.1 90
-44.9 86
-44.7 98
-44.5 81
-44.3 95
-44.1 86
-43.9 90
-43.7 81
-43.5 72
-43.3 87
-43.1 88
-42.9 84
-42.7 84
-42.5 73
-42.3 88
-42.1 91
-41.9 75
-41.7 73
-41.5 70
-41.3 81
-41.1 83
-40.9 89
-40.7 89
-40.5 96
-40.3 85
-40.1 93
-39.9 90
-39.7 76
-39.5 83
-39.3 84
-39.1 73
-38.9 81
-38.7 92
-38.5 89
-38.3 65
-38.1 83
-37.9 96
-37.7 76
-37.5 78
-37.3 85
-37.1 88
-36.9 86
-36.7 80
-36.5 79
-36.3 69
-36.1 75
-35.9 86
-35.7 89
-35.5 75
-35.3 87
-35.1 84
-34.9 80
-34.7 70
-34.5 80
-34.3 86
-34.1 62
-33.9 63
-33.7 76
-33.5 70
-33.3 87
-33.1 93
-32.9 85
-32.7 76
-32.5 77
-32.3 84
-32.1 88
-31.9 74
-31.7 69
-31.5 85
-31.3 76
-31.1 79
-30.9 77
-30.7 81
-30.5 82
-30.3 83
-30.1 90
-29.9 85
-29.7 60
-29.5 82
-29.3 79
-29.1 82
-28.9 86
-28.7 77
-28.5 90
-28.3 81
-28.1 80
-27.9 69
-27.7 88
-27.5 87
-27.3 60
-27.1 76
-26.9 77
-26.7 91
-26.5 80
-26.3 90
-26.1 71
-25.9 83
-25.7 88
-25.5 85
-25.3 87
-25.1 85
-24.9 74
-24.7 90
-24.5 84
-24.3 76
-24.1 82
-23.9 87
-23.7 90
-23.5 73
-23.3 79
-23.1 91
-22.9 69
-22.7 98
-22.5 72
-22.3 74
-22.1 84
-21.9 94
-21.7 89
-21.5 74
-21.3 78
-21.1 88
-20.9 72
-20.7 91
-20.5 92
-20.3 68
-20.1 83
-19.9 76
-19.7 90
-19.5 86
-19.3 97
-19.1 75
-18.9 64
-18.7 80
-18.5 70
-18.3 83
-18.1 83
-17.9 86
-17.7 79
-17.5 86
-17.3 83
-17.1 94
-16.9 89
-16.7 84
-16.5 83
-16.3 70
-16.1 88
-15.9 90
-15.7 74
-15.5 81
-15.3 89
-15.1 75
-14.9 85
-14.7 84
-14.5 98
-14.3 103
-14.1 93
-13.9 86
-13.7 74
-13.5 87
-13.3 96
-13.1 75
-12.9 75
-12.7 78
-12.5 85
-12.3 96
-12.1 79
-11.9 86
-11.7 78
-11.5 80
-11.3 77
-11.1 77
-10.9 77
-10.7 74
-10.5 87
-10.3 82
-10.1 85
-9.9 71
-9.7 73
-9.5 81
-9.3 75
-9.1 85
-8.9 69
-8.7 71
-8.5 83
-8.3 75
-8.1 85
-7.9 90
-7.7 79
-7.5 82
-7.3 80
-7.1 71
-6.9 71
-6.7 79
-6.5 84
-6.3 84
-6.1 85
-5.9 79
-5.7 72
-5.5 81
-5.3 95
-5.1 76
-4.9 86
-4.7 82
-4.5 87
-4.3 73
-4.1 69
-3.9 76
-3.7 76
-3.5 87
-3.3 95
-3.1 75
-2.9 89
-2.7 85
-2.5 79
-2.3 79
-2.1 86
-1.9 75
-1.7 78
-1.5 80
-1.3 77
-1.1 84
-0.9 77
-0.7 65
-0.5 83
-0.3 86
-0.1 80
0.1 73
0.3 96
0.5 83
0.7 87
0.9 83
1.1 89
1.3 73
1.5 77
1.7 61
1.9 78
2.1 80
2.3 70
2.5 70
2.7 80
2.9 99
3.1 78
3.3 86
3.5 79
3.7 75
3.9 79
4.1 68
4.3 72
4.5 78
4.7 66
4.9 63
5.1 79
5.3 81
5.5 75
5.7 68
5.9 91
6.1 69
6.3 89
6.5 82
6.7 81
6.9 74
7.1 57
7.3 65
7.5 72
7.7 75
7.9 95
8.1 62
8.3 59
8.5 69
8.7 71
8.9 82
9.1 85
9.3 66
9.5 77
9.7 82
9.9 72
10.1 73
10.3 73
10.5 85
10.7 71
10.9 72
11.1 76
11.3 79
11.5 65
11.7 75
11.9 68
12.1 62
12.3 69
12.5 68
12.7 59
12.9 73
13.1 70
13.3 66
13.5 65
13.7 62
13.9 81
14.1 58
14.3 62
14.5 62
14.7 61
14.9 51
15.1 56
15.3 61
15.5 57
15.7 68
15.9 50
16.1 51
16.3 50
16.5 61
16.7 47
16.9 52
17.1 59
17.3 57
17.5 56
17.7 61
17.9 46
18.1 39
18.3 47
18.5 51
18.7 41
18.9 36
19.1 54
19.3 42
19.5 52
19.7 59
19.9 46
20.1 40
20.3 35
20.5 33
20.7 41
20.9 47
21.1 31
21.3 29
21.5 45
21.7 28
21.9 27
22.1 43
22.3 32
22.5 34
22.7 26
22.9 30
23.1 29
23.3 41
23.5 27
23.7 33
23.9 26
24.1 27
24.3 36
24.5 27
24.7 26
24.9 29
25.1 17
25.3 18
25.5 26
25.7 31
25.9 17
26.1 18
26.3 27
26.5 18
26.7 19
26.9 17
27.1 16
27.3 18
27.5 24
27.7 12
27.9 7
28.1 17
28.3 14
28.5 16
28.7 18
28.9 9
29.1 7
29.3 15
29.5 12
29.7 10
29.9 7
30.1 8
30.3 13
30.5 10
30.7 6
30.9 10
31.1 12
31.3 5
31.5 6
31.7 3
31.9 7
32.1 9
32.3 11
32.5 6
32.7 7
32.9 4
33.1 3
33.3 4
33.5 4
33.7 5
33.9 5
34.1 0
34.3 4
34.5 2
34.7 3
34.9 5
35.1 1
35.3 0
35.5 4
35.7 4
35.9 2
36.1 0
36.3 0
36.5 0
36.7 1
36.9 1
37.1 2
37.3 0
37.5 2
37.7 1
37.9 1
38.1 0
38.3 2
38.5 0
38.7 1
38.9 0
39.1 0
39.3 0
39.5 0
39.7 0
39.9 0
40.1 0
40.3 1
40.5 0
40.7 0
40.9 1
41.1 1
41.3 1
41.5 0
41.7 0
41.9 2
42.1 0
42.3 1
42.5 2
42.7 0
42.9 1
43.1 0
43.3 1
43.5 0
43.7 0
43.9 0
44.1 0
44.3 0
44.5 0
44.7 0
44.9 0
45.1 0
45.3 0
45.5 1
45.7 1
45.9 0
46.1 0
46.3 0
46.5 0
46.7 0
46.9 0
47.1 1
47.3 2
47.5 0
47.7 0
47.9 0
48.1 1
48.3 0
48.5 0
48.7 0
48.9 0
49.1 0
49.3 0
49.5 0
49.7 0
49.9 0
