-209.9 0
-209.7 0
-209.5 0
-209.3 0
-209.1 0
-208.9 0
-208.7 0
-208.5 0
-208.3 0
-208.1 0
-207.9 0
-207.7 0
-207.5 0
-207.3 0
-207.1 0
-206.9 0
-206.7 0
-206.5 0
-206.3 0
-206.1 1
-205.9 0
-205.7 0
-205.5 0
-205.3 0
-205.1 0
-204.9 1
-204.7 0
-204.5 0
-204.3 0
-204.1 0
-203.9 0
-203.7 1
-203.5 0
-203.3 0
-203.1 2
-202.9 0
-202.7 0
-202.5 0
-202.3 0
-202.1 0
-201.9 0
-201.7 0
-201.5 0
-201.3 0
-201.1 0
-200.9 0
-200.7 0
-200.5 0
-200.3 0
-200.1 0
-199.9 0
-199.7 0
-199.5 0
-199.3 1
-199.1 0
-198.9 0
-198.7 0
-198.5 1
-198.3 3
-198.1 3
-197.9 9
-197.7 16
-197.5 22
-197.3 43
-197.1 60
-196.9 90
-196.7 111
-196.5 188
-196.3 246
-196.1 307
-195.9 463
-195.7 544
-195.5 731
-195.3 875
-195.1 1078
-194.9 1308
-194.7 1531
-194.5 1737
-194.3 1954
-194.1 2058
-193.9 2126
-193.7 2305
-193.5 2340
-193.3 2409
-193.1 2442
-192.9 2385
-192.7 2596
-192.5 2531
-192.3 2426
-192.1 2356
-191.9 2387
-191.7 2232
-191.5 2257
-191.3 2279
-191.1 2230
-190.9 2252
-190.7 2124
-190.5 2118
-190.3 2144
-190.1 2090
-189.9 2066
-189.7 2076
-189.5 2103
-189.3 1963
-189.1 1973
-188.9 1960
-188.7 1986
-188.5 1937
-188.3 1927
-188.1 1832
-187.9 1933
-187.7 1979
-187.5 1903
-187.3 1914
-187.1 1854
-186.9 1870
-186.7 1736
-186.5 1863
-186.3 1820
-186.1 1816
-185.9 1793
-185.7 1828
-185.5 1727
-185.3 1841
-185.1 1800
-184.9 1825
-184.7 1738
-184.5 1796
-184.3 1787
-184.1 1734
-183.9 1702
-183.7 1766
-183.5 1707
-183.3 1753
-183.1 1775
-182.9 1711
-182.7 1639
-182.5 1685
-182.3 1633
-182.1 1645
-181.9 1654
-181.7 1570
-181.5 1565
-181.3 1640
-181.1 1581
-180.9 1562
-180.7 1484
-180.5 1588
-180.3 1509
-180.1 1403
-179.9 1440
-179.7 1476
-179.5 1468
-179.3 1358
-179.1 1440
-178.9 1418
-178.7 1318
-178.5 1376
-178.3 1311
-178.1 1370
-177.9 1299
-177.7 1268
-177.5 1296
-177.3 1253
-177.1 1187
-176.9 1280
-176.7 1214
-176.5 1188
-176.3 1177
-176.1 1212
-175.9 1148
-175.7 1198
-175.5 1153
-175.3 1198
-175.1 1185
-174.9 1135
-174.7 1088
-174.5 1132
-174.3 1135
-174.1 1136
-173.9 1133
-173.7 1117
-173.5 1047
-173.3 1109
-173.1 1054
-172.9 1078
-172.7 1073
-172.5 1064
-172.3 1097
-172.1 1053
-171.9 1037
-171.7 1011
-171.5 1020
-171.3 1061
-171.1 1050
-170.9 1061
-170.7 1032
-170.5 1042
-170.3 997
-170.1 971
-169.9 1033
-169.7 1010
-169.5 992
-169.3 1001
-169.1 1040
-168.9 949
-168.7 1071
-168.5 1020
-168.3 985
-168.1 1003
-167.9 998
-167.7 1050
-167.5 1017
-167.3 945
-167.1 1007
-166.9 996
-166.7 970
-166.5 1032
-166.3 1000
-166.1 926
-165.9 1003
-165.7 1010
-165.5 991
-165.3 951
-165.1 960
-164.9 950
-164.7 970
-164.5 978
-164.3 938
-164.1 1003
-163.9 951
-163.7 933
-163.5 893
-163.3 956
-163.1 973
-162.9 971
-162.7 991
-162.5 996
-162.3 923
-162.1 955
-161.9 1014
-161.7 930
-161.5 911
-161.3 915
-161.1 935
-160.9 944
-160.7 922
-160.5 921
-160.3 939
-160.1 972
-159.9 982
-159.7 984
-159.5 936
-159.3 977
-159.1 966
-158.9 933
-158.7 937
-158.5 1005
-158.3 900
-158.1 903
-157.9 963
-157.7 935
-157.5 1026
-157.3 1016
-157.1 920
-156.9 928
-156.7 889
-156.5 964
-156.3 900
-156.1 893
-155.9 944
-155.7 923
-155.5 888
-155.3 927
-155.1 895
-154.9 959
-154.7 987
-154.5 893
-154.3 918
-154.1 940
-153.9 907
-153.7 782
-153.5 877
-153.3 895
-153.1 843
-152.9 844
-152.7 873
-152.5 836
-152.3 830
-152.1 922
-151.9 876
-151.7 890
-151.5 885
-151.3 891
-151.1 858
-150.9 859
-150.7 847
-150.5 808
-150.3 849
-150.1 871
-149.9 845
-149.7 792
-149.5 842
-149.3 831
-149.1 818
-148.9 793
-148.7 873
-148.5 831
-148.3 833
-148.1 850
-147.9 798
-147.7 826
-147.5 830
-147.3 841
-147.1 824
-146.9 863
-146.7 844
-146.5 870
-146.3 883
-146.1 870
-145.9 893
-145.7 866
-145.5 869
-145.3 891
-145.1 900
-144.9 848
-144.7 908
-144.5 899
-144.3 893
-144.1 901
-143.9 850
-143.7 893
-143.5 970
-143.3 862
-143.1 929
-142.9 915
-142.7 907
-142.5 919
-142.3 909
-142.1 932
-141.9 925
-141.7 916
-141.5 934
-141.3 928
-141.1 907
-140.9 952
-140.7 952
-140.5 928
-140.3 948
-140.1 922
-139.9 935
-139.7 952
-139.5 980
-139.3 1005
-139.1 937
-138.9 968
-138.7 977
-138.5 943
-138.3 933
-138.1 1010
-137.9 940
-137.7 1031
-137.5 898
-137.3 897
-137.1 970
-136.9 958
-136.7 990
-136.5 1001
-136.3 960
-136.1 982
-135.9 998
-135.7 998
-135.5 942
-135.3 937
-135.1 943
-134.9 1009
-134.7 991
-134.5 976
-134.3 990
-134.1 1000
-133.9 932
-133.7 983
-133.5 951
-133.3 965
-133.1 1015
-132.9 971
-132.7 952
-132.5 952
-132.3 932
-132.1 952
-131.9 1005
-131.7 988
-131.5 937
-131.3 999
-131.1 959
-130.9 971
-130.7 995
-130.5 932
-130.3 991
-130.1 1042
-129.9 927
-129.7 927
-129.5 986
-129.3 948
-129.1 939
-128.9 944
-128.7 973
-128.5 954
-128.3 946
-128.1 986
-127.9 969
-127.7 964
-127.5 954
-127.3 960
-127.1 946
-126.9 906
-126.7 950
-126.5 960
-126.3 940
-126.1 947
-125.9 975
-125.7 984
-125.5 922
-125.3 955
-125.1 901
-124.9 986
-124.7 911
-124.5 956
-124.3 979
-124.1 936
-123.9 897
-123.7 956
-123.5 919
-123.3 876
-123.1 946
-122.9 943
-122.7 958
-122.5 945
-122.3 965
-122.1 949
-121.9 941
-121.7 993
-121.5 914
-121.3 987
-121.1 876
-120.9 907
-120.7 976
-120.5 961
-120.3 1002
-120.1 928
-119.9 878
-119.7 993
-119.5 942
-119.3 934
-119.1 894
-118.9 963
-118.7 982
-118.5 921
-118.3 926
-118.1 895
-117.9 928
-117.7 903
-117.5 937
-117.3 931
-117.1 900
-116.9 942
-116.7 895
-116.5 978
-116.3 948
-116.1 948
-115.9 889
-115.7 957
-115.5 932
-115.3 970
-115.1 941
-114.9 891
-114.7 913
-114.5 909
-114.3 911
-114.1 929
-113.9 940
-113.7 939
-113.5 943
-113.3 899
-113.1 866
-112.9 913
-112.7 892
-112.5 944
-112.3 923
-112.1 906
-111.9 887
-111.7 926
-111.5 936
-111.3 880
-111.1 882
-110.9 916
-110.7 910
-110.5 973
-110.3 911
-110.1 929
-109.9 919
-109.7 892
-109.5 959
-109.3 921
-109.1 925
-108.9 919
-108.7 901
-108.5 929
-108.3 894
-108.1 944
-107.9 908
-107.7 882
-107.5 878
-107.3 904
-107.1 895
-106.9 922
-106.7 876
-106.5 917
-106.3 913
-106.1 932
-105.9 941
-105.7 878
-105.5 914
-105.3 852
-105.1 905
-104.9 937
-104.7 897
-104.5 893
-104.3 881
-104.1 920
-103.9 892
-103.7 919
-103.5 916
-103.3 849
-103.1 962
-102.9 877
-102.7 870
-102.5 889
-102.3 849
-102.1 862
-101.9 893
-101.7 878
-101.5 928
-101.3 871
-101.1 905
-100.9 893
-100.7 887
-100.5 927
-100.3 841
-100.1 955
-99.9 928
-99.7 910
-99.5 908
-99.3 926
-99.1 862
-98.9 893
-98.7 871
-98.5 880
-98.3 892
-98.1 928
-97.9 910
-97.7 864
-97.5 910
-97.3 967
-97.1 886
-96.9 883
-96.7 827
-96.5 855
-96.3 892
-96.1 880
-95.9 888
-95.7 932
-95.5 894
-95.3 902
-95.1 873
-94.9 866
-94.7 887
-94.5 929
-94.3 898
-94.1 877
-93.9 914
-93.7 860
-93.5 887
-93.3 902
-93.1 872
-92.9 923
-92.7 889
-92.5 793
-92.3 922
-92.1 905
-91.9 857
-91.7 892
-91.5 903
-91.3 863
-91.1 902
-90.9 888
-90.7 905
-90.5 864
-90.3 863
-90.1 874
-89.9 866
-89.7 865
-89.5 907
-89.3 917
-89.1 876
-88.9 917
-88.7 811
-88.5 920
-88.3 932
-88.1 906
-87.9 918
-87.7 922
-87.5 839
-87.3 872
-87.1 874
-86.9 865
-86.7 907
-86.5 909
-86.3 894
-86.1 872
-85.9 898
-85.7 884
-85.5 904
-85.3 891
-85.1 934
-84.9 815
-84.7 904
-84.5 830
-84.3 898
-84.1 871
-83.9 925
-83.7 867
-83.5 890
-83.3 893
-83.1 902
-82.9 829
-82.7 882
-82.5 886
-82.3 935
-82.1 871
-81.9 878
-81.7 939
-81.5 932
-81.3 901
-81.1 841
-80.9 895
-80.7 844
-80.5 895
-80.3 923
-80.1 887
-79.9 883
-79.7 933
-79.5 845
-79.3 933
-79.1 895
-78.9 881
-78.7 868
-78.5 890
-78.3 921
-78.1 917
-77.9 840
-77.7 893
-77.5 889
-77.3 895
-77.1 883
-76.9 882
-76.7 835
-76.5 888
-76.3 883
-76.1 865
-75.9 880
-75.7 925
-75.5 925
-75.3 986
-75.1 913
-74.9 956
-74.7 913
-74.5 899
-74.3 893
-74.1 875
-73.9 922
-73.7 984
-73.5 903
-73.3 976
-73.1 928
-72.9 904
-72.7 890
-72.5 912
-72.3 889
-72.1 931
-71.9 907
-71.7 850
-71.5 936
-71.3 909
-71.1 887
-70.9 909
-70.7 892
-70.5 856
-70.3 881
-70.1 817
-69.9 882
-69.7 920
-69.5 924
-69.3 923
-69.1 953
-68.9 873
-68.7 924
-68.5 927
-68.3 941
-68.1 960
-67.9 907
-67.7 932
-67.5 883
-67.3 880
-67.1 923
-66.9 910
-66.7 894
-66.5 915
-66.3 859
-66.1 914
-65.9 931
-65.7 981
-65.5 871
-65.3 945
-65.1 974
-64.9 900
-64.7 887
-64.5 893
-64.3 903
-64.1 927
-63.9 853
-63.7 874
-63.5 940
-63.3 865
-63.1 890
-62.9 895
-62.7 954
-62.5 908
-62.3 886
-62.1 859
-61.9 890
-61.7 921
-61.5 905
-61.3 947
-61.1 867
-60.9 893
-60.7 881
-60.5 898
-60.3 951
-60.1 906
-59.9 917
-59.7 897
-59.5 890
-59.3 880
-59.1 894
-58.9 933
-58.7 923
-58.5 883
-58.3 951
-58.1 929
-57.9 965
-57.7 891
-57.5 847
-57.3 868
-57.1 938
-56.9 890
-56.7 902
-56.5 860
-56.3 912
-56.1 852
-55.9 955
-55.7 933
-55.5 892
-55.3 878
-55.1 959
-54.9 903
-54.7 878
-54.5 841
-54.3 918
-54.1 898
-53.9 917
-53.7 869
-53.5 894
-53.3 903
-53.1 894
-52.9 920
-52.7 938
-52.5 864
-52.3 865
-52.1 836
-51.9 877
-51.7 883
-51.5 923
-51.3 908
-51.1 915
-50.9 943
-50.7 907
-50.5 851
-50.3 916
-50.1 900
-49.9 851
-49.7 897
-49.5 929
-49.3 877
-49.1 892
-48.9 898
-48.7 903
-48.5 922
-48.3 920
-48.1 926
-47.9 861
-47.7 911
-47.5 887
-47.3 919
-47.1 886
-46.9 868
-46.7 921
-46.5 864
-46.3 880
-46.1 909
-45.9 905
-45.7 882
-45.5 923
-45.3 886
-45.1 908
-44.9 885
-44.7 875
-44.5 898
-44.3 871
-44.1 856
-43.9 929
-43.7 893
-43.5 897
-43.3 893
-43.1 873
-42.9 864
-42.7 876
-42.5 947
-42.3 886
-42.1 890
-41.9 923
-41.7 900
-41.5 904
-41.3 844
-41.1 860
-40.9 890
-40.7 880
-40.5 900
-40.3 921
-40.1 891
-39.9 921
-39.7 874
-39.5 902
-39.3 873
-39.1 915
-38.9 882
-38.7 909
-38.5 902
-38.3 842
-38.1 920
-37.9 856
-37.7 869
-37.5 869
-37.3 897
-37.1 865
-36.9 910
-36.7 916
-36.5 911
-36.3 909
-36.1 851
-35.9 902
-35.7 927
-35.5 922
-35.3 871
-35.1 896
-34.9 906
-34.7 881
-34.5 945
-34.3 879
-34.1 914
-33.9 849
-33.7 922
-33.5 891
-33.3 898
-33.1 872
-32.9 894
-32.7 867
-32.5 917
-32.3 880
-32.1 923
-31.9 892
-31.7 861
-31.5 884
-31.3 875
-31.1 849
-30.9 893
-30.7 882
-30.5 913
-30.3 932
-30.1 876
-29.9 943
-29.7 933
-29.5 846
-29.3 867
-29.1 916
-28.9 944
-28.7 914
-28.5 927
-28.3 861
-28.1 883
-27.9 865
-27.7 889
-27.5 854
-27.3 861
-27.1 836
-26.9 915
-26.7 918
-26.5 869
-26.3 858
-26.1 846
-25.9 888
-25.7 840
-25.5 816
-25.3 900
-25.1 895
-24.9 856
-24.7 911
-24.5 881
-24.3 908
-24.1 873
-23.9 829
-23.7 890
-23.5 898
-23.3 903
-23.1 872
-22.9 899
-22.7 879
-22.5 821
-22.3 890
-22.1 879
-21.9 871
-21.7 881
-21.5 869
-21.3 860
-21.1 909
-20.9 883
-20.7 910
-20.5 948
-20.3 937
-20.1 866
-19.9 887
-19.7 911
-19.5 881
-19.3 899
-19.1 861
-18.9 864
-18.7 885
-18.5 920
-18.3 876
-18.1 871
-17.9 926
-17.7 898
-17.5 916
-17.3 888
-17.1 865
-16.9 894
-16.7 853
-16.5 857
-16.3 881
-16.1 881
-15.9 878
-15.7 876
-15.5 867
-15.3 893
-15.1 857
-14.9 900
-14.7 879
-14.5 900
-14.3 966
-14.1 841
-13.9 871
-13.7 899
-13.5 910
-13.3 879
-13.1 844
-12.9 887
-12.7 886
-12.5 839
-12.3 850
-12.1 891
-11.9 854
-11.7 878
-11.5 901
-11.3 919
-11.1 895
-10.9 897
-10.7 918
-10.5 905
-10.3 844
-10.1 903
-9.9 915
-9.7 841
-9.5 901
-9.3 912
-9.1 855
-8.9 894
-8.7 857
-8.5 867
-8.3 840
-8.1 903
-7.9 863
-7.7 866
-7.5 897
-7.3 937
-7.1 828
-6.9 878
-6.7 875
-6.5 907
-6.3 869
-6.1 872
-5.9 890
-5.7 794
-5.5 924
-5.3 875
-5.1 895
-4.9 857
-4.7 898
-4.5 888
-4.3 891
-4.1 856
-3.9 899
-3.7 939
-3.5 849
-3.3 895
-3.1 838
-2.9 932
-2.7 883
-2.5 915
-2.3 845
-2.1 854
-1.9 880
-1.7 870
-1.5 878
-1.3 930
-1.1 890
-0.9 898
-0.7 910
-0.5 844
-0.3 865
-0.1 914
0.1 901
0.3 880
0.5 862
0.7 821
0.9 891
1.1 899
1.3 903
1.5 894
1.7 889
1.9 887
2.1 863
2.3 840
2.5 848
2.7 812
2.9 901
3.1 868
3.3 896
3.5 858
3.7 902
3.9 894
4.1 903
4.3 909
4.5 889
4.7 893
4.9 863
5.1 864
5.3 847
5.5 894
5.7 890
5.9 882
6.1 882
6.3 910
6.5 856
6.7 911
6.9 879
7.1 881
7.3 853
7.5 841
7.7 848
7.9 869
8.1 857
8.3 843
8.5 812
8.7 901
8.9 886
9.1 890
9.3 859
9.5 851
9.7 790
9.9 849
10.1 823
10.3 878
10.5 844
10.7 862
10.9 806
11.1 866
11.3 844
11.5 834
11.7 805
11.9 788
12.1 797
12.3 840
12.5 826
12.7 780
12.9 776
13.1 762
13.3 808
13.5 790
13.7 804
13.9 789
14.1 758
14.3 736
14.5 773
14.7 710
14.9 700
15.1 720
15.3 749
15.5 719
15.7 694
15.9 682
16.1 694
16.3 686
16.5 657
16.7 628
16.9 620
17.1 631
17.3 639
17.5 679
17.7 611
17.9 573
18.1 623
18.3 639
18.5 576
18.7 563
18.9 577
19.1 509
19.3 552
19.5 573
19.7 465
19.9 523
20.1 499
20.3 512
20.5 485
20.7 502
20.9 459
21.1 444
21.3 424
21.5 407
21.7 472
21.9 411
22.1 388
22.3 379
22.5 376
22.7 371
22.9 356
23.1 349
23.3 371
23.5 357
23.7 354
23.9 318
24.1 288
24.3 311
24.5 292
24.7 264
24.9 291
25.1 258
25.3 269
25.5 291
25.7 240
25.9 232
26.1 260
26.3 211
26.5 221
26.7 200
26.9 225
27.1 202
27.3 190
27.5 195
27.7 178
27.9 223
28.1 153
28.3 156
28.5 169
28.7 145
28.9 133
29.1 139
29.3 135
29.5 130
29.7 125
29.9 99
30.1 122
30.3 79
30.5 92
30.7 94
30.9 98
31.1 75
31.3 60
31.5 65
31.7 65
31.9 66
32.1 64
32.3 59
32.5 63
32.7 53
32.9 53
33.1 43
33.3 42
33.5 39
33.7 42
33.9 33
34.1 37
34.3 30
34.5 29
34.7 33
34.9 30
35.1 15
35.3 22
35.5 22
35.7 23
35.9 17
36.1 16
36.3 20
36.5 12
36.7 21
36.9 12
37.1 8
37.3 8
37.5 13
37.7 7
37.9 10
38.1 13
38.3 7
38.5 8
38.7 13
38.9 10
39.1 8
39.3 8
39.5 10
39.7 5
39.9 6
40.1 5
40.3 3
40.5 3
40.7 3
40.9 3
41.1 0
41.3 3
41.5 4
41.7 5
41.9 5
42.1 2
42.3 4
42.5 2
42.7 1
42.9 1
43.1 4
43.3 3
43.5 0
43.7 1
43.9 2
44.1 3
44.3 1
44.5 1
44.7 1
44.9 1
45.1 0
45.3 0
45.5 3
45.7 2
45.9 3
46.1 0
46.3 1
46.5 3
46.7 0
46.9 1
47.1 1
47.3 1
47.5 1
47.7 0
47.9 2
48.1 2
48.3 4
48.5 2
48.7 3
48.9 0
49.1 0
49.3 3
49.5 1
49.7 1
49.9 0
