-209.9 0
-209.7 0
-209.5 0
-209.3 0
-209.1 0
-208.9 0
-208.7 0
-208.5 0
-208.3 0
-208.1 0
-207.9 0
-207.7 0
-207.5 1
-207.3 0
-207.1 0
-206.9 0
-206.7 0
-206.5 1
-206.3 1
-206.1 0
-205.9 0
-205.7 0
-205.5 0
-205.3 0
-205.1 0
-204.9 0
-204.7 0
-204.5 0
-204.3 0
-204.1 0
-203.9 1
-203.7 0
-203.5 1
-203.3 1
-203.1 1
-202.9 0
-202.7 0
-202.5 0
-202.3 0
-202.1 0
-201.9 0
-201.7 2
-201.5 0
-201.3 0
-201.1 0
-200.9 0
-200.7 0
-200.5 0
-200.3 2
-200.1 0
-199.9 0
-199.7 0
-199.5 0
-199.3 0
-199.1 1
-198.9 1
-198.7 0
-198.5 2
-198.3 2
-198.1 4
-197.9 11
-197.7 17
-197.5 22
-197.3 27
-197.1 56
-196.9 77
-196.7 107
-196.5 141
-196.3 170
-196.1 214
-195.9 282
-195.7 343
-195.5 452
-195.3 575
-195.1 690
-194.9 856
-194.7 923
-194.5 1111
-194.3 1257
-194.1 1359
-193.9 1455
-193.7 1565
-193.5 1659
-193.3 1697
-193.1 1671
-192.9 1713
-192.7 1807
-192.5 1820
-192.3 1849
-192.1 1784
-191.9 1848
-191.7 1727
-191.5 1772
-191.3 1736
-191.1 1806
-190.9 1743
-190.7 1703
-190.5 1642
-190.3 1650
-190.1 1735
-189.9 1644
-189.7 1580
-189.5 1606
-189.3 1612
-189.1 1599
-188.9 1594
-188.7 1538
-188.5 1455
-188.3 1543
-188.1 1482
-187.9 1450
-187.7 1442
-187.5 1488
-187.3 1472
-187.1 1415
-186.9 1440
-186.7 1453
-186.5 1485
-186.3 1405
-186.1 1331
-185.9 1359
-185.7 1400
-185.5 1370
-185.3 1399
-185.1 1308
-184.9 1357
-184.7 1365
-184.5 1326
-184.3 1406
-184.1 1360
-183.9 1333
-183.7 1357
-183.5 1317
-183.3 1317
-183.1 1342
-182.9 1292
-182.7 1267
-182.5 1284
-182.3 1279
-182.1 1233
-181.9 1255
-181.7 1258
-181.5 1260
-181.3 1161
-181.1 1215
-180.9 1150
-180.7 1237
-180.5 1170
-180.3 1250
-180.1 1231
-179.9 1217
-179.7 1178
-179.5 1195
-179.3 1159
-179.1 1125
-178.9 1088
-178.7 1087
-178.5 1084
-178.3 1086
-178.1 1087
-177.9 1083
-177.7 1053
-177.5 1030
-177.3 1077
-177.1 1057
-176.9 1002
-176.7 1030
-176.5 1032
-176.3 1101
-176.1 1030
-175.9 1025
-175.7 967
-175.5 1028
-175.3 990
-175.1 1025
-174.9 977
-174.7 1023
-174.5 984
-174.3 954
-174.1 988
-173.9 992
-173.7 1009
-173.5 1004
-173.3 971
-173.1 1004
-172.9 1001
-172.7 978
-172.5 980
-172.3 968
-172.1 1000
-171.9 954
-171.7 916
-171.5 957
-171.3 999
-171.1 936
-170.9 947
-170.7 1013
-170.5 975
-170.3 935
-170.1 1004
-169.9 929
-169.7 940
-169.5 960
-169.3 966
-169.1 931
-168.9 965
-168.7 1007
-168.5 934
-168.3 920
-168.1 975
-167.9 947
-167.7 922
-167.5 900
-167.3 904
-167.1 912
-166.9 950
-166.7 932
-166.5 928
-166.3 946
-166.1 944
-165.9 901
-165.7 921
-165.5 937
-165.3 944
-165.1 961
-164.9 914
-164.7 933
-164.5 913
-164.3 895
-164.1 933
-163.9 905
-163.7 906
-163.5 909
-163.3 958
-163.1 877
-162.9 901
-162.7 850
-162.5 928
-162.3 893
-162.1 913
-161.9 887
-161.7 898
-161.5 949
-161.3 887
-161.1 913
-160.9 855
-160.7 969
-160.5 884
-160.3 929
-160.1 884
-159.9 928
-159.7 920
-159.5 815
-159.3 902
-159.1 898
-158.9 868
-158.7 902
-158.5 942
-158.3 956
-158.1 933
-157.9 883
-157.7 876
-157.5 932
-157.3 842
-157.1 913
-156.9 969
-156.7 833
-156.5 847
-156.3 916
-156.1 885
-155.9 864
-155.7 839
-155.5 851
-155.3 895
-155.1 903
-154.9 883
-154.7 920
-154.5 876
-154.3 887
-154.1 917
-153.9 862
-153.7 892
-153.5 851
-153.3 879
-153.1 871
-152.9 968
-152.7 780
-152.5 899
-152.3 895
-152.1 900
-151.9 877
-151.7 843
-151.5 863
-151.3 875
-151.1 795
-150.9 846
-150.7 860
-150.5 925
-150.3 912
-150.1 858
-149.9 848
-149.7 886
-149.5 896
-149.3 882
-149.1 896
-148.9 882
-148.7 862
-148.5 903
-148.3 864
-148.1 863
-147.9 942
-147.7 866
-147.5 899
-147.3 861
-147.1 846
-146.9 848
-146.7 791
-146.5 862
-146.3 831
-146.1 865
-145.9 858
-145.7 886
-145.5 839
-145.3 829
-145.1 871
-144.9 882
-144.7 841
-144.5 874
-144.3 842
-144.1 794
-143.9 872
-143.7 847
-143.5 834
-143.3 844
-143.1 845
-142.9 821
-142.7 875
-142.5 903
-142.3 829
-142.1 834
-141.9 848
-141.7 831
-141.5 891
-141.3 840
-141.1 807
-140.9 808
-140.7 847
-140.5 813
-140.3 850
-140.1 860
-139.9 846
-139.7 837
-139.5 872
-139.3 842
-139.1 874
-138.9 884
-138.7 857
-138.5 884
-138.3 810
-138.1 840
-137.9 842
-137.7 849
-137.5 835
-137.3 846
-137.1 912
-136.9 872
-136.7 883
-136.5 848
-136.3 853
-136.1 912
-135.9 859
-135.7 860
-135.5 835
-135.3 986
-135.1 848
-134.9 861
-134.7 919
-134.5 933
-134.3 879
-134.1 915
-133.9 905
-133.7 890
-133.5 878
-133.3 885
-133.1 877
-132.9 842
-132.7 869
-132.5 869
-132.3 851
-132.1 851
-131.9 864
-131.7 864
-131.5 951
-131.3 889
-131.1 884
-130.9 870
-130.7 935
-130.5 883
-130.3 935
-130.1 953
-129.9 890
-129.7 898
-129.5 898
-129.3 873
-129.1 881
-128.9 906
-128.7 911
-128.5 896
-128.3 909
-128.1 939
-127.9 872
-127.7 883
-127.5 846
-127.3 886
-127.1 911
-126.9 914
-126.7 916
-126.5 936
-126.3 910
-126.1 891
-125.9 916
-125.7 898
-125.5 906
-125.3 943
-125.1 887
-124.9 896
-124.7 912
-124.5 875
-124.3 872
-124.1 851
-123.9 935
-123.7 881
-123.5 845
-123.3 856
-123.1 933
-122.9 849
-122.7 872
-122.5 916
-122.3 881
-122.1 846
-121.9 902
-121.7 842
-121.5 933
-121.3 876
-121.1 901
-120.9 878
-120.7 857
-120.5 943
-120.3 853
-120.1 873
-119.9 896
-119.7 856
-119.5 844
-119.3 880
-119.1 928
-118.9 825
-118.7 877
-118.5 890
-118.3 865
-118.1 837
-117.9 874
-117.7 877
-117.5 870
-117.3 902
-117.1 852
-116.9 821
-116.7 867
-116.5 854
-116.3 894
-116.1 890
-115.9 830
-115.7 846
-115.5 884
-115.3 895
-115.1 871
-114.9 904
-114.7 868
-114.5 883
-114.3 855
-114.1 846
-113.9 852
-113.7 875
-113.5 851
-113.3 957
-113.1 834
-112.9 878
-112.7 830
-112.5 823
-112.3 877
-112.1 885
-111.9 825
-111.7 857
-111.5 818
-111.3 859
-111.1 896
-110.9 830
-110.7 854
-110.5 880
-110.3 912
-110.1 888
-109.9 877
-109.7 898
-109.5 832
-109.3 890
-109.1 885
-108.9 882
-108.7 827
-108.5 889
-108.3 873
-108.1 888
-107.9 823
-107.7 888
-107.5 846
-107.3 863
-107.1 834
-106.9 867
-106.7 863
-106.5 838
-106.3 872
-106.1 869
-105.9 820
-105.7 856
-105.5 867
-105.3 853
-105.1 892
-104.9 869
-104.7 944
-104.5 866
-104.3 905
-104.1 872
-103.9 807
-103.7 934
-103.5 860
-103.3 874
-103.1 846
-102.9 824
-102.7 882
-102.5 875
-102.3 814
-102.1 844
-101.9 887
-101.7 884
-101.5 894
-101.3 826
-101.1 781
-100.9 858
-100.7 851
-100.5 832
-100.3 812
-100.1 844
-99.9 870
-99.7 888
-99.5 823
-99.3 870
-99.1 868
-98.9 862
-98.7 893
-98.5 890
-98.3 885
-98.1 849
-97.9 837
-97.7 880
-97.5 809
-97.3 881
-97.1 875
-96.9 862
-96.7 889
-96.5 860
-96.3 840
-96.1 870
-95.9 827
-95.7 871
-95.5 837
-95.3 832
-95.1 869
-94.9 837
-94.7 818
-94.5 857
-94.3 881
-94.1 882
-93.9 843
-93.7 849
-93.5 860
-93.3 902
-93.1 834
-92.9 821
-92.7 865
-92.5 910
-92.3 859
-92.1 869
-91.9 905
-91.7 837
-91.5 898
-91.3 838
-91.1 848
-90.9 903
-90.7 785
-90.5 902
-90.3 876
-90.1 875
-89.9 863
-89.7 879
-89.5 892
-89.3 894
-89.1 865
-88.9 891
-88.7 818
-88.5 818
-88.3 844
-88.1 795
-87.9 803
-87.7 891
-87.5 851
-87.3 867
-87.1 847
-86.9 839
-86.7 831
-86.5 858
-86.3 829
-86.1 879
-85.9 866
-85.7 854
-85.5 875
-85.3 890
-85.1 906
-84.9 820
-84.7 864
-84.5 849
-84.3 881
-84.1 852
-83.9 886
-83.7 842
-83.5 885
-83.3 834
-83.1 819
-82.9 900
-82.7 869
-82.5 846
-82.3 860
-82.1 867
-81.9 850
-81.7 822
-81.5 825
-81.3 876
-81.1 829
-80.9 812
-80.7 827
-80.5 929
-80.3 884
-80.1 823
-79.9 857
-79.7 898
-79.5 836
-79.3 804
-79.1 836
-78.9 875
-78.7 835
-78.5 887
-78.3 825
-78.1 850
-77.9 835
-77.7 848
-77.5 837
-77.3 848
-77.1 887
-76.9 822
-76.7 861
-76.5 850
-76.3 839
-76.1 906
-75.9 892
-75.7 851
-75.5 787
-75.3 875
-75.1 913
-74.9 846
-74.7 863
-74.5 856
-74.3 846
-74.1 859
-73.9 841
-73.7 856
-73.5 851
-73.3 928
-73.1 864
-72.9 901
-72.7 878
-72.5 839
-72.3 772
-72.1 915
-71.9 796
-71.7 891
-71.5 866
-71.3 900
-71.1 868
-70.9 831
-70.7 920
-70.5 874
-70.3 861
-70.1 799
-69.9 861
-69.7 930
-69.5 868
-69.3 841
-69.1 836
-68.9 866
-68.7 909
-68.5 828
-68.3 878
-68.1 827
-67.9 887
-67.7 835
-67.5 838
-67.3 905
-67.1 869
-66.9 911
-66.7 826
-66.5 889
-66.3 867
-66.1 900
-65.9 858
-65.7 858
-65.5 854
-65.3 908
-65.1 864
-64.9 878
-64.7 842
-64.5 869
-64.3 860
-64.1 849
-63.9 885
-63.7 879
-63.5 891
-63.3 909
-63.1 864
-62.9 872
-62.7 840
-62.5 846
-62.3 856
-62.1 854
-61.9 872
-61.7 860
-61.5 863
-61.3 905
-61.1 838
-60.9 848
-60.7 832
-60.5 846
-60.3 835
-60.1 869
-59.9 894
-59.7 854
-59.5 892
-59.3 840
-59.1 915
-58.9 854
-58.7 887
-58.5 870
-58.3 860
-58.1 831
-57.9 887
-57.7 847
-57.5 864
-57.3 836
-57.1 873
-56.9 907
-56.7 867
-56.5 862
-56.3 801
-56.1 889
-55.9 868
-55.7 861
-55.5 823
-55.3 865
-55.1 824
-54.9 849
-54.7 959
-54.5 865
-54.3 856
-54.1 850
-53.9 780
-53.7 899
-53.5 828
-53.3 812
-53.1 837
-52.9 919
-52.7 835
-52.5 809
-52.3 827
-52.1 861
-51.9 848
-51.7 835
-51.5 849
-51.3 857
-51.1 902
-50.9 864
-50.7 833
-50.5 832
-50.3 859
-50.1 876
-49.9 858
-49.7 933
-49.5 814
-49.3 870
-49.1 896
-48.9 881
-48.7 811
-48.5 834
-48.3 884
-48.1 861
-47.9 903
-47.7 861
-47.5 825
-47.3 860
-47.1 813
-46.9 889
-46.7 905
-46.5 873
-46.3 805
-46.1 854
-45.9 846
-45.7 832
-45.5 855
-45.3 889
-45.1 914
-44.9 867
-44.7 852
-44.5 818
-44.3 794
-44.1 869
-43.9 880
-43.7 870
-43.5 893
-43.3 873
-43.1 886
-42.9 869
-42.7 835
-42.5 850
-42.3 921
-42.1 877
-41.9 878
-41.7 894
-41.5 866
-41.3 826
-41.1 802
-40.9 844
-40.7 900
-40.5 843
-40.3 901
-40.1 830
-39.9 842
-39.7 860
-39.5 878
-39.3 861
-39.1 857
-38.9 869
-38.7 886
-38.5 812
-38.3 856
-38.1 828
-37.9 886
-37.7 788
-37.5 881
-37.3 787
-37.1 850
-36.9 905
-36.7 853
-36.5 882
-36.3 775
-36.1 849
-35.9 871
-35.7 835
-35.5 855
-35.3 911
-35.1 851
-34.9 889
-34.7 868
-34.5 841
-34.3 836
-34.1 922
-33.9 829
-33.7 845
-33.5 847
-33.3 886
-33.1 901
-32.9 832
-32.7 899
-32.5 856
-32.3 905
-32.1 877
-31.9 858
-31.7 882
-31.5 867
-31.3 869
-31.1 873
-30.9 872
-30.7 873
-30.5 880
-30.3 852
-30.1 836
-29.9 920
-29.7 863
-29.5 837
-29.3 840
-29.1 828
-28.9 870
-28.7 829
-28.5 828
-28.3 831
-28.1 848
-27.9 824
-27.7 861
-27.5 869
-27.3 857
-27.1 868
-26.9 826
-26.7 868
-26.5 781
-26.3 891
-26.1 837
-25.9 773
-25.7 865
-25.5 899
-25.3 875
-25.1 859
-24.9 871
-24.7 850
-24.5 866
-24.3 825
-24.1 842
-23.9 836
-23.7 846
-23.5 858
-23.3 851
-23.1 900
-22.9 820
-22.7 893
-22.5 813
-22.3 870
-22.1 865
-21.9 852
-21.7 880
-21.5 806
-21.3 844
-21.1 881
-20.9 842
-20.7 833
-20.5 854
-20.3 840
-20.1 899
-19.9 836
-19.7 886
-19.5 893
-19.3 847
-19.1 864
-18.9 899
-18.7 858
-18.5 843
-18.3 868
-18.1 834
-17.9 860
-17.7 838
-17.5 880
-17.3 853
-17.1 817
-16.9 818
-16.7 823
-16.5 874
-16.3 833
-16.1 859
-15.9 815
-15.7 826
-15.5 867
-15.3 883
-15.1 863
-14.9 839
-14.7 820
-14.5 825
-14.3 894
-14.1 876
-13.9 797
-13.7 866
-13.5 873
-13.3 857
-13.1 845
-12.9 849
-12.7 819
-12.5 869
-12.3 860
-12.1 864
-11.9 883
-11.7 841
-11.5 863
-11.3 846
-11.1 837
-10.9 840
-10.7 838
-10.5 842
-10.3 862
-10.1 804
-9.9 912
-9.7 847
-9.5 834
-9.3 804
-9.1 884
-8.9 867
-8.7 871
-8.5 859
-8.3 827
-8.1 866
-7.9 868
-7.7 854
-7.5 859
-7.3 864
-7.1 881
-6.9 886
-6.7 878
-6.5 834
-6.3 875
-6.1 882
-5.9 874
-5.7 871
-5.5 837
-5.3 868
-5.1 844
-4.9 865
-4.7 861
-4.5 838
-4.3 778
-4.1 843
-3.9 822
-3.7 804
-3.5 878
-3.3 826
-3.1 861
-2.9 845
-2.7 849
-2.5 837
-2.3 877
-2.1 859
-1.9 898
-1.7 861
-1.5 810
-1.3 840
-1.1 855
-0.9 843
-0.7 872
-0.5 794
-0.3 861
-0.1 830
0.1 912
0.3 782
0.5 851
0.7 852
0.9 876
1.1 857
1.3 824
1.5 887
1.7 900
1.9 865
2.1 854
2.3 853
2.5 825
2.7 849
2.9 834
3.1 854
3.3 811
3.5 821
3.7 813
3.9 833
4.1 817
4.3 827
4.5 881
4.7 863
4.9 836
5.1 789
5.3 898
5.5 779
5.7 821
5.9 852
6.1 868
6.3 822
6.5 848
6.7 831
6.9 867
7.1 821
7.3 820
7.5 843
7.7 794
7.9 852
8.1 823
8.3 827
8.5 897
8.7 801
8.9 820
9.1 803
9.3 871
9.5 766
9.7 814
9.9 820
10.1 785
10.3 784
10.5 768
10.7 797
10.9 759
11.1 822
11.3 793
11.5 722
11.7 817
11.9 732
12.1 802
12.3 756
12.5 721
12.7 663
12.9 695
13.1 713
13.3 709
13.5 695
13.7 706
13.9 675
14.1 696
14.3 670
14.5 663
14.7 664
14.9 690
15.1 651
15.3 640
15.5 609
15.7 618
15.9 626
16.1 559
16.3 588
16.5 552
16.7 565
16.9 554
17.1 538
17.3 566
17.5 515
17.7 508
17.9 561
18.1 497
18.3 507
18.5 458
18.7 450
18.9 453
19.1 436
19.3 427
19.5 406
19.7 425
19.9 419
20.1 444
20.3 400
20.5 375
20.7 378
20.9 393
21.1 366
21.3 381
21.5 390
21.7 351
21.9 329
22.1 303
22.3 352
22.5 329
22.7 318
22.9 279
23.1 286
23.3 282
23.5 280
23.7 238
23.9 252
24.1 238
24.3 247
24.5 226
24.7 232
24.9 184
25.1 202
25.3 226
25.5 202
25.7 181
25.9 172
26.1 170
26.3 161
26.5 163
26.7 159
26.9 152
27.1 159
27.3 137
27.5 143
27.7 117
27.9 110
28.1 115
28.3 101
28.5 96
28.7 118
28.9 88
29.1 115
29.3 95
29.5 89
29.7 89
29.9 80
30.1 74
30.3 69
30.5 64
30.7 69
30.9 49
31.1 53
31.3 54
31.5 62
31.7 34
31.9 42
32.1 42
32.3 41
32.5 36
32.7 45
32.9 40
33.1 31
33.3 31
33.5 27
33.7 28
33.9 27
34.1 24
34.3 16
34.5 19
34.7 16
34.9 21
35.1 16
35.3 10
35.5 16
35.7 12
35.9 7
36.1 9
36.3 9
36.5 13
36.7 14
36.9 11
37.1 6
37.3 8
37.5 3
37.7 4
37.9 12
38.1 3
38.3 4
38.5 3
38.7 4
38.9 4
39.1 2
39.3 1
39.5 6
39.7 2
39.9 2
40.1 3
40.3 2
40.5 3
40.7 3
40.9 5
41.1 2
41.3 1
41.5 4
41.7 1
41.9 2
42.1 1
42.3 3
42.5 0
42.7 3
42.9 3
43.1 2
43.3 0
43.5 2
43.7 0
43.9 2
44.1 1
44.3 1
44.5 1
44.7 3
44.9 2
45.1 1
45.3 1
45.5 1
45.7 3
45.9 0
46.1 1
46.3 0
46.5 0
46.7 2
46.9 0
47.1 2
47.3 1
47.5 0
47.7 1
47.9 2
48.1 0
48.3 1
48.5 0
48.7 1
48.9 0
49.1 2
49.3 1
49.5 1
49.7 3
49.9 0
