-1584.9 0
-1584.7 0
-1584.5 2
-1584.3 1
-1584.1 2
-1583.9 0
-1583.7 2
-1583.5 3
-1583.3 1
-1583.1 1
-1582.9 7
-1582.7 2
-1582.5 9
-1582.3 6
-1582.1 15
-1581.9 17
-1581.7 15
-1581.5 21
-1581.3 38
-1581.1 37
-1580.9 36
-1580.7 45
-1580.5 74
-1580.3 71
-1580.1 69
-1579.9 95
-1579.7 126
-1579.5 132
-1579.3 110
-1579.1 165
-1578.9 148
-1578.7 183
-1578.5 195
-1578.3 219
-1578.1 252
-1577.9 246
-1577.7 290
-1577.5 259
-1577.3 270
-1577.1 323
-1576.9 315
-1576.7 346
-1576.5 352
-1576.3 349
-1576.1 395
-1575.9 454
-1575.7 497
-1575.5 522
-1575.3 525
-1575.1 573
-1574.9 580
-1574.7 581
-1574.5 654
-1574.3 698
-1574.1 760
-1573.9 809
-1573.7 826
-1573.5 878
-1573.3 893
-1573.1 941
-1572.9 957
-1572.7 1064
-1572.5 1161
-1572.3 1156
-1572.1 1247
-1571.9 1269
-1571.7 1350
-1571.5 1297
-1571.3 1419
-1571.1 1470
-1570.9 1481
-1570.7 1572
-1570.5 1661
-1570.3 1620
-1570.1 1669
-1569.9 1723
-1569.7 1827
-1569.5 1849
-1569.3 1855
-1569.1 1850
-1568.9 2011
-1568.7 1965
-1568.5 1934
-1568.3 1964
-1568.1 2076
-1567.9 2083
-1567.7 2091
-1567.5 2087
-1567.3 2114
-1567.1 2080
-1566.9 2131
-1566.7 2206
-1566.5 2125
-1566.3 2130
-1566.1 2142
-1565.9 2160
-1565.7 2156
-1565.5 2069
-1565.3 2101
-1565.1 2147
-1564.9 2086
-1564.7 2105
-1564.5 2089
-1564.3 2163
-1564.1 2057
-1563.9 2103
-1563.7 2018
-1563.5 2066
-1563.3 1961
-1563.1 1973
-1562.9 1933
-1562.7 1945
-1562.5 2001
-1562.3 1879
-1562.1 1989
-1561.9 1862
-1561.7 1902
-1561.5 1873
-1561.3 1791
-1561.1 1816
-1560.9 1824
-1560.7 1836
-1560.5 1731
-1560.3 1783
-1560.1 1712
-1559.9 1840
-1559.7 1714
-1559.5 1680
-1559.3 1630
-1559.1 1663
-1558.9 1678
-1558.7 1615
-1558.5 1742
-1558.3 1667
-1558.1 1627
-1557.9 1619
-1557.7 1636
-1557.5 1636
-1557.3 1564
-1557.1 1624
-1556.9 1556
-1556.7 1601
-1556.5 1574
-1556.3 1520
-1556.1 1555
-1555.9 1536
-1555.7 1534
-1555.5 1538
-1555.3 1533
-1555.1 1523
-1554.9 1605
-1554.7 1499
-1554.5 1446
-1554.3 1522
-1554.1 1451
-1553.9 1446
-1553.7 1531
-1553.5 1411
-1553.3 1435
-1553.1 1400
-1552.9 1495
-1552.7 1384
-1552.5 1473
-1552.3 1479
-1552.1 1459
-1551.9 1437
-1551.7 1376
-1551.5 1453
-1551.3 1424
-1551.1 1378
-1550.9 1402
-1550.7 1386
-1550.5 1342
-1550.3 1383
-1550.1 1438
-1549.9 1380
-1549.7 1388
-1549.5 1385
-1549.3 1360
-1549.1 1340
-1548.9 1403
-1548.7 1253
-1548.5 1362
-1548.3 1399
-1548.1 1370
-1547.9 1330
-1547.7 1302
-1547.5 1349
-1547.3 1363
-1547.1 1390
-1546.9 1354
-1546.7 1314
-1546.5 1312
-1546.3 1403
-1546.1 1402
-1545.9 1375
-1545.7 1348
-1545.5 1284
-1545.3 1302
-1545.1 1318
-1544.9 1394
-1544.7 1358
-1544.5 1289
-1544.3 1354
-1544.1 1389
-1543.9 1359
-1543.7 1299
-1543.5 1313
-1543.3 1276
-1543.1 1357
-1542.9 1345
-1542.7 1346
-1542.5 1316
-1542.3 1322
-1542.1 1304
-1541.9 1312
-1541.7 1284
-1541.5 1300
-1541.3 1346
-1541.1 1362
-1540.9 1376
-1540.7 1293
-1540.5 1347
-1540.3 1303
-1540.1 1327
-1539.9 1359
-1539.7 1301
-1539.5 1319
-1539.3 1264
-1539.1 1280
-1538.9 1345
-1538.7 1302
-1538.5 1253
-1538.3 1241
-1538.1 1385
-1537.9 1261
-1537.7 1336
-1537.5 1313
-1537.3 1281
-1537.1 1319
-1536.9 1329
-1536.7 1270
-1536.5 1302
-1536.3 1292
-1536.1 1273
-1535.9 1222
-1535.7 1248
-1535.5 1253
-1535.3 1283
-1535.1 1310
-1534.9 1222
-1534.7 1293
-1534.5 1334
-1534.3 1244
-1534.1 1254
-1533.9 1295
-1533.7 1238
-1533.5 1280
-1533.3 1280
-1533.1 1252
-1532.9 1267
-1532.7 1320
-1532.5 1238
-1532.3 1243
-1532.1 1257
-1531.9 1251
-1531.7 1319
-1531.5 1254
-1531.3 1354
-1531.1 1305
-1530.9 1330
-1530.7 1269
-1530.5 1270
-1530.3 1341
-1530.1 1276
-1529.9 1255
-1529.7 1239
-1529.5 1246
-1529.3 1306
-1529.1 1304
-1528.9 1183
-1528.7 1160
-1528.5 1265
-1528.3 1291
-1528.1 1264
-1527.9 1236
-1527.7 1275
-1527.5 1281
-1527.3 1229
-1527.1 1230
-1526.9 1222
-1526.7 1287
-1526.5 1258
-1526.3 1334
-1526.1 1247
-1525.9 1220
-1525.7 1303
-1525.5 1221
-1525.3 1287
-1525.1 1290
-1524.9 1303
-1524.7 1259
-1524.5 1268
-1524.3 1276
-1524.1 1267
-1523.9 1295
-1523.7 1238
-1523.5 1222
-1523.3 1239
-1523.1 1212
-1522.9 1225
-1522.7 1324
-1522.5 1226
-1522.3 1255
-1522.1 1228
-1521.9 1277
-1521.7 1269
-1521.5 1292
-1521.3 1190
-1521.1 1315
-1520.9 1258
-1520.7 1365
-1520.5 1247
-1520.3 1234
-1520.1 1239
-1519.9 1258
-1519.7 1225
-1519.5 1234
-1519.3 1224
-1519.1 1144
-1518.9 1179
-1518.7 1261
-1518.5 1219
-1518.3 1205
-1518.1 1263
-1517.9 1189
-1517.7 1170
-1517.5 1236
-1517.3 1228
-1517.1 1233
-1516.9 1212
-1516.7 1213
-1516.5 1204
-1516.3 1218
-1516.1 1197
-1515.9 1248
-1515.7 1187
-1515.5 1245
-1515.3 1274
-1515.1 1287
-1514.9 1209
-1514.7 1274
-1514.5 1208
-1514.3 1199
-1514.1 1214
-1513.9 1159
-1513.7 1197
-1513.5 1203
-1513.3 1246
-1513.1 1188
-1512.9 1238
-1512.7 1273
-1512.5 1241
-1512.3 1234
-1512.1 1298
-1511.9 1251
-1511.7 1280
-1511.5 1269
-1511.3 1337
-1511.1 1244
-1510.9 1288
-1510.7 1245
-1510.5 1300
-1510.3 1296
-1510.1 1315
-1509.9 1302
-1509.7 1313
-1509.5 1291
-1509.3 1297
-1509.1 1311
-1508.9 1286
-1508.7 1340
-1508.5 1276
-1508.3 1269
-1508.1 1232
-1507.9 1304
-1507.7 1276
-1507.5 1281
-1507.3 1298
-1507.1 1209
-1506.9 1279
-1506.7 1270
-1506.5 1306
-1506.3 1288
-1506.1 1262
-1505.9 1323
-1505.7 1235
-1505.5 1301
-1505.3 1285
-1505.1 1306
-1504.9 1296
-1504.7 1354
-1504.5 1234
-1504.3 1270
-1504.1 1265
-1503.9 1302
-1503.7 1341
-1503.5 1231
-1503.3 1272
-1503.1 1257
-1502.9 1325
-1502.7 1240
-1502.5 1304
-1502.3 1286
-1502.1 1335
-1501.9 1294
-1501.7 1260
-1501.5 1252
-1501.3 1351
-1501.1 1324
-1500.9 1302
-1500.7 1298
-1500.5 1307
-1500.3 1282
-1500.1 1269
-1499.9 1292
-1499.7 1319
-1499.5 1314
-1499.3 1249
-1499.1 1244
-1498.9 1195
-1498.7 1279
-1498.5 1279
-1498.3 1314
-1498.1 1280
-1497.9 1305
-1497.7 1359
-1497.5 1285
-1497.3 1343
-1497.1 1275
-1496.9 1274
-1496.7 1228
-1496.5 1189
-1496.3 1289
-1496.1 1284
-1495.9 1304
-1495.7 1276
-1495.5 1242
-1495.3 1221
-1495.1 1281
-1494.9 1263
-1494.7 1250
-1494.5 1310
-1494.3 1277
-1494.1 1236
-1493.9 1362
-1493.7 1257
-1493.5 1299
-1493.3 1255
-1493.1 1312
-1492.9 1285
-1492.7 1298
-1492.5 1262
-1492.3 1293
-1492.1 1281
-1491.9 1305
-1491.7 1288
-1491.5 1375
-1491.3 1348
-1491.1 1300
-1490.9 1319
-1490.7 1352
-1490.5 1285
-1490.3 1300
-1490.1 1299
-1489.9 1305
-1489.7 1304
-1489.5 1257
-1489.3 1348
-1489.1 1314
-1488.9 1320
-1488.7 1213
-1488.5 1268
-1488.3 1260
-1488.1 1326
-1487.9 1241
-1487.7 1306
-1487.5 1241
-1487.3 1263
-1487.1 1258
-1486.9 1276
-1486.7 1266
-1486.5 1191
-1486.3 1276
-1486.1 1286
-1485.9 1255
-1485.7 1261
-1485.5 1246
-1485.3 1233
-1485.1 1238
-1484.9 1259
-1484.7 1290
-1484.5 1181
-1484.3 1214
-1484.1 1166
-1483.9 1250
-1483.7 1228
-1483.5 1292
-1483.3 1222
-1483.1 1208
-1482.9 1202
-1482.7 1304
-1482.5 1238
-1482.3 1219
-1482.1 1295
-1481.9 1234
-1481.7 1222
-1481.5 1243
-1481.3 1211
-1481.1 1196
-1480.9 1255
-1480.7 1276
-1480.5 1154
-1480.3 1229
-1480.1 1236
-1479.9 1181
-1479.7 1249
-1479.5 1199
-1479.3 1247
-1479.1 1206
-1478.9 1242
-1478.7 1240
-1478.5 1269
-1478.3 1262
-1478.1 1240
-1477.9 1292
-1477.7 1290
-1477.5 1264
-1477.3 1233
-1477.1 1203
-1476.9 1300
-1476.7 1276
-1476.5 1310
-1476.3 1316
-1476.1 1292
-1475.9 1302
-1475.7 1323
-1475.5 1311
-1475.3 1245
-1475.1 1308
-1474.9 1308
-1474.7 1269
-1474.5 1279
-1474.3 1323
-1474.1 1275
-1473.9 1275
-1473.7 1336
-1473.5 1277
-1473.3 1294
-1473.1 1347
-1472.9 1352
-1472.7 1300
-1472.5 1289
-1472.3 1280
-1472.1 1254
-1471.9 1288
-1471.7 1271
-1471.5 1288
-1471.3 1250
-1471.1 1333
-1470.9 1261
-1470.7 1240
-1470.5 1355
-1470.3 1301
-1470.1 1262
-1469.9 1404
-1469.7 1246
-1469.5 1295
-1469.3 1277
-1469.1 1298
-1468.9 1308
-1468.7 1282
-1468.5 1263
-1468.3 1232
-1468.1 1284
-1467.9 1210
-1467.7 1246
-1467.5 1184
-1467.3 1314
-1467.1 1245
-1466.9 1252
-1466.7 1243
-1466.5 1222
-1466.3 1272
-1466.1 1266
-1465.9 1183
-1465.7 1300
-1465.5 1206
-1465.3 1218
-1465.1 1275
-1464.9 1217
-1464.7 1220
-1464.5 1269
-1464.3 1226
-1464.1 1179
-1463.9 1260
-1463.7 1238
-1463.5 1232
-1463.3 1267
-1463.1 1223
-1462.9 1261
-1462.7 1198
-1462.5 1195
-1462.3 1214
-1462.1 1191
-1461.9 1258
-1461.7 1245
-1461.5 1286
-1461.3 1256
-1461.1 1266
-1460.9 1251
-1460.7 1279
-1460.5 1276
-1460.3 1294
-1460.1 1255
-1459.9 1311
-1459.7 1344
-1459.5 1240
-1459.3 1240
-1459.1 1308
-1458.9 1274
-1458.7 1240
-1458.5 1320
-1458.3 1262
-1458.1 1310
-1457.9 1289
-1457.7 1297
-1457.5 1307
-1457.3 1311
-1457.1 1295
-1456.9 1297
-1456.7 1277
-1456.5 1319
-1456.3 1245
-1456.1 1299
-1455.9 1341
-1455.7 1274
-1455.5 1267
-1455.3 1251
-1455.1 1283
-1454.9 1236
-1454.7 1198
-1454.5 1347
-1454.3 1250
-1454.1 1276
-1453.9 1374
-1453.7 1217
-1453.5 1241
-1453.3 1273
-1453.1 1275
-1452.9 1229
-1452.7 1283
-1452.5 1276
-1452.3 1230
-1452.1 1224
-1451.9 1257
-1451.7 1254
-1451.5 1262
-1451.3 1166
-1451.1 1250
-1450.9 1244
-1450.7 1221
-1450.5 1217
-1450.3 1195
-1450.1 1324
-1449.9 1229
-1449.7 1209
-1449.5 1207
-1449.3 1284
-1449.1 1233
-1448.9 1185
-1448.7 1194
-1448.5 1229
-1448.3 1227
-1448.1 1181
-1447.9 1224
-1447.7 1287
-1447.5 1178
-1447.3 1204
-1447.1 1196
-1446.9 1238
-1446.7 1200
-1446.5 1195
-1446.3 1277
-1446.1 1228
-1445.9 1230
-1445.7 1275
-1445.5 1299
-1445.3 1210
-1445.1 1261
-1444.9 1272
-1444.7 1276
-1444.5 1246
-1444.3 1257
-1444.1 1270
-1443.9 1290
-1443.7 1248
-1443.5 1248
-1443.3 1275
-1443.1 1219
-1442.9 1287
-1442.7 1242
-1442.5 1322
-1442.3 1282
-1442.1 1334
-1441.9 1312
-1441.7 1294
-1441.5 1210
-1441.3 1317
-1441.1 1260
-1440.9 1245
-1440.7 1269
-1440.5 1279
-1440.3 1234
-1440.1 1225
-1439.9 1300
-1439.7 1316
-1439.5 1360
-1439.3 1248
-1439.1 1258
-1438.9 1223
-1438.7 1278
-1438.5 1274
-1438.3 1247
-1438.1 1222
-1437.9 1239
-1437.7 1274
-1437.5 1242
-1437.3 1228
-1437.1 1220
-1436.9 1282
-1436.7 1197
-1436.5 1246
-1436.3 1270
-1436.1 1228
-1435.9 1256
-1435.7 1207
-1435.5 1263
-1435.3 1171
-1435.1 1234
-1434.9 1180
-1434.7 1246
-1434.5 1207
-1434.3 1224
-1434.1 1248
-1433.9 1228
-1433.7 1221
-1433.5 1265
-1433.3 1240
-1433.1 1167
-1432.9 1208
-1432.7 1293
-1432.5 1257
-1432.3 1211
-1432.1 1243
-1431.9 1229
-1431.7 1325
-1431.5 1264
-1431.3 1261
-1431.1 1265
-1430.9 1245
-1430.7 1290
-1430.5 1213
-1430.3 1253
-1430.1 1274
-1429.9 1243
-1429.7 1249
-1429.5 1296
-1429.3 1305
-1429.1 1269
-1428.9 1225
-1428.7 1267
-1428.5 1309
-1428.3 1253
-1428.1 1322
-1427.9 1297
-1427.7 1273
-1427.5 1267
-1427.3 1304
-1427.1 1310
-1426.9 1274
-1426.7 1299
-1426.5 1276
-1426.3 1286
-1426.1 1326
-1425.9 1303
-1425.7 1248
-1425.5 1238
-1425.3 1295
-1425.1 1199
-1424.9 1290
-1424.7 1268
-1424.5 1261
-1424.3 1249
-1424.1 1266
-1423.9 1256
-1423.7 1250
-1423.5 1266
-1423.3 1204
-1423.1 1194
-1422.9 1167
-1422.7 1298
-1422.5 1191
-1422.3 1214
-1422.1 1210
-1421.9 1255
-1421.7 1264
-1421.5 1212
-1421.3 1216
-1421.1 1222
-1420.9 1151
-1420.7 1238
-1420.5 1218
-1420.3 1217
-1420.1 1226
-1419.9 1163
-1419.7 1214
-1419.5 1180
-1419.3 1255
-1419.1 1205
-1418.9 1204
-1418.7 1219
-1418.5 1192
-1418.3 1268
-1418.1 1200
-1417.9 1320
-1417.7 1288
-1417.5 1278
-1417.3 1279
-1417.1 1255
-1416.9 1260
-1416.7 1291
-1416.5 1220
-1416.3 1326
-1416.1 1274
-1415.9 1278
-1415.7 1195
-1415.5 1224
-1415.3 1207
-1415.1 1185
-1414.9 1289
-1414.7 1263
-1414.5 1201
-1414.3 1271
-1414.1 1247
-1413.9 1295
-1413.7 1239
-1413.5 1332
-1413.3 1254
-1413.1 1283
-1412.9 1236
-1412.7 1304
-1412.5 1295
-1412.3 1322
-1412.1 1279
-1411.9 1244
-1411.7 1238
-1411.5 1228
-1411.3 1268
-1411.1 1272
-1410.9 1288
-1410.7 1241
-1410.5 1216
-1410.3 1230
-1410.1 1219
-1409.9 1225
-1409.7 1208
-1409.5 1225
-1409.3 1244
-1409.1 1221
-1408.9 1305
-1408.7 1239
-1408.5 1273
-1408.3 1219
-1408.1 1175
-1407.9 1224
-1407.7 1194
-1407.5 1236
-1407.3 1178
-1407.1 1273
-1406.9 1231
-1406.7 1217
-1406.5 1168
-1406.3 1224
-1406.1 1222
-1405.9 1242
-1405.7 1229
-1405.5 1320
-1405.3 1184
-1405.1 1233
-1404.9 1230
-1404.7 1227
-1404.5 1293
-1404.3 1296
-1404.1 1261
-1403.9 1245
-1403.7 1266
-1403.5 1240
-1403.3 1285
-1403.1 1239
-1402.9 1273
-1402.7 1252
-1402.5 1274
-1402.3 1251
-1402.1 1267
-1401.9 1201
-1401.7 1221
-1401.5 1261
-1401.3 1247
-1401.1 1360
-1400.9 1238
-1400.7 1236
-1400.5 1212
-1400.3 1269
-1400.1 1279
-1399.9 1241
-1399.7 1230
-1399.5 1223
-1399.3 1283
-1399.1 1319
-1398.9 1234
-1398.7 1214
-1398.5 1288
-1398.3 1219
-1398.1 1284
-1397.9 1253
-1397.7 1292
-1397.5 1265
-1397.3 1267
-1397.1 1330
-1396.9 1289
-1396.7 1263
-1396.5 1251
-1396.3 1256
-1396.1 1232
-1395.9 1226
-1395.7 1260
-1395.5 1228
-1395.3 1179
-1395.1 1241
-1394.9 1282
-1394.7 1184
-1394.5 1288
-1394.3 1253
-1394.1 1227
-1393.9 1229
-1393.7 1222
-1393.5 1262
-1393.3 1190
-1393.1 1260
-1392.9 1231
-1392.7 1235
-1392.5 1237
-1392.3 1232
-1392.1 1271
-1391.9 1195
-1391.7 1289
-1391.5 1153
-1391.3 1239
-1391.1 1236
-1390.9 1240
-1390.7 1257
-1390.5 1228
-1390.3 1176
-1390.1 1210
-1389.9 1226
-1389.7 1234
-1389.5 1200
-1389.3 1226
-1389.1 1247
-1388.9 1258
-1388.7 1209
-1388.5 1218
-1388.3 1180
-1388.1 1251
-1387.9 1210
-1387.7 1270
-1387.5 1223
-1387.3 1201
-1387.1 1182
-1386.9 1247
-1386.7 1226
-1386.5 1282
-1386.3 1204
-1386.1 1240
-1385.9 1227
-1385.7 1221
-1385.5 1277
-1385.3 1227
-1385.1 1216
-1384.9 1217
-1384.7 1215
-1384.5 1258
-1384.3 1241
-1384.1 1181
-1383.9 1197
-1383.7 1289
-1383.5 1250
-1383.3 1207
-1383.1 1265
-1382.9 1217
-1382.7 1257
-1382.5 1204
-1382.3 1189
-1382.1 1276
-1381.9 1272
-1381.7 1194
-1381.5 1251
-1381.3 1236
-1381.1 1187
-1380.9 1250
-1380.7 1177
-1380.5 1246
-1380.3 1188
-1380.1 1183
-1379.9 1176
-1379.7 1252
-1379.5 1223
-1379.3 1269
-1379.1 1189
-1378.9 1196
-1378.7 1237
-1378.5 1195
-1378.3 1222
-1378.1 1240
-1377.9 1224
-1377.7 1173
-1377.5 1179
-1377.3 1223
-1377.1 1138
-1376.9 1179
-1376.7 1162
-1376.5 1122
-1376.3 1170
-1376.1 1222
-1375.9 1144
-1375.7 1165
-1375.5 1155
-1375.3 1114
-1375.1 1164
-1374.9 1109
-1374.7 1219
-1374.5 1174
-1374.3 1169
-1374.1 1133
-1373.9 1119
-1373.7 1081
-1373.5 1128
-1373.3 1091
-1373.1 1114
-1372.9 1040
-1372.7 1082
-1372.5 1050
-1372.3 1029
-1372.1 1038
-1371.9 1066
-1371.7 974
-1371.5 1078
-1371.3 1028
-1371.1 991
-1370.9 999
-1370.7 1012
-1370.5 946
-1370.3 937
-1370.1 958
-1369.9 960
-1369.7 884
-1369.5 967
-1369.3 856
-1369.1 936
-1368.9 913
-1368.7 922
-1368.5 897
-1368.3 906
-1368.1 907
-1367.9 916
-1367.7 850
-1367.5 852
-1367.3 866
-1367.1 846
-1366.9 859
-1366.7 823
-1366.5 799
-1366.3 789
-1366.1 802
-1365.9 768
-1365.7 746
-1365.5 693
-1365.3 736
-1365.1 750
-1364.9 724
-1364.7 703
-1364.5 745
-1364.3 664
-1364.1 658
-1363.9 654
-1363.7 701
-1363.5 666
-1363.3 666
-1363.1 696
-1362.9 657
-1362.7 658
-1362.5 591
-1362.3 639
-1362.1 595
-1361.9 584
-1361.7 599
-1361.5 564
-1361.3 568
-1361.1 566
-1360.9 588
-1360.7 569
-1360.5 564
-1360.3 540
-1360.1 509
-1359.9 522
-1359.7 514
-1359.5 500
-1359.3 482
-1359.1 474
-1358.9 465
-1358.7 425
-1358.5 485
-1358.3 434
-1358.1 441
-1357.9 417
-1357.7 435
-1357.5 395
-1357.3 414
-1357.1 389
-1356.9 429
-1356.7 429
-1356.5 364
-1356.3 349
-1356.1 354
-1355.9 339
-1355.7 342
-1355.5 334
-1355.3 341
-1355.1 342
-1354.9 340
-1354.7 299
-1354.5 276
-1354.3 327
-1354.1 323
-1353.9 295
-1353.7 299
-1353.5 293
-1353.3 280
-1353.1 290
-1352.9 278
-1352.7 271
-1352.5 231
-1352.3 259
-1352.1 243
-1351.9 239
-1351.7 235
-1351.5 254
-1351.3 250
-1351.1 222
-1350.9 219
-1350.7 239
-1350.5 214
-1350.3 228
-1350.1 189
-1349.9 193
-1349.7 184
-1349.5 196
-1349.3 186
-1349.1 161
-1348.9 172
-1348.7 159
-1348.5 144
-1348.3 168
-1348.1 157
-1347.9 177
-1347.7 145
-1347.5 160
-1347.3 144
-1347.1 139
-1346.9 112
-1346.7 126
-1346.5 114
-1346.3 130
-1346.1 125
-1345.9 101
-1345.7 122
-1345.5 107
-1345.3 113
-1345.1 109
-1344.9 114
-1344.7 91
-1344.5 98
-1344.3 90
-1344.1 80
-1343.9 106
-1343.7 90
-1343.5 75
-1343.3 83
-1343.1 79
-1342.9 79
-1342.7 85
-1342.5 88
-1342.3 71
-1342.1 78
-1341.9 79
-1341.7 61
-1341.5 65
-1341.3 69
-1341.1 71
-1340.9 59
-1340.7 55
-1340.5 64
-1340.3 53
-1340.1 50
-1339.9 55
-1339.7 47
-1339.5 52
-1339.3 40
-1339.1 55
-1338.9 47
-1338.7 43
-1338.5 30
-1338.3 55
-1338.1 32
-1337.9 33
-1337.7 36
-1337.5 36
-1337.3 36
-1337.1 33
-1336.9 34
-1336.7 25
-1336.5 31
-1336.3 24
-1336.1 33
-1335.9 19
-1335.7 23
-1335.5 30
-1335.3 22
-1335.1 24
-1334.9 19
-1334.7 13
-1334.5 17
-1334.3 21
-1334.1 12
-1333.9 15
-1333.7 9
-1333.5 20
-1333.3 8
-1333.1 12
-1332.9 6
-1332.7 9
-1332.5 5
-1332.3 15
-1332.1 4
-1331.9 6
-1331.7 7
-1331.5 1
-1331.3 7
-1331.1 3
-1330.9 7
-1330.7 7
-1330.5 9
-1330.3 4
-1330.1 5
-1329.9 10
-1329.7 4
-1329.5 2
-1329.3 1
-1329.1 3
-1328.9 0
-1328.7 2
-1328.5 3
-1328.3 2
-1328.1 2
-1327.9 4
-1327.7 2
-1327.5 3
-1327.3 4
-1327.1 0
-1326.9 0
-1326.7 3
-1326.5 1
-1326.3 4
-1326.1 2
-1325.9 2
-1325.7 2
-1325.5 0
-1325.3 1
-1325.1 2
-1324.9 0
-1324.7 2
-1324.5 1
-1324.3 3
-1324.1 1
-1323.9 4
-1323.7 3
-1323.5 1
-1323.3 1
-1323.1 0
-1322.9 2
-1322.7 0
-1322.5 1
-1322.3 0
-1322.1 3
-1321.9 0
-1321.7 1
-1321.5 1
-1321.3 4
-1321.1 0
-1320.9 1
-1320.7 2
-1320.5 1
-1320.3 3
-1320.1 0
-1319.9 1
-1319.7 2
-1319.5 1
-1319.3 0
-1319.1 1
-1318.9 2
-1318.7 1
-1318.5 4
-1318.3 0
-1318.1 1
-1317.9 0
-1317.7 1
-1317.5 0
-1317.3 4
-1317.1 1
-1316.9 0
-1316.7 0
-1316.5 1
-1316.3 1
-1316.1 3
-1315.9 0
-1315.7 0
-1315.5 2
-1315.3 0
-1315.1 1
-1314.9 0
-1314.7 0
-1314.5 4
-1314.3 3
-1314.1 2
-1313.9 0
-1313.7 1
-1313.5 1
-1313.3 1
-1313.1 0
-1312.9 0
-1312.7 0
-1312.5 1
-1312.3 0
-1312.1 1
-1311.9 1
-1311.7 1
-1311.5 0
-1311.3 2
-1311.1 0
-1310.9 2
-1310.7 1
-1310.5 0
-1310.3 1
-1310.1 0
-1309.9 1
-1309.7 0
-1309.5 0
-1309.3 2
-1309.1 1
-1308.9 4
-1308.7 4
-1308.5 4
-1308.3 1
-1308.1 0
-1307.9 0
-1307.7 0
-1307.5 0
-1307.3 0
-1307.1 1
-1306.9 1
-1306.7 3
-1306.5 1
-1306.3 0
-1306.1 1
-1305.9 1
-1305.7 4
-1305.5 0
-1305.3 0
-1305.1 1
-1304.9 1
-1304.7 3
-1304.5 1
-1304.3 2
-1304.1 1
-1303.9 2
-1303.7 1
-1303.5 2
-1303.3 3
-1303.1 1
-1302.9 2
-1302.7 2
-1302.5 2
-1302.3 2
-1302.1 1
-1301.9 1
-1301.7 0
-1301.5 0
-1301.3 0
-1301.1 0
-1300.9 2
-1300.7 0
-1300.5 1
-1300.3 0
-1300.1 4
