-1584.9 0
-1584.7 0
-1584.5 0
-1584.3 0
-1584.1 1
-1583.9 0
-1583.7 0
-1583.5 0
-1583.3 0
-1583.1 0
-1582.9 0
-1582.7 0
-1582.5 0
-1582.3 0
-1582.1 0
-1581.9 0
-1581.7 0
-1581.5 0
-1581.3 0
-1581.1 0
-1580.9 0
-1580.7 0
-1580.5 0
-1580.3 0
-1580.1 0
-1579.9 0
-1579.7 0
-1579.5 1
-1579.3 0
-1579.1 0
-1578.9 0
-1578.7 1
-1578.5 0
-1578.3 0
-1578.1 0
-1577.9 0
-1577.7 0
-1577.5 0
-1577.3 0
-1577.1 0
-1576.9 0
-1576.7 0
-1576.5 0
-1576.3 0
-1576.1 0
-1575.9 0
-1575.7 0
-1575.5 0
-1575.3 0
-1575.1 0
-1574.9 0
-1574.7 0
-1574.5 0
-1574.3 0
-1574.1 0
-1573.9 0
-1573.7 0
-1573.5 1
-1573.3 1
-1573.1 0
-1572.9 1
-1572.7 1
-1572.5 0
-1572.3 0
-1572.1 2
-1571.9 1
-1571.7 1
-1571.5 8
-1571.3 4
-1571.1 11
-1570.9 12
-1570.7 27
-1570.5 31
-1570.3 37
-1570.1 41
-1569.9 77
-1569.7 74
-1569.5 97
-1569.3 108
-1569.1 134
-1568.9 138
-1568.7 153
-1568.5 150
-1568.3 193
-1568.1 214
-1567.9 220
-1567.7 263
-1567.5 275
-1567.3 266
-1567.1 311
-1566.9 307
-1566.7 313
-1566.5 375
-1566.3 414
-1566.1 402
-1565.9 415
-1565.7 507
-1565.5 513
-1565.3 558
-1565.1 525
-1564.9 610
-1564.7 666
-1564.5 695
-1564.3 718
-1564.1 814
-1563.9 862
-1563.7 944
-1563.5 923
-1563.3 984
-1563.1 1018
-1562.9 1042
-1562.7 1193
-1562.5 1234
-1562.3 1249
-1562.1 1321
-1561.9 1381
-1561.7 1405
-1561.5 1483
-1561.3 1521
-1561.1 1620
-1560.9 1671
-1560.7 1718
-1560.5 1734
-1560.3 1781
-1560.1 1840
-1559.9 1974
-1559.7 1904
-1559.5 2022
-1559.3 1892
-1559.1 1991
-1558.9 2143
-1558.7 2196
-1558.5 2139
-1558.3 2212
-1558.1 2177
-1557.9 2234
-1557.7 2078
-1557.5 2221
-1557.3 2238
-1557.1 2150
-1556.9 2148
-1556.7 2155
-1556.5 2196
-1556.3 2195
-1556.1 2231
-1555.9 2122
-1555.7 2167
-1555.5 2082
-1555.3 2109
-1555.1 2107
-1554.9 2049
-1554.7 2022
-1554.5 2142
-1554.3 2097
-1554.1 1964
-1553.9 1997
-1553.7 1972
-1553.5 1957
-1553.3 1876
-1553.1 1890
-1552.9 1885
-1552.7 1854
-1552.5 1846
-1552.3 1783
-1552.1 1815
-1551.9 1786
-1551.7 1812
-1551.5 1858
-1551.3 1751
-1551.1 1664
-1550.9 1744
-1550.7 1732
-1550.5 1665
-1550.3 1679
-1550.1 1683
-1549.9 1709
-1549.7 1630
-1549.5 1622
-1549.3 1610
-1549.1 1600
-1548.9 1579
-1548.7 1602
-1548.5 1557
-1548.3 1561
-1548.1 1494
-1547.9 1493
-1547.7 1511
-1547.5 1440
-1547.3 1523
-1547.1 1510
-1546.9 1487
-1546.7 1458
-1546.5 1484
-1546.3 1481
-1546.1 1424
-1545.9 1440
-1545.7 1470
-1545.5 1443
-1545.3 1365
-1545.1 1389
-1544.9 1473
-1544.7 1397
-1544.5 1379
-1544.3 1396
-1544.1 1379
-1543.9 1342
-1543.7 1339
-1543.5 1402
-1543.3 1373
-1543.1 1355
-1542.9 1402
-1542.7 1395
-1542.5 1352
-1542.3 1337
-1542.1 1341
-1541.9 1339
-1541.7 1305
-1541.5 1294
-1541.3 1303
-1541.1 1315
-1540.9 1352
-1540.7 1288
-1540.5 1357
-1540.3 1345
-1540.1 1308
-1539.9 1335
-1539.7 1329
-1539.5 1349
-1539.3 1302
-1539.1 1290
-1538.9 1269
-1538.7 1313
-1538.5 1270
-1538.3 1312
-1538.1 1326
-1537.9 1251
-1537.7 1243
-1537.5 1239
-1537.3 1291
-1537.1 1318
-1536.9 1302
-1536.7 1281
-1536.5 1304
-1536.3 1243
-1536.1 1263
-1535.9 1315
-1535.7 1256
-1535.5 1318
-1535.3 1238
-1535.1 1230
-1534.9 1271
-1534.7 1216
-1534.5 1285
-1534.3 1258
-1534.1 1265
-1533.9 1210
-1533.7 1226
-1533.5 1304
-1533.3 1297
-1533.1 1209
-1532.9 1174
-1532.7 1227
-1532.5 1231
-1532.3 1218
-1532.1 1231
-1531.9 1195
-1531.7 1232
-1531.5 1298
-1531.3 1200
-1531.1 1222
-1530.9 1283
-1530.7 1295
-1530.5 1203
-1530.3 1273
-1530.1 1255
-1529.9 1232
-1529.7 1239
-1529.5 1229
-1529.3 1288
-1529.1 1233
-1528.9 1235
-1528.7 1254
-1528.5 1251
-1528.3 1231
-1528.1 1183
-1527.9 1200
-1527.7 1259
-1527.5 1222
-1527.3 1231
-1527.1 1249
-1526.9 1172
-1526.7 1231
-1526.5 1240
-1526.3 1173
-1526.1 1223
-1525.9 1287
-1525.7 1231
-1525.5 1219
-1525.3 1234
-1525.1 1150
-1524.9 1199
-1524.7 1228
-1524.5 1188
-1524.3 1170
-1524.1 1252
-1523.9 1208
-1523.7 1190
-1523.5 1192
-1523.3 1205
-1523.1 1193
-1522.9 1219
-1522.7 1220
-1522.5 1181
-1522.3 1171
-1522.1 1133
-1521.9 1196
-1521.7 1154
-1521.5 1198
-1521.3 1190
-1521.1 1211
-1520.9 1178
-1520.7 1169
-1520.5 1179
-1520.3 1185
-1520.1 1226
-1519.9 1163
-1519.7 1137
-1519.5 1147
-1519.3 1269
-1519.1 1151
-1518.9 1158
-1518.7 1145
-1518.5 1167
-1518.3 1159
-1518.1 1198
-1517.9 1226
-1517.7 1218
-1517.5 1178
-1517.3 1185
-1517.1 1138
-1516.9 1254
-1516.7 1153
-1516.5 1257
-1516.3 1117
-1516.1 1208
-1515.9 1188
-1515.7 1184
-1515.5 1194
-1515.3 1179
-1515.1 1186
-1514.9 1223
-1514.7 1201
-1514.5 1172
-1514.3 1194
-1514.1 1200
-1513.9 1204
-1513.7 1156
-1513.5 1161
-1513.3 1140
-1513.1 1126
-1512.9 1133
-1512.7 1222
-1512.5 1149
-1512.3 1096
-1512.1 1174
-1511.9 1220
-1511.7 1203
-1511.5 1087
-1511.3 1207
-1511.1 1148
-1510.9 1170
-1510.7 1188
-1510.5 1194
-1510.3 1195
-1510.1 1140
-1509.9 1108
-1509.7 1169
-1509.5 1187
-1509.3 1181
-1509.1 1167
-1508.9 1116
-1508.7 1074
-1508.5 1158
-1508.3 1127
-1508.1 1112
-1507.9 1131
-1507.7 1174
-1507.5 1158
-1507.3 1196
-1507.1 1214
-1506.9 1129
-1506.7 1192
-1506.5 1194
-1506.3 1143
-1506.1 1193
-1505.9 1227
-1505.7 1229
-1505.5 1270
-1505.3 1182
-1505.1 1196
-1504.9 1199
-1504.7 1185
-1504.5 1266
-1504.3 1271
-1504.1 1249
-1503.9 1255
-1503.7 1171
-1503.5 1195
-1503.3 1203
-1503.1 1174
-1502.9 1199
-1502.7 1220
-1502.5 1333
-1502.3 1251
-1502.1 1240
-1501.9 1240
-1501.7 1188
-1501.5 1197
-1501.3 1200
-1501.1 1171
-1500.9 1151
-1500.7 1233
-1500.5 1166
-1500.3 1137
-1500.1 1218
-1499.9 1163
-1499.7 1226
-1499.5 1157
-1499.3 1114
-1499.1 1112
-1498.9 1166
-1498.7 1184
-1498.5 1146
-1498.3 1143
-1498.1 1213
-1497.9 1160
-1497.7 1202
-1497.5 1128
-1497.3 1172
-1497.1 1184
-1496.9 1123
-1496.7 1172
-1496.5 1153
-1496.3 1150
-1496.1 1179
-1495.9 1132
-1495.7 1171
-1495.5 1109
-1495.3 1250
-1495.1 1233
-1494.9 1124
-1494.7 1239
-1494.5 1195
-1494.3 1220
-1494.1 1166
-1493.9 1199
-1493.7 1189
-1493.5 1211
-1493.3 1195
-1493.1 1198
-1492.9 1214
-1492.7 1176
-1492.5 1190
-1492.3 1243
-1492.1 1201
-1491.9 1206
-1491.7 1154
-1491.5 1220
-1491.3 1164
-1491.1 1185
-1490.9 1214
-1490.7 1193
-1490.5 1155
-1490.3 1166
-1490.1 1185
-1489.9 1215
-1489.7 1165
-1489.5 1221
-1489.3 1182
-1489.1 1124
-1488.9 1239
-1488.7 1180
-1488.5 1211
-1488.3 1216
-1488.1 1132
-1487.9 1200
-1487.7 1180
-1487.5 1175
-1487.3 1242
-1487.1 1221
-1486.9 1227
-1486.7 1255
-1486.5 1181
-1486.3 1235
-1486.1 1121
-1485.9 1192
-1485.7 1263
-1485.5 1220
-1485.3 1181
-1485.1 1214
-1484.9 1166
-1484.7 1238
-1484.5 1289
-1484.3 1222
-1484.1 1274
-1483.9 1182
-1483.7 1256
-1483.5 1195
-1483.3 1244
-1483.1 1173
-1482.9 1189
-1482.7 1233
-1482.5 1186
-1482.3 1198
-1482.1 1227
-1481.9 1236
-1481.7 1260
-1481.5 1252
-1481.3 1208
-1481.1 1203
-1480.9 1191
-1480.7 1214
-1480.5 1144
-1480.3 1201
-1480.1 1231
-1479.9 1189
-1479.7 1232
-1479.5 1224
-1479.3 1225
-1479.1 1145
-1478.9 1158
-1478.7 1186
-1478.5 1122
-1478.3 1211
-1478.1 1169
-1477.9 1163
-1477.7 1152
-1477.5 1175
-1477.3 1155
-1477.1 1269
-1476.9 1149
-1476.7 1242
-1476.5 1137
-1476.3 1162
-1476.1 1210
-1475.9 1165
-1475.7 1175
-1475.5 1197
-1475.3 1154
-1475.1 1167
-1474.9 1183
-1474.7 1179
-1474.5 1213
-1474.3 1267
-1474.1 1232
-1473.9 1161
-1473.7 1169
-1473.5 1242
-1473.3 1151
-1473.1 1191
-1472.9 1226
-1472.7 1155
-1472.5 1228
-1472.3 1266
-1472.1 1200
-1471.9 1237
-1471.7 1171
-1471.5 1217
-1471.3 1131
-1471.1 1223
-1470.9 1178
-1470.7 1284
-1470.5 1196
-1470.3 1223
-1470.1 1186
-1469.9 1182
-1469.7 1250
-1469.5 1221
-1469.3 1190
-1469.1 1224
-1468.9 1168
-1468.7 1244
-1468.5 1294
-1468.3 1264
-1468.1 1250
-1467.9 1292
-1467.7 1204
-1467.5 1223
-1467.3 1210
-1467.1 1288
-1466.9 1229
-1466.7 1168
-1466.5 1214
-1466.3 1196
-1466.1 1266
-1465.9 1226
-1465.7 1240
-1465.5 1233
-1465.3 1277
-1465.1 1250
-1464.9 1228
-1464.7 1190
-1464.5 1247
-1464.3 1246
-1464.1 1256
-1463.9 1212
-1463.7 1173
-1463.5 1187
-1463.3 1175
-1463.1 1153
-1462.9 1191
-1462.7 1187
-1462.5 1214
-1462.3 1202
-1462.1 1154
-1461.9 1094
-1461.7 1177
-1461.5 1215
-1461.3 1089
-1461.1 1135
-1460.9 1177
-1460.7 1208
-1460.5 1133
-1460.3 1153
-1460.1 1099
-1459.9 1134
-1459.7 1126
-1459.5 1178
-1459.3 1150
-1459.1 1129
-1458.9 1160
-1458.7 1101
-1458.5 1173
-1458.3 1153
-1458.1 1159
-1457.9 1148
-1457.7 1150
-1457.5 1178
-1457.3 1196
-1457.1 1154
-1456.9 1204
-1456.7 1216
-1456.5 1179
-1456.3 1200
-1456.1 1156
-1455.9 1186
-1455.7 1228
-1455.5 1243
-1455.3 1190
-1455.1 1215
-1454.9 1182
-1454.7 1251
-1454.5 1218
-1454.3 1174
-1454.1 1221
-1453.9 1240
-1453.7 1224
-1453.5 1224
-1453.3 1264
-1453.1 1308
-1452.9 1208
-1452.7 1205
-1452.5 1215
-1452.3 1227
-1452.1 1312
-1451.9 1256
-1451.7 1223
-1451.5 1287
-1451.3 1240
-1451.1 1293
-1450.9 1206
-1450.7 1182
-1450.5 1200
-1450.3 1236
-1450.1 1196
-1449.9 1181
-1449.7 1243
-1449.5 1219
-1449.3 1226
-1449.1 1226
-1448.9 1188
-1448.7 1239
-1448.5 1176
-1448.3 1169
-1448.1 1149
-1447.9 1119
-1447.7 1205
-1447.5 1143
-1447.3 1193
-1447.1 1136
-1446.9 1131
-1446.7 1160
-1446.5 1151
-1446.3 1133
-1446.1 1189
-1445.9 1150
-1445.7 1175
-1445.5 1139
-1445.3 1158
-1445.1 1158
-1444.9 1144
-1444.7 1123
-1444.5 1147
-1444.3 1117
-1444.1 1156
-1443.9 1151
-1443.7 1199
-1443.5 1157
-1443.3 1180
-1443.1 1176
-1442.9 1166
-1442.7 1144
-1442.5 1153
-1442.3 1166
-1442.1 1173
-1441.9 1141
-1441.7 1085
-1441.5 1178
-1441.3 1188
-1441.1 1177
-1440.9 1178
-1440.7 1183
-1440.5 1193
-1440.3 1172
-1440.1 1198
-1439.9 1148
-1439.7 1209
-1439.5 1151
-1439.3 1147
-1439.1 1197
-1438.9 1178
-1438.7 1185
-1438.5 1251
-1438.3 1203
-1438.1 1224
-1437.9 1180
-1437.7 1225
-1437.5 1186
-1437.3 1202
-1437.1 1226
-1436.9 1212
-1436.7 1236
-1436.5 1219
-1436.3 1155
-1436.1 1198
-1435.9 1224
-1435.7 1173
-1435.5 1240
-1435.3 1188
-1435.1 1103
-1434.9 1135
-1434.7 1102
-1434.5 1104
-1434.3 1198
-1434.1 1205
-1433.9 1191
-1433.7 1163
-1433.5 1197
-1433.3 1244
-1433.1 1167
-1432.9 1188
-1432.7 1157
-1432.5 1163
-1432.3 1122
-1432.1 1108
-1431.9 1209
-1431.7 1188
-1431.5 1094
-1431.3 1133
-1431.1 1198
-1430.9 1160
-1430.7 1149
-1430.5 1126
-1430.3 1222
-1430.1 1255
-1429.9 1174
-1429.7 1118
-1429.5 1084
-1429.3 1154
-1429.1 1149
-1428.9 1189
-1428.7 1213
-1428.5 1086
-1428.3 1202
-1428.1 1256
-1427.9 1129
-1427.7 1183
-1427.5 1259
-1427.3 1194
-1427.1 1173
-1426.9 1204
-1426.7 1189
-1426.5 1186
-1426.3 1268
-1426.1 1234
-1425.9 1146
-1425.7 1249
-1425.5 1222
-1425.3 1236
-1425.1 1158
-1424.9 1124
-1424.7 1146
-1424.5 1173
-1424.3 1202
-1424.1 1140
-1423.9 1231
-1423.7 1266
-1423.5 1167
-1423.3 1163
-1423.1 1214
-1422.9 1220
-1422.7 1167
-1422.5 1273
-1422.3 1177
-1422.1 1125
-1421.9 1186
-1421.7 1232
-1421.5 1233
-1421.3 1191
-1421.1 1112
-1420.9 1205
-1420.7 1150
-1420.5 1160
-1420.3 1120
-1420.1 1203
-1419.9 1158
-1419.7 1127
-1419.5 1157
-1419.3 1214
-1419.1 1108
-1418.9 1175
-1418.7 1117
-1418.5 1133
-1418.3 1223
-1418.1 1085
-1417.9 1136
-1417.7 1184
-1417.5 1184
-1417.3 1101
-1417.1 1134
-1416.9 1142
-1416.7 1110
-1416.5 1139
-1416.3 1130
-1416.1 1178
-1415.9 1163
-1415.7 1161
-1415.5 1198
-1415.3 1105
-1415.1 1205
-1414.9 1177
-1414.7 1170
-1414.5 1184
-1414.3 1157
-1414.1 1191
-1413.9 1229
-1413.7 1241
-1413.5 1196
-1413.3 1171
-1413.1 1226
-1412.9 1239
-1412.7 1147
-1412.5 1174
-1412.3 1230
-1412.1 1163
-1411.9 1202
-1411.7 1099
-1411.5 1214
-1411.3 1163
-1411.1 1189
-1410.9 1173
-1410.7 1140
-1410.5 1177
-1410.3 1217
-1410.1 1181
-1409.9 1173
-1409.7 1238
-1409.5 1220
-1409.3 1177
-1409.1 1211
-1408.9 1210
-1408.7 1159
-1408.5 1202
-1408.3 1181
-1408.1 1188
-1407.9 1167
-1407.7 1240
-1407.5 1186
-1407.3 1143
-1407.1 1203
-1406.9 1236
-1406.7 1156
-1406.5 1146
-1406.3 1134
-1406.1 1140
-1405.9 1196
-1405.7 1125
-1405.5 1107
-1405.3 1150
-1405.1 1195
-1404.9 1125
-1404.7 1097
-1404.5 1174
-1404.3 1101
-1404.1 1174
-1403.9 1100
-1403.7 1165
-1403.5 1141
-1403.3 1191
-1403.1 1126
-1402.9 1157
-1402.7 1203
-1402.5 1143
-1402.3 1180
-1402.1 1098
-1401.9 1132
-1401.7 1140
-1401.5 1148
-1401.3 1152
-1401.1 1164
-1400.9 1145
-1400.7 1125
-1400.5 1135
-1400.3 1127
-1400.1 1117
-1399.9 1228
-1399.7 1204
-1399.5 1175
-1399.3 1163
-1399.1 1178
-1398.9 1204
-1398.7 1259
-1398.5 1203
-1398.3 1168
-1398.1 1204
-1397.9 1201
-1397.7 1289
-1397.5 1156
-1397.3 1223
-1397.1 1213
-1396.9 1157
-1396.7 1239
-1396.5 1176
-1396.3 1190
-1396.1 1212
-1395.9 1185
-1395.7 1255
-1395.5 1209
-1395.3 1193
-1395.1 1198
-1394.9 1229
-1394.7 1218
-1394.5 1193
-1394.3 1157
-1394.1 1164
-1393.9 1180
-1393.7 1111
-1393.5 1147
-1393.3 1133
-1393.1 1218
-1392.9 1163
-1392.7 1149
-1392.5 1208
-1392.3 1169
-1392.1 1150
-1391.9 1099
-1391.7 1212
-1391.5 1104
-1391.3 1168
-1391.1 1251
-1390.9 1120
-1390.7 1152
-1390.5 1119
-1390.3 1098
-1390.1 1191
-1389.9 1229
-1389.7 1136
-1389.5 1156
-1389.3 1146
-1389.1 1125
-1388.9 1123
-1388.7 1123
-1388.5 1116
-1388.3 1184
-1388.1 1203
-1387.9 1117
-1387.7 1203
-1387.5 1164
-1387.3 1202
-1387.1 1188
-1386.9 1173
-1386.7 1218
-1386.5 1155
-1386.3 1186
-1386.1 1139
-1385.9 1141
-1385.7 1142
-1385.5 1186
-1385.3 1175
-1385.1 1257
-1384.9 1212
-1384.7 1219
-1384.5 1179
-1384.3 1198
-1384.1 1156
-1383.9 1194
-1383.7 1113
-1383.5 1191
-1383.3 1187
-1383.1 1174
-1382.9 1140
-1382.7 1168
-1382.5 1268
-1382.3 1181
-1382.1 1166
-1381.9 1219
-1381.7 1142
-1381.5 1196
-1381.3 1174
-1381.1 1228
-1380.9 1158
-1380.7 1232
-1380.5 1158
-1380.3 1261
-1380.1 1171
-1379.9 1166
-1379.7 1165
-1379.5 1165
-1379.3 1165
-1379.1 1193
-1378.9 1151
-1378.7 1146
-1378.5 1164
-1378.3 1188
-1378.1 1092
-1377.9 1143
-1377.7 1139
-1377.5 1137
-1377.3 1131
-1377.1 1138
-1376.9 1129
-1376.7 1188
-1376.5 1168
-1376.3 1147
-1376.1 1165
-1375.9 1172
-1375.7 1177
-1375.5 1143
-1375.3 1159
-1375.1 1152
-1374.9 1144
-1374.7 1143
-1374.5 1131
-1374.3 1121
-1374.1 1137
-1373.9 1164
-1373.7 1189
-1373.5 1165
-1373.3 1161
-1373.1 1140
-1372.9 1209
-1372.7 1160
-1372.5 1203
-1372.3 1209
-1372.1 1206
-1371.9 1099
-1371.7 1179
-1371.5 1208
-1371.3 1192
-1371.1 1223
-1370.9 1181
-1370.7 1116
-1370.5 1208
-1370.3 1210
-1370.1 1153
-1369.9 1141
-1369.7 1157
-1369.5 1197
-1369.3 1168
-1369.1 1153
-1368.9 1157
-1368.7 1131
-1368.5 1133
-1368.3 1222
-1368.1 1177
-1367.9 1168
-1367.7 1136
-1367.5 1176
-1367.3 1140
-1367.1 1155
-1366.9 1159
-1366.7 1164
-1366.5 1098
-1366.3 1105
-1366.1 1162
-1365.9 1173
-1365.7 1095
-1365.5 1072
-1365.3 1091
-1365.1 1139
-1364.9 1155
-1364.7 1138
-1364.5 1132
-1364.3 1182
-1364.1 1119
-1363.9 1205
-1363.7 1128
-1363.5 1115
-1363.3 1106
-1363.1 1159
-1362.9 1130
-1362.7 1127
-1362.5 1188
-1362.3 1138
-1362.1 1151
-1361.9 1142
-1361.7 1055
-1361.5 1149
-1361.3 1120
-1361.1 1182
-1360.9 1139
-1360.7 1158
-1360.5 1169
-1360.3 1159
-1360.1 1172
-1359.9 1129
-1359.7 1167
-1359.5 1157
-1359.3 1190
-1359.1 1156
-1358.9 1088
-1358.7 1209
-1358.5 1114
-1358.3 1107
-1358.1 1190
-1357.9 1196
-1357.7 1228
-1357.5 1163
-1357.3 1157
-1357.1 1168
-1356.9 1129
-1356.7 1149
-1356.5 1161
-1356.3 1133
-1356.1 1139
-1355.9 1178
-1355.7 1122
-1355.5 1112
-1355.3 1101
-1355.1 1135
-1354.9 1125
-1354.7 1141
-1354.5 1099
-1354.3 1178
-1354.1 1107
-1353.9 1122
-1353.7 1181
-1353.5 1113
-1353.3 1136
-1353.1 1087
-1352.9 1083
-1352.7 1119
-1352.5 1096
-1352.3 1098
-1352.1 1111
-1351.9 1139
-1351.7 1077
-1351.5 1104
-1351.3 1120
-1351.1 1144
-1350.9 1068
-1350.7 1084
-1350.5 1123
-1350.3 1074
-1350.1 1153
-1349.9 1072
-1349.7 1083
-1349.5 1085
-1349.3 1093
-1349.1 1096
-1348.9 983
-1348.7 1028
-1348.5 1148
-1348.3 1120
-1348.1 1009
-1347.9 1069
-1347.7 1000
-1347.5 1018
-1347.3 1013
-1347.1 996
-1346.9 1012
-1346.7 963
-1346.5 963
-1346.3 912
-1346.1 918
-1345.9 919
-1345.7 920
-1345.5 923
-1345.3 893
-1345.1 881
-1344.9 918
-1344.7 891
-1344.5 861
-1344.3 788
-1344.1 886
-1343.9 808
-1343.7 800
-1343.5 820
-1343.3 804
-1343.1 751
-1342.9 736
-1342.7 768
-1342.5 784
-1342.3 706
-1342.1 749
-1341.9 716
-1341.7 724
-1341.5 759
-1341.3 703
-1341.1 666
-1340.9 689
-1340.7 684
-1340.5 609
-1340.3 627
-1340.1 662
-1339.9 660
-1339.7 612
-1339.5 612
-1339.3 605
-1339.1 586
-1338.9 571
-1338.7 604
-1338.5 563
-1338.3 554
-1338.1 545
-1337.9 575
-1337.7 559
-1337.5 546
-1337.3 532
-1337.1 523
-1336.9 513
-1336.7 522
-1336.5 516
-1336.3 491
-1336.1 504
-1335.9 488
-1335.7 435
-1335.5 457
-1335.3 444
-1335.1 442
-1334.9 438
-1334.7 465
-1334.5 411
-1334.3 443
-1334.1 407
-1333.9 390
-1333.7 432
-1333.5 398
-1333.3 363
-1333.1 391
-1332.9 403
-1332.7 372
-1332.5 370
-1332.3 362
-1332.1 342
-1331.9 346
-1331.7 340
-1331.5 348
-1331.3 338
-1331.1 342
-1330.9 305
-1330.7 312
-1330.5 325
-1330.3 300
-1330.1 298
-1329.9 276
-1329.7 278
-1329.5 280
-1329.3 286
-1329.1 287
-1328.9 226
-1328.7 263
-1328.5 250
-1328.3 243
-1328.1 233
-1327.9 230
-1327.7 230
-1327.5 234
-1327.3 245
-1327.1 224
-1326.9 215
-1326.7 210
-1326.5 238
-1326.3 219
-1326.1 214
-1325.9 189
-1325.7 174
-1325.5 204
-1325.3 192
-1325.1 207
-1324.9 195
-1324.7 175
-1324.5 171
-1324.3 183
-1324.1 177
-1323.9 161
-1323.7 174
-1323.5 153
-1323.3 141
-1323.1 154
-1322.9 157
-1322.7 132
-1322.5 163
-1322.3 130
-1322.1 146
-1321.9 140
-1321.7 126
-1321.5 136
-1321.3 133
-1321.1 123
-1320.9 118
-1320.7 108
-1320.5 123
-1320.3 115
-1320.1 116
-1319.9 94
-1319.7 110
-1319.5 102
-1319.3 98
-1319.1 97
-1318.9 92
-1318.7 92
-1318.5 82
-1318.3 88
-1318.1 75
-1317.9 85
-1317.7 86
-1317.5 82
-1317.3 84
-1317.1 62
-1316.9 95
-1316.7 54
-1316.5 69
-1316.3 51
-1316.1 68
-1315.9 68
-1315.7 55
-1315.5 48
-1315.3 53
-1315.1 49
-1314.9 41
-1314.7 38
-1314.5 45
-1314.3 42
-1314.1 39
-1313.9 43
-1313.7 34
-1313.5 38
-1313.3 39
-1313.1 27
-1312.9 29
-1312.7 33
-1312.5 28
-1312.3 21
-1312.1 25
-1311.9 20
-1311.7 25
-1311.5 24
-1311.3 21
-1311.1 25
-1310.9 21
-1310.7 16
-1310.5 26
-1310.3 18
-1310.1 21
-1309.9 15
-1309.7 8
-1309.5 20
-1309.3 17
-1309.1 11
-1308.9 18
-1308.7 15
-1308.5 9
-1308.3 8
-1308.1 9
-1307.9 9
-1307.7 13
-1307.5 13
-1307.3 7
-1307.1 12
-1306.9 10
-1306.7 7
-1306.5 4
-1306.3 4
-1306.1 5
-1305.9 5
-1305.7 3
-1305.5 6
-1305.3 5
-1305.1 4
-1304.9 4
-1304.7 1
-1304.5 5
-1304.3 7
-1304.1 3
-1303.9 1
-1303.7 9
-1303.5 7
-1303.3 3
-1303.1 1
-1302.9 3
-1302.7 1
-1302.5 2
-1302.3 3
-1302.1 2
-1301.9 2
-1301.7 2
-1301.5 2
-1301.3 1
-1301.1 3
-1300.9 1
-1300.7 1
-1300.5 0
-1300.3 2
-1300.1 4
