-1584.9 0
-1584.7 0
-1584.5 0
-1584.3 0
-1584.1 0
-1583.9 1
-1583.7 0
-1583.5 0
-1583.3 0
-1583.1 0
-1582.9 2
-1582.7 2
-1582.5 2
-1582.3 6
-1582.1 3
-1581.9 6
-1581.7 8
-1581.5 8
-1581.3 14
-1581.1 25
-1580.9 23
-1580.7 37
-1580.5 39
-1580.3 43
-1580.1 54
-1579.9 71
-1579.7 69
-1579.5 98
-1579.3 115
-1579.1 113
-1578.9 126
-1578.7 155
-1578.5 161
-1578.3 178
-1578.1 192
-1577.9 263
-1577.7 252
-1577.5 241
-1577.3 266
-1577.1 290
-1576.9 297
-1576.7 345
-1576.5 329
-1576.3 387
-1576.1 368
-1575.9 431
-1575.7 471
-1575.5 467
-1575.3 516
-1575.1 533
-1574.9 559
-1574.7 644
-1574.5 657
-1574.3 681
-1574.1 706
-1573.9 780
-1573.7 831
-1573.5 848
-1573.3 934
-1573.1 939
-1572.9 989
-1572.7 1032
-1572.5 1136
-1572.3 1159
-1572.1 1179
-1571.9 1264
-1571.7 1328
-1571.5 1333
-1571.3 1421
-1571.1 1423
-1570.9 1508
-1570.7 1577
-1570.5 1650
-1570.3 1654
-1570.1 1713
-1569.9 1773
-1569.7 1775
-1569.5 1899
-1569.3 1911
-1569.1 1888
-1568.9 1934
-1568.7 2016
-1568.5 2067
-1568.3 2147
-1568.1 2072
-1567.9 2111
-1567.7 2073
-1567.5 2123
-1567.3 2195
-1567.1 2131
-1566.9 2162
-1566.7 2134
-1566.5 2197
-1566.3 2131
-1566.1 2269
-1565.9 2138
-1565.7 2229
-1565.5 2189
-1565.3 2123
-1565.1 2300
-1564.9 2136
-1564.7 2191
-1564.5 2117
-1564.3 2090
-1564.1 2007
-1563.9 2106
-1563.7 2038
-1563.5 2064
-1563.3 2000
-1563.1 2013
-1562.9 1959
-1562.7 1962
-1562.5 2007
-1562.3 1952
-1562.1 1938
-1561.9 1899
-1561.7 1877
-1561.5 1900
-1561.3 1839
-1561.1 1838
-1560.9 1818
-1560.7 1868
-1560.5 1733
-1560.3 1779
-1560.1 1783
-1559.9 1755
-1559.7 1734
-1559.5 1704
-1559.3 1710
-1559.1 1646
-1558.9 1644
-1558.7 1596
-1558.5 1580
-1558.3 1647
-1558.1 1680
-1557.9 1587
-1557.7 1702
-1557.5 1570
-1557.3 1576
-1557.1 1515
-1556.9 1490
-1556.7 1555
-1556.5 1539
-1556.3 1537
-1556.1 1519
-1555.9 1539
-1555.7 1512
-1555.5 1535
-1555.3 1457
-1555.1 1451
-1554.9 1438
-1554.7 1458
-1554.5 1470
-1554.3 1392
-1554.1 1478
-1553.9 1513
-1553.7 1465
-1553.5 1427
-1553.3 1431
-1553.1 1463
-1552.9 1452
-1552.7 1451
-1552.5 1473
-1552.3 1418
-1552.1 1365
-1551.9 1366
-1551.7 1427
-1551.5 1436
-1551.3 1428
-1551.1 1446
-1550.9 1469
-1550.7 1384
-1550.5 1364
-1550.3 1477
-1550.1 1409
-1549.9 1347
-1549.7 1361
-1549.5 1372
-1549.3 1352
-1549.1 1406
-1548.9 1412
-1548.7 1362
-1548.5 1347
-1548.3 1272
-1548.1 1397
-1547.9 1405
-1547.7 1365
-1547.5 1338
-1547.3 1306
-1547.1 1350
-1546.9 1366
-1546.7 1297
-1546.5 1276
-1546.3 1330
-1546.1 1354
-1545.9 1327
-1545.7 1363
-1545.5 1307
-1545.3 1422
-1545.1 1349
-1544.9 1302
-1544.7 1318
-1544.5 1301
-1544.3 1270
-1544.1 1287
-1543.9 1299
-1543.7 1310
-1543.5 1292
-1543.3 1349
-1543.1 1312
-1542.9 1272
-1542.7 1253
-1542.5 1324
-1542.3 1374
-1542.1 1324
-1541.9 1311
-1541.7 1294
-1541.5 1309
-1541.3 1243
-1541.1 1286
-1540.9 1302
-1540.7 1312
-1540.5 1359
-1540.3 1224
-1540.1 1268
-1539.9 1334
-1539.7 1364
-1539.5 1278
-1539.3 1332
-1539.1 1316
-1538.9 1243
-1538.7 1251
-1538.5 1202
-1538.3 1318
-1538.1 1333
-1537.9 1218
-1537.7 1254
-1537.5 1240
-1537.3 1231
-1537.1 1286
-1536.9 1242
-1536.7 1304
-1536.5 1282
-1536.3 1289
-1536.1 1303
-1535.9 1237
-1535.7 1307
-1535.5 1248
-1535.3 1251
-1535.1 1229
-1534.9 1310
-1534.7 1310
-1534.5 1267
-1534.3 1275
-1534.1 1200
-1533.9 1302
-1533.7 1258
-1533.5 1316
-1533.3 1326
-1533.1 1304
-1532.9 1291
-1532.7 1269
-1532.5 1234
-1532.3 1220
-1532.1 1236
-1531.9 1323
-1531.7 1263
-1531.5 1239
-1531.3 1259
-1531.1 1230
-1530.9 1241
-1530.7 1267
-1530.5 1235
-1530.3 1220
-1530.1 1201
-1529.9 1305
-1529.7 1222
-1529.5 1292
-1529.3 1242
-1529.1 1209
-1528.9 1287
-1528.7 1277
-1528.5 1262
-1528.3 1235
-1528.1 1239
-1527.9 1258
-1527.7 1282
-1527.5 1270
-1527.3 1207
-1527.1 1206
-1526.9 1230
-1526.7 1390
-1526.5 1216
-1526.3 1230
-1526.1 1232
-1525.9 1156
-1525.7 1210
-1525.5 1215
-1525.3 1246
-1525.1 1260
-1524.9 1210
-1524.7 1192
-1524.5 1200
-1524.3 1207
-1524.1 1233
-1523.9 1225
-1523.7 1199
-1523.5 1204
-1523.3 1195
-1523.1 1194
-1522.9 1253
-1522.7 1211
-1522.5 1279
-1522.3 1188
-1522.1 1286
-1521.9 1235
-1521.7 1208
-1521.5 1241
-1521.3 1279
-1521.1 1267
-1520.9 1254
-1520.7 1178
-1520.5 1278
-1520.3 1240
-1520.1 1247
-1519.9 1253
-1519.7 1271
-1519.5 1213
-1519.3 1290
-1519.1 1279
-1518.9 1256
-1518.7 1240
-1518.5 1211
-1518.3 1253
-1518.1 1257
-1517.9 1198
-1517.7 1216
-1517.5 1216
-1517.3 1257
-1517.1 1237
-1516.9 1211
-1516.7 1246
-1516.5 1337
-1516.3 1283
-1516.1 1199
-1515.9 1290
-1515.7 1289
-1515.5 1276
-1515.3 1256
-1515.1 1229
-1514.9 1257
-1514.7 1256
-1514.5 1313
-1514.3 1253
-1514.1 1195
-1513.9 1199
-1513.7 1242
-1513.5 1282
-1513.3 1288
-1513.1 1197
-1512.9 1236
-1512.7 1225
-1512.5 1286
-1512.3 1332
-1512.1 1234
-1511.9 1228
-1511.7 1233
-1511.5 1235
-1511.3 1219
-1511.1 1209
-1510.9 1166
-1510.7 1171
-1510.5 1259
-1510.3 1201
-1510.1 1203
-1509.9 1203
-1509.7 1174
-1509.5 1210
-1509.3 1175
-1509.1 1180
-1508.9 1220
-1508.7 1256
-1508.5 1286
-1508.3 1204
-1508.1 1254
-1507.9 1194
-1507.7 1244
-1507.5 1259
-1507.3 1237
-1507.1 1212
-1506.9 1253
-1506.7 1260
-1506.5 1197
-1506.3 1275
-1506.1 1262
-1505.9 1343
-1505.7 1231
-1505.5 1292
-1505.3 1262
-1505.1 1266
-1504.9 1291
-1504.7 1254
-1504.5 1308
-1504.3 1267
-1504.1 1281
-1503.9 1274
-1503.7 1284
-1503.5 1254
-1503.3 1305
-1503.1 1311
-1502.9 1287
-1502.7 1293
-1502.5 1272
-1502.3 1352
-1502.1 1334
-1501.9 1253
-1501.7 1278
-1501.5 1227
-1501.3 1330
-1501.1 1293
-1500.9 1305
-1500.7 1315
-1500.5 1302
-1500.3 1304
-1500.1 1290
-1499.9 1289
-1499.7 1281
-1499.5 1356
-1499.3 1337
-1499.1 1267
-1498.9 1331
-1498.7 1279
-1498.5 1399
-1498.3 1346
-1498.1 1289
-1497.9 1272
-1497.7 1270
-1497.5 1295
-1497.3 1288
-1497.1 1312
-1496.9 1361
-1496.7 1312
-1496.5 1219
-1496.3 1274
-1496.1 1349
-1495.9 1277
-1495.7 1301
-1495.5 1294
-1495.3 1303
-1495.1 1305
-1494.9 1235
-1494.7 1256
-1494.5 1215
-1494.3 1277
-1494.1 1266
-1493.9 1212
-1493.7 1196
-1493.5 1283
-1493.3 1233
-1493.1 1255
-1492.9 1180
-1492.7 1255
-1492.5 1229
-1492.3 1179
-1492.1 1223
-1491.9 1267
-1491.7 1178
-1491.5 1257
-1491.3 1174
-1491.1 1190
-1490.9 1203
-1490.7 1185
-1490.5 1239
-1490.3 1256
-1490.1 1223
-1489.9 1261
-1489.7 1220
-1489.5 1257
-1489.3 1260
-1489.1 1233
-1488.9 1227
-1488.7 1256
-1488.5 1261
-1488.3 1306
-1488.1 1250
-1487.9 1210
-1487.7 1205
-1487.5 1248
-1487.3 1266
-1487.1 1253
-1486.9 1214
-1486.7 1303
-1486.5 1309
-1486.3 1212
-1486.1 1262
-1485.9 1285
-1485.7 1248
-1485.5 1263
-1485.3 1300
-1485.1 1278
-1484.9 1245
-1484.7 1233
-1484.5 1353
-1484.3 1336
-1484.1 1278
-1483.9 1303
-1483.7 1268
-1483.5 1267
-1483.3 1238
-1483.1 1346
-1482.9 1373
-1482.7 1289
-1482.5 1356
-1482.3 1265
-1482.1 1274
-1481.9 1356
-1481.7 1260
-1481.5 1330
-1481.3 1291
-1481.1 1278
-1480.9 1294
-1480.7 1295
-1480.5 1240
-1480.3 1258
-1480.1 1337
-1479.9 1263
-1479.7 1281
-1479.5 1221
-1479.3 1367
-1479.1 1336
-1478.9 1265
-1478.7 1232
-1478.5 1303
-1478.3 1240
-1478.1 1264
-1477.9 1263
-1477.7 1211
-1477.5 1282
-1477.3 1237
-1477.1 1321
-1476.9 1229
-1476.7 1278
-1476.5 1189
-1476.3 1213
-1476.1 1212
-1475.9 1199
-1475.7 1245
-1475.5 1249
-1475.3 1190
-1475.1 1185
-1474.9 1235
-1474.7 1202
-1474.5 1148
-1474.3 1179
-1474.1 1164
-1473.9 1166
-1473.7 1190
-1473.5 1213
-1473.3 1276
-1473.1 1218
-1472.9 1216
-1472.7 1230
-1472.5 1230
-1472.3 1181
-1472.1 1196
-1471.9 1264
-1471.7 1233
-1471.5 1220
-1471.3 1188
-1471.1 1221
-1470.9 1236
-1470.7 1282
-1470.5 1281
-1470.3 1218
-1470.1 1259
-1469.9 1221
-1469.7 1283
-1469.5 1259
-1469.3 1295
-1469.1 1306
-1468.9 1305
-1468.7 1269
-1468.5 1320
-1468.3 1279
-1468.1 1330
-1467.9 1315
-1467.7 1332
-1467.5 1319
-1467.3 1259
-1467.1 1279
-1466.9 1288
-1466.7 1327
-1466.5 1353
-1466.3 1306
-1466.1 1353
-1465.9 1269
-1465.7 1336
-1465.5 1284
-1465.3 1298
-1465.1 1414
-1464.9 1300
-1464.7 1278
-1464.5 1283
-1464.3 1367
-1464.1 1276
-1463.9 1272
-1463.7 1320
-1463.5 1268
-1463.3 1264
-1463.1 1342
-1462.9 1334
-1462.7 1323
-1462.5 1250
-1462.3 1262
-1462.1 1303
-1461.9 1253
-1461.7 1204
-1461.5 1184
-1461.3 1199
-1461.1 1224
-1460.9 1225
-1460.7 1248
-1460.5 1215
-1460.3 1239
-1460.1 1177
-1459.9 1218
-1459.7 1172
-1459.5 1269
-1459.3 1192
-1459.1 1212
-1458.9 1218
-1458.7 1141
-1458.5 1221
-1458.3 1167
-1458.1 1186
-1457.9 1240
-1457.7 1180
-1457.5 1197
-1457.3 1232
-1457.1 1212
-1456.9 1197
-1456.7 1146
-1456.5 1247
-1456.3 1199
-1456.1 1209
-1455.9 1238
-1455.7 1209
-1455.5 1192
-1455.3 1206
-1455.1 1216
-1454.9 1160
-1454.7 1278
-1454.5 1243
-1454.3 1183
-1454.1 1286
-1453.9 1216
-1453.7 1247
-1453.5 1239
-1453.3 1221
-1453.1 1236
-1452.9 1293
-1452.7 1267
-1452.5 1262
-1452.3 1256
-1452.1 1215
-1451.9 1292
-1451.7 1276
-1451.5 1309
-1451.3 1275
-1451.1 1235
-1450.9 1244
-1450.7 1275
-1450.5 1306
-1450.3 1265
-1450.1 1312
-1449.9 1292
-1449.7 1273
-1449.5 1235
-1449.3 1210
-1449.1 1283
-1448.9 1265
-1448.7 1241
-1448.5 1293
-1448.3 1263
-1448.1 1283
-1447.9 1318
-1447.7 1281
-1447.5 1267
-1447.3 1288
-1447.1 1334
-1446.9 1291
-1446.7 1281
-1446.5 1235
-1446.3 1251
-1446.1 1298
-1445.9 1264
-1445.7 1212
-1445.5 1235
-1445.3 1179
-1445.1 1203
-1444.9 1322
-1444.7 1227
-1444.5 1284
-1444.3 1271
-1444.1 1246
-1443.9 1196
-1443.7 1249
-1443.5 1211
-1443.3 1208
-1443.1 1168
-1442.9 1245
-1442.7 1213
-1442.5 1230
-1442.3 1265
-1442.1 1252
-1441.9 1200
-1441.7 1235
-1441.5 1188
-1441.3 1281
-1441.1 1199
-1440.9 1196
-1440.7 1270
-1440.5 1201
-1440.3 1210
-1440.1 1147
-1439.9 1264
-1439.7 1326
-1439.5 1179
-1439.3 1189
-1439.1 1293
-1438.9 1186
-1438.7 1223
-1438.5 1182
-1438.3 1271
-1438.1 1196
-1437.9 1287
-1437.7 1257
-1437.5 1184
-1437.3 1204
-1437.1 1225
-1436.9 1250
-1436.7 1223
-1436.5 1227
-1436.3 1272
-1436.1 1163
-1435.9 1261
-1435.7 1297
-1435.5 1334
-1435.3 1247
-1435.1 1255
-1434.9 1218
-1434.7 1213
-1434.5 1255
-1434.3 1270
-1434.1 1289
-1433.9 1250
-1433.7 1252
-1433.5 1285
-1433.3 1250
-1433.1 1210
-1432.9 1268
-1432.7 1224
-1432.5 1297
-1432.3 1260
-1432.1 1294
-1431.9 1251
-1431.7 1240
-1431.5 1234
-1431.3 1249
-1431.1 1256
-1430.9 1288
-1430.7 1293
-1430.5 1211
-1430.3 1259
-1430.1 1273
-1429.9 1313
-1429.7 1225
-1429.5 1250
-1429.3 1263
-1429.1 1282
-1428.9 1223
-1428.7 1256
-1428.5 1258
-1428.3 1224
-1428.1 1261
-1427.9 1213
-1427.7 1243
-1427.5 1228
-1427.3 1231
-1427.1 1266
-1426.9 1277
-1426.7 1270
-1426.5 1254
-1426.3 1275
-1426.1 1285
-1425.9 1211
-1425.7 1258
-1425.5 1293
-1425.3 1257
-1425.1 1227
-1424.9 1211
-1424.7 1229
-1424.5 1256
-1424.3 1237
-1424.1 1206
-1423.9 1202
-1423.7 1228
-1423.5 1228
-1423.3 1209
-1423.1 1258
-1422.9 1212
-1422.7 1212
-1422.5 1193
-1422.3 1223
-1422.1 1191
-1421.9 1181
-1421.7 1198
-1421.5 1280
-1421.3 1202
-1421.1 1195
-1420.9 1203
-1420.7 1276
-1420.5 1208
-1420.3 1248
-1420.1 1248
-1419.9 1197
-1419.7 1294
-1419.5 1297
-1419.3 1220
-1419.1 1319
-1418.9 1173
-1418.7 1179
-1418.5 1239
-1418.3 1191
-1418.1 1232
-1417.9 1230
-1417.7 1224
-1417.5 1237
-1417.3 1252
-1417.1 1241
-1416.9 1174
-1416.7 1227
-1416.5 1259
-1416.3 1241
-1416.1 1208
-1415.9 1233
-1415.7 1154
-1415.5 1253
-1415.3 1188
-1415.1 1256
-1414.9 1203
-1414.7 1184
-1414.5 1206
-1414.3 1205
-1414.1 1207
-1413.9 1231
-1413.7 1200
-1413.5 1183
-1413.3 1229
-1413.1 1254
-1412.9 1289
-1412.7 1193
-1412.5 1186
-1412.3 1248
-1412.1 1274
-1411.9 1226
-1411.7 1202
-1411.5 1223
-1411.3 1253
-1411.1 1298
-1410.9 1251
-1410.7 1260
-1410.5 1275
-1410.3 1225
-1410.1 1266
-1409.9 1270
-1409.7 1214
-1409.5 1248
-1409.3 1238
-1409.1 1247
-1408.9 1198
-1408.7 1274
-1408.5 1207
-1408.3 1282
-1408.1 1224
-1407.9 1274
-1407.7 1277
-1407.5 1213
-1407.3 1257
-1407.1 1302
-1406.9 1253
-1406.7 1322
-1406.5 1247
-1406.3 1235
-1406.1 1176
-1405.9 1189
-1405.7 1270
-1405.5 1237
-1405.3 1254
-1405.1 1225
-1404.9 1235
-1404.7 1192
-1404.5 1234
-1404.3 1208
-1404.1 1282
-1403.9 1250
-1403.7 1189
-1403.5 1193
-1403.3 1172
-1403.1 1225
-1402.9 1223
-1402.7 1180
-1402.5 1263
-1402.3 1244
-1402.1 1120
-1401.9 1220
-1401.7 1248
-1401.5 1187
-1401.3 1158
-1401.1 1217
-1400.9 1169
-1400.7 1199
-1400.5 1212
-1400.3 1251
-1400.1 1238
-1399.9 1237
-1399.7 1239
-1399.5 1175
-1399.3 1206
-1399.1 1170
-1398.9 1236
-1398.7 1181
-1398.5 1271
-1398.3 1184
-1398.1 1197
-1397.9 1208
-1397.7 1232
-1397.5 1169
-1397.3 1266
-1397.1 1198
-1396.9 1236
-1396.7 1199
-1396.5 1224
-1396.3 1234
-1396.1 1259
-1395.9 1204
-1395.7 1252
-1395.5 1206
-1395.3 1237
-1395.1 1251
-1394.9 1200
-1394.7 1325
-1394.5 1195
-1394.3 1236
-1394.1 1207
-1393.9 1248
-1393.7 1255
-1393.5 1237
-1393.3 1221
-1393.1 1176
-1392.9 1176
-1392.7 1201
-1392.5 1133
-1392.3 1231
-1392.1 1234
-1391.9 1163
-1391.7 1286
-1391.5 1224
-1391.3 1247
-1391.1 1272
-1390.9 1196
-1390.7 1218
-1390.5 1220
-1390.3 1220
-1390.1 1271
-1389.9 1193
-1389.7 1266
-1389.5 1252
-1389.3 1181
-1389.1 1245
-1388.9 1241
-1388.7 1225
-1388.5 1166
-1388.3 1176
-1388.1 1218
-1387.9 1208
-1387.7 1191
-1387.5 1230
-1387.3 1265
-1387.1 1245
-1386.9 1207
-1386.7 1278
-1386.5 1182
-1386.3 1181
-1386.1 1219
-1385.9 1223
-1385.7 1262
-1385.5 1176
-1385.3 1136
-1385.1 1238
-1384.9 1216
-1384.7 1207
-1384.5 1205
-1384.3 1250
-1384.1 1192
-1383.9 1219
-1383.7 1237
-1383.5 1228
-1383.3 1192
-1383.1 1213
-1382.9 1260
-1382.7 1221
-1382.5 1231
-1382.3 1205
-1382.1 1179
-1381.9 1193
-1381.7 1209
-1381.5 1168
-1381.3 1147
-1381.1 1233
-1380.9 1269
-1380.7 1207
-1380.5 1200
-1380.3 1247
-1380.1 1248
-1379.9 1241
-1379.7 1247
-1379.5 1175
-1379.3 1235
-1379.1 1175
-1378.9 1182
-1378.7 1179
-1378.5 1169
-1378.3 1182
-1378.1 1154
-1377.9 1250
-1377.7 1133
-1377.5 1197
-1377.3 1177
-1377.1 1279
-1376.9 1174
-1376.7 1211
-1376.5 1251
-1376.3 1149
-1376.1 1137
-1375.9 1133
-1375.7 1151
-1375.5 1205
-1375.3 1053
-1375.1 1092
-1374.9 1140
-1374.7 1084
-1374.5 1098
-1374.3 1069
-1374.1 1061
-1373.9 1076
-1373.7 1125
-1373.5 1093
-1373.3 1031
-1373.1 1054
-1372.9 1050
-1372.7 1100
-1372.5 988
-1372.3 1032
-1372.1 1010
-1371.9 1052
-1371.7 1077
-1371.5 1000
-1371.3 985
-1371.1 994
-1370.9 989
-1370.7 981
-1370.5 961
-1370.3 925
-1370.1 918
-1369.9 908
-1369.7 939
-1369.5 949
-1369.3 892
-1369.1 904
-1368.9 883
-1368.7 911
-1368.5 876
-1368.3 862
-1368.1 839
-1367.9 870
-1367.7 819
-1367.5 837
-1367.3 792
-1367.1 767
-1366.9 737
-1366.7 754
-1366.5 713
-1366.3 721
-1366.1 723
-1365.9 678
-1365.7 731
-1365.5 720
-1365.3 695
-1365.1 705
-1364.9 673
-1364.7 681
-1364.5 631
-1364.3 636
-1364.1 611
-1363.9 660
-1363.7 632
-1363.5 616
-1363.3 588
-1363.1 527
-1362.9 589
-1362.7 530
-1362.5 560
-1362.3 592
-1362.1 545
-1361.9 523
-1361.7 581
-1361.5 551
-1361.3 461
-1361.1 468
-1360.9 470
-1360.7 527
-1360.5 464
-1360.3 471
-1360.1 474
-1359.9 454
-1359.7 458
-1359.5 439
-1359.3 404
-1359.1 421
-1358.9 397
-1358.7 424
-1358.5 412
-1358.3 375
-1358.1 409
-1357.9 377
-1357.7 376
-1357.5 363
-1357.3 373
-1357.1 377
-1356.9 340
-1356.7 361
-1356.5 359
-1356.3 336
-1356.1 306
-1355.9 330
-1355.7 309
-1355.5 303
-1355.3 336
-1355.1 308
-1354.9 334
-1354.7 309
-1354.5 290
-1354.3 281
-1354.1 300
-1353.9 285
-1353.7 298
-1353.5 263
-1353.3 230
-1353.1 231
-1352.9 229
-1352.7 218
-1352.5 271
-1352.3 212
-1352.1 225
-1351.9 213
-1351.7 200
-1351.5 201
-1351.3 240
-1351.1 191
-1350.9 177
-1350.7 199
-1350.5 176
-1350.3 183
-1350.1 148
-1349.9 171
-1349.7 160
-1349.5 160
-1349.3 176
-1349.1 153
-1348.9 161
-1348.7 157
-1348.5 178
-1348.3 141
-1348.1 144
-1347.9 146
-1347.7 119
-1347.5 115
-1347.3 116
-1347.1 133
-1346.9 90
-1346.7 102
-1346.5 105
-1346.3 105
-1346.1 100
-1345.9 86
-1345.7 115
-1345.5 109
-1345.3 92
-1345.1 95
-1344.9 102
-1344.7 94
-1344.5 102
-1344.3 100
-1344.1 83
-1343.9 79
-1343.7 86
-1343.5 80
-1343.3 62
-1343.1 87
-1342.9 50
-1342.7 52
-1342.5 68
-1342.3 55
-1342.1 58
-1341.9 68
-1341.7 81
-1341.5 60
-1341.3 40
-1341.1 41
-1340.9 52
-1340.7 51
-1340.5 35
-1340.3 49
-1340.1 46
-1339.9 41
-1339.7 36
-1339.5 37
-1339.3 22
-1339.1 34
-1338.9 40
-1338.7 33
-1338.5 41
-1338.3 30
-1338.1 44
-1337.9 29
-1337.7 28
-1337.5 20
-1337.3 32
-1337.1 17
-1336.9 23
-1336.7 28
-1336.5 27
-1336.3 22
-1336.1 25
-1335.9 18
-1335.7 22
-1335.5 17
-1335.3 11
-1335.1 13
-1334.9 16
-1334.7 15
-1334.5 11
-1334.3 11
-1334.1 6
-1333.9 14
-1333.7 15
-1333.5 8
-1333.3 7
-1333.1 8
-1332.9 9
-1332.7 10
-1332.5 10
-1332.3 14
-1332.1 4
-1331.9 5
-1331.7 10
-1331.5 6
-1331.3 3
-1331.1 5
-1330.9 8
-1330.7 4
-1330.5 6
-1330.3 11
-1330.1 11
-1329.9 2
-1329.7 1
-1329.5 4
-1329.3 10
-1329.1 5
-1328.9 2
-1328.7 4
-1328.5 8
-1328.3 1
-1328.1 1
-1327.9 4
-1327.7 3
-1327.5 3
-1327.3 3
-1327.1 1
-1326.9 2
-1326.7 2
-1326.5 2
-1326.3 3
-1326.1 5
-1325.9 4
-1325.7 1
-1325.5 4
-1325.3 2
-1325.1 1
-1324.9 1
-1324.7 2
-1324.5 1
-1324.3 0
-1324.1 1
-1323.9 3
-1323.7 2
-1323.5 0
-1323.3 1
-1323.1 4
-1322.9 0
-1322.7 1
-1322.5 1
-1322.3 3
-1322.1 1
-1321.9 0
-1321.7 2
-1321.5 1
-1321.3 1
-1321.1 0
-1320.9 1
-1320.7 0
-1320.5 3
-1320.3 3
-1320.1 1
-1319.9 1
-1319.7 3
-1319.5 2
-1319.3 0
-1319.1 1
-1318.9 1
-1318.7 2
-1318.5 0
-1318.3 0
-1318.1 1
-1317.9 2
-1317.7 1
-1317.5 3
-1317.3 0
-1317.1 3
-1316.9 1
-1316.7 2
-1316.5 1
-1316.3 0
-1316.1 0
-1315.9 1
-1315.7 1
-1315.5 1
-1315.3 1
-1315.1 5
-1314.9 2
-1314.7 0
-1314.5 0
-1314.3 4
-1314.1 1
-1313.9 1
-1313.7 1
-1313.5 3
-1313.3 1
-1313.1 0
-1312.9 5
-1312.7 2
-1312.5 2
-1312.3 2
-1312.1 3
-1311.9 1
-1311.7 1
-1311.5 1
-1311.3 1
-1311.1 1
-1310.9 2
-1310.7 3
-1310.5 1
-1310.3 0
-1310.1 5
-1309.9 1
-1309.7 2
-1309.5 1
-1309.3 4
-1309.1 0
-1308.9 3
-1308.7 1
-1308.5 1
-1308.3 1
-1308.1 0
-1307.9 0
-1307.7 1
-1307.5 1
-1307.3 1
-1307.1 1
-1306.9 0
-1306.7 1
-1306.5 0
-1306.3 0
-1306.1 2
-1305.9 4
-1305.7 1
-1305.5 1
-1305.3 1
-1305.1 2
-1304.9 0
-1304.7 2
-1304.5 0
-1304.3 0
-1304.1 1
-1303.9 2
-1303.7 3
-1303.5 2
-1303.3 1
-1303.1 0
-1302.9 0
-1302.7 2
-1302.5 0
-1302.3 0
-1302.1 1
-1301.9 2
-1301.7 1
-1301.5 2
-1301.3 1
-1301.1 3
-1300.9 1
-1300.7 0
-1300.5 1
-1300.3 2
-1300.1 2
