2131
-300.7 2.75118e-05
-300.5 2.75118e-05
-300.3 2.75118e-05
-300.1 2.75118e-05
-299.9 2.75118e-05
-299.7 2.75118e-05
-299.5 2.75118e-05
-299.3 2.75118e-05
-299.1 2.75118e-05
-298.9 2.75118e-05
-298.7 2.75118e-05
-298.5 2.75118e-05
-298.3 2.75118e-05
-298.1 5.50237e-05
-297.9 5.50237e-05
-297.7 8.25355e-05
-297.5 0.000165071
-297.3 0.000165071
-297.1 0.000165071
-296.9 0.000165071
-296.7 0.000165071
-296.5 0.000220095
-296.3 0.000220095
-296.1 0.000247606
-295.9 0.00030263
-295.7 0.00030263
-295.5 0.00030263
-295.3 0.00030263
-295.1 0.00030263
-294.9 0.000385166
-294.7 0.000412677
-294.5 0.000495213
-294.3 0.000632772
-294.1 0.000687796
-293.9 0.000715308
-293.7 0.000770331
-293.5 0.000797843
-293.3 0.000825355
-293.1 0.000852867
-292.9 0.000962914
-292.7 0.00104545
-292.5 0.00112799
-292.3 0.00121052
-292.1 0.00126554
-291.9 0.00132057
-291.7 0.00143062
-291.5 0.00145813
-291.3 0.00154066
-291.1 0.0016232
-290.9 0.00181578
-290.7 0.00192583
-290.5 0.00200836
-290.3 0.0020909
-290.1 0.00214592
-289.9 0.00239353
-289.7 0.00250358
-289.5 0.00258611
-289.3 0.00286123
-289.1 0.00313635
-288.9 0.00321888
-288.7 0.00332893
-288.5 0.00354903
-288.3 0.0037141
-288.1 0.00382414
-287.9 0.00398922
-287.7 0.00415429
-287.5 0.00426433
-287.3 0.00445692
-287.1 0.00473203
-286.9 0.00484208
-286.7 0.00503466
-286.5 0.00517222
-286.3 0.00550237
-286.1 0.00597007
-285.9 0.00624519
-285.7 0.00660284
-285.5 0.00690547
-285.3 0.00707054
-285.1 0.00740068
-284.9 0.00773082
-284.7 0.00811599
-284.5 0.00844613
-284.3 0.00874876
-284.1 0.00910642
-283.9 0.00951909
-283.7 0.0100143
-283.5 0.010427
-283.3 0.0107296
-283.1 0.0110873
-282.9 0.0114174
-282.7 0.0118576
-282.5 0.0122153
-282.3 0.0126004
-282.1 0.0130131
-281.9 0.0136184
-281.7 0.0139485
-281.5 0.0144437
-281.3 0.0147739
-281.1 0.0152416
-280.9 0.0155442
-280.7 0.0158743
-280.5 0.0163971
-280.3 0.0167822
-280.1 0.0171124
-279.9 0.0176076
-279.7 0.0179652
-279.5 0.018543
-279.3 0.0190932
-279.1 0.0194509
-278.9 0.0200836
-278.7 0.0205788
-278.5 0.0213492
-278.3 0.0218719
-278.1 0.0224772
-277.9 0.0229174
-277.7 0.0236602
-277.5 0.0241004
-277.3 0.0245956
-277.1 0.0256135
-276.9 0.0262463
-276.7 0.0269616
-276.5 0.0275393
-276.3 0.0282546
-276.1 0.0291625
-275.9 0.0299879
-275.7 0.0309233
-275.5 0.0315836
-275.3 0.0324089
-275.1 0.0333443
-274.9 0.0341422
-274.7 0.03483
-274.5 0.0356553
-274.3 0.0362056
-274.1 0.0369209
-273.9 0.0379113
-273.7 0.0387091
-273.5 0.0392869
-273.3 0.0401948
-273.1 0.0408276
-272.9 0.0417905
-272.7 0.0426708
-272.5 0.0435237
-272.3 0.044184
-272.1 0.0448168
-271.9 0.0456971
-271.7 0.046605
-271.5 0.0477605
-271.3 0.0488335
-271.1 0.0496313
-270.9 0.0507593
-270.7 0.0518048
-270.5 0.0529052
-270.3 0.0539782
-270.1 0.0549136
-269.9 0.0560141
-269.7 0.0573897
-269.5 0.05816
-269.3 0.0590954
-269.1 0.0600033
-268.9 0.0611313
-268.7 0.0619016
-268.5 0.0631121
-268.3 0.0641301
-268.1 0.0652305
-267.9 0.0661935
-267.7 0.0670738
-267.5 0.0682569
-267.3 0.0693848
-267.1 0.0704578
-266.9 0.0713932
-266.7 0.0726037
-266.5 0.0736767
-266.3 0.0746671
-266.1 0.0757401
-265.9 0.0770606
-265.7 0.0781611
-265.5 0.079179
-265.3 0.0803345
-265.1 0.0812424
-264.9 0.0823154
-264.7 0.0831683
-264.5 0.0842962
-264.3 0.0853692
-264.1 0.0863321
-263.9 0.0875426
-263.7 0.0885881
-263.5 0.0897436
-263.3 0.0910917
-263.1 0.0920821
-262.9 0.0931551
-262.7 0.094228
-262.5 0.0951359
-262.3 0.0961538
-262.1 0.0974469
-261.9 0.0983273
-261.7 0.0995103
-261.5 0.100556
-261.3 0.101326
-261.1 0.102647
-260.9 0.103665
-260.7 0.104572
-260.5 0.105508
-260.3 0.106663
-260.1 0.107736
-259.9 0.108974
-259.7 0.110185
-259.5 0.111533
-259.3 0.112881
-259.1 0.113871
-258.9 0.114889
-258.7 0.116182
-258.5 0.117503
-258.3 0.118521
-258.1 0.119842
-257.9 0.120749
-257.7 0.12218
-257.5 0.123308
-257.3 0.124436
-257.1 0.125619
-256.9 0.126747
-256.7 0.127572
-256.5 0.12848
-256.3 0.129746
-256.1 0.131066
-255.9 0.132002
-255.7 0.133185
-255.5 0.13423
-255.3 0.135276
-255.1 0.136156
-254.9 0.137257
-254.7 0.138385
-254.5 0.139733
-254.3 0.140998
-254.1 0.141879
-253.9 0.143309
-253.7 0.144079
-253.5 0.145345
-253.3 0.146528
-253.1 0.147491
-252.9 0.148591
-252.7 0.149307
-252.5 0.150572
-252.3 0.151645
-252.1 0.152498
-251.9 0.153681
-251.7 0.154837
-251.5 0.155772
-251.3 0.156872
-251.1 0.15811
-250.9 0.158771
-250.7 0.159816
-250.5 0.161054
-250.3 0.16221
-250.1 0.163283
-249.9 0.164191
-249.7 0.165181
-249.5 0.166364
-249.3 0.167107
-249.1 0.168207
-248.9 0.16917
-248.7 0.170216
-248.5 0.171481
-248.3 0.172664
-248.1 0.173655
-247.9 0.17459
-247.7 0.175856
-247.5 0.176516
-247.3 0.177589
-247.1 0.178469
-246.9 0.179267
-246.7 0.179817
-246.5 0.18078
-246.3 0.181908
-246.1 0.182651
-245.9 0.183696
-245.7 0.184659
-245.5 0.18565
-245.3 0.18653
-245.1 0.187631
-244.9 0.188484
-244.7 0.189557
-244.5 0.190629
-244.3 0.191262
-244.1 0.192088
-243.9 0.193023
-243.7 0.193986
-243.5 0.195004
-243.3 0.195692
-243.1 0.196434
-242.9 0.197425
-242.7 0.198333
-242.5 0.199351
-242.3 0.200341
-242.1 0.201304
-241.9 0.20257
-241.7 0.203477
-241.5 0.204413
-241.3 0.205266
-241.1 0.206284
-240.9 0.207357
-240.7 0.20821
-240.5 0.208925
-240.3 0.209888
-240.1 0.210796
-239.9 0.211676
-239.7 0.212942
-239.5 0.214042
-239.3 0.215005
-239.1 0.21605
-238.9 0.217233
-238.7 0.218334
-238.5 0.219324
-238.3 0.220177
-238.1 0.221305
-237.9 0.222406
-237.7 0.223699
-237.5 0.224744
-237.3 0.225514
-237.1 0.226285
-236.9 0.227055
-236.7 0.227963
-236.5 0.229008
-236.3 0.229916
-236.1 0.230549
-235.9 0.231182
-235.7 0.232145
-235.5 0.232943
-235.3 0.233851
-235.1 0.234593
-234.9 0.235556
-234.7 0.236767
-234.5 0.237647
-234.3 0.23839
-234.1 0.239243
-233.9 0.240123
-233.7 0.240811
-233.5 0.241636
-233.3 0.242654
-233.1 0.243452
-232.9 0.244167
-232.7 0.24491
-232.5 0.245681
-232.3 0.246644
-232.1 0.247386
-231.9 0.248267
-231.7 0.24901
-231.5 0.249807
-231.3 0.25066
-231.1 0.251486
-230.9 0.252311
-230.7 0.253164
-230.5 0.253934
-230.3 0.254677
-230.1 0.25553
-229.9 0.256273
-229.7 0.257071
-229.5 0.258088
-229.3 0.258996
-229.1 0.259822
-228.9 0.260812
-228.7 0.26205
-228.5 0.262628
-228.3 0.263398
-228.1 0.264279
-227.9 0.264939
-227.7 0.265847
-227.5 0.26692
-227.3 0.267993
-227.1 0.268873
-226.9 0.269478
-226.7 0.270249
-226.5 0.271212
-226.3 0.271954
-226.1 0.272835
-225.9 0.273413
-225.7 0.274045
-225.5 0.274926
-225.3 0.275916
-225.1 0.276797
-224.9 0.277539
-224.7 0.27842
-224.5 0.279493
-224.3 0.280593
-224.1 0.281584
-223.9 0.282491
-223.7 0.283207
-223.5 0.284335
-223.3 0.285133
-223.1 0.286068
-222.9 0.286921
-222.7 0.288021
-222.5 0.288929
-222.3 0.289562
-222.1 0.290305
-221.9 0.291048
-221.7 0.29179
-221.5 0.292781
-221.3 0.293634
-221.1 0.294542
-220.9 0.295202
-220.7 0.29611
-220.5 0.29699
-220.3 0.297898
-220.1 0.298861
-219.9 0.299769
-219.7 0.300402
-219.5 0.301062
-219.3 0.301915
-219.1 0.30285
-218.9 0.303841
-218.7 0.304776
-218.5 0.305629
-218.3 0.306262
-218.1 0.307307
-217.9 0.308325
-217.7 0.309453
-217.5 0.310306
-217.3 0.311241
-217.1 0.312067
-216.9 0.312975
-216.7 0.31391
-216.5 0.31468
-216.3 0.315671
-216.1 0.316661
-215.9 0.317431
-215.7 0.318449
-215.5 0.319247
-215.3 0.3201
-215.1 0.320925
-214.9 0.321641
-214.7 0.322494
-214.5 0.323347
-214.3 0.324172
-214.1 0.32508
-213.9 0.325795
-213.7 0.32651
-213.5 0.327308
-213.3 0.328381
-213.1 0.329179
-212.9 0.33039
-212.7 0.331297
-212.5 0.332123
-212.3 0.333058
-212.1 0.334131
-211.9 0.334626
-211.7 0.335342
-211.5 0.33625
-211.3 0.336965
-211.1 0.3379
-210.9 0.338753
-210.7 0.339661
-210.5 0.340514
-210.3 0.341202
-210.1 0.34222
-209.9 0.34343
-209.7 0.344421
-209.5 0.345246
-209.3 0.346071
-209.1 0.347007
-208.9 0.347805
-208.7 0.348602
-208.5 0.3494
-208.3 0.350446
-208.1 0.351436
-207.9 0.352206
-207.7 0.353252
-207.5 0.353857
-207.3 0.355013
-207.1 0.355728
-206.9 0.356718
-206.7 0.357489
-206.5 0.358342
-206.3 0.359305
-206.1 0.36035
-205.9 0.361065
-205.7 0.361891
-205.5 0.362936
-205.3 0.363816
-205.1 0.364642
-204.9 0.36555
-204.7 0.366513
-204.5 0.367531
-204.3 0.368603
-204.1 0.369484
-203.9 0.370117
-203.7 0.371107
-203.5 0.371712
-203.3 0.372758
-203.1 0.373473
-202.9 0.374188
-202.7 0.374766
-202.5 0.375702
-202.3 0.376389
-202.1 0.376995
-201.9 0.37782
-201.7 0.378453
-201.5 0.379168
-201.3 0.380048
-201.1 0.381121
-200.9 0.381864
-200.7 0.38291
-200.5 0.383735
-200.3 0.384808
-200.1 0.385633
-199.9 0.386651
-199.7 0.387532
-199.5 0.388274
-199.3 0.388935
-199.1 0.389705
-198.9 0.39064
-198.7 0.391493
-198.5 0.392401
-198.3 0.393144
-198.1 0.393887
-197.9 0.394905
-197.7 0.395785
-197.5 0.396776
-197.3 0.397711
-197.1 0.398454
-196.9 0.398977
-196.7 0.399802
-196.5 0.40038
-196.3 0.401233
-196.1 0.402168
-195.9 0.403158
-195.7 0.403956
-195.5 0.405084
-195.3 0.40602
-195.1 0.406817
-194.9 0.407423
-194.7 0.408386
-194.5 0.409183
-194.3 0.409871
-194.1 0.410559
-193.9 0.411247
-193.7 0.412072
-193.5 0.41265
-193.3 0.41342
-193.1 0.414136
-192.9 0.414878
-192.7 0.415786
-192.5 0.416667
-192.3 0.417492
-192.1 0.418317
-191.9 0.419308
-191.7 0.420188
-191.5 0.421014
-191.3 0.421976
-191.1 0.423022
-190.9 0.423737
-190.7 0.424535
-190.5 0.425388
-190.3 0.426186
-190.1 0.426984
-189.9 0.427919
-189.7 0.428854
-189.5 0.429872
-189.3 0.430423
-189.1 0.431138
-188.9 0.432238
-188.7 0.432899
-188.5 0.433889
-188.3 0.434824
-188.1 0.435567
-187.9 0.436283
-187.7 0.437576
-187.5 0.438621
-187.3 0.439336
-187.1 0.440299
-186.9 0.441125
-186.7 0.442033
-186.5 0.442858
-186.3 0.443656
-186.1 0.444564
-185.9 0.445582
-185.7 0.446517
-185.5 0.447507
-185.3 0.448333
-185.1 0.449268
-184.9 0.449956
-184.7 0.450809
-184.5 0.451772
-184.3 0.452872
-184.1 0.45378
-183.9 0.454798
-183.7 0.455678
-183.5 0.456586
-183.3 0.457494
-183.1 0.458099
-182.9 0.459007
-182.7 0.46041
-182.5 0.461181
-182.3 0.462034
-182.1 0.462942
-181.9 0.463822
-181.7 0.464785
-181.5 0.465445
-181.3 0.466408
-181.1 0.467343
-180.9 0.468004
-180.7 0.468884
-180.5 0.469764
-180.3 0.470425
-180.1 0.471195
-179.9 0.472296
-179.7 0.472956
-179.5 0.473864
-179.3 0.474772
-179.1 0.475487
-178.9 0.476175
-178.7 0.476973
-178.5 0.477825
-178.3 0.478651
-178.1 0.479421
-177.9 0.480384
-177.7 0.481319
-177.5 0.482365
-177.3 0.483135
-177.1 0.483878
-176.9 0.484813
-176.7 0.485694
-176.5 0.486602
-176.3 0.487262
-176.1 0.488032
-175.9 0.488858
-175.7 0.489546
-175.5 0.490618
-175.3 0.491719
-175.1 0.492599
-174.9 0.49348
-174.7 0.49436
-174.5 0.495213
-174.3 0.495846
-174.1 0.496644
-173.9 0.497139
-173.7 0.497937
-173.5 0.498789
-173.3 0.499395
-173.1 0.500083
-172.9 0.500935
-172.7 0.501651
-172.5 0.502531
-172.3 0.503687
-172.1 0.504594
-171.9 0.505337
-171.7 0.506273
-171.5 0.507126
-171.3 0.507896
-171.1 0.508969
-170.9 0.509684
-170.7 0.510482
-170.5 0.511417
-170.3 0.512683
-170.1 0.513618
-169.9 0.514829
-169.7 0.515627
-169.5 0.516315
-169.3 0.517167
-169.1 0.518075
-168.9 0.518928
-168.7 0.519671
-168.5 0.520634
-168.3 0.521652
-168.1 0.522505
-167.9 0.523275
-167.7 0.524431
-167.5 0.524953
-167.3 0.525916
-167.1 0.526659
-166.9 0.527677
-166.7 0.528337
-166.5 0.529245
-166.3 0.529988
-166.1 0.530758
-165.9 0.531501
-165.7 0.532299
-165.5 0.533042
-165.3 0.533867
-165.1 0.5345
-164.9 0.535408
-164.7 0.536123
-164.5 0.536728
-164.3 0.537581
-164.1 0.538792
-163.9 0.539645
-163.7 0.540387
-163.5 0.541378
-163.3 0.542258
-163.1 0.543304
-162.9 0.544156
-162.7 0.544817
-162.5 0.54578
-162.3 0.546523
-162.1 0.547348
-161.9 0.548063
-161.7 0.549191
-161.5 0.549796
-161.3 0.550539
-161.1 0.551144
-160.9 0.55219
-160.7 0.552988
-160.5 0.553841
-160.3 0.554804
-160.1 0.555794
-159.9 0.556537
-159.7 0.55728
-159.5 0.558132
-159.3 0.559013
-159.1 0.559838
-158.9 0.560856
-158.7 0.561682
-158.5 0.562589
-158.3 0.563387
-158.1 0.56413
-157.9 0.565313
-157.7 0.566276
-157.5 0.567211
-157.3 0.568009
-157.1 0.568862
-156.9 0.569687
-156.7 0.570733
-156.5 0.571586
-156.3 0.572549
-156.1 0.573594
-155.9 0.574475
-155.7 0.57519
-155.5 0.576043
-155.3 0.576648
-155.1 0.577391
-154.9 0.578106
-154.7 0.578931
-154.5 0.579702
-154.3 0.580692
-154.1 0.581545
-153.9 0.582618
-153.7 0.583691
-153.5 0.584709
-153.3 0.585562
-153.1 0.586332
-152.9 0.58713
-152.7 0.58812
-152.5 0.589138
-152.3 0.589936
-152.1 0.590734
-151.9 0.591367
-151.7 0.592385
-151.5 0.593183
-151.3 0.593925
-151.1 0.594641
-150.9 0.595686
-150.7 0.596429
-150.5 0.597144
-150.3 0.59797
-150.1 0.599125
-149.9 0.600033
-149.7 0.600968
-149.5 0.601821
-149.3 0.602564
-149.1 0.603252
-148.9 0.603912
-148.7 0.604848
-148.5 0.605838
-148.3 0.606416
-148.1 0.607269
-147.9 0.608039
-147.7 0.609139
-147.5 0.610102
-147.3 0.610763
-147.1 0.611726
-146.9 0.612716
-146.7 0.613294
-146.5 0.613982
-146.3 0.615027
-146.1 0.61599
-145.9 0.617035
-145.7 0.617833
-145.5 0.618851
-145.3 0.619869
-145.1 0.620804
-144.9 0.621657
-144.7 0.622593
-144.5 0.623418
-144.3 0.624408
-144.1 0.625426
-143.9 0.626224
-143.7 0.62727
-143.5 0.628288
-143.3 0.62903
-143.1 0.630131
-142.9 0.630791
-142.7 0.631644
-142.5 0.632332
-142.3 0.633157
-142.1 0.633983
-141.9 0.634863
-141.7 0.635908
-141.5 0.636899
-141.3 0.637752
-141.1 0.638715
-140.9 0.639292
-140.7 0.640365
-140.5 0.641026
-140.3 0.642044
-140.1 0.642869
-139.9 0.643777
-139.7 0.64474
-139.5 0.64551
-139.3 0.64628
-139.1 0.647298
-138.9 0.647904
-138.7 0.648729
-138.5 0.649747
-138.3 0.650545
-138.1 0.651178
-137.9 0.65225
-137.7 0.652883
-137.5 0.654121
-137.3 0.655029
-137.1 0.656295
-136.9 0.657065
-136.7 0.658028
-136.5 0.658908
-136.3 0.659596
-136.1 0.660449
-135.9 0.661109
-135.7 0.66177
-135.5 0.662677
-135.3 0.663448
-135.1 0.664411
-134.9 0.665346
-134.7 0.666116
-134.5 0.667079
-134.3 0.66796
-134.1 0.668592
-133.9 0.6695
-133.7 0.670408
-133.5 0.671041
-133.3 0.672142
-133.1 0.672994
-132.9 0.673792
-132.7 0.674425
-132.5 0.675113
-132.3 0.675856
-132.1 0.676681
-131.9 0.677479
-131.7 0.678332
-131.5 0.679405
-131.3 0.680147
-131.1 0.680973
-130.9 0.681991
-130.7 0.682734
-130.5 0.683669
-130.3 0.684357
-130.1 0.6851
-129.9 0.68609
-129.7 0.686915
-129.5 0.687713
-129.3 0.688621
-129.1 0.689336
-128.9 0.689997
-128.7 0.690767
-128.5 0.69173
-128.3 0.692363
-128.1 0.693106
-127.9 0.693711
-127.7 0.694564
-127.5 0.695582
-127.3 0.696324
-127.1 0.69726
-126.9 0.698195
-126.7 0.698993
-126.5 0.699543
-126.3 0.700424
-126.1 0.701442
-125.9 0.702515
-125.7 0.703505
-125.5 0.704275
-125.3 0.705403
-125.1 0.706284
-124.9 0.706999
-124.7 0.707852
-124.5 0.708732
-124.3 0.709255
-124.1 0.710245
-123.9 0.711016
-123.7 0.711676
-123.5 0.712749
-123.3 0.713299
-123.1 0.714042
-122.9 0.714812
-122.7 0.715748
-122.5 0.716491
-122.3 0.717288
-122.1 0.718031
-121.9 0.718747
-121.7 0.719654
-121.5 0.72037
-121.3 0.721388
-121.1 0.721965
-120.9 0.722928
-120.7 0.723671
-120.5 0.724276
-120.3 0.724854
-120.1 0.72568
-119.9 0.726395
-119.7 0.72711
-119.5 0.727991
-119.3 0.728568
-119.1 0.729559
-118.9 0.730604
-118.7 0.731485
-118.5 0.732255
-118.3 0.733163
-118.1 0.734153
-117.9 0.735336
-117.7 0.736024
-117.5 0.736519
-117.3 0.73751
-117.1 0.738362
-116.9 0.739518
-116.7 0.740371
-116.5 0.741389
-116.3 0.742324
-116.1 0.743177
-115.9 0.744085
-115.7 0.744965
-115.5 0.745653
-115.3 0.746561
-115.1 0.747827
-114.9 0.748955
-114.7 0.749725
-114.5 0.750688
-114.3 0.751733
-114.1 0.752779
-113.9 0.753632
-113.7 0.754484
-113.5 0.75531
-113.3 0.756025
-113.1 0.756878
-112.9 0.757456
-112.7 0.758061
-112.5 0.758886
-112.3 0.759849
-112.1 0.76062
-111.9 0.761638
-111.7 0.762133
-111.5 0.762986
-111.3 0.763783
-111.1 0.764664
-110.9 0.765599
-110.7 0.766452
-110.5 0.767112
-110.3 0.76802
-110.1 0.768873
-109.9 0.769451
-109.7 0.770276
-109.5 0.771377
-109.3 0.77234
-109.1 0.773137
-108.9 0.7741
-108.7 0.775228
-108.5 0.775971
-108.3 0.776659
-108.1 0.777704
-107.9 0.77853
-107.7 0.77952
-107.5 0.780153
-107.3 0.781061
-107.1 0.782051
-106.9 0.782932
-106.7 0.783785
-106.5 0.784527
-106.3 0.785573
-106.1 0.786261
-105.9 0.787196
-105.7 0.788269
-105.5 0.789149
-105.3 0.7897
-105.1 0.790497
-104.9 0.791433
-104.7 0.792451
-104.5 0.793139
-104.3 0.793936
-104.1 0.794872
-103.9 0.795615
-103.7 0.796715
-103.5 0.797761
-103.3 0.798393
-103.1 0.799081
-102.9 0.800182
-102.7 0.800979
-102.5 0.801805
-102.3 0.802658
-102.1 0.803786
-101.9 0.804611
-101.7 0.805491
-101.5 0.806289
-101.3 0.80717
-101.1 0.807747
-100.9 0.808738
-100.7 0.809866
-100.5 0.810471
-100.3 0.811214
-100.1 0.812232
-99.9 0.813002
-99.7 0.813772
-99.5 0.814653
-99.3 0.815643
-99.1 0.816469
-98.9 0.817156
-98.7 0.818147
-98.5 0.819192
-98.3 0.820073
-98.1 0.821063
-97.9 0.821696
-97.7 0.822411
-97.5 0.823484
-97.3 0.82442
-97.1 0.825245
-96.9 0.825905
-96.7 0.826703
-96.5 0.827418
-96.3 0.828299
-96.1 0.829344
-95.9 0.830362
-95.7 0.831297
-95.5 0.832013
-95.3 0.832921
-95.1 0.834049
-94.9 0.834846
-94.7 0.835589
-94.5 0.836305
-94.3 0.837185
-94.1 0.837955
-93.9 0.838891
-93.7 0.839716
-93.5 0.840624
-93.3 0.841394
-93.1 0.842055
-92.9 0.843017
-92.7 0.843595
-92.5 0.844558
-92.3 0.845356
-92.1 0.846154
-91.9 0.846952
-91.7 0.847667
-91.5 0.848465
-91.3 0.849235
-91.1 0.850171
-90.9 0.850941
-90.7 0.851904
-90.5 0.852839
-90.3 0.853665
-90.1 0.85427
-89.9 0.85526
-89.7 0.856361
-89.5 0.857269
-89.3 0.858204
-89.1 0.859167
-88.9 0.859992
-88.7 0.860983
-88.5 0.861918
-88.3 0.862881
-88.1 0.863761
-87.9 0.864614
-87.7 0.865467
-87.5 0.866293
-87.3 0.867008
-87.1 0.868218
-86.9 0.869016
-86.7 0.870144
-86.5 0.870832
-86.3 0.871657
-86.1 0.872428
-85.9 0.873088
-85.7 0.873913
-85.5 0.874794
-85.3 0.875922
-85.1 0.876637
-84.9 0.87738
-84.7 0.878068
-84.5 0.878783
-84.3 0.879966
-84.1 0.880956
-83.9 0.881754
-83.7 0.88258
-83.5 0.883405
-83.3 0.884258
-83.1 0.885083
-82.9 0.885936
-82.7 0.886761
-82.5 0.887559
-82.3 0.888274
-82.1 0.889155
-81.9 0.88987
-81.7 0.890723
-81.5 0.891383
-81.3 0.892456
-81.1 0.893117
-80.9 0.893969
-80.7 0.89474
-80.5 0.895895
-80.3 0.896638
-80.1 0.897491
-79.9 0.898509
-79.7 0.899389
-79.5 0.900077
-79.3 0.900682
-79.1 0.901508
-78.9 0.90225
-78.7 0.902993
-78.5 0.904176
-78.3 0.905249
-78.1 0.90602
-77.9 0.9069
-77.7 0.907533
-77.5 0.908166
-77.3 0.908716
-77.1 0.909624
-76.9 0.910532
-76.7 0.911109
-76.5 0.91177
-76.3 0.912595
-76.1 0.913503
-75.9 0.914383
-75.7 0.915209
-75.5 0.915841
-75.3 0.916942
-75.1 0.917547
-74.9 0.918372
-74.7 0.919143
-74.5 0.919941
-74.3 0.920821
-74.1 0.921536
-73.9 0.922444
-73.7 0.92327
-73.5 0.924342
-73.3 0.925278
-73.1 0.926158
-72.9 0.927011
-72.7 0.927699
-72.5 0.928497
-72.3 0.929047
-72.1 0.929872
-71.9 0.930698
-71.7 0.931688
-71.5 0.932431
-71.3 0.932954
-71.1 0.933834
-70.9 0.934577
-70.7 0.935705
-70.5 0.9362
-70.3 0.936943
-70.1 0.937961
-69.9 0.938511
-69.7 0.939254
-69.5 0.940354
-69.3 0.940822
-69.1 0.941565
-68.9 0.942308
-68.7 0.943078
-68.5 0.943711
-68.3 0.944426
-68.1 0.945059
-67.9 0.945857
-67.7 0.946682
-67.5 0.947425
-67.3 0.948085
-67.1 0.948553
-66.9 0.949131
-66.7 0.949846
-66.5 0.950809
-66.3 0.951689
-66.1 0.952322
-65.9 0.953037
-65.7 0.953477
-65.5 0.954468
-65.3 0.954826
-65.1 0.955458
-64.9 0.956284
-64.7 0.956889
-64.5 0.957467
-64.3 0.958017
-64.1 0.958512
-63.9 0.959007
-63.7 0.959503
-63.5 0.960108
-63.3 0.960631
-63.1 0.961263
-62.9 0.961786
-62.7 0.962061
-62.5 0.962887
-62.3 0.963519
-62.1 0.963987
-61.9 0.964867
-61.7 0.965363
-61.5 0.965803
-61.3 0.966326
-61.1 0.966821
-60.9 0.967288
-60.7 0.967674
-60.5 0.968224
-60.3 0.968747
-60.1 0.969159
-59.9 0.969792
-59.7 0.970205
-59.5 0.970672
-59.3 0.971058
-59.1 0.971333
-58.9 0.971993
-58.7 0.972626
-58.5 0.973066
-58.3 0.973534
-58.1 0.974249
-57.9 0.974579
-57.7 0.974992
-57.5 0.975404
-57.3 0.975845
-57.1 0.976312
-56.9 0.976725
-56.7 0.97722
-56.5 0.977715
-56.3 0.978128
-56.1 0.978513
-55.9 0.978926
-55.7 0.979449
-55.5 0.979751
-55.3 0.980136
-55.1 0.980467
-54.9 0.980797
-54.7 0.981182
-54.5 0.981567
-54.3 0.981925
-54.1 0.98242
-53.9 0.982915
-53.7 0.98341
-53.5 0.983713
-53.3 0.983933
-53.1 0.984373
-52.9 0.984648
-52.7 0.984868
-52.5 0.985281
-52.3 0.985584
-52.1 0.985996
-51.9 0.986327
-51.7 0.986657
-51.5 0.986904
-51.3 0.987372
-51.1 0.987812
-50.9 0.988032
-50.7 0.988225
-50.5 0.988418
-50.3 0.988665
-50.1 0.988885
-49.9 0.98927
-49.7 0.989435
-49.5 0.989711
-49.3 0.990013
-49.1 0.990178
-48.9 0.990426
-48.7 0.990563
-48.5 0.990811
-48.3 0.991169
-48.1 0.991361
-47.9 0.991471
-47.7 0.991609
-47.5 0.991774
-47.3 0.992022
-47.1 0.992324
-46.9 0.992434
-46.7 0.992544
-46.5 0.992682
-46.3 0.992764
-46.1 0.993012
-45.9 0.993095
-45.7 0.993232
-45.5 0.993425
-45.3 0.993617
-45.1 0.993782
-44.9 0.994002
-44.7 0.994167
-44.5 0.994333
-44.3 0.994525
-44.1 0.994608
-43.9 0.994718
-43.7 0.994828
-43.5 0.994993
-43.3 0.995158
-43.1 0.99524
-42.9 0.995406
-42.7 0.995488
-42.5 0.995598
-42.3 0.995653
-42.1 0.995846
-41.9 0.995928
-41.7 0.996148
-41.5 0.996231
-41.3 0.996341
-41.1 0.996423
-40.9 0.996478
-40.7 0.996506
-40.5 0.996589
-40.3 0.996671
-40.1 0.996726
-39.9 0.996836
-39.7 0.996836
-39.5 0.996891
-39.3 0.996974
-39.1 0.997001
-38.9 0.997001
-38.7 0.997056
-38.5 0.997194
-38.3 0.997249
-38.1 0.997359
-37.9 0.997414
-37.7 0.997496
-37.5 0.997579
-37.3 0.997744
-37.1 0.997799
-36.9 0.997827
-36.7 0.997909
-36.5 0.997909
-36.3 0.997964
-36.1 0.998047
-35.9 0.998157
-35.7 0.998212
-35.5 0.998267
-35.3 0.998322
-35.1 0.998432
-34.9 0.998514
-34.7 0.998514
-34.5 0.998542
-34.3 0.998542
-34.1 0.998569
-33.9 0.998597
-33.7 0.998597
-33.5 0.998652
-33.3 0.998679
-33.1 0.998789
-32.9 0.998789
-32.7 0.998845
-32.5 0.998872
-32.3 0.998927
-32.1 0.998955
-31.9 0.998955
-31.7 0.998982
-31.5 0.99901
-31.3 0.999037
-31.1 0.999037
-30.9 0.999037
-30.7 0.999065
-30.5 0.999065
-30.3 0.999065
-30.1 0.999092
-29.9 0.99912
-29.7 0.99912
-29.5 0.999147
-29.3 0.999147
-29.1 0.999175
-28.9 0.999175
-28.7 0.999175
-28.5 0.999175
-28.3 0.999175
-28.1 0.999175
-27.9 0.999175
-27.7 0.999175
-27.5 0.999175
-27.3 0.999175
-27.1 0.999175
-26.9 0.999202
-26.7 0.99923
-26.5 0.99923
-26.3 0.999257
-26.1 0.999257
-25.9 0.999257
-25.7 0.999257
-25.5 0.999257
-25.3 0.999257
-25.1 0.999257
-24.9 0.999257
-24.7 0.999257
-24.5 0.999257
-24.3 0.999257
-24.1 0.999257
-23.9 0.999257
-23.7 0.999257
-23.5 0.999257
-23.3 0.999257
-23.1 0.999285
-22.9 0.999285
-22.7 0.999285
-22.5 0.999285
-22.3 0.999285
-22.1 0.999285
-21.9 0.999285
-21.7 0.999285
-21.5 0.999285
-21.3 0.999285
-21.1 0.999285
-20.9 0.999285
-20.7 0.999285
-20.5 0.999285
-20.3 0.999285
-20.1 0.999285
-19.9 0.999285
-19.7 0.999285
-19.5 0.999285
-19.3 0.999285
-19.1 0.999285
-18.9 0.999285
-18.7 0.999285
-18.5 0.999285
-18.3 0.999285
-18.1 0.999285
-17.9 0.999285
-17.7 0.999285
-17.5 0.999285
-17.3 0.999312
-17.1 0.999312
-16.9 0.999312
-16.7 0.999312
-16.5 0.999312
-16.3 0.999312
-16.1 0.999312
-15.9 0.999312
-15.7 0.999312
-15.5 0.999312
-15.3 0.999312
-15.1 0.99934
-14.9 0.99934
-14.7 0.99934
-14.5 0.99934
-14.3 0.99934
-14.1 0.99934
-13.9 0.99934
-13.7 0.99934
-13.5 0.99934
-13.3 0.99934
-13.1 0.99934
-12.9 0.99934
-12.7 0.99934
-12.5 0.99934
-12.3 0.99934
-12.1 0.99934
-11.9 0.99934
-11.7 0.99934
-11.5 0.99934
-11.3 0.99934
-11.1 0.99934
-10.9 0.99934
-10.7 0.999367
-10.5 0.999367
-10.3 0.999367
-10.1 0.999367
-9.9 0.999367
-9.7 0.999367
-9.5 0.999367
-9.3 0.999367
-9.1 0.999367
-8.9 0.999367
-8.7 0.999367
-8.5 0.999395
-8.3 0.999395
-8.1 0.999395
-7.9 0.999395
-7.7 0.999395
-7.5 0.999395
-7.3 0.999395
-7.1 0.999395
-6.9 0.999395
-6.7 0.999395
-6.5 0.999395
-6.3 0.999395
-6.1 0.999395
-5.9 0.999395
-5.7 0.999395
-5.5 0.999395
-5.3 0.999395
-5.1 0.999395
-4.9 0.999395
-4.7 0.999395
-4.5 0.999395
-4.3 0.999395
-4.1 0.999395
-3.9 0.999395
-3.7 0.999395
-3.5 0.999395
-3.3 0.999395
-3.1 0.999422
-2.9 0.999422
-2.7 0.999422
-2.5 0.999422
-2.3 0.999422
-2.1 0.999422
-1.9 0.999422
-1.7 0.999422
-1.5 0.999422
-1.3 0.999422
-1.1 0.999422
-0.900002 0.999422
-0.700002 0.999422
-0.500002 0.999422
-0.300002 0.999422
-0.100002 0.999422
0.0999979 0.999422
0.299998 0.999422
0.499998 0.999422
0.699998 0.999422
0.899998 0.999422
1.1 0.999422
1.3 0.999422
1.5 0.999422
1.7 0.999422
1.9 0.999422
2.1 0.999422
2.3 0.999422
2.5 0.999422
2.7 0.999422
2.9 0.999422
3.1 0.999422
3.3 0.999422
3.5 0.999422
3.7 0.999422
3.9 0.999422
4.1 0.999422
4.3 0.999422
4.5 0.999422
4.7 0.999422
4.9 0.999422
5.1 0.999422
5.3 0.999422
5.5 0.999422
5.7 0.999422
5.9 0.999422
6.1 0.999422
6.3 0.999422
6.5 0.999422
6.7 0.999422
6.9 0.999422
7.1 0.999422
7.3 0.999422
7.5 0.999422
7.7 0.999422
7.9 0.999422
8.1 0.999422
8.3 0.999422
8.5 0.999422
8.7 0.999422
8.9 0.999422
9.1 0.999422
9.3 0.999422
9.5 0.999422
9.7 0.999422
9.9 0.999422
10.1 0.999422
10.3 0.999422
10.5 0.999422
10.7 0.999422
10.9 0.999422
11.1 0.999422
11.3 0.999422
11.5 0.999422
11.7 0.999422
11.9 0.999422
12.1 0.999422
12.3 0.999422
12.5 0.999422
12.7 0.999422
12.9 0.999422
13.1 0.999422
13.3 0.999422
13.5 0.999422
13.7 0.999422
13.9 0.999422
14.1 0.999422
14.3 0.999422
14.5 0.999422
14.7 0.999422
14.9 0.999422
15.1 0.999422
15.3 0.999422
15.5 0.999422
15.7 0.999422
15.9 0.999422
16.1 0.999422
16.3 0.999422
16.5 0.999422
16.7 0.999422
16.9 0.999422
17.1 0.999422
17.3 0.999422
17.5 0.999422
17.7 0.999422
17.9 0.999422
18.1 0.999422
18.3 0.999422
18.5 0.999422
18.7 0.999422
18.9 0.999422
19.1 0.999422
19.3 0.999422
19.5 0.99945
19.7 0.99945
19.9 0.99945
20.1 0.99945
20.3 0.99945
20.5 0.99945
20.7 0.99945
20.9 0.99945
21.1 0.99945
21.3 0.99945
21.5 0.99945
21.7 0.99945
21.9 0.99945
22.1 0.99945
22.3 0.99945
22.5 0.99945
22.7 0.99945
22.9 0.99945
23.1 0.99945
23.3 0.99945
23.5 0.99945
23.7 0.99945
23.9 0.999477
24.1 0.999477
24.3 0.999477
24.5 0.999477
24.7 0.999477
24.9 0.999477
25.1 0.999477
25.3 0.999477
25.5 0.999477
25.7 0.999477
25.9 0.999477
26.1 0.999477
26.3 0.999477
26.5 0.999477
26.7 0.999477
26.9 0.999477
27.1 0.999477
27.3 0.999477
27.5 0.999477
27.7 0.999477
27.9 0.999477
28.1 0.999477
28.3 0.999477
28.5 0.999477
28.7 0.999477
28.9 0.999477
29.1 0.999477
29.3 0.999477
29.5 0.999477
29.7 0.999477
29.9 0.999477
30.1 0.999477
30.3 0.999477
30.5 0.999477
30.7 0.999505
30.9 0.999505
31.1 0.999505
31.3 0.999505
31.5 0.999505
31.7 0.999505
31.9 0.999505
32.1 0.999505
32.3 0.999505
32.5 0.999505
32.7 0.999505
32.9 0.999505
33.1 0.999505
33.3 0.999505
33.5 0.999505
33.7 0.999505
33.9 0.999505
34.1 0.999505
34.3 0.999505
34.5 0.999505
34.7 0.999505
34.9 0.999505
35.1 0.999505
35.3 0.999505
35.5 0.999505
35.7 0.999505
35.9 0.999505
36.1 0.999505
36.3 0.999505
36.5 0.999505
36.7 0.999505
36.9 0.999505
37.1 0.999505
37.3 0.999505
37.5 0.999505
37.7 0.999505
37.9 0.999505
38.1 0.999505
38.3 0.999505
38.5 0.999505
38.7 0.999505
38.9 0.999505
39.1 0.999505
39.3 0.999505
39.5 0.999505
39.7 0.999505
39.9 0.999505
40.1 0.999505
40.3 0.999505
40.5 0.999505
40.7 0.999505
40.9 0.999505
41.1 0.999505
41.3 0.999505
41.5 0.999505
41.7 0.999532
41.9 0.999532
42.1 0.999532
42.3 0.999532
42.5 0.999532
42.7 0.999532
42.9 0.999532
43.1 0.999532
43.3 0.999532
43.5 0.999532
43.7 0.999532
43.9 0.999532
44.1 0.999532
44.3 0.999532
44.5 0.999532
44.7 0.999532
44.9 0.999532
45.1 0.999532
45.3 0.999532
45.5 0.999532
45.7 0.999532
45.9 0.999532
46.1 0.999532
46.3 0.999532
46.5 0.999532
46.7 0.999532
46.9 0.999532
47.1 0.999532
47.3 0.999532
47.5 0.999532
47.7 0.999532
47.9 0.99956
48.1 0.99956
48.3 0.99956
48.5 0.99956
48.7 0.99956
48.9 0.999587
49.1 0.999587
49.3 0.999587
49.5 0.999587
49.7 0.999587
49.9 0.999587
50.1 0.999587
50.3 0.999587
50.5 0.999587
50.7 0.999587
50.9 0.999587
51.1 0.999587
51.3 0.999587
51.5 0.999587
51.7 0.999587
51.9 0.999587
52.1 0.999587
52.3 0.999587
52.5 0.999615
52.7 0.999615
52.9 0.999615
53.1 0.999615
53.3 0.999615
53.5 0.999615
53.7 0.999615
53.9 0.999615
54.1 0.999615
54.3 0.999615
54.5 0.999615
54.7 0.999615
54.9 0.999615
55.1 0.999615
55.3 0.999615
55.5 0.999615
55.7 0.999615
55.9 0.999615
56.1 0.999615
56.3 0.999615
56.5 0.999615
56.7 0.999615
56.9 0.999615
57.1 0.999615
57.3 0.999615
57.5 0.999615
57.7 0.999615
57.9 0.999615
58.1 0.999615
58.3 0.999615
58.5 0.999615
58.7 0.999615
58.9 0.999615
59.1 0.999615
59.3 0.999615
59.5 0.999615
59.7 0.999615
59.9 0.999615
60.1 0.999615
60.3 0.999615
60.5 0.999615
60.7 0.999615
60.9 0.999615
61.1 0.999615
61.3 0.999615
61.5 0.999615
61.7 0.999615
61.9 0.999615
62.1 0.999615
62.3 0.999615
62.5 0.999615
62.7 0.999615
62.9 0.999615
63.1 0.999615
63.3 0.999615
63.5 0.999615
63.7 0.999615
63.9 0.999615
64.1 0.999615
64.3 0.999615
64.5 0.999615
64.7 0.999615
64.9 0.999615
65.1 0.999615
65.3 0.999615
65.5 0.999615
65.7 0.999615
65.9 0.999615
66.1 0.999615
66.3 0.999615
66.5 0.999615
66.7 0.999615
66.9 0.999615
67.1 0.999615
67.3 0.999615
67.5 0.999615
67.7 0.999615
67.9 0.999615
68.1 0.999615
68.3 0.999615
68.5 0.999615
68.7 0.999615
68.9 0.999615
69.1 0.999615
69.3 0.999615
69.5 0.999615
69.7 0.999615
69.9 0.999615
70.1 0.999615
70.3 0.999615
70.5 0.999642
70.7 0.999642
70.9 0.999642
71.1 0.999642
71.3 0.999642
71.5 0.999642
71.7 0.999642
71.9 0.999642
72.1 0.999642
72.3 0.999642
72.5 0.999642
72.7 0.999642
72.9 0.999642
73.1 0.999642
73.3 0.999642
73.5 0.999642
73.7 0.999642
73.9 0.999642
74.1 0.999642
74.3 0.999642
74.5 0.999642
74.7 0.999642
74.9 0.999642
75.1 0.999642
75.3 0.999642
75.5 0.999642
75.7 0.999642
75.9 0.999642
76.1 0.999642
76.3 0.999642
76.5 0.999642
76.7 0.999642
76.9 0.999642
77.1 0.999642
77.3 0.999642
77.5 0.999642
77.7 0.999642
77.9 0.999642
78.1 0.999642
78.3 0.999642
78.5 0.999642
78.7 0.999642
78.9 0.999642
79.1 0.999642
79.3 0.999642
79.5 0.999642
79.7 0.999642
79.9 0.999642
80.1 0.999642
80.3 0.999642
80.5 0.999642
80.7 0.999642
80.9 0.999642
81.1 0.999642
81.3 0.999642
81.5 0.999642
81.7 0.999642
81.9 0.999642
82.1 0.999642
82.3 0.999642
82.5 0.999642
82.7 0.999642
82.9 0.999642
83.1 0.999642
83.3 0.999642
83.5 0.999642
83.7 0.999642
83.9 0.999642
84.1 0.999697
84.3 0.999697
84.5 0.999697
84.7 0.999697
84.9 0.999697
85.1 0.999697
85.3 0.999697
85.5 0.999697
85.7 0.999725
85.9 0.999725
86.1 0.999725
86.3 0.999725
86.5 0.999725
86.7 0.999725
86.9 0.999725
87.1 0.999725
87.3 0.999725
87.5 0.999725
87.7 0.999725
87.9 0.999725
88.1 0.999752
88.3 0.999752
88.5 0.999752
88.7 0.999752
88.9 0.999752
89.1 0.999752
89.3 0.999752
89.5 0.99978
89.7 0.99978
89.9 0.99978
90.1 0.99978
90.3 0.99978
90.5 0.99978
90.7 0.99978
90.9 0.99978
91.1 0.99978
91.3 0.99978
91.5 0.99978
91.7 0.99978
91.9 0.99978
92.1 0.99978
92.3 0.99978
92.5 0.99978
92.7 0.99978
92.9 0.99978
93.1 0.99978
93.3 0.99978
93.5 0.99978
93.7 0.99978
93.9 0.999807
94.1 0.999807
94.3 0.999807
94.5 0.999807
94.7 0.999807
94.9 0.999807
95.1 0.999807
95.3 0.999807
95.5 0.999807
95.7 0.999807
95.9 0.999807
96.1 0.999807
96.3 0.999807
96.5 0.999807
96.7 0.999807
96.9 0.999807
97.1 0.999807
97.3 0.999807
97.5 0.999807
97.7 0.999807
97.9 0.999807
98.1 0.999807
98.3 0.999807
98.5 0.999807
98.7 0.999807
98.9 0.999807
99.1 0.999807
99.3 0.999807
99.5 0.999807
99.7 0.999807
99.9 0.999807
100.1 0.999807
100.3 0.999807
100.5 0.999807
100.7 0.999807
100.9 0.999807
101.1 0.999807
101.3 0.999807
101.5 0.999807
101.7 0.999807
101.9 0.999807
102.1 0.999807
102.3 0.999807
102.5 0.999807
102.7 0.999807
102.9 0.999807
103.1 0.999807
103.3 0.999807
103.5 0.999807
103.7 0.999835
103.9 0.999835
104.1 0.999835
104.3 0.999835
104.5 0.999835
104.7 0.999835
104.9 0.999835
105.1 0.999835
105.3 0.999835
105.5 0.999835
105.7 0.999835
105.9 0.999835
106.1 0.999835
106.3 0.999835
106.5 0.999835
106.7 0.999835
106.9 0.999835
107.1 0.999835
107.3 0.999835
107.5 0.999835
107.7 0.999835
107.9 0.999835
108.1 0.999835
108.3 0.999835
108.5 0.999835
108.7 0.999835
108.9 0.999862
109.1 0.999862
109.3 0.999862
109.5 0.999862
109.7 0.999862
109.9 0.99989
110.1 0.99989
110.3 0.99989
110.5 0.99989
110.7 0.99989
110.9 0.99989
111.1 0.99989
111.3 0.999917
111.5 0.999917
111.7 0.999917
111.9 0.999917
112.1 0.999917
112.3 0.999917
112.5 0.999917
112.7 0.999917
112.9 0.999917
113.1 0.999917
113.3 0.999917
113.5 0.999917
113.7 0.999917
113.9 0.999917
114.1 0.999917
114.3 0.999917
114.5 0.999917
114.7 0.999917
114.9 0.999917
115.1 0.999917
115.3 0.999917
115.5 0.999917
115.7 0.999917
115.9 0.999917
116.1 0.999917
116.3 0.999917
116.5 0.999917
116.7 0.999917
116.9 0.999917
117.1 0.999917
117.3 0.999917
117.5 0.999917
117.7 0.999917
117.9 0.999917
118.1 0.999917
118.3 0.999917
118.5 0.999917
118.7 0.999917
118.9 0.999917
119.1 0.999917
119.3 0.999917
119.5 0.999917
119.7 0.999917
119.9 0.999917
120.1 0.999917
120.3 0.999917
120.5 0.999917
120.7 0.999917
120.9 0.999917
121.1 0.999917
121.3 0.999917
121.5 0.999917
121.7 0.999945
121.9 0.999945
122.1 0.999945
122.3 0.999945
122.5 0.999972
122.7 0.999972
122.9 0.999972
123.1 0.999972
123.3 0.999972
123.5 0.999972
123.7 0.999972
123.9 0.999972
124.1 0.999972
124.3 0.999972
124.5 0.999972
124.7 0.999972
124.9 0.999972
125.1 0.999972
125.3 1
