80.1 0
80.3 0
80.5 0
80.7 0
80.9 0
81.1 0
81.3 0
81.5 0
81.7 0
81.9 0
82.1 0
82.3 0
82.5 0
82.7 0
82.9 0
83.1 0
83.3 0
83.5 0
83.7 0
83.9 0
84.1 0
84.3 0
84.5 0
84.7 0
84.9 0
85.1 0
85.3 0
85.5 0
85.7 0
85.9 0
86.1 0
86.3 0
86.5 0
86.7 0
86.9 0
87.1 0
87.3 0
87.5 0
87.7 0
87.9 0
88.1 0
88.3 0
88.5 0
88.7 0
88.9 0
89.1 0
89.3 0
89.5 0
89.7 0
89.9 0
90.1 0
90.3 0
90.5 0
90.7 0
90.9 0
91.1 0
91.3 0
91.5 0
91.7 0
91.9 0
92.1 0
92.3 0
92.5 0
92.7 0
92.9 0
93.1 0
93.3 0
93.5 0
93.7 0
93.9 0
94.1 0
94.3 0
94.5 0
94.7 0
94.9 0
95.1 0
95.3 0
95.5 0
95.7 0
95.9 0
96.1 0
96.3 0
96.5 0
96.7 0
96.9 0
97.1 0
97.3 0
97.5 0
97.7 0
97.9 0
98.1 0
98.3 0
98.5 0
98.7 0
98.9 0
99.1 0
99.3 0
99.5 0
99.7 0
99.9 0
100.1 0
100.3 3
100.5 2
100.7 5
100.9 5
101.1 4
101.3 5
101.5 5
101.7 3
101.9 5
102.1 5
102.3 2
102.5 5
102.7 7
102.9 2
103.1 6
103.3 6
103.5 5
103.7 4
103.9 4
104.1 6
104.3 4
104.5 6
104.7 4
104.9 5
105.1 4
105.3 9
105.5 6
105.7 2
105.9 9
106.1 6
106.3 3
106.5 3
106.7 2
106.9 3
107.1 3
107.3 3
107.5 7
107.7 6
107.9 4
108.1 3
108.3 5
108.5 4
108.7 2
108.9 5
109.1 6
109.3 8
109.5 5
109.7 4
109.9 5
110.1 5
110.3 9
110.5 6
110.7 4
110.9 7
111.1 4
111.3 3
111.5 8
111.7 7
111.9 2
112.1 4
112.3 2
112.5 6
112.7 3
112.9 8
113.1 4
113.3 2
113.5 7
113.7 2
113.9 5
114.1 6
114.3 3
114.5 2
114.7 3
114.9 6
115.1 9
115.3 4
115.5 2
115.7 2
115.9 6
116.1 7
116.3 2
116.5 3
116.7 4
116.9 4
117.1 9
117.3 4
117.5 7
117.7 7
117.9 9
118.1 7
118.3 5
118.5 4
118.7 2
118.9 2
119.1 5
119.3 6
119.5 3
119.7 6
119.9 5
120.1 2
120.3 5
120.5 3
120.7 5
120.9 3
121.1 6
121.3 6
121.5 3
121.7 3
121.9 4
122.1 6
122.3 5
122.5 7
122.7 8
122.9 2
123.1 6
123.3 1
123.5 3
123.7 2
123.9 5
124.1 9
124.3 5
124.5 1
124.7 5
124.9 3
125.1 3
125.3 5
125.5 1
125.7 3
125.9 6
126.1 4
126.3 5
126.5 6
126.7 5
126.9 5
127.1 6
127.3 5
127.5 7
127.7 4
127.9 4
128.1 6
128.3 4
128.5 5
128.7 9
128.9 14
129.1 5
129.3 1
129.5 7
129.7 5
129.9 7
130.1 8
130.3 6
130.5 6
130.7 3
130.9 10
131.1 0
131.3 2
131.5 6
131.7 7
131.9 3
132.1 8
132.3 5
132.5 9
132.7 8
132.9 1
133.1 10
133.3 5
133.5 5
133.7 1
133.9 5
134.1 3
134.3 3
134.5 4
134.7 4
134.9 3
135.1 4
135.3 2
135.5 3
135.7 7
135.9 5
136.1 4
136.3 3
136.5 6
136.7 8
136.9 6
137.1 8
137.3 7
137.5 1
137.7 7
137.9 5
138.1 8
138.3 7
138.5 7
138.7 5
138.9 6
139.1 6
139.3 5
139.5 10
139.7 8
139.9 11
140.1 9
140.3 14
140.5 2
140.7 11
140.9 11
141.1 10
141.3 16
141.5 11
141.7 12
141.9 10
142.1 15
142.3 16
142.5 22
142.7 21
142.9 16
143.1 13
143.3 24
143.5 22
143.7 15
143.9 26
144.1 28
144.3 20
144.5 26
144.7 32
144.9 32
145.1 33
145.3 31
145.5 29
145.7 35
145.9 37
146.1 33
146.3 35
146.5 37
146.7 30
146.9 41
147.1 35
147.3 32
147.5 37
147.7 39
147.9 36
148.1 41
148.3 41
148.5 44
148.7 30
148.9 37
149.1 31
149.3 44
149.5 39
149.7 42
149.9 40
150.1 38
150.3 49
150.5 50
150.7 35
150.9 35
151.1 43
151.3 38
151.5 44
151.7 48
151.9 36
152.1 29
152.3 33
152.5 49
152.7 52
152.9 40
153.1 44
153.3 37
153.5 41
153.7 42
153.9 45
154.1 30
154.3 60
154.5 52
154.7 50
154.9 41
155.1 35
155.3 34
155.5 35
155.7 41
155.9 56
156.1 41
156.3 51
156.5 43
156.7 42
156.9 39
157.1 29
157.3 49
157.5 35
157.7 30
157.9 32
158.1 44
158.3 31
158.5 39
158.7 39
158.9 37
159.1 54
159.3 34
159.5 35
159.7 29
159.9 34
160.1 30
160.3 29
160.5 33
160.7 52
160.9 32
161.1 35
161.3 34
161.5 27
161.7 31
161.9 26
162.1 23
162.3 28
162.5 29
162.7 26
162.9 40
163.1 26
163.3 19
163.5 44
163.7 30
163.9 28
164.1 24
164.3 26
164.5 25
164.7 29
164.9 28
165.1 23
165.3 24
165.5 28
165.7 23
165.9 29
166.1 27
166.3 30
166.5 24
166.7 27
166.9 19
167.1 28
167.3 24
167.5 33
167.7 20
167.9 22
168.1 26
168.3 18
168.5 18
168.7 21
168.9 27
169.1 22
169.3 30
169.5 11
169.7 28
169.9 18
170.1 34
170.3 18
170.5 29
170.7 17
170.9 20
171.1 21
171.3 19
171.5 22
171.7 23
171.9 17
172.1 18
172.3 24
172.5 15
172.7 26
172.9 22
173.1 24
173.3 20
173.5 25
173.7 23
173.9 22
174.1 21
174.3 20
174.5 25
174.7 18
174.9 19
175.1 18
175.3 24
175.5 25
175.7 23
175.9 23
176.1 31
176.3 18
176.5 23
176.7 21
176.9 27
177.1 23
177.3 22
177.5 18
177.7 16
177.9 25
178.1 24
178.3 31
178.5 25
178.7 21
178.9 13
179.1 25
179.3 24
179.5 16
179.7 25
179.9 29
180.1 18
180.3 22
180.5 29
180.7 26
180.9 17
181.1 18
181.3 24
181.5 13
181.7 20
181.9 18
182.1 24
182.3 27
182.5 23
182.7 21
182.9 12
183.1 13
183.3 23
183.5 19
183.7 22
183.9 24
184.1 15
184.3 24
184.5 22
184.7 15
184.9 18
185.1 27
185.3 23
185.5 26
185.7 18
185.9 23
186.1 17
186.3 19
186.5 25
186.7 20
186.9 18
187.1 20
187.3 26
187.5 29
187.7 22
187.9 18
188.1 17
188.3 19
188.5 23
188.7 17
188.9 20
189.1 24
189.3 21
189.5 23
189.7 31
189.9 22
190.1 18
190.3 25
190.5 23
190.7 24
190.9 21
191.1 21
191.3 22
191.5 16
191.7 21
191.9 22
192.1 21
192.3 20
192.5 26
192.7 17
192.9 30
193.1 22
193.3 33
193.5 14
193.7 13
193.9 24
194.1 26
194.3 26
194.5 13
194.7 21
194.9 21
195.1 12
195.3 23
195.5 17
195.7 17
195.9 22
196.1 11
196.3 25
196.5 21
196.7 25
196.9 26
197.1 14
197.3 18
197.5 23
197.7 10
197.9 17
198.1 23
198.3 16
198.5 21
198.7 23
198.9 19
199.1 10
199.3 19
199.5 20
199.7 20
199.9 14
200.1 20
200.3 19
200.5 25
200.7 19
200.9 17
201.1 23
201.3 19
201.5 14
201.7 23
201.9 21
202.1 24
202.3 33
202.5 26
202.7 29
202.9 19
203.1 16
203.3 25
203.5 24
203.7 19
203.9 27
204.1 14
204.3 23
204.5 25
204.7 25
204.9 12
205.1 20
205.3 27
205.5 19
205.7 25
205.9 18
206.1 17
206.3 20
206.5 28
206.7 20
206.9 23
207.1 23
207.3 25
207.5 24
207.7 22
207.9 19
208.1 27
208.3 30
208.5 18
208.7 16
208.9 19
209.1 18
209.3 23
209.5 23
209.7 22
209.9 33
210.1 32
210.3 15
210.5 32
210.7 23
210.9 22
211.1 20
211.3 26
211.5 13
211.7 27
211.9 20
212.1 18
212.3 26
212.5 20
212.7 11
212.9 22
213.1 27
213.3 13
213.5 28
213.7 21
213.9 27
214.1 18
214.3 20
214.5 27
214.7 18
214.9 18
215.1 16
215.3 18
215.5 21
215.7 26
215.9 22
216.1 19
216.3 27
216.5 26
216.7 26
216.9 18
217.1 26
217.3 24
217.5 30
217.7 20
217.9 19
218.1 25
218.3 22
218.5 17
218.7 25
218.9 19
219.1 14
219.3 30
219.5 26
219.7 22
219.9 27
220.1 17
220.3 26
220.5 26
220.7 24
220.9 25
221.1 24
221.3 23
221.5 23
221.7 28
221.9 13
222.1 20
222.3 16
222.5 26
222.7 21
222.9 26
223.1 22
223.3 23
223.5 19
223.7 21
223.9 15
224.1 20
224.3 15
224.5 12
224.7 29
224.9 22
225.1 18
225.3 24
225.5 15
225.7 21
225.9 17
226.1 16
226.3 19
226.5 19
226.7 26
226.9 21
227.1 30
227.3 17
227.5 16
227.7 15
227.9 14
228.1 13
228.3 22
228.5 20
228.7 20
228.9 31
229.1 22
229.3 28
229.5 32
229.7 14
229.9 20
230.1 20
230.3 14
230.5 19
230.7 25
230.9 30
231.1 16
231.3 28
231.5 23
231.7 17
231.9 18
232.1 20
232.3 22
232.5 25
232.7 22
232.9 28
233.1 23
233.3 16
233.5 10
233.7 11
233.9 24
234.1 21
234.3 21
234.5 15
234.7 32
234.9 22
235.1 25
235.3 19
235.5 26
235.7 25
235.9 11
236.1 20
236.3 24
236.5 25
236.7 15
236.9 20
237.1 12
237.3 31
237.5 19
237.7 26
237.9 18
238.1 20
238.3 15
238.5 9
238.7 21
238.9 19
239.1 27
239.3 25
239.5 16
239.7 12
239.9 23
240.1 18
240.3 16
240.5 25
240.7 19
240.9 34
241.1 26
241.3 20
241.5 24
241.7 18
241.9 24
242.1 31
242.3 17
242.5 20
242.7 19
242.9 25
243.1 24
243.3 21
243.5 23
243.7 28
243.9 16
244.1 20
244.3 14
244.5 13
244.7 20
244.9 18
245.1 24
245.3 15
245.5 18
245.7 17
245.9 20
246.1 19
246.3 19
246.5 20
246.7 23
246.9 22
247.1 25
247.3 31
247.5 31
247.7 18
247.9 18
248.1 19
248.3 17
248.5 24
248.7 16
248.9 23
249.1 17
249.3 25
249.5 25
249.7 21
249.9 19
250.1 30
250.3 23
250.5 25
250.7 19
250.9 21
251.1 18
251.3 20
251.5 26
251.7 22
251.9 12
252.1 18
252.3 26
252.5 21
252.7 31
252.9 23
253.1 14
253.3 22
253.5 21
253.7 19
253.9 21
254.1 27
254.3 22
254.5 22
254.7 19
254.9 25
255.1 25
255.3 27
255.5 17
255.7 25
255.9 28
256.1 21
256.3 26
256.5 16
256.7 26
256.9 27
257.1 23
257.3 15
257.5 21
257.7 23
257.9 23
258.1 17
258.3 12
258.5 23
258.7 18
258.9 12
259.1 26
259.3 32
259.5 22
259.7 25
259.9 18
260.1 13
260.3 25
260.5 22
260.7 13
260.9 23
261.1 16
261.3 21
261.5 18
261.7 20
261.9 15
262.1 16
262.3 19
262.5 21
262.7 24
262.9 21
263.1 21
263.3 20
263.5 24
263.7 15
263.9 19
264.1 12
264.3 24
264.5 20
264.7 22
264.9 21
265.1 28
265.3 17
265.5 30
265.7 31
265.9 25
266.1 17
266.3 27
266.5 18
266.7 24
266.9 26
267.1 24
267.3 25
267.5 31
267.7 25
267.9 23
268.1 23
268.3 21
268.5 25
268.7 20
268.9 17
269.1 29
269.3 22
269.5 18
269.7 20
269.9 22
270.1 27
270.3 23
270.5 26
270.7 28
270.9 25
271.1 25
271.3 16
271.5 23
271.7 17
271.9 19
272.1 22
272.3 20
272.5 23
272.7 27
272.9 27
273.1 17
273.3 17
273.5 26
273.7 20
273.9 18
274.1 24
274.3 17
274.5 20
274.7 19
274.9 20
275.1 19
275.3 25
275.5 22
275.7 24
275.9 28
276.1 20
276.3 15
276.5 30
276.7 19
276.9 13
277.1 17
277.3 19
277.5 18
277.7 19
277.9 23
278.1 29
278.3 18
278.5 21
278.7 24
278.9 14
279.1 26
279.3 16
279.5 20
279.7 21
279.9 21
280.1 19
280.3 22
280.5 21
280.7 16
280.9 19
281.1 21
281.3 26
281.5 22
281.7 18
281.9 21
282.1 28
282.3 20
282.5 17
282.7 23
282.9 20
283.1 13
283.3 16
283.5 18
283.7 18
283.9 21
284.1 22
284.3 17
284.5 22
284.7 20
284.9 16
285.1 29
285.3 17
285.5 23
285.7 19
285.9 27
286.1 21
286.3 21
286.5 33
286.7 23
286.9 30
287.1 19
287.3 22
287.5 23
287.7 14
287.9 22
288.1 16
288.3 19
288.5 26
288.7 18
288.9 19
289.1 26
289.3 22
289.5 28
289.7 19
289.9 24
290.1 20
290.3 18
290.5 24
290.7 17
290.9 26
291.1 21
291.3 17
291.5 21
291.7 17
291.9 21
292.1 29
292.3 29
292.5 24
292.7 22
292.9 23
293.1 18
293.3 24
293.5 19
293.7 20
293.9 22
294.1 32
294.3 16
294.5 17
294.7 29
294.9 19
295.1 21
295.3 18
295.5 27
295.7 15
295.9 26
296.1 27
296.3 24
296.5 26
296.7 19
296.9 23
297.1 22
297.3 14
297.5 19
297.7 28
297.9 23
298.1 17
298.3 19
298.5 19
298.7 22
298.9 19
299.1 30
299.3 18
299.5 15
299.7 26
299.9 23
300.1 24
300.3 26
300.5 17
300.7 20
300.9 16
301.1 23
301.3 21
301.5 25
301.7 19
301.9 27
302.1 18
302.3 19
302.5 25
302.7 17
302.9 18
303.1 23
303.3 15
303.5 19
303.7 20
303.9 18
304.1 19
304.3 24
304.5 20
304.7 20
304.9 21
305.1 16
305.3 20
305.5 20
305.7 18
305.9 24
306.1 13
306.3 22
306.5 28
306.7 24
306.9 20
307.1 24
307.3 24
307.5 24
307.7 25
307.9 25
308.1 18
308.3 16
308.5 21
308.7 19
308.9 12
309.1 26
309.3 17
309.5 13
309.7 18
309.9 19
310.1 24
310.3 25
310.5 30
310.7 21
310.9 17
311.1 19
311.3 18
311.5 18
311.7 24
311.9 21
312.1 28
312.3 22
312.5 26
312.7 20
312.9 20
313.1 17
313.3 23
313.5 20
313.7 22
313.9 27
314.1 24
314.3 14
314.5 29
314.7 22
314.9 22
315.1 23
315.3 26
315.5 26
315.7 23
315.9 29
316.1 19
316.3 20
316.5 22
316.7 28
316.9 23
317.1 26
317.3 23
317.5 18
317.7 17
317.9 19
318.1 25
318.3 17
318.5 19
318.7 17
318.9 26
319.1 24
319.3 18
319.5 22
319.7 21
319.9 25
320.1 22
320.3 23
320.5 30
320.7 15
320.9 24
321.1 17
321.3 13
321.5 28
321.7 21
321.9 27
322.1 18
322.3 13
322.5 19
322.7 25
322.9 18
323.1 20
323.3 22
323.5 17
323.7 18
323.9 19
324.1 24
324.3 23
324.5 27
324.7 21
324.9 22
325.1 19
325.3 22
325.5 12
325.7 21
325.9 14
326.1 18
326.3 15
326.5 24
326.7 20
326.9 26
327.1 21
327.3 21
327.5 29
327.7 26
327.9 24
328.1 21
328.3 23
328.5 18
328.7 18
328.9 26
329.1 26
329.3 23
329.5 15
329.7 15
329.9 21
330.1 19
330.3 21
330.5 21
330.7 25
330.9 21
331.1 22
331.3 26
331.5 17
331.7 22
331.9 20
332.1 26
332.3 17
332.5 24
332.7 25
332.9 27
333.1 20
333.3 26
333.5 17
333.7 14
333.9 25
334.1 25
334.3 28
334.5 25
334.7 15
334.9 19
335.1 27
335.3 23
335.5 21
335.7 17
335.9 16
336.1 27
336.3 10
336.5 22
336.7 22
336.9 15
337.1 22
337.3 30
337.5 17
337.7 19
337.9 22
338.1 20
338.3 20
338.5 26
338.7 16
338.9 15
339.1 19
339.3 31
339.5 15
339.7 20
339.9 23
340.1 23
340.3 27
340.5 20
340.7 16
340.9 19
341.1 31
341.3 16
341.5 19
341.7 17
341.9 15
342.1 26
342.3 15
342.5 26
342.7 25
342.9 21
343.1 28
343.3 17
343.5 21
343.7 22
343.9 22
344.1 18
344.3 18
344.5 26
344.7 24
344.9 24
345.1 25
345.3 25
345.5 13
345.7 18
345.9 21
346.1 31
346.3 18
346.5 22
346.7 24
346.9 24
347.1 17
347.3 16
347.5 18
347.7 22
347.9 19
348.1 16
348.3 19
348.5 17
348.7 21
348.9 20
349.1 19
349.3 19
349.5 26
349.7 14
349.9 16
350.1 16
350.3 15
350.5 20
350.7 24
350.9 20
351.1 23
351.3 17
351.5 14
351.7 13
351.9 22
352.1 17
352.3 23
352.5 26
352.7 19
352.9 15
353.1 16
353.3 25
353.5 14
353.7 26
353.9 25
354.1 11
354.3 21
354.5 16
354.7 14
354.9 15
355.1 14
355.3 16
355.5 15
355.7 13
355.9 18
356.1 13
356.3 21
356.5 11
356.7 19
356.9 20
357.1 22
357.3 12
357.5 11
357.7 15
357.9 20
358.1 15
358.3 8
358.5 17
358.7 10
358.9 11
359.1 16
359.3 14
359.5 15
359.7 6
359.9 7
360.1 11
360.3 12
360.5 15
360.7 12
360.9 10
361.1 6
361.3 11
361.5 12
361.7 10
361.9 8
362.1 12
362.3 8
362.5 11
362.7 13
362.9 7
363.1 10
363.3 6
363.5 11
363.7 11
363.9 13
364.1 6
364.3 15
364.5 10
364.7 13
364.9 10
365.1 11
365.3 6
365.5 8
365.7 9
365.9 8
366.1 8
366.3 10
366.5 9
366.7 7
366.9 11
367.1 3
367.3 7
367.5 9
367.7 8
367.9 8
368.1 3
368.3 11
368.5 4
368.7 6
368.9 8
369.1 4
369.3 7
369.5 6
369.7 3
369.9 6
370.1 6
370.3 5
370.5 7
370.7 3
370.9 7
371.1 11
371.3 5
371.5 10
371.7 4
371.9 4
372.1 9
372.3 9
372.5 9
372.7 3
372.9 4
373.1 4
373.3 6
373.5 5
373.7 4
373.9 5
374.1 3
374.3 7
374.5 1
374.7 10
374.9 4
375.1 9
375.3 4
375.5 2
375.7 3
375.9 2
376.1 6
376.3 2
376.5 10
376.7 5
376.9 4
377.1 4
377.3 5
377.5 2
377.7 11
377.9 3
378.1 5
378.3 15
378.5 4
378.7 5
378.9 6
379.1 8
379.3 5
379.5 5
379.7 4
379.9 2
380.1 6
380.3 8
380.5 8
380.7 5
380.9 6
381.1 8
381.3 5
381.5 6
381.7 4
381.9 3
382.1 5
382.3 2
382.5 0
382.7 5
382.9 8
383.1 9
383.3 5
383.5 8
383.7 16
383.9 4
384.1 5
384.3 4
384.5 5
384.7 6
384.9 2
385.1 4
385.3 4
385.5 4
385.7 4
385.9 7
386.1 4
386.3 5
386.5 5
386.7 5
386.9 7
387.1 11
387.3 5
387.5 6
387.7 5
387.9 6
388.1 9
388.3 7
388.5 5
388.7 7
388.9 2
389.1 7
389.3 5
389.5 7
389.7 4
389.9 3
390.1 1
390.3 7
390.5 6
390.7 5
390.9 4
391.1 3
391.3 7
391.5 8
391.7 3
391.9 5
392.1 4
392.3 9
392.5 3
392.7 6
392.9 7
393.1 9
393.3 6
393.5 6
393.7 2
393.9 3
394.1 5
394.3 5
394.5 2
394.7 7
394.9 5
395.1 5
395.3 9
395.5 4
395.7 6
395.9 6
396.1 5
396.3 7
396.5 5
396.7 3
396.9 5
397.1 4
397.3 6
397.5 4
397.7 5
397.9 5
398.1 6
398.3 6
398.5 7
398.7 5
398.9 7
399.1 6
399.3 5
399.5 4
399.7 2
399.9 6
400.1 7
400.3 3
400.5 5
400.7 3
400.9 3
401.1 4
401.3 5
401.5 4
401.7 4
401.9 3
402.1 4
402.3 3
402.5 6
402.7 6
402.9 5
403.1 7
403.3 4
403.5 3
403.7 6
403.9 2
404.1 7
404.3 6
404.5 4
404.7 3
404.9 6
405.1 8
405.3 10
405.5 4
405.7 5
405.9 4
406.1 5
406.3 2
406.5 6
406.7 7
406.9 5
407.1 5
407.3 10
407.5 5
407.7 3
407.9 7
408.1 7
408.3 2
408.5 3
408.7 4
408.9 5
409.1 9
409.3 5
409.5 6
409.7 9
409.9 2
410.1 7
410.3 3
410.5 5
410.7 4
410.9 6
411.1 3
411.3 1
411.5 6
411.7 3
411.9 4
412.1 5
412.3 4
412.5 5
412.7 6
412.9 3
413.1 3
413.3 10
413.5 6
413.7 6
413.9 8
414.1 6
414.3 3
414.5 5
414.7 2
414.9 5
415.1 1
415.3 8
415.5 8
415.7 5
415.9 9
416.1 7
416.3 3
416.5 10
416.7 5
416.9 7
417.1 2
417.3 6
417.5 3
417.7 11
417.9 2
418.1 11
418.3 2
418.5 3
418.7 6
418.9 3
419.1 2
419.3 3
419.5 5
419.7 9
419.9 6
420.1 2
420.3 3
420.5 2
420.7 3
420.9 5
421.1 6
421.3 3
421.5 7
421.7 3
421.9 6
422.1 5
422.3 5
422.5 5
422.7 6
422.9 6
423.1 2
423.3 7
423.5 1
423.7 4
423.9 6
424.1 6
424.3 6
424.5 6
424.7 8
424.9 4
425.1 3
425.3 5
425.5 7
425.7 6
425.9 11
426.1 5
426.3 2
426.5 4
426.7 7
426.9 5
427.1 3
427.3 6
427.5 3
427.7 3
427.9 5
428.1 3
428.3 1
428.5 6
428.7 6
428.9 6
429.1 4
429.3 8
429.5 5
429.7 7
429.9 6
430.1 3
430.3 5
430.5 5
430.7 5
430.9 5
431.1 5
431.3 1
431.5 4
431.7 4
431.9 10
432.1 4
432.3 6
432.5 5
432.7 4
432.9 2
433.1 4
433.3 5
433.5 5
433.7 2
433.9 7
434.1 10
434.3 3
434.5 2
434.7 4
434.9 9
435.1 3
435.3 7
435.5 7
435.7 7
435.9 6
436.1 4
436.3 8
436.5 5
436.7 4
436.9 8
437.1 5
437.3 12
437.5 3
437.7 6
437.9 5
438.1 5
438.3 4
438.5 4
438.7 4
438.9 5
439.1 4
439.3 6
439.5 6
439.7 0
439.9 6
440.1 5
440.3 7
440.5 3
440.7 2
440.9 6
441.1 4
441.3 14
441.5 6
441.7 2
441.9 8
442.1 5
442.3 4
442.5 5
442.7 8
442.9 8
443.1 2
443.3 5
443.5 2
443.7 2
443.9 8
444.1 5
444.3 6
444.5 2
444.7 6
444.9 6
445.1 7
445.3 3
445.5 4
445.7 3
445.9 5
446.1 3
446.3 8
446.5 3
446.7 10
446.9 5
447.1 1
447.3 6
447.5 5
447.7 4
447.9 6
448.1 7
448.3 5
448.5 6
448.7 6
448.9 10
449.1 2
449.3 3
449.5 4
449.7 5
449.9 5
