80.1 0
80.3 0
80.5 0
80.7 0
80.9 0
81.1 0
81.3 0
81.5 0
81.7 0
81.9 0
82.1 0
82.3 0
82.5 0
82.7 0
82.9 0
83.1 0
83.3 0
83.5 0
83.7 0
83.9 0
84.1 0
84.3 0
84.5 0
84.7 0
84.9 0
85.1 0
85.3 0
85.5 0
85.7 0
85.9 0
86.1 0
86.3 0
86.5 0
86.7 0
86.9 0
87.1 0
87.3 0
87.5 0
87.7 0
87.9 0
88.1 0
88.3 0
88.5 0
88.7 0
88.9 0
89.1 0
89.3 0
89.5 0
89.7 0
89.9 0
90.1 0
90.3 0
90.5 0
90.7 0
90.9 0
91.1 0
91.3 0
91.5 0
91.7 0
91.9 0
92.1 0
92.3 0
92.5 0
92.7 0
92.9 0
93.1 0
93.3 0
93.5 0
93.7 0
93.9 0
94.1 0
94.3 0
94.5 0
94.7 0
94.9 0
95.1 0
95.3 0
95.5 0
95.7 0
95.9 0
96.1 0
96.3 0
96.5 0
96.7 0
96.9 0
97.1 0
97.3 0
97.5 0
97.7 0
97.9 0
98.1 0
98.3 0
98.5 0
98.7 0
98.9 0
99.1 0
99.3 0
99.5 0
99.7 0
99.9 0
100.1 0
100.3 0
100.5 0
100.7 1
100.9 0
101.1 1
101.3 0
101.5 1
101.7 1
101.9 0
102.1 0
102.3 0
102.5 1
102.7 0
102.9 1
103.1 1
103.3 1
103.5 1
103.7 0
103.9 2
104.1 1
104.3 0
104.5 0
104.7 1
104.9 0
105.1 0
105.3 0
105.5 2
105.7 0
105.9 0
106.1 3
106.3 0
106.5 0
106.7 1
106.9 0
107.1 0
107.3 0
107.5 1
107.7 1
107.9 0
108.1 1
108.3 1
108.5 2
108.7 1
108.9 4
109.1 0
109.3 0
109.5 0
109.7 1
109.9 0
110.1 1
110.3 1
110.5 0
110.7 1
110.9 0
111.1 1
111.3 1
111.5 0
111.7 1
111.9 0
112.1 0
112.3 1
112.5 1
112.7 0
112.9 0
113.1 1
113.3 4
113.5 0
113.7 0
113.9 1
114.1 0
114.3 0
114.5 0
114.7 1
114.9 0
115.1 0
115.3 0
115.5 0
115.7 1
115.9 0
116.1 0
116.3 1
116.5 0
116.7 3
116.9 0
117.1 0
117.3 0
117.5 0
117.7 0
117.9 0
118.1 2
118.3 1
118.5 1
118.7 1
118.9 0
119.1 1
119.3 0
119.5 0
119.7 1
119.9 1
120.1 0
120.3 0
120.5 0
120.7 1
120.9 1
121.1 0
121.3 1
121.5 1
121.7 0
121.9 1
122.1 0
122.3 1
122.5 2
122.7 0
122.9 1
123.1 2
123.3 0
123.5 1
123.7 0
123.9 0
124.1 1
124.3 0
124.5 0
124.7 0
124.9 0
125.1 0
125.3 0
125.5 0
125.7 2
125.9 2
126.1 0
126.3 1
126.5 3
126.7 1
126.9 2
127.1 0
127.3 2
127.5 1
127.7 0
127.9 2
128.1 0
128.3 1
128.5 1
128.7 1
128.9 0
129.1 2
129.3 0
129.5 0
129.7 0
129.9 0
130.1 3
130.3 0
130.5 0
130.7 0
130.9 1
131.1 1
131.3 0
131.5 0
131.7 0
131.9 1
132.1 1
132.3 0
132.5 1
132.7 0
132.9 0
133.1 0
133.3 0
133.5 0
133.7 1
133.9 0
134.1 1
134.3 0
134.5 2
134.7 2
134.9 0
135.1 0
135.3 1
135.5 0
135.7 0
135.9 1
136.1 1
136.3 0
136.5 3
136.7 1
136.9 1
137.1 1
137.3 0
137.5 0
137.7 1
137.9 0
138.1 0
138.3 1
138.5 0
138.7 1
138.9 1
139.1 2
139.3 1
139.5 0
139.7 0
139.9 0
140.1 0
140.3 0
140.5 1
140.7 1
140.9 0
141.1 3
141.3 0
141.5 1
141.7 2
141.9 1
142.1 1
142.3 0
142.5 2
142.7 0
142.9 3
143.1 2
143.3 1
143.5 2
143.7 1
143.9 2
144.1 3
144.3 1
144.5 2
144.7 2
144.9 3
145.1 0
145.3 1
145.5 0
145.7 1
145.9 3
146.1 5
146.3 1
146.5 6
146.7 3
146.9 1
147.1 5
147.3 4
147.5 3
147.7 1
147.9 1
148.1 0
148.3 3
148.5 4
148.7 2
148.9 1
149.1 3
149.3 2
149.5 4
149.7 6
149.9 6
150.1 4
150.3 1
150.5 1
150.7 4
150.9 5
151.1 5
151.3 5
151.5 3
151.7 1
151.9 1
152.1 3
152.3 11
152.5 4
152.7 3
152.9 4
153.1 4
153.3 3
153.5 5
153.7 2
153.9 5
154.1 3
154.3 1
154.5 2
154.7 4
154.9 1
155.1 3
155.3 3
155.5 4
155.7 7
155.9 4
156.1 5
156.3 2
156.5 4
156.7 1
156.9 1
157.1 1
157.3 0
157.5 2
157.7 4
157.9 4
158.1 3
158.3 4
158.5 6
158.7 1
158.9 5
159.1 7
159.3 1
159.5 3
159.7 4
159.9 2
160.1 5
160.3 1
160.5 5
160.7 3
160.9 3
161.1 5
161.3 0
161.5 6
161.7 5
161.9 5
162.1 4
162.3 4
162.5 3
162.7 2
162.9 2
163.1 1
163.3 2
163.5 1
163.7 0
163.9 3
164.1 1
164.3 5
164.5 2
164.7 6
164.9 3
165.1 2
165.3 3
165.5 2
165.7 3
165.9 1
166.1 1
166.3 2
166.5 2
166.7 5
166.9 3
167.1 3
167.3 5
167.5 3
167.7 2
167.9 0
168.1 3
168.3 2
168.5 3
168.7 2
168.9 4
169.1 1
169.3 3
169.5 3
169.7 0
169.9 2
170.1 4
170.3 2
170.5 2
170.7 1
170.9 3
171.1 4
171.3 4
171.5 1
171.7 2
171.9 1
172.1 4
172.3 2
172.5 4
172.7 1
172.9 3
173.1 3
173.3 3
173.5 2
173.7 3
173.9 3
174.1 1
174.3 2
174.5 1
174.7 2
174.9 4
175.1 1
175.3 1
175.5 4
175.7 1
175.9 2
176.1 2
176.3 0
176.5 1
176.7 1
176.9 0
177.1 1
177.3 2
177.5 4
177.7 2
177.9 3
178.1 2
178.3 0
178.5 5
178.7 1
178.9 3
179.1 0
179.3 2
179.5 4
179.7 2
179.9 1
180.1 0
180.3 4
180.5 3
180.7 2
180.9 0
181.1 3
181.3 2
181.5 2
181.7 2
181.9 3
182.1 1
182.3 3
182.5 1
182.7 5
182.9 3
183.1 2
183.3 4
183.5 0
183.7 2
183.9 1
184.1 0
184.3 0
184.5 2
184.7 1
184.9 0
185.1 1
185.3 3
185.5 1
185.7 2
185.9 2
186.1 2
186.3 1
186.5 1
186.7 0
186.9 2
187.1 0
187.3 0
187.5 1
187.7 3
187.9 6
188.1 5
188.3 1
188.5 0
188.7 2
188.9 2
189.1 3
189.3 2
189.5 0
189.7 3
189.9 4
190.1 3
190.3 1
190.5 1
190.7 2
190.9 1
191.1 1
191.3 5
191.5 1
191.7 0
191.9 5
192.1 3
192.3 4
192.5 0
192.7 2
192.9 2
193.1 3
193.3 4
193.5 3
193.7 3
193.9 3
194.1 2
194.3 4
194.5 2
194.7 1
194.9 3
195.1 3
195.3 0
195.5 0
195.7 5
195.9 0
196.1 2
196.3 3
196.5 0
196.7 2
196.9 1
197.1 0
197.3 3
197.5 2
197.7 1
197.9 6
198.1 3
198.3 1
198.5 3
198.7 0
198.9 2
199.1 3
199.3 0
199.5 4
199.7 1
199.9 4
200.1 1
200.3 2
200.5 0
200.7 0
200.9 1
201.1 1
201.3 2
201.5 2
201.7 4
201.9 0
202.1 3
202.3 1
202.5 0
202.7 0
202.9 1
203.1 1
203.3 2
203.5 1
203.7 0
203.9 0
204.1 0
204.3 4
204.5 1
204.7 1
204.9 3
205.1 0
205.3 1
205.5 2
205.7 4
205.9 1
206.1 0
206.3 1
206.5 2
206.7 0
206.9 2
207.1 3
207.3 2
207.5 0
207.7 0
207.9 0
208.1 1
208.3 3
208.5 0
208.7 4
208.9 1
209.1 4
209.3 1
209.5 2
209.7 3
209.9 3
210.1 2
210.3 2
210.5 1
210.7 3
210.9 0
211.1 0
211.3 2
211.5 0
211.7 1
211.9 2
212.1 2
212.3 4
212.5 1
212.7 1
212.9 1
213.1 0
213.3 0
213.5 6
213.7 4
213.9 4
214.1 0
214.3 2
214.5 2
214.7 1
214.9 3
215.1 2
215.3 3
215.5 1
215.7 1
215.9 3
216.1 1
216.3 2
216.5 0
216.7 1
216.9 3
217.1 3
217.3 3
217.5 1
217.7 1
217.9 2
218.1 1
218.3 3
218.5 4
218.7 4
218.9 0
219.1 0
219.3 1
219.5 3
219.7 0
219.9 4
220.1 2
220.3 1
220.5 2
220.7 1
220.9 2
221.1 0
221.3 0
221.5 2
221.7 3
221.9 4
222.1 0
222.3 3
222.5 2
222.7 1
222.9 2
223.1 1
223.3 2
223.5 3
223.7 3
223.9 1
224.1 3
224.3 5
224.5 1
224.7 2
224.9 4
225.1 0
225.3 1
225.5 2
225.7 0
225.9 0
226.1 1
226.3 1
226.5 1
226.7 1
226.9 6
227.1 0
227.3 4
227.5 2
227.7 3
227.9 1
228.1 2
228.3 0
228.5 6
228.7 4
228.9 2
229.1 2
229.3 2
229.5 2
229.7 3
229.9 2
230.1 1
230.3 1
230.5 2
230.7 1
230.9 2
231.1 1
231.3 2
231.5 5
231.7 1
231.9 1
232.1 1
232.3 0
232.5 2
232.7 2
232.9 1
233.1 0
233.3 3
233.5 1
233.7 1
233.9 1
234.1 2
234.3 3
234.5 1
234.7 3
234.9 1
235.1 1
235.3 2
235.5 1
235.7 4
235.9 2
236.1 4
236.3 5
236.5 1
236.7 0
236.9 2
237.1 1
237.3 1
237.5 1
237.7 3
237.9 3
238.1 1
238.3 0
238.5 0
238.7 1
238.9 2
239.1 1
239.3 1
239.5 0
239.7 2
239.9 2
240.1 3
240.3 4
240.5 2
240.7 1
240.9 1
241.1 4
241.3 3
241.5 3
241.7 1
241.9 1
242.1 0
242.3 1
242.5 1
242.7 0
242.9 4
243.1 3
243.3 4
243.5 3
243.7 1
243.9 2
244.1 1
244.3 0
244.5 3
244.7 4
244.9 0
245.1 1
245.3 0
245.5 0
245.7 0
245.9 1
246.1 1
246.3 0
246.5 0
246.7 2
246.9 2
247.1 3
247.3 0
247.5 2
247.7 3
247.9 1
248.1 5
248.3 0
248.5 2
248.7 1
248.9 3
249.1 3
249.3 4
249.5 0
249.7 1
249.9 2
250.1 3
250.3 2
250.5 3
250.7 1
250.9 1
251.1 0
251.3 4
251.5 2
251.7 2
251.9 1
252.1 3
252.3 2
252.5 3
252.7 1
252.9 0
253.1 1
253.3 2
253.5 4
253.7 1
253.9 4
254.1 3
254.3 4
254.5 2
254.7 2
254.9 3
255.1 0
255.3 4
255.5 3
255.7 1
255.9 0
256.1 1
256.3 6
256.5 5
256.7 0
256.9 0
257.1 1
257.3 0
257.5 1
257.7 3
257.9 0
258.1 1
258.3 3
258.5 1
258.7 0
258.9 1
259.1 1
259.3 1
259.5 6
259.7 2
259.9 2
260.1 4
260.3 1
260.5 1
260.7 5
260.9 1
261.1 1
261.3 2
261.5 2
261.7 5
261.9 2
262.1 1
262.3 1
262.5 4
262.7 0
262.9 6
263.1 4
263.3 4
263.5 1
263.7 3
263.9 1
264.1 2
264.3 2
264.5 2
264.7 1
264.9 2
265.1 2
265.3 0
265.5 5
265.7 1
265.9 5
266.1 1
266.3 4
266.5 2
266.7 3
266.9 1
267.1 1
267.3 1
267.5 2
267.7 0
267.9 0
268.1 0
268.3 2
268.5 3
268.7 2
268.9 1
269.1 2
269.3 2
269.5 3
269.7 1
269.9 1
270.1 2
270.3 2
270.5 3
270.7 2
270.9 2
271.1 1
271.3 4
271.5 5
271.7 2
271.9 1
272.1 1
272.3 2
272.5 3
272.7 2
272.9 1
273.1 3
273.3 3
273.5 1
273.7 2
273.9 1
274.1 2
274.3 2
274.5 1
274.7 3
274.9 1
275.1 3
275.3 0
275.5 3
275.7 1
275.9 1
276.1 0
276.3 2
276.5 2
276.7 2
276.9 2
277.1 2
277.3 2
277.5 1
277.7 0
277.9 1
278.1 1
278.3 1
278.5 4
278.7 0
278.9 2
279.1 2
279.3 0
279.5 2
279.7 1
279.9 1
280.1 1
280.3 2
280.5 3
280.7 1
280.9 1
281.1 3
281.3 2
281.5 6
281.7 4
281.9 3
282.1 1
282.3 1
282.5 1
282.7 3
282.9 1
283.1 3
283.3 0
283.5 1
283.7 1
283.9 1
284.1 1
284.3 1
284.5 2
284.7 1
284.9 2
285.1 2
285.3 1
285.5 2
285.7 1
285.9 2
286.1 1
286.3 2
286.5 1
286.7 2
286.9 3
287.1 1
287.3 1
287.5 0
287.7 2
287.9 0
288.1 1
288.3 1
288.5 0
288.7 0
288.9 1
289.1 5
289.3 2
289.5 0
289.7 4
289.9 4
290.1 0
290.3 3
290.5 2
290.7 0
290.9 2
291.1 1
291.3 1
291.5 5
291.7 4
291.9 1
292.1 2
292.3 0
292.5 0
292.7 2
292.9 1
293.1 2
293.3 3
293.5 2
293.7 0
293.9 3
294.1 2
294.3 0
294.5 3
294.7 0
294.9 5
295.1 2
295.3 4
295.5 0
295.7 2
295.9 2
296.1 0
296.3 3
296.5 4
296.7 2
296.9 5
297.1 2
297.3 1
297.5 2
297.7 0
297.9 0
298.1 0
298.3 1
298.5 4
298.7 3
298.9 0
299.1 2
299.3 1
299.5 1
299.7 1
299.9 2
300.1 7
300.3 1
300.5 4
300.7 5
300.9 0
301.1 4
301.3 0
301.5 1
301.7 1
301.9 0
302.1 1
302.3 1
302.5 0
302.7 1
302.9 2
303.1 0
303.3 4
303.5 0
303.7 2
303.9 3
304.1 0
304.3 4
304.5 3
304.7 2
304.9 0
305.1 3
305.3 0
305.5 1
305.7 2
305.9 3
306.1 1
306.3 0
306.5 1
306.7 0
306.9 2
307.1 2
307.3 5
307.5 1
307.7 0
307.9 2
308.1 2
308.3 1
308.5 1
308.7 1
308.9 1
309.1 1
309.3 1
309.5 2
309.7 5
309.9 1
310.1 1
310.3 2
310.5 5
310.7 7
310.9 1
311.1 1
311.3 2
311.5 4
311.7 1
311.9 1
312.1 2
312.3 1
312.5 3
312.7 4
312.9 1
313.1 2
313.3 4
313.5 1
313.7 1
313.9 3
314.1 4
314.3 2
314.5 3
314.7 1
314.9 5
315.1 3
315.3 4
315.5 2
315.7 2
315.9 1
316.1 1
316.3 0
316.5 0
316.7 1
316.9 3
317.1 3
317.3 4
317.5 5
317.7 1
317.9 3
318.1 2
318.3 3
318.5 0
318.7 3
318.9 1
319.1 3
319.3 3
319.5 4
319.7 3
319.9 5
320.1 5
320.3 3
320.5 3
320.7 0
320.9 3
321.1 2
321.3 2
321.5 3
321.7 4
321.9 2
322.1 3
322.3 2
322.5 1
322.7 1
322.9 2
323.1 1
323.3 0
323.5 3
323.7 3
323.9 4
324.1 3
324.3 2
324.5 2
324.7 3
324.9 1
325.1 1
325.3 3
325.5 2
325.7 1
325.9 1
326.1 2
326.3 6
326.5 2
326.7 2
326.9 6
327.1 1
327.3 2
327.5 1
327.7 4
327.9 1
328.1 2
328.3 4
328.5 2
328.7 1
328.9 1
329.1 1
329.3 0
329.5 2
329.7 1
329.9 1
330.1 3
330.3 1
330.5 2
330.7 2
330.9 4
331.1 0
331.3 0
331.5 1
331.7 3
331.9 3
332.1 4
332.3 2
332.5 1
332.7 2
332.9 2
333.1 3
333.3 0
333.5 1
333.7 5
333.9 2
334.1 4
334.3 1
334.5 0
334.7 3
334.9 1
335.1 2
335.3 1
335.5 1
335.7 1
335.9 1
336.1 6
336.3 0
336.5 2
336.7 0
336.9 2
337.1 5
337.3 2
337.5 2
337.7 2
337.9 2
338.1 0
338.3 1
338.5 5
338.7 1
338.9 0
339.1 3
339.3 3
339.5 2
339.7 2
339.9 2
340.1 2
340.3 0
340.5 6
340.7 6
340.9 3
341.1 4
341.3 0
341.5 2
341.7 0
341.9 0
342.1 2
342.3 0
342.5 2
342.7 0
342.9 3
343.1 2
343.3 2
343.5 1
343.7 2
343.9 3
344.1 2
344.3 2
344.5 0
344.7 0
344.9 3
345.1 2
345.3 3
345.5 0
345.7 2
345.9 1
346.1 1
346.3 2
346.5 1
346.7 1
346.9 1
347.1 2
347.3 2
347.5 0
347.7 4
347.9 1
348.1 1
348.3 0
348.5 1
348.7 2
348.9 3
349.1 2
349.3 0
349.5 0
349.7 1
349.9 3
350.1 1
350.3 1
350.5 5
350.7 1
350.9 1
351.1 0
351.3 1
351.5 2
351.7 0
351.9 2
352.1 4
352.3 4
352.5 2
352.7 1
352.9 2
353.1 5
353.3 3
353.5 1
353.7 0
353.9 1
354.1 2
354.3 0
354.5 1
354.7 0
354.9 3
355.1 3
355.3 1
355.5 3
355.7 1
355.9 0
356.1 2
356.3 2
356.5 1
356.7 4
356.9 4
357.1 0
357.3 0
357.5 3
357.7 1
357.9 2
358.1 1
358.3 0
358.5 4
358.7 2
358.9 4
359.1 1
359.3 1
359.5 1
359.7 2
359.9 1
360.1 2
360.3 1
360.5 2
360.7 1
360.9 1
361.1 2
361.3 1
361.5 1
361.7 1
361.9 0
362.1 1
362.3 2
362.5 0
362.7 1
362.9 1
363.1 1
363.3 0
363.5 0
363.7 0
363.9 0
364.1 4
364.3 1
364.5 0
364.7 0
364.9 1
365.1 1
365.3 0
365.5 1
365.7 2
365.9 0
366.1 0
366.3 2
366.5 1
366.7 2
366.9 1
367.1 0
367.3 1
367.5 2
367.7 0
367.9 2
368.1 0
368.3 0
368.5 2
368.7 0
368.9 0
369.1 0
369.3 0
369.5 2
369.7 1
369.9 1
370.1 0
370.3 2
370.5 1
370.7 1
370.9 0
371.1 2
371.3 1
371.5 1
371.7 0
371.9 0
372.1 1
372.3 2
372.5 1
372.7 1
372.9 0
373.1 1
373.3 1
373.5 2
373.7 1
373.9 1
374.1 0
374.3 0
374.5 0
374.7 1
374.9 0
375.1 0
375.3 1
375.5 1
375.7 1
375.9 1
376.1 0
376.3 0
376.5 1
376.7 0
376.9 0
377.1 0
377.3 0
377.5 2
377.7 0
377.9 0
378.1 1
378.3 0
378.5 0
378.7 2
378.9 0
379.1 0
379.3 0
379.5 0
379.7 1
379.9 2
380.1 0
380.3 0
380.5 0
380.7 1
380.9 0
381.1 1
381.3 0
381.5 0
381.7 1
381.9 0
382.1 0
382.3 0
382.5 1
382.7 2
382.9 0
383.1 1
383.3 0
383.5 1
383.7 0
383.9 2
384.1 0
384.3 4
384.5 0
384.7 0
384.9 2
385.1 0
385.3 1
385.5 0
385.7 0
385.9 0
386.1 0
386.3 2
386.5 0
386.7 1
386.9 1
387.1 0
387.3 0
387.5 1
387.7 1
387.9 2
388.1 2
388.3 1
388.5 1
388.7 2
388.9 1
389.1 2
389.3 1
389.5 1
389.7 1
389.9 2
390.1 1
390.3 0
390.5 0
390.7 0
390.9 0
391.1 0
391.3 1
391.5 1
391.7 0
391.9 1
392.1 1
392.3 1
392.5 0
392.7 1
392.9 0
393.1 0
393.3 2
393.5 0
393.7 1
393.9 3
394.1 0
394.3 1
394.5 1
394.7 1
394.9 1
395.1 0
395.3 0
395.5 0
395.7 2
395.9 1
396.1 1
396.3 0
396.5 1
396.7 1
396.9 2
397.1 2
397.3 0
397.5 1
397.7 0
397.9 0
398.1 1
398.3 2
398.5 0
398.7 2
398.9 1
399.1 1
399.3 0
399.5 0
399.7 0
399.9 0
400.1 0
400.3 1
400.5 1
400.7 1
400.9 0
401.1 1
401.3 0
401.5 0
401.7 1
401.9 3
402.1 2
402.3 1
402.5 0
402.7 0
402.9 0
403.1 1
403.3 1
403.5 1
403.7 0
403.9 0
404.1 2
404.3 1
404.5 2
404.7 0
404.9 1
405.1 1
405.3 2
405.5 1
405.7 0
405.9 2
406.1 0
406.3 2
406.5 0
406.7 0
406.9 0
407.1 2
407.3 0
407.5 0
407.7 1
407.9 0
408.1 1
408.3 2
408.5 0
408.7 0
408.9 1
409.1 0
409.3 1
409.5 0
409.7 0
409.9 1
410.1 3
410.3 0
410.5 0
410.7 1
410.9 1
411.1 1
411.3 2
411.5 1
411.7 2
411.9 0
412.1 0
412.3 0
412.5 0
412.7 0
412.9 1
413.1 1
413.3 2
413.5 1
413.7 1
413.9 1
414.1 0
414.3 0
414.5 1
414.7 1
414.9 0
415.1 1
415.3 3
415.5 1
415.7 0
415.9 1
416.1 0
416.3 0
416.5 0
416.7 0
416.9 1
417.1 0
417.3 1
417.5 1
417.7 0
417.9 0
418.1 0
418.3 1
418.5 0
418.7 1
418.9 3
419.1 4
419.3 1
419.5 0
419.7 1
419.9 1
420.1 0
420.3 0
420.5 0
420.7 0
420.9 0
421.1 0
421.3 1
421.5 2
421.7 0
421.9 0
422.1 0
422.3 0
422.5 0
422.7 0
422.9 0
423.1 0
423.3 1
423.5 1
423.7 0
423.9 0
424.1 1
424.3 1
424.5 4
424.7 0
424.9 0
425.1 1
425.3 0
425.5 1
425.7 0
425.9 1
426.1 0
426.3 0
426.5 0
426.7 0
426.9 0
427.1 0
427.3 0
427.5 0
427.7 0
427.9 0
428.1 2
428.3 0
428.5 0
428.7 1
428.9 0
429.1 0
429.3 1
429.5 0
429.7 0
429.9 1
430.1 2
430.3 1
430.5 0
430.7 0
430.9 0
431.1 0
431.3 0
431.5 1
431.7 0
431.9 1
432.1 0
432.3 1
432.5 0
432.7 2
432.9 0
433.1 0
433.3 2
433.5 1
433.7 2
433.9 0
434.1 1
434.3 0
434.5 2
434.7 0
434.9 0
435.1 0
435.3 2
435.5 1
435.7 3
435.9 0
436.1 0
436.3 1
436.5 1
436.7 0
436.9 0
437.1 1
437.3 1
437.5 0
437.7 1
437.9 0
438.1 1
438.3 3
438.5 0
438.7 0
438.9 0
439.1 1
439.3 0
439.5 0
439.7 1
439.9 1
440.1 0
440.3 1
440.5 0
440.7 0
440.9 3
441.1 1
441.3 0
441.5 0
441.7 0
441.9 0
442.1 0
442.3 1
442.5 2
442.7 0
442.9 3
443.1 2
443.3 0
443.5 0
443.7 0
443.9 2
444.1 0
444.3 0
444.5 0
444.7 0
444.9 1
445.1 1
445.3 0
445.5 0
445.7 0
445.9 0
446.1 0
446.3 2
446.5 1
446.7 0
446.9 1
447.1 0
447.3 0
447.5 0
447.7 0
447.9 0
448.1 2
448.3 0
448.5 0
448.7 1
448.9 1
449.1 0
449.3 1
449.5 0
449.7 0
449.9 0
