1425
-1584.7 9.24573e-05
-1584.5 0.000224258
-1584.3 0.000379665
-1584.1 0.000552776
-1583.9 0.000761297
-1583.7 0.00096785
-1583.5 0.00121375
-1583.3 0.00144587
-1583.1 0.00173702
-1582.9 0.00207537
-1582.7 0.00243536
-1582.5 0.00282093
-1582.3 0.00325174
-1582.1 0.00374157
-1581.9 0.00423926
-1581.7 0.0047704
-1581.5 0.00542744
-1581.3 0.00601956
-1581.1 0.0066825
-1580.9 0.00745953
-1580.7 0.00821099
-1580.5 0.00896835
-1580.3 0.00986342
-1580.1 0.0107368
-1579.9 0.0116713
-1579.7 0.0125742
-1579.5 0.0135538
-1579.3 0.0146378
-1579.1 0.0158377
-1578.9 0.01702
-1578.7 0.0182377
-1578.5 0.01954
-1578.3 0.0208658
-1578.1 0.0221524
-1577.9 0.0235196
-1577.7 0.0249517
-1577.5 0.0264487
-1577.3 0.0278591
-1577.1 0.0293424
-1576.9 0.030804
-1576.7 0.0323246
-1576.5 0.0339043
-1576.3 0.0354033
-1576.1 0.0369809
-1575.9 0.0386353
-1575.7 0.0401717
-1575.5 0.0418792
-1575.3 0.0435159
-1575.1 0.0451152
-1574.9 0.0466653
-1574.7 0.0482529
-1574.5 0.0498718
-1574.3 0.0514318
-1574.1 0.052976
-1573.9 0.0545085
-1573.7 0.0559386
-1573.5 0.0574592
-1573.3 0.0589228
-1573.1 0.0604316
-1572.9 0.0618323
-1572.7 0.0632821
-1572.5 0.0648027
-1572.3 0.066341
-1572.1 0.067781
-1571.9 0.0692485
-1571.7 0.07072
-1571.5 0.072095
-1571.3 0.0734937
-1571.1 0.0748235
-1570.9 0.0760333
-1570.7 0.0774103
-1570.5 0.0786929
-1570.3 0.0800365
-1570.1 0.0812621
-1569.9 0.0825643
-1569.7 0.0838037
-1569.5 0.0850803
-1569.3 0.0863
-1569.1 0.0874921
-1568.9 0.0887295
-1568.7 0.0899373
-1568.5 0.0911727
-1568.3 0.0923864
-1568.1 0.093551
-1567.9 0.0947116
-1567.7 0.0958801
-1567.5 0.0970054
-1567.3 0.0982093
-1567.1 0.0993424
-1566.9 0.100509
-1566.7 0.101607
-1566.5 0.102742
-1566.3 0.103881
-1566.1 0.105063
-1565.9 0.106102
-1565.7 0.107158
-1565.5 0.108326
-1565.3 0.109473
-1565.1 0.110587
-1564.9 0.111655
-1564.7 0.112666
-1564.5 0.113689
-1564.3 0.114747
-1564.1 0.115806
-1563.9 0.116831
-1563.7 0.117879
-1563.5 0.118985
-1563.3 0.120055
-1563.1 0.121129
-1562.9 0.122187
-1562.7 0.123279
-1562.5 0.124327
-1562.3 0.125376
-1562.1 0.126409
-1561.9 0.127436
-1561.7 0.128431
-1561.5 0.129513
-1561.3 0.130473
-1561.1 0.131531
-1560.9 0.132472
-1560.7 0.133416
-1560.5 0.134394
-1560.3 0.13533
-1560.1 0.136225
-1559.9 0.137264
-1559.7 0.138255
-1559.5 0.139309
-1559.3 0.140289
-1559.1 0.141279
-1558.9 0.142213
-1558.7 0.143197
-1558.5 0.144127
-1558.3 0.145099
-1558.1 0.146084
-1557.9 0.147098
-1557.7 0.148048
-1557.5 0.14899
-1557.3 0.149871
-1557.1 0.150837
-1556.9 0.151866
-1556.7 0.152787
-1556.5 0.153719
-1556.3 0.154638
-1556.1 0.155486
-1555.9 0.156471
-1555.7 0.157443
-1555.5 0.158385
-1555.3 0.159418
-1555.1 0.160327
-1554.9 0.161222
-1554.7 0.16216
-1554.5 0.163093
-1554.3 0.164007
-1554.1 0.164924
-1553.9 0.165927
-1553.7 0.166905
-1553.5 0.167889
-1553.3 0.168902
-1553.1 0.169783
-1552.9 0.170739
-1552.7 0.171687
-1552.5 0.172645
-1552.3 0.173572
-1552.1 0.174477
-1551.9 0.175419
-1551.7 0.176318
-1551.5 0.177244
-1551.3 0.178114
-1551.1 0.179007
-1550.9 0.179947
-1550.7 0.180894
-1550.5 0.181824
-1550.3 0.182725
-1550.1 0.183715
-1549.9 0.184716
-1549.7 0.185546
-1549.5 0.1865
-1549.3 0.187391
-1549.1 0.188341
-1548.9 0.189254
-1548.7 0.190147
-1548.5 0.191093
-1548.3 0.192
-1548.1 0.192948
-1547.9 0.193908
-1547.7 0.194908
-1547.5 0.195797
-1547.3 0.196714
-1547.1 0.197587
-1546.9 0.198531
-1546.7 0.199456
-1546.5 0.200436
-1546.3 0.201348
-1546.1 0.202281
-1545.9 0.203174
-1545.7 0.204128
-1545.5 0.205072
-1545.3 0.206018
-1545.1 0.20691
-1544.9 0.207775
-1544.7 0.208648
-1544.5 0.209559
-1544.3 0.210472
-1544.1 0.211377
-1543.9 0.21227
-1543.7 0.213116
-1543.5 0.213995
-1543.3 0.214853
-1543.1 0.215758
-1542.9 0.216669
-1542.7 0.217593
-1542.5 0.218425
-1542.3 0.219383
-1542.1 0.220308
-1541.9 0.221231
-1541.7 0.222137
-1541.5 0.22305
-1541.3 0.224002
-1541.1 0.22483
-1540.9 0.225737
-1540.7 0.226566
-1540.5 0.227413
-1540.3 0.228358
-1540.1 0.229276
-1539.9 0.230128
-1539.7 0.231037
-1539.5 0.23183
-1539.3 0.232764
-1539.1 0.23371
-1538.9 0.234564
-1538.7 0.235434
-1538.5 0.236335
-1538.3 0.237214
-1538.1 0.238099
-1537.9 0.238955
-1537.7 0.239812
-1537.5 0.240684
-1537.3 0.241557
-1537.1 0.2425
-1536.9 0.243355
-1536.7 0.244247
-1536.5 0.245073
-1536.3 0.245944
-1536.1 0.246847
-1535.9 0.247707
-1535.7 0.248564
-1535.5 0.249517
-1535.3 0.25039
-1535.1 0.251297
-1534.9 0.252143
-1534.7 0.253057
-1534.5 0.253966
-1534.3 0.254844
-1534.1 0.255776
-1533.9 0.256732
-1533.7 0.257625
-1533.5 0.258544
-1533.3 0.259429
-1533.1 0.260373
-1532.9 0.261245
-1532.7 0.26215
-1532.5 0.26297
-1532.3 0.263904
-1532.1 0.264792
-1531.9 0.265675
-1531.7 0.266633
-1531.5 0.2675
-1531.3 0.268374
-1531.1 0.269302
-1530.9 0.270156
-1530.7 0.271087
-1530.5 0.272005
-1530.3 0.272818
-1530.1 0.273691
-1529.9 0.27458
-1529.7 0.275489
-1529.5 0.276359
-1529.3 0.277236
-1529.1 0.278113
-1528.9 0.278944
-1528.7 0.279815
-1528.5 0.280736
-1528.3 0.281615
-1528.1 0.282512
-1527.9 0.283324
-1527.7 0.284192
-1527.5 0.285119
-1527.3 0.286041
-1527.1 0.286856
-1526.9 0.287817
-1526.7 0.288693
-1526.5 0.289614
-1526.3 0.290442
-1526.1 0.291305
-1525.9 0.292234
-1525.7 0.293111
-1525.5 0.293937
-1525.3 0.29475
-1525.1 0.295613
-1524.9 0.296503
-1524.7 0.297437
-1524.5 0.298332
-1524.3 0.299221
-1524.1 0.300093
-1523.9 0.301037
-1523.7 0.301916
-1523.5 0.302774
-1523.3 0.303689
-1523.1 0.304639
-1522.9 0.305514
-1522.7 0.306327
-1522.5 0.307155
-1522.3 0.308066
-1522.1 0.308919
-1521.9 0.309799
-1521.7 0.310686
-1521.5 0.311561
-1521.3 0.312441
-1521.1 0.313375
-1520.9 0.314207
-1520.7 0.315081
-1520.5 0.315995
-1520.3 0.31691
-1520.1 0.317768
-1519.9 0.318698
-1519.7 0.319534
-1519.5 0.320443
-1519.3 0.321291
-1519.1 0.322162
-1518.9 0.323052
-1518.7 0.324014
-1518.5 0.324899
-1518.3 0.325817
-1518.1 0.32676
-1517.9 0.327676
-1517.7 0.328552
-1517.5 0.329463
-1517.3 0.330293
-1517.1 0.331221
-1516.9 0.332055
-1516.7 0.332984
-1516.5 0.333832
-1516.3 0.334727
-1516.1 0.335681
-1515.9 0.336643
-1515.7 0.337559
-1515.5 0.33847
-1515.3 0.339422
-1515.1 0.340288
-1514.9 0.341175
-1514.7 0.342102
-1514.5 0.342975
-1514.3 0.343906
-1514.1 0.344789
-1513.9 0.345757
-1513.7 0.346703
-1513.5 0.347724
-1513.3 0.348672
-1513.1 0.349524
-1512.9 0.350505
-1512.7 0.351399
-1512.5 0.352301
-1512.3 0.353159
-1512.1 0.354052
-1511.9 0.354926
-1511.7 0.355852
-1511.5 0.356747
-1511.3 0.357674
-1511.1 0.358579
-1510.9 0.359503
-1510.7 0.360335
-1510.5 0.36128
-1510.3 0.362238
-1510.1 0.363172
-1509.9 0.364087
-1509.7 0.364931
-1509.5 0.365828
-1509.3 0.366748
-1509.1 0.367616
-1508.9 0.368501
-1508.7 0.369471
-1508.5 0.370327
-1508.3 0.371312
-1508.1 0.372239
-1507.9 0.373167
-1507.7 0.374037
-1507.5 0.374954
-1507.3 0.375843
-1507.1 0.376714
-1506.9 0.377572
-1506.7 0.378483
-1506.5 0.37935
-1506.3 0.38021
-1506.1 0.381099
-1505.9 0.381923
-1505.7 0.382875
-1505.5 0.3839
-1505.3 0.384805
-1505.1 0.385742
-1504.9 0.386686
-1504.7 0.387661
-1504.5 0.388492
-1504.3 0.389428
-1504.1 0.39036
-1503.9 0.391364
-1503.7 0.392361
-1503.5 0.393266
-1503.3 0.394189
-1503.1 0.395054
-1502.9 0.395945
-1502.7 0.396866
-1502.5 0.397759
-1502.3 0.39865
-1502.1 0.3995
-1501.9 0.400456
-1501.7 0.401381
-1501.5 0.402248
-1501.3 0.403116
-1501.1 0.403987
-1500.9 0.404914
-1500.7 0.405866
-1500.5 0.4068
-1500.3 0.407658
-1500.1 0.408535
-1499.9 0.409477
-1499.7 0.410398
-1499.5 0.411295
-1499.3 0.412178
-1499.1 0.413032
-1498.9 0.413935
-1498.7 0.414864
-1498.5 0.415713
-1498.3 0.416626
-1498.1 0.417509
-1497.9 0.418401
-1497.7 0.419349
-1497.5 0.42024
-1497.3 0.421212
-1497.1 0.422152
-1496.9 0.423033
-1496.7 0.42396
-1496.5 0.42489
-1496.3 0.425766
-1496.1 0.426692
-1495.9 0.427591
-1495.7 0.428514
-1495.5 0.429478
-1495.3 0.430379
-1495.1 0.43126
-1494.9 0.432124
-1494.7 0.433062
-1494.5 0.433916
-1494.3 0.434726
-1494.1 0.435649
-1493.9 0.436506
-1493.7 0.437447
-1493.5 0.438308
-1493.3 0.439174
-1493.1 0.440071
-1492.9 0.441019
-1492.7 0.441936
-1492.5 0.442872
-1492.3 0.443736
-1492.1 0.444649
-1491.9 0.445526
-1491.7 0.446415
-1491.5 0.447277
-1491.3 0.448152
-1491.1 0.449045
-1490.9 0.449988
-1490.7 0.450906
-1490.5 0.451819
-1490.3 0.452736
-1490.1 0.453593
-1489.9 0.454477
-1489.7 0.455378
-1489.5 0.456223
-1489.3 0.457111
-1489.1 0.458004
-1488.9 0.458942
-1488.7 0.459792
-1488.5 0.460752
-1488.3 0.461663
-1488.1 0.462615
-1487.9 0.463551
-1487.7 0.464472
-1487.5 0.465357
-1487.3 0.466203
-1487.1 0.467019
-1486.9 0.467971
-1486.7 0.468833
-1486.5 0.469742
-1486.3 0.47067
-1486.1 0.47153
-1485.9 0.472413
-1485.7 0.473295
-1485.5 0.47415
-1485.3 0.475036
-1485.1 0.475893
-1484.9 0.476836
-1484.7 0.477797
-1484.5 0.478712
-1484.3 0.479653
-1484.1 0.480493
-1483.9 0.481384
-1483.7 0.482283
-1483.5 0.483113
-1483.3 0.484029
-1483.1 0.484889
-1482.9 0.4858
-1482.7 0.486711
-1482.5 0.487612
-1482.3 0.488454
-1482.1 0.489331
-1481.9 0.49021
-1481.7 0.491082
-1481.5 0.491932
-1481.3 0.492856
-1481.1 0.493745
-1480.9 0.494678
-1480.7 0.495571
-1480.5 0.496478
-1480.3 0.497351
-1480.1 0.498238
-1479.9 0.49913
-1479.7 0.500032
-1479.5 0.500849
-1479.3 0.501789
-1479.1 0.502674
-1478.9 0.503593
-1478.7 0.504535
-1478.5 0.505444
-1478.3 0.506367
-1478.1 0.507254
-1477.9 0.508163
-1477.7 0.508995
-1477.5 0.50989
-1477.3 0.510758
-1477.1 0.511635
-1476.9 0.512532
-1476.7 0.513409
-1476.5 0.514269
-1476.3 0.51518
-1476.1 0.516043
-1475.9 0.51694
-1475.7 0.517822
-1475.5 0.518727
-1475.3 0.519568
-1475.1 0.52044
-1474.9 0.521361
-1474.7 0.522262
-1474.5 0.523161
-1474.3 0.523987
-1474.1 0.524911
-1473.9 0.525867
-1473.7 0.526764
-1473.5 0.527687
-1473.3 0.528649
-1473.1 0.52953
-1472.9 0.530431
-1472.7 0.531309
-1472.5 0.532219
-1472.3 0.533189
-1472.1 0.534037
-1471.9 0.534968
-1471.7 0.535861
-1471.5 0.536738
-1471.3 0.537637
-1471.1 0.538542
-1470.9 0.539453
-1470.7 0.540281
-1470.5 0.541223
-1470.3 0.542112
-1470.1 0.543023
-1469.9 0.543912
-1469.7 0.544699
-1469.5 0.545569
-1469.3 0.546474
-1469.1 0.547396
-1468.9 0.548348
-1468.7 0.549291
-1468.5 0.550241
-1468.3 0.551118
-1468.1 0.552021
-1467.9 0.552951
-1467.7 0.553848
-1467.5 0.554718
-1467.3 0.555578
-1467.1 0.556532
-1466.9 0.557421
-1466.7 0.558253
-1466.5 0.559097
-1466.3 0.560006
-1466.1 0.560875
-1465.9 0.561808
-1465.7 0.562695
-1465.5 0.56356
-1465.3 0.564465
-1465.1 0.565329
-1464.9 0.566185
-1464.7 0.56707
-1464.5 0.567996
-1464.3 0.568921
-1464.1 0.569826
-1463.9 0.570804
-1463.7 0.571767
-1463.5 0.572698
-1463.3 0.57364
-1463.1 0.574508
-1462.9 0.57544
-1462.7 0.576302
-1462.5 0.577146
-1462.3 0.578037
-1462.1 0.578985
-1461.9 0.579927
-1461.7 0.580868
-1461.5 0.581731
-1461.3 0.582616
-1461.1 0.583445
-1460.9 0.584381
-1460.7 0.585274
-1460.5 0.58615
-1460.3 0.587198
-1460.1 0.588132
-1459.9 0.588994
-1459.7 0.589926
-1459.5 0.590877
-1459.3 0.591768
-1459.1 0.592616
-1458.9 0.593426
-1458.7 0.594368
-1458.5 0.595259
-1458.3 0.59621
-1458.1 0.597152
-1457.9 0.598067
-1457.7 0.599025
-1457.5 0.599906
-1457.3 0.600807
-1457.1 0.601623
-1456.9 0.602522
-1456.7 0.603398
-1456.5 0.604314
-1456.3 0.605158
-1456.1 0.606038
-1455.9 0.606958
-1455.7 0.607828
-1455.5 0.608703
-1455.3 0.60963
-1455.1 0.610499
-1454.9 0.611396
-1454.7 0.612291
-1454.5 0.613243
-1454.3 0.614158
-1454.1 0.615053
-1453.9 0.61598
-1453.7 0.616932
-1453.5 0.617733
-1453.3 0.618604
-1453.1 0.619511
-1452.9 0.620392
-1452.7 0.62122
-1452.5 0.622192
-1452.3 0.623018
-1452.1 0.623837
-1451.9 0.624732
-1451.7 0.625648
-1451.5 0.626565
-1451.3 0.627415
-1451.1 0.628361
-1450.9 0.629219
-1450.7 0.630143
-1450.5 0.631003
-1450.3 0.631873
-1450.1 0.632768
-1449.9 0.633643
-1449.7 0.634518
-1449.5 0.635386
-1449.3 0.636328
-1449.1 0.637235
-1448.9 0.638173
-1448.7 0.639112
-1448.5 0.640044
-1448.3 0.64099
-1448.1 0.641868
-1447.9 0.642733
-1447.7 0.643632
-1447.5 0.644527
-1447.3 0.645391
-1447.1 0.646274
-1446.9 0.647146
-1446.7 0.647984
-1446.5 0.648891
-1446.3 0.649839
-1446.1 0.650681
-1445.9 0.651584
-1445.7 0.652408
-1445.5 0.653279
-1445.3 0.654125
-1445.1 0.65502
-1444.9 0.655878
-1444.7 0.656779
-1444.5 0.657611
-1444.3 0.658459
-1444.1 0.659289
-1443.9 0.660222
-1443.7 0.661166
-1443.5 0.662055
-1443.3 0.662919
-1443.1 0.663751
-1442.9 0.664691
-1442.7 0.665647
-1442.5 0.666495
-1442.3 0.667335
-1442.1 0.668303
-1441.9 0.669239
-1441.7 0.670128
-1441.5 0.671035
-1441.3 0.671934
-1441.1 0.672863
-1440.9 0.673766
-1440.7 0.6747
-1440.5 0.675597
-1440.3 0.676463
-1440.1 0.677411
-1439.9 0.678373
-1439.7 0.679282
-1439.5 0.680171
-1439.3 0.681083
-1439.1 0.681943
-1438.9 0.682783
-1438.7 0.683662
-1438.5 0.684577
-1438.3 0.685464
-1438.1 0.686405
-1437.9 0.687282
-1437.7 0.688144
-1437.5 0.689052
-1437.3 0.689977
-1437.1 0.690868
-1436.9 0.691808
-1436.7 0.692654
-1436.5 0.693544
-1436.3 0.694429
-1436.1 0.695393
-1435.9 0.696347
-1435.7 0.697202
-1435.5 0.698072
-1435.3 0.698922
-1435.1 0.699813
-1434.9 0.700739
-1434.7 0.701607
-1434.5 0.702549
-1434.3 0.70346
-1434.1 0.704357
-1433.9 0.705215
-1433.7 0.706049
-1433.5 0.707005
-1433.3 0.707926
-1433.1 0.708766
-1432.9 0.709655
-1432.7 0.710536
-1432.5 0.711502
-1432.3 0.712303
-1432.1 0.713137
-1431.9 0.714049
-1431.7 0.714937
-1431.5 0.715824
-1431.3 0.716756
-1431.1 0.717661
-1430.9 0.718536
-1430.7 0.719443
-1430.5 0.720344
-1430.3 0.721275
-1430.1 0.722123
-1429.9 0.723047
-1429.7 0.723897
-1429.5 0.724835
-1429.3 0.72576
-1429.1 0.726624
-1428.9 0.727493
-1428.7 0.728461
-1428.5 0.729303
-1428.3 0.730227
-1428.1 0.731119
-1427.9 0.732033
-1427.7 0.732901
-1427.5 0.733819
-1427.3 0.734717
-1427.1 0.735576
-1426.9 0.736501
-1426.7 0.737341
-1426.5 0.738255
-1426.3 0.739127
-1426.1 0.739941
-1425.9 0.740854
-1425.7 0.741749
-1425.5 0.742697
-1425.3 0.743559
-1425.1 0.744462
-1424.9 0.745402
-1424.7 0.74627
-1424.5 0.747242
-1424.3 0.748066
-1424.1 0.748914
-1423.9 0.749832
-1423.7 0.750674
-1423.5 0.751548
-1423.3 0.752433
-1423.1 0.753332
-1422.9 0.754195
-1422.7 0.755057
-1422.5 0.755997
-1422.3 0.756841
-1422.1 0.757744
-1421.9 0.758592
-1421.7 0.759452
-1421.5 0.760313
-1421.3 0.761254
-1421.1 0.762198
-1420.9 0.763091
-1420.7 0.763978
-1420.5 0.764812
-1420.3 0.765737
-1420.1 0.76663
-1419.9 0.767553
-1419.7 0.7684
-1419.5 0.769319
-1419.3 0.770291
-1419.1 0.771158
-1418.9 0.771979
-1418.7 0.772785
-1418.5 0.773696
-1418.3 0.774575
-1418.1 0.775419
-1417.9 0.776346
-1417.7 0.777312
-1417.5 0.778217
-1417.3 0.779126
-1417.1 0.779952
-1416.9 0.780821
-1416.7 0.781687
-1416.5 0.782523
-1416.3 0.78332
-1416.1 0.784187
-1415.9 0.785066
-1415.7 0.785963
-1415.5 0.786764
-1415.3 0.787663
-1415.1 0.788521
-1414.9 0.789321
-1414.7 0.790157
-1414.5 0.790982
-1414.3 0.791877
-1414.1 0.792774
-1413.9 0.793635
-1413.7 0.794528
-1413.5 0.795447
-1413.3 0.796303
-1413.1 0.79718
-1412.9 0.798052
-1412.7 0.799063
-1412.5 0.79998
-1412.3 0.800875
-1412.1 0.801724
-1411.9 0.802661
-1411.7 0.803623
-1411.5 0.804559
-1411.3 0.805421
-1411.1 0.806322
-1410.9 0.807211
-1410.7 0.808128
-1410.5 0.808985
-1410.3 0.809871
-1410.1 0.810793
-1409.9 0.811629
-1409.7 0.81254
-1409.5 0.813549
-1409.3 0.814491
-1409.1 0.815465
-1408.9 0.816305
-1408.7 0.817238
-1408.5 0.818174
-1408.3 0.819089
-1408.1 0.819952
-1407.9 0.820767
-1407.7 0.821683
-1407.5 0.822557
-1407.3 0.823397
-1407.1 0.824221
-1406.9 0.825112
-1406.7 0.8261
-1406.5 0.826989
-1406.3 0.827886
-1406.1 0.828738
-1405.9 0.829607
-1405.7 0.830475
-1405.5 0.831332
-1405.3 0.832212
-1405.1 0.833038
-1404.9 0.833913
-1404.7 0.834751
-1404.5 0.835591
-1404.3 0.836502
-1404.1 0.837425
-1403.9 0.83817
-1403.7 0.839063
-1403.5 0.839972
-1403.3 0.840838
-1403.1 0.841674
-1402.9 0.842555
-1402.7 0.843476
-1402.5 0.844345
-1402.3 0.845244
-1402.1 0.846126
-1401.9 0.847003
-1401.7 0.847841
-1401.5 0.848695
-1401.3 0.849596
-1401.1 0.850434
-1400.9 0.851323
-1400.7 0.852269
-1400.5 0.85317
-1400.3 0.854093
-1400.1 0.855033
-1399.9 0.855969
-1399.7 0.856931
-1399.5 0.857826
-1399.3 0.858717
-1399.1 0.85962
-1398.9 0.860405
-1398.7 0.861184
-1398.5 0.862079
-1398.3 0.862998
-1398.1 0.86396
-1397.9 0.864855
-1397.7 0.865709
-1397.5 0.866555
-1397.3 0.867467
-1397.1 0.868313
-1396.9 0.869165
-1396.7 0.870103
-1396.5 0.87101
-1396.3 0.871899
-1396.1 0.872814
-1395.9 0.873688
-1395.7 0.874549
-1395.5 0.875456
-1395.3 0.876357
-1395.1 0.877225
-1394.9 0.87811
-1394.7 0.879072
-1394.5 0.879937
-1394.3 0.880815
-1394.1 0.881625
-1393.9 0.882434
-1393.7 0.88336
-1393.5 0.884263
-1393.3 0.885103
-1393.1 0.886
-1392.9 0.886976
-1392.7 0.887946
-1392.5 0.88887
-1392.3 0.889736
-1392.1 0.890623
-1391.9 0.891424
-1391.7 0.892185
-1391.5 0.892972
-1391.3 0.893763
-1391.1 0.894618
-1390.9 0.895529
-1390.7 0.896426
-1390.5 0.897319
-1390.3 0.898177
-1390.1 0.898991
-1389.9 0.899916
-1389.7 0.900799
-1389.5 0.901637
-1389.3 0.902442
-1389.1 0.903315
-1388.9 0.904236
-1388.7 0.905056
-1388.5 0.905989
-1388.3 0.906903
-1388.1 0.907785
-1387.9 0.908658
-1387.7 0.909571
-1387.5 0.910433
-1387.3 0.91133
-1387.1 0.912158
-1386.9 0.913145
-1386.7 0.914064
-1386.5 0.914906
-1386.3 0.91575
-1386.1 0.91657
-1385.9 0.917359
-1385.7 0.918282
-1385.5 0.919155
-1385.3 0.920048
-1385.1 0.920851
-1384.9 0.921671
-1384.7 0.922556
-1384.5 0.923408
-1384.3 0.924289
-1384.1 0.925163
-1383.9 0.926052
-1383.7 0.926941
-1383.5 0.927807
-1383.3 0.928649
-1383.1 0.929485
-1382.9 0.93034
-1382.7 0.931214
-1382.5 0.932099
-1382.3 0.932976
-1382.1 0.933803
-1381.9 0.934619
-1381.7 0.935475
-1381.5 0.936246
-1381.3 0.936987
-1381.1 0.937759
-1380.9 0.938602
-1380.7 0.939421
-1380.5 0.940198
-1380.3 0.941004
-1380.1 0.941835
-1379.9 0.942655
-1379.7 0.943511
-1379.5 0.944353
-1379.3 0.945149
-1379.1 0.945977
-1378.9 0.946796
-1378.7 0.947522
-1378.5 0.948224
-1378.3 0.949013
-1378.1 0.949729
-1377.9 0.950447
-1377.7 0.951187
-1377.5 0.951901
-1377.3 0.952648
-1377.1 0.953291
-1376.9 0.953925
-1376.7 0.95469
-1376.5 0.955369
-1376.3 0.956146
-1376.1 0.956795
-1375.9 0.957452
-1375.7 0.958131
-1375.5 0.95879
-1375.3 0.959451
-1375.1 0.960157
-1374.9 0.960753
-1374.7 0.961339
-1374.5 0.961992
-1374.3 0.962553
-1374.1 0.963212
-1373.9 0.963765
-1373.7 0.964345
-1373.5 0.964939
-1373.3 0.965523
-1373.1 0.966064
-1372.9 0.96665
-1372.7 0.967189
-1372.5 0.967709
-1372.3 0.968305
-1372.1 0.968844
-1371.9 0.969403
-1371.7 0.969973
-1371.5 0.970479
-1371.3 0.970935
-1371.1 0.971448
-1370.9 0.971997
-1370.7 0.972463
-1370.5 0.97293
-1370.3 0.973394
-1370.1 0.973848
-1369.9 0.974307
-1369.7 0.974765
-1369.5 0.975225
-1369.3 0.975678
-1369.1 0.976097
-1368.9 0.976504
-1368.7 0.976903
-1368.5 0.977279
-1368.3 0.977716
-1368.1 0.978095
-1367.9 0.978495
-1367.7 0.978863
-1367.5 0.979252
-1367.3 0.979693
-1367.1 0.980084
-1366.9 0.980464
-1366.7 0.980783
-1366.5 0.981172
-1366.3 0.981538
-1366.1 0.9819
-1365.9 0.98226
-1365.7 0.9826
-1365.5 0.98289
-1365.3 0.9832
-1365.1 0.983509
-1364.9 0.983804
-1364.7 0.984082
-1364.5 0.984383
-1364.3 0.984634
-1364.1 0.984896
-1363.9 0.985268
-1363.7 0.985531
-1363.5 0.985819
-1363.3 0.986096
-1363.1 0.986344
-1362.9 0.986604
-1362.7 0.986842
-1362.5 0.987091
-1362.3 0.987363
-1362.1 0.987628
-1361.9 0.987888
-1361.7 0.988136
-1361.5 0.9884
-1361.3 0.98862
-1361.1 0.988868
-1360.9 0.989094
-1360.7 0.989352
-1360.5 0.989556
-1360.3 0.989796
-1360.1 0.990009
-1359.9 0.990207
-1359.7 0.990382
-1359.5 0.990621
-1359.3 0.990825
-1359.1 0.991055
-1358.9 0.99122
-1358.7 0.991423
-1358.5 0.991618
-1358.3 0.991799
-1358.1 0.991972
-1357.9 0.992149
-1357.7 0.992304
-1357.5 0.992483
-1357.3 0.992645
-1357.1 0.992786
-1356.9 0.99293
-1356.7 0.993062
-1356.5 0.993213
-1356.3 0.993378
-1356.1 0.993526
-1355.9 0.993658
-1355.7 0.993797
-1355.5 0.993945
-1355.3 0.994041
-1355.1 0.994154
-1354.9 0.994268
-1354.7 0.994415
-1354.5 0.994539
-1354.3 0.994669
-1354.1 0.994813
-1353.9 0.994964
-1353.7 0.995055
-1353.5 0.995178
-1353.3 0.995298
-1353.1 0.995397
-1352.9 0.995485
-1352.7 0.995582
-1352.5 0.995692
-1352.3 0.995788
-1352.1 0.995873
-1351.9 0.995975
-1351.7 0.996068
-1351.5 0.996182
-1351.3 0.996298
-1351.1 0.996406
-1350.9 0.996489
-1350.7 0.99655
-1350.5 0.996638
-1350.3 0.996713
-1350.1 0.996795
-1349.9 0.99687
-1349.7 0.996927
-1349.5 0.996992
-1349.3 0.997059
-1349.1 0.997122
-1348.9 0.997226
-1348.7 0.997273
-1348.5 0.997344
-1348.3 0.997409
-1348.1 0.997466
-1347.9 0.997537
-1347.7 0.997594
-1347.5 0.997645
-1347.3 0.997704
-1347.1 0.997795
-1346.9 0.99784
-1346.7 0.997899
-1346.5 0.997948
-1346.3 0.99799
-1346.1 0.998045
-1345.9 0.99808
-1345.7 0.998125
-1345.5 0.998165
-1345.3 0.998208
-1345.1 0.998241
-1344.9 0.998291
-1344.7 0.998353
-1344.5 0.998383
-1344.3 0.998432
-1344.1 0.998452
-1343.9 0.998489
-1343.7 0.998523
-1343.5 0.998562
-1343.3 0.998601
-1343.1 0.998637
-1342.9 0.998668
-1342.7 0.9987
-1342.5 0.998715
-1342.3 0.998745
-1342.1 0.998784
-1341.9 0.998806
-1341.7 0.998831
-1341.5 0.998843
-1341.3 0.998875
-1341.1 0.998914
-1340.9 0.998928
-1340.7 0.998963
-1340.5 0.999001
-1340.3 0.999009
-1340.1 0.999046
-1339.9 0.999075
-1339.7 0.999103
-1339.5 0.999131
-1339.3 0.999152
-1339.1 0.999172
-1338.9 0.999191
-1338.7 0.999207
-1338.5 0.999219
-1338.3 0.999235
-1338.1 0.999258
-1337.9 0.999276
-1337.7 0.999304
-1337.5 0.999319
-1337.3 0.999335
-1337.1 0.999349
-1336.9 0.999365
-1336.7 0.999376
-1336.5 0.999384
-1336.3 0.999394
-1336.1 0.999408
-1335.9 0.999422
-1335.7 0.99943
-1335.5 0.999439
-1335.3 0.999455
-1335.1 0.999465
-1334.9 0.999475
-1334.7 0.999479
-1334.5 0.999483
-1334.3 0.999487
-1334.1 0.999498
-1333.9 0.999502
-1333.7 0.99951
-1333.5 0.99952
-1333.3 0.999522
-1333.1 0.999526
-1332.9 0.999538
-1332.7 0.999546
-1332.5 0.999553
-1332.3 0.999553
-1332.1 0.999557
-1331.9 0.999563
-1331.7 0.999571
-1331.5 0.999577
-1331.3 0.999583
-1331.1 0.999587
-1330.9 0.999595
-1330.7 0.999599
-1330.5 0.999603
-1330.3 0.999605
-1330.1 0.99961
-1329.9 0.999616
-1329.7 0.99962
-1329.5 0.999624
-1329.3 0.999636
-1329.1 0.99964
-1328.9 0.99964
-1328.7 0.999648
-1328.5 0.999648
-1328.3 0.99966
-1328.1 0.999662
-1327.9 0.999668
-1327.7 0.999671
-1327.5 0.999681
-1327.3 0.999687
-1327.1 0.999701
-1326.9 0.999709
-1326.7 0.999715
-1326.5 0.999723
-1326.3 0.999732
-1326.1 0.999736
-1325.9 0.99974
-1325.7 0.999748
-1325.5 0.999754
-1325.3 0.99976
-1325.1 0.999764
-1324.9 0.999766
-1324.7 0.999768
-1324.5 0.99977
-1324.3 0.999778
-1324.1 0.99978
-1323.9 0.999782
-1323.7 0.999784
-1323.5 0.999786
-1323.3 0.999786
-1323.1 0.999788
-1322.9 0.999795
-1322.7 0.999801
-1322.5 0.999803
-1322.3 0.999803
-1322.1 0.999807
-1321.9 0.999811
-1321.7 0.999817
-1321.5 0.999821
-1321.3 0.999829
-1321.1 0.999833
-1320.9 0.999835
-1320.7 0.999837
-1320.5 0.999839
-1320.3 0.999839
-1320.1 0.999843
-1319.9 0.999847
-1319.7 0.999847
-1319.5 0.999849
-1319.3 0.999852
-1319.1 0.999854
-1318.9 0.999854
-1318.7 0.999854
-1318.5 0.999856
-1318.3 0.999856
-1318.1 0.999856
-1317.9 0.99986
-1317.7 0.99986
-1317.5 0.999866
-1317.3 0.999868
-1317.1 0.999868
-1316.9 0.99987
-1316.7 0.999872
-1316.5 0.999874
-1316.3 0.999874
-1316.1 0.999876
-1315.9 0.999878
-1315.7 0.99988
-1315.5 0.999882
-1315.3 0.999886
-1315.1 0.999888
-1314.9 0.999888
-1314.7 0.99989
-1314.5 0.999892
-1314.3 0.999894
-1314.1 0.999894
-1313.9 0.999894
-1313.7 0.999894
-1313.5 0.999894
-1313.3 0.999896
-1313.1 0.999896
-1312.9 0.9999
-1312.7 0.999902
-1312.5 0.999902
-1312.3 0.999902
-1312.1 0.999902
-1311.9 0.999904
-1311.7 0.999908
-1311.5 0.99991
-1311.3 0.99991
-1311.1 0.999911
-1310.9 0.999911
-1310.7 0.999913
-1310.5 0.999919
-1310.3 0.999923
-1310.1 0.999923
-1309.9 0.999923
-1309.7 0.999923
-1309.5 0.999927
-1309.3 0.999927
-1309.1 0.999929
-1308.9 0.999929
-1308.7 0.999929
-1308.5 0.999931
-1308.3 0.999931
-1308.1 0.999931
-1307.9 0.999933
-1307.7 0.999933
-1307.5 0.999935
-1307.3 0.999935
-1307.1 0.999937
-1306.9 0.999937
-1306.7 0.999939
-1306.5 0.999939
-1306.3 0.999939
-1306.1 0.999939
-1305.9 0.999941
-1305.7 0.999941
-1305.5 0.999941
-1305.3 0.999941
-1305.1 0.999941
-1304.9 0.999945
-1304.7 0.999945
-1304.5 0.999947
-1304.3 0.999947
-1304.1 0.999949
-1303.9 0.999951
-1303.7 0.999955
-1303.5 0.999957
-1303.3 0.999957
-1303.1 0.999961
-1302.9 0.999963
-1302.7 0.999965
-1302.5 0.999969
-1302.3 0.999972
-1302.1 0.999974
-1301.9 0.999978
-1301.7 0.999982
-1301.5 0.999984
-1301.3 0.999984
-1301.1 0.999986
-1300.9 0.999988
-1300.7 0.99999
-1300.5 0.999992
-1300.3 0.999996
-1300.1 0.999998
-1299.9 1
