-199.9 0
-199.7 0
-199.5 0
-199.3 0
-199.1 2
-198.9 1
-198.7 0
-198.5 1
-198.3 1
-198.1 1
-197.9 2
-197.7 3
-197.5 5
-197.3 18
-197.1 11
-196.9 13
-196.7 28
-196.5 23
-196.3 35
-196.1 39
-195.9 45
-195.7 43
-195.5 61
-195.3 63
-195.1 103
-194.9 90
-194.7 113
-194.5 114
-194.3 136
-194.1 173
-193.9 173
-193.7 188
-193.5 182
-193.3 203
-193.1 256
-192.9 208
-192.7 217
-192.5 238
-192.3 264
-192.1 247
-191.9 235
-191.7 245
-191.5 252
-191.3 197
-191.1 223
-190.9 245
-190.7 247
-190.5 247
-190.3 255
-190.1 246
-189.9 246
-189.7 218
-189.5 204
-189.3 211
-189.1 240
-188.9 224
-188.7 231
-188.5 235
-188.3 234
-188.1 234
-187.9 229
-187.7 236
-187.5 212
-187.3 218
-187.1 230
-186.9 192
-186.7 225
-186.5 222
-186.3 199
-186.1 195
-185.9 219
-185.7 202
-185.5 209
-185.3 199
-185.1 211
-184.9 210
-184.7 212
-184.5 189
-184.3 175
-184.1 184
-183.9 207
-183.7 187
-183.5 195
-183.3 225
-183.1 187
-182.9 170
-182.7 208
-182.5 152
-182.3 174
-182.1 183
-181.9 200
-181.7 177
-181.5 171
-181.3 168
-181.1 176
-180.9 182
-180.7 158
-180.5 183
-180.3 180
-180.1 170
-179.9 139
-179.7 161
-179.5 145
-179.3 193
-179.1 176
-178.9 162
-178.7 154
-178.5 187
-178.3 162
-178.1 164
-177.9 196
-177.7 162
-177.5 160
-177.3 151
-177.1 146
-176.9 164
-176.7 142
-176.5 153
-176.3 140
-176.1 168
-175.9 136
-175.7 142
-175.5 160
-175.3 153
-175.1 131
-174.9 136
-174.7 144
-174.5 171
-174.3 120
-174.1 137
-173.9 156
-173.7 173
-173.5 170
-173.3 136
-173.1 148
-172.9 126
-172.7 144
-172.5 145
-172.3 147
-172.1 148
-171.9 134
-171.7 128
-171.5 111
-171.3 140
-171.1 136
-170.9 148
-170.7 137
-170.5 137
-170.3 125
-170.1 153
-169.9 141
-169.7 148
-169.5 122
-169.3 132
-169.1 141
-168.9 133
-168.7 144
-168.5 130
-168.3 135
-168.1 123
-167.9 133
-167.7 143
-167.5 118
-167.3 128
-167.1 123
-166.9 119
-166.7 139
-166.5 131
-166.3 136
-166.1 146
-165.9 131
-165.7 131
-165.5 148
-165.3 125
-165.1 122
-164.9 147
-164.7 131
-164.5 144
-164.3 148
-164.1 138
-163.9 126
-163.7 157
-163.5 136
-163.3 131
-163.1 134
-162.9 145
-162.7 145
-162.5 130
-162.3 123
-162.1 129
-161.9 139
-161.7 142
-161.5 136
-161.3 117
-161.1 127
-160.9 139
-160.7 139
-160.5 109
-160.3 121
-160.1 124
-159.9 125
-159.7 144
-159.5 139
-159.3 130
-159.1 121
-158.9 119
-158.7 133
-158.5 134
-158.3 131
-158.1 138
-157.9 136
-157.7 113
-157.5 137
-157.3 128
-157.1 130
-156.9 129
-156.7 134
-156.5 139
-156.3 138
-156.1 149
-155.9 119
-155.7 123
-155.5 122
-155.3 131
-155.1 133
-154.9 122
-154.7 123
-154.5 131
-154.3 127
-154.1 124
-153.9 128
-153.7 128
-153.5 111
-153.3 132
-153.1 138
-152.9 116
-152.7 109
-152.5 135
-152.3 120
-152.1 138
-151.9 116
-151.7 118
-151.5 124
-151.3 125
-151.1 137
-150.9 134
-150.7 115
-150.5 121
-150.3 121
-150.1 124
-149.9 122
-149.7 121
-149.5 135
-149.3 122
-149.1 129
-148.9 128
-148.7 129
-148.5 138
-148.3 125
-148.1 108
-147.9 121
-147.7 142
-147.5 113
-147.3 125
-147.1 127
-146.9 110
-146.7 122
-146.5 131
-146.3 116
-146.1 129
-145.9 123
-145.7 119
-145.5 111
-145.3 109
-145.1 126
-144.9 143
-144.7 132
-144.5 135
-144.3 135
-144.1 125
-143.9 117
-143.7 128
-143.5 123
-143.3 116
-143.1 105
-142.9 115
-142.7 134
-142.5 127
-142.3 111
-142.1 111
-141.9 97
-141.7 118
-141.5 127
-141.3 120
-141.1 130
-140.9 113
-140.7 107
-140.5 139
-140.3 117
-140.1 111
-139.9 109
-139.7 120
-139.5 101
-139.3 112
-139.1 122
-138.9 123
-138.7 129
-138.5 119
-138.3 116
-138.1 134
-137.9 153
-137.7 108
-137.5 118
-137.3 135
-137.1 129
-136.9 123
-136.7 115
-136.5 145
-136.3 130
-136.1 130
-135.9 128
-135.7 137
-135.5 147
-135.3 133
-135.1 122
-134.9 139
-134.7 119
-134.5 114
-134.3 121
-134.1 121
-133.9 131
-133.7 128
-133.5 149
-133.3 135
-133.1 112
-132.9 119
-132.7 133
-132.5 127
-132.3 132
-132.1 127
-131.9 120
-131.7 135
-131.5 134
-131.3 124
-131.1 135
-130.9 111
-130.7 126
-130.5 124
-130.3 134
-130.1 124
-129.9 141
-129.7 141
-129.5 119
-129.3 126
-129.1 130
-128.9 116
-128.7 132
-128.5 156
-128.3 147
-128.1 135
-127.9 132
-127.7 137
-127.5 126
-127.3 129
-127.1 125
-126.9 134
-126.7 135
-126.5 125
-126.3 126
-126.1 119
-125.9 149
-125.7 111
-125.5 152
-125.3 130
-125.1 137
-124.9 151
-124.7 139
-124.5 141
-124.3 126
-124.1 147
-123.9 129
-123.7 137
-123.5 125
-123.3 128
-123.1 111
-122.9 135
-122.7 132
-122.5 122
-122.3 119
-122.1 130
-121.9 110
-121.7 118
-121.5 128
-121.3 118
-121.1 115
-120.9 141
-120.7 137
-120.5 116
-120.3 135
-120.1 130
-119.9 115
-119.7 126
-119.5 143
-119.3 132
-119.1 127
-118.9 132
-118.7 120
-118.5 131
-118.3 137
-118.1 125
-117.9 120
-117.7 136
-117.5 136
-117.3 118
-117.1 133
-116.9 140
-116.7 122
-116.5 136
-116.3 131
-116.1 137
-115.9 133
-115.7 140
-115.5 147
-115.3 114
-115.1 122
-114.9 121
-114.7 146
-114.5 144
-114.3 116
-114.1 115
-113.9 110
-113.7 123
-113.5 161
-113.3 126
-113.1 134
-112.9 120
-112.7 120
-112.5 95
-112.3 121
-112.1 131
-111.9 109
-111.7 127
-111.5 131
-111.3 118
-111.1 125
-110.9 142
-110.7 130
-110.5 124
-110.3 119
-110.1 114
-109.9 112
-109.7 135
-109.5 137
-109.3 145
-109.1 149
-108.9 148
-108.7 113
-108.5 124
-108.3 104
-108.1 120
-107.9 103
-107.7 144
-107.5 132
-107.3 112
-107.1 114
-106.9 133
-106.7 136
-106.5 99
-106.3 130
-106.1 129
-105.9 134
-105.7 119
-105.5 117
-105.3 135
-105.1 126
-104.9 124
-104.7 117
-104.5 141
-104.3 130
-104.1 121
-103.9 129
-103.7 104
-103.5 116
-103.3 114
-103.1 139
-102.9 137
-102.7 114
-102.5 115
-102.3 131
-102.1 146
-101.9 121
-101.7 119
-101.5 114
-101.3 113
-101.1 147
-100.9 128
-100.7 128
-100.5 115
-100.3 134
-100.1 112
-99.9 119
-99.7 140
-99.5 144
-99.3 109
-99.1 109
-98.9 121
-98.7 130
-98.5 139
-98.3 121
-98.1 118
-97.9 136
-97.7 120
-97.5 119
-97.3 114
-97.1 130
-96.9 133
-96.7 133
-96.5 131
-96.3 132
-96.1 134
-95.9 111
-95.7 127
-95.5 124
-95.3 119
-95.1 111
-94.9 112
-94.7 121
-94.5 126
-94.3 123
-94.1 120
-93.9 130
-93.7 127
-93.5 119
-93.3 119
-93.1 105
-92.9 124
-92.7 114
-92.5 127
-92.3 131
-92.1 118
-91.9 131
-91.7 128
-91.5 118
-91.3 120
-91.1 128
-90.9 119
-90.7 128
-90.5 126
-90.3 113
-90.1 139
-89.9 93
-89.7 108
-89.5 125
-89.3 135
-89.1 130
-88.9 145
-88.7 125
-88.5 123
-88.3 130
-88.1 140
-87.9 115
-87.7 125
-87.5 122
-87.3 116
-87.1 115
-86.9 115
-86.7 136
-86.5 122
-86.3 121
-86.1 126
-85.9 136
-85.7 114
-85.5 116
-85.3 124
-85.1 129
-84.9 119
-84.7 105
-84.5 121
-84.3 132
-84.1 118
-83.9 124
-83.7 108
-83.5 115
-83.3 110
-83.1 108
-82.9 111
-82.7 128
-82.5 129
-82.3 120
-82.1 124
-81.9 132
-81.7 130
-81.5 133
-81.3 118
-81.1 123
-80.9 140
-80.7 104
-80.5 125
-80.3 116
-80.1 105
-79.9 115
-79.7 126
-79.5 122
-79.3 112
-79.1 111
-78.9 107
-78.7 125
-78.5 136
-78.3 103
-78.1 151
-77.9 130
-77.7 128
-77.5 124
-77.3 131
-77.1 116
-76.9 131
-76.7 129
-76.5 130
-76.3 116
-76.1 131
-75.9 122
-75.7 126
-75.5 112
-75.3 136
-75.1 123
-74.9 132
-74.7 109
-74.5 149
-74.3 125
-74.1 106
-73.9 119
-73.7 118
-73.5 118
-73.3 125
-73.1 120
-72.9 124
-72.7 124
-72.5 117
-72.3 112
-72.1 136
-71.9 135
-71.7 149
-71.5 125
-71.3 114
-71.1 116
-70.9 134
-70.7 127
-70.5 134
-70.3 117
-70.1 136
-69.9 123
-69.7 144
-69.5 108
-69.3 131
-69.1 126
-68.9 129
-68.7 116
-68.5 120
-68.3 109
-68.1 125
-67.9 145
-67.7 109
-67.5 111
-67.3 115
-67.1 130
-66.9 126
-66.7 111
-66.5 136
-66.3 123
-66.1 129
-65.9 124
-65.7 108
-65.5 126
-65.3 132
-65.1 123
-64.9 117
-64.7 128
-64.5 129
-64.3 130
-64.1 121
-63.9 137
-63.7 125
-63.5 125
-63.3 123
-63.1 118
-62.9 126
-62.7 126
-62.5 136
-62.3 121
-62.1 112
-61.9 117
-61.7 176
-61.5 126
-61.3 118
-61.1 121
-60.9 125
-60.7 140
-60.5 141
-60.3 117
-60.1 122
-59.9 108
-59.7 143
-59.5 121
-59.3 115
-59.1 115
-58.9 108
-58.7 129
-58.5 136
-58.3 129
-58.1 122
-57.9 112
-57.7 112
-57.5 118
-57.3 128
-57.1 119
-56.9 116
-56.7 130
-56.5 105
-56.3 103
-56.1 129
-55.9 124
-55.7 138
-55.5 113
-55.3 123
-55.1 127
-54.9 126
-54.7 135
-54.5 124
-54.3 124
-54.1 122
-53.9 136
-53.7 111
-53.5 126
-53.3 139
-53.1 134
-52.9 127
-52.7 138
-52.5 130
-52.3 137
-52.1 110
-51.9 109
-51.7 118
-51.5 108
-51.3 129
-51.1 127
-50.9 126
-50.7 135
-50.5 146
-50.3 125
-50.1 123
-49.9 102
-49.7 126
-49.5 132
-49.3 136
-49.1 110
-48.9 117
-48.7 108
-48.5 128
-48.3 140
-48.1 129
-47.9 110
-47.7 114
-47.5 137
-47.3 107
-47.1 133
-46.9 121
-46.7 101
-46.5 117
-46.3 139
-46.1 131
-45.9 131
-45.7 144
-45.5 152
-45.3 133
-45.1 114
-44.9 122
-44.7 111
-44.5 123
-44.3 124
-44.1 108
-43.9 125
-43.7 140
-43.5 116
-43.3 145
-43.1 120
-42.9 118
-42.7 117
-42.5 128
-42.3 90
-42.1 118
-41.9 141
-41.7 118
-41.5 123
-41.3 104
-41.1 117
-40.9 124
-40.7 125
-40.5 98
-40.3 123
-40.1 119
-39.9 115
-39.7 127
-39.5 102
-39.3 127
-39.1 111
-38.9 132
-38.7 132
-38.5 109
-38.3 126
-38.1 146
-37.9 122
-37.7 149
-37.5 123
-37.3 138
-37.1 121
-36.9 154
-36.7 137
-36.5 129
-36.3 118
-36.1 116
-35.9 124
-35.7 119
-35.5 112
-35.3 137
-35.1 135
-34.9 120
-34.7 131
-34.5 124
-34.3 136
-34.1 110
-33.9 115
-33.7 121
-33.5 122
-33.3 115
-33.1 126
-32.9 131
-32.7 115
-32.5 120
-32.3 127
-32.1 118
-31.9 143
-31.7 119
-31.5 142
-31.3 129
-31.1 104
-30.9 110
-30.7 150
-30.5 109
-30.3 150
-30.1 118
-29.9 121
-29.7 137
-29.5 129
-29.3 127
-29.1 119
-28.9 133
-28.7 129
-28.5 134
-28.3 138
-28.1 118
-27.9 118
-27.7 145
-27.5 134
-27.3 125
-27.1 135
-26.9 126
-26.7 101
-26.5 107
-26.3 136
-26.1 115
-25.9 136
-25.7 117
-25.5 141
-25.3 123
-25.1 122
-24.9 114
-24.7 120
-24.5 110
-24.3 132
-24.1 121
-23.9 110
-23.7 130
-23.5 110
-23.3 110
-23.1 130
-22.9 128
-22.7 124
-22.5 132
-22.3 140
-22.1 110
-21.9 139
-21.7 132
-21.5 127
-21.3 133
-21.1 126
-20.9 115
-20.7 118
-20.5 121
-20.3 113
-20.1 113
-19.9 132
-19.7 143
-19.5 135
-19.3 145
-19.1 133
-18.9 102
-18.7 113
-18.5 114
-18.3 112
-18.1 121
-17.9 107
-17.7 128
-17.5 125
-17.3 119
-17.1 117
-16.9 117
-16.7 136
-16.5 112
-16.3 123
-16.1 119
-15.9 120
-15.7 130
-15.5 114
-15.3 117
-15.1 108
-14.9 142
-14.7 106
-14.5 115
-14.3 131
-14.1 116
-13.9 127
-13.7 114
-13.5 129
-13.3 125
-13.1 109
-12.9 112
-12.7 135
-12.5 124
-12.3 107
-12.1 117
-11.9 117
-11.7 112
-11.5 96
-11.3 126
-11.1 131
-10.9 129
-10.7 135
-10.5 122
-10.3 124
-10.1 121
-9.9 113
-9.7 103
-9.5 132
-9.3 127
-9.1 124
-8.9 114
-8.7 123
-8.5 118
-8.3 136
-8.1 119
-7.9 121
-7.7 128
-7.5 130
-7.3 119
-7.1 118
-6.9 120
-6.7 136
-6.5 133
-6.3 130
-6.1 106
-5.9 112
-5.7 129
-5.5 125
-5.3 135
-5.1 123
-4.9 145
-4.7 121
-4.5 111
-4.3 125
-4.1 119
-3.9 107
-3.7 134
-3.5 124
-3.3 133
-3.1 131
-2.9 117
-2.7 101
-2.5 111
-2.3 122
-2.1 124
-1.9 112
-1.7 110
-1.5 137
-1.3 131
-1.1 130
-0.9 105
-0.7 117
-0.5 137
-0.3 133
-0.1 139
0.1 126
0.3 149
0.5 134
0.7 131
0.9 135
1.1 123
1.3 140
1.5 126
1.7 144
1.9 105
2.1 110
2.3 123
2.5 124
2.7 127
2.9 119
3.1 130
3.3 123
3.5 135
3.7 123
3.9 131
4.1 141
4.3 121
4.5 134
4.7 120
4.9 119
5.1 126
5.3 102
5.5 122
5.7 109
5.9 112
6.1 115
6.3 129
6.5 132
6.7 112
6.9 120
7.1 122
7.3 118
7.5 126
7.7 136
7.9 111
8.1 98
8.3 130
8.5 113
8.7 108
8.9 114
9.1 141
9.3 112
9.5 119
9.7 123
9.9 117
10.1 117
10.3 102
10.5 126
10.7 113
10.9 114
11.1 123
11.3 115
11.5 123
11.7 111
11.9 110
12.1 110
12.3 93
12.5 106
12.7 105
12.9 116
13.1 112
13.3 95
13.5 94
13.7 89
13.9 87
14.1 93
14.3 99
14.5 113
14.7 87
14.9 96
15.1 82
15.3 93
15.5 89
15.7 80
15.9 69
16.1 89
16.3 88
16.5 77
16.7 82
16.9 92
17.1 79
17.3 57
17.5 64
17.7 68
17.9 62
18.1 79
18.3 56
18.5 71
18.7 73
18.9 70
19.1 59
19.3 80
19.5 50
19.7 56
19.9 58
20.1 47
20.3 54
20.5 45
20.7 45
20.9 53
21.1 59
21.3 45
21.5 54
21.7 59
21.9 44
22.1 36
22.3 44
22.5 35
22.7 30
22.9 34
23.1 33
23.3 29
23.5 46
23.7 22
23.9 45
24.1 41
24.3 24
24.5 25
24.7 30
24.9 24
25.1 37
25.3 17
25.5 26
25.7 17
25.9 23
26.1 26
26.3 21
26.5 22
26.7 15
26.9 20
27.1 23
27.3 19
27.5 17
27.7 14
27.9 19
28.1 18
28.3 10
28.5 16
28.7 15
28.9 14
29.1 10
29.3 19
29.5 7
29.7 15
29.9 9
