-199.9 0
-199.7 9
-199.5 15
-199.3 14
-199.1 26
-198.9 28
-198.7 28
-198.5 23
-198.3 27
-198.1 46
-197.9 35
-197.7 32
-197.5 43
-197.3 45
-197.1 42
-196.9 58
-196.7 76
-196.5 88
-196.3 80
-196.1 98
-195.9 117
-195.7 144
-195.5 132
-195.3 148
-195.1 169
-194.9 155
-194.7 184
-194.5 213
-194.3 195
-194.1 218
-193.9 221
-193.7 221
-193.5 235
-193.3 241
-193.1 236
-192.9 232
-192.7 231
-192.5 282
-192.3 246
-192.1 265
-191.9 220
-191.7 254
-191.5 218
-191.3 218
-191.1 219
-190.9 246
-190.7 229
-190.5 225
-190.3 242
-190.1 217
-189.9 234
-189.7 231
-189.5 224
-189.3 204
-189.1 207
-188.9 222
-188.7 221
-188.5 198
-188.3 231
-188.1 209
-187.9 209
-187.7 208
-187.5 208
-187.3 249
-187.1 219
-186.9 194
-186.7 186
-186.5 196
-186.3 200
-186.1 202
-185.9 176
-185.7 197
-185.5 208
-185.3 195
-185.1 193
-184.9 212
-184.7 208
-184.5 213
-184.3 224
-184.1 179
-183.9 176
-183.7 203
-183.5 184
-183.3 167
-183.1 160
-182.9 178
-182.7 206
-182.5 192
-182.3 192
-182.1 189
-181.9 179
-181.7 195
-181.5 168
-181.3 168
-181.1 197
-180.9 170
-180.7 176
-180.5 182
-180.3 168
-180.1 171
-179.9 169
-179.7 153
-179.5 156
-179.3 168
-179.1 153
-178.9 152
-178.7 164
-178.5 158
-178.3 177
-178.1 161
-177.9 146
-177.7 164
-177.5 143
-177.3 152
-177.1 163
-176.9 143
-176.7 159
-176.5 132
-176.3 158
-176.1 150
-175.9 129
-175.7 154
-175.5 152
-175.3 160
-175.1 137
-174.9 149
-174.7 142
-174.5 144
-174.3 146
-174.1 141
-173.9 147
-173.7 130
-173.5 122
-173.3 126
-173.1 145
-172.9 135
-172.7 150
-172.5 154
-172.3 120
-172.1 117
-171.9 124
-171.7 136
-171.5 142
-171.3 137
-171.1 150
-170.9 134
-170.7 135
-170.5 140
-170.3 135
-170.1 144
-169.9 145
-169.7 148
-169.5 131
-169.3 130
-169.1 117
-168.9 118
-168.7 148
-168.5 135
-168.3 127
-168.1 136
-167.9 143
-167.7 128
-167.5 112
-167.3 164
-167.1 143
-166.9 119
-166.7 125
-166.5 141
-166.3 133
-166.1 129
-165.9 125
-165.7 120
-165.5 127
-165.3 137
-165.1 123
-164.9 125
-164.7 125
-164.5 137
-164.3 112
-164.1 120
-163.9 130
-163.7 126
-163.5 125
-163.3 118
-163.1 141
-162.9 141
-162.7 117
-162.5 142
-162.3 147
-162.1 125
-161.9 122
-161.7 137
-161.5 157
-161.3 136
-161.1 123
-160.9 103
-160.7 139
-160.5 120
-160.3 127
-160.1 135
-159.9 132
-159.7 127
-159.5 118
-159.3 122
-159.1 139
-158.9 131
-158.7 129
-158.5 144
-158.3 142
-158.1 123
-157.9 130
-157.7 112
-157.5 139
-157.3 118
-157.1 146
-156.9 156
-156.7 124
-156.5 121
-156.3 119
-156.1 127
-155.9 137
-155.7 135
-155.5 131
-155.3 115
-155.1 143
-154.9 134
-154.7 154
-154.5 120
-154.3 161
-154.1 130
-153.9 122
-153.7 124
-153.5 129
-153.3 136
-153.1 135
-152.9 134
-152.7 145
-152.5 140
-152.3 118
-152.1 108
-151.9 143
-151.7 120
-151.5 112
-151.3 117
-151.1 126
-150.9 141
-150.7 118
-150.5 132
-150.3 156
-150.1 126
-149.9 130
-149.7 124
-149.5 146
-149.3 148
-149.1 139
-148.9 127
-148.7 133
-148.5 127
-148.3 134
-148.1 128
-147.9 128
-147.7 133
-147.5 135
-147.3 121
-147.1 117
-146.9 112
-146.7 104
-146.5 140
-146.3 122
-146.1 140
-145.9 135
-145.7 143
-145.5 131
-145.3 115
-145.1 132
-144.9 142
-144.7 126
-144.5 136
-144.3 136
-144.1 136
-143.9 130
-143.7 129
-143.5 128
-143.3 136
-143.1 143
-142.9 131
-142.7 131
-142.5 134
-142.3 116
-142.1 111
-141.9 132
-141.7 126
-141.5 113
-141.3 154
-141.1 112
-140.9 105
-140.7 129
-140.5 136
-140.3 127
-140.1 121
-139.9 137
-139.7 103
-139.5 120
-139.3 138
-139.1 145
-138.9 139
-138.7 143
-138.5 127
-138.3 132
-138.1 123
-137.9 122
-137.7 143
-137.5 128
-137.3 131
-137.1 144
-136.9 104
-136.7 125
-136.5 129
-136.3 125
-136.1 121
-135.9 123
-135.7 144
-135.5 101
-135.3 128
-135.1 137
-134.9 126
-134.7 120
-134.5 137
-134.3 133
-134.1 134
-133.9 133
-133.7 115
-133.5 126
-133.3 124
-133.1 131
-132.9 122
-132.7 112
-132.5 131
-132.3 142
-132.1 149
-131.9 136
-131.7 143
-131.5 132
-131.3 113
-131.1 116
-130.9 121
-130.7 122
-130.5 126
-130.3 127
-130.1 111
-129.9 128
-129.7 157
-129.5 146
-129.3 135
-129.1 125
-128.9 125
-128.7 116
-128.5 136
-128.3 148
-128.1 139
-127.9 125
-127.7 130
-127.5 147
-127.3 119
-127.1 138
-126.9 120
-126.7 131
-126.5 139
-126.3 141
-126.1 127
-125.9 118
-125.7 127
-125.5 137
-125.3 117
-125.1 124
-124.9 118
-124.7 136
-124.5 144
-124.3 133
-124.1 124
-123.9 125
-123.7 108
-123.5 148
-123.3 140
-123.1 131
-122.9 128
-122.7 147
-122.5 117
-122.3 134
-122.1 133
-121.9 149
-121.7 132
-121.5 123
-121.3 122
-121.1 130
-120.9 130
-120.7 128
-120.5 120
-120.3 128
-120.1 134
-119.9 118
-119.7 137
-119.5 118
-119.3 125
-119.1 132
-118.9 142
-118.7 119
-118.5 131
-118.3 120
-118.1 125
-117.9 131
-117.7 114
-117.5 144
-117.3 137
-117.1 116
-116.9 103
-116.7 142
-116.5 148
-116.3 112
-116.1 139
-115.9 117
-115.7 151
-115.5 123
-115.3 132
-115.1 103
-114.9 119
-114.7 132
-114.5 136
-114.3 127
-114.1 147
-113.9 127
-113.7 139
-113.5 121
-113.3 127
-113.1 120
-112.9 129
-112.7 111
-112.5 120
-112.3 130
-112.1 126
-111.9 129
-111.7 124
-111.5 113
-111.3 145
-111.1 131
-110.9 127
-110.7 113
-110.5 114
-110.3 127
-110.1 132
-109.9 127
-109.7 122
-109.5 106
-109.3 138
-109.1 132
-108.9 127
-108.7 145
-108.5 123
-108.3 123
-108.1 122
-107.9 124
-107.7 106
-107.5 131
-107.3 134
-107.1 119
-106.9 134
-106.7 118
-106.5 122
-106.3 117
-106.1 103
-105.9 114
-105.7 118
-105.5 126
-105.3 134
-105.1 136
-104.9 106
-104.7 123
-104.5 124
-104.3 113
-104.1 160
-103.9 143
-103.7 113
-103.5 119
-103.3 128
-103.1 135
-102.9 109
-102.7 142
-102.5 117
-102.3 135
-102.1 119
-101.9 150
-101.7 129
-101.5 128
-101.3 149
-101.1 116
-100.9 134
-100.7 137
-100.5 124
-100.3 114
-100.1 122
-99.9 140
-99.7 120
-99.5 113
-99.3 106
-99.1 108
-98.9 127
-98.7 114
-98.5 113
-98.3 118
-98.1 136
-97.9 128
-97.7 125
-97.5 162
-97.3 123
-97.1 148
-96.9 125
-96.7 100
-96.5 124
-96.3 123
-96.1 145
-95.9 130
-95.7 149
-95.5 106
-95.3 152
-95.1 120
-94.9 143
-94.7 130
-94.5 137
-94.3 125
-94.1 111
-93.9 131
-93.7 121
-93.5 120
-93.3 115
-93.1 125
-92.9 122
-92.7 121
-92.5 126
-92.3 118
-92.1 134
-91.9 147
-91.7 102
-91.5 116
-91.3 112
-91.1 105
-90.9 132
-90.7 123
-90.5 116
-90.3 126
-90.1 125
-89.9 127
-89.7 122
-89.5 132
-89.3 126
-89.1 101
-88.9 117
-88.7 127
-88.5 124
-88.3 101
-88.1 100
-87.9 123
-87.7 116
-87.5 131
-87.3 129
-87.1 135
-86.9 121
-86.7 120
-86.5 137
-86.3 111
-86.1 132
-85.9 124
-85.7 131
-85.5 138
-85.3 136
-85.1 129
-84.9 118
-84.7 122
-84.5 128
-84.3 124
-84.1 124
-83.9 122
-83.7 109
-83.5 130
-83.3 124
-83.1 118
-82.9 144
-82.7 133
-82.5 119
-82.3 103
-82.1 121
-81.9 122
-81.7 114
-81.5 119
-81.3 150
-81.1 135
-80.9 121
-80.7 124
-80.5 124
-80.3 122
-80.1 128
-79.9 110
-79.7 113
-79.5 148
-79.3 118
-79.1 107
-78.9 138
-78.7 156
-78.5 121
-78.3 124
-78.1 139
-77.9 122
-77.7 124
-77.5 142
-77.3 132
-77.1 124
-76.9 131
-76.7 145
-76.5 133
-76.3 144
-76.1 125
-75.9 115
-75.7 113
-75.5 145
-75.3 123
-75.1 120
-74.9 96
-74.7 109
-74.5 144
-74.3 122
-74.1 118
-73.9 106
-73.7 117
-73.5 125
-73.3 140
-73.1 125
-72.9 120
-72.7 124
-72.5 125
-72.3 105
-72.1 140
-71.9 140
-71.7 116
-71.5 135
-71.3 122
-71.1 121
-70.9 131
-70.7 128
-70.5 118
-70.3 105
-70.1 118
-69.9 136
-69.7 132
-69.5 130
-69.3 103
-69.1 114
-68.9 127
-68.7 124
-68.5 150
-68.3 120
-68.1 134
-67.9 126
-67.7 108
-67.5 129
-67.3 111
-67.1 104
-66.9 126
-66.7 129
-66.5 130
-66.3 101
-66.1 125
-65.9 127
-65.7 142
-65.5 139
-65.3 144
-65.1 140
-64.9 121
-64.7 123
-64.5 127
-64.3 121
-64.1 125
-63.9 123
-63.7 124
-63.5 133
-63.3 109
-63.1 128
-62.9 138
-62.7 140
-62.5 122
-62.3 126
-62.1 131
-61.9 124
-61.7 105
-61.5 97
-61.3 136
-61.1 131
-60.9 106
-60.7 156
-60.5 114
-60.3 159
-60.1 133
-59.9 135
-59.7 117
-59.5 130
-59.3 149
-59.1 133
-58.9 132
-58.7 123
-58.5 110
-58.3 138
-58.1 119
-57.9 125
-57.7 102
-57.5 142
-57.3 115
-57.1 104
-56.9 131
-56.7 132
-56.5 146
-56.3 131
-56.1 115
-55.9 139
-55.7 118
-55.5 119
-55.3 120
-55.1 144
-54.9 117
-54.7 121
-54.5 135
-54.3 128
-54.1 124
-53.9 100
-53.7 122
-53.5 119
-53.3 135
-53.1 145
-52.9 123
-52.7 129
-52.5 129
-52.3 119
-52.1 108
-51.9 115
-51.7 124
-51.5 121
-51.3 122
-51.1 104
-50.9 120
-50.7 124
-50.5 112
-50.3 112
-50.1 120
-49.9 115
-49.7 126
-49.5 139
-49.3 128
-49.1 124
-48.9 118
-48.7 113
-48.5 133
-48.3 114
-48.1 111
-47.9 136
-47.7 120
-47.5 116
-47.3 113
-47.1 115
-46.9 145
-46.7 108
-46.5 126
-46.3 133
-46.1 129
-45.9 117
-45.7 122
-45.5 117
-45.3 117
-45.1 126
-44.9 122
-44.7 123
-44.5 111
-44.3 117
-44.1 121
-43.9 148
-43.7 154
-43.5 115
-43.3 103
-43.1 124
-42.9 113
-42.7 120
-42.5 134
-42.3 127
-42.1 138
-41.9 125
-41.7 121
-41.5 113
-41.3 138
-41.1 131
-40.9 131
-40.7 134
-40.5 131
-40.3 125
-40.1 129
-39.9 131
-39.7 115
-39.5 141
-39.3 127
-39.1 101
-38.9 117
-38.7 136
-38.5 141
-38.3 120
-38.1 124
-37.9 133
-37.7 128
-37.5 120
-37.3 103
-37.1 110
-36.9 129
-36.7 129
-36.5 125
-36.3 129
-36.1 117
-35.9 121
-35.7 143
-35.5 138
-35.3 100
-35.1 107
-34.9 129
-34.7 115
-34.5 132
-34.3 152
-34.1 117
-33.9 138
-33.7 122
-33.5 138
-33.3 118
-33.1 123
-32.9 120
-32.7 112
-32.5 130
-32.3 138
-32.1 129
-31.9 132
-31.7 123
-31.5 140
-31.3 119
-31.1 116
-30.9 111
-30.7 119
-30.5 126
-30.3 144
-30.1 118
-29.9 122
-29.7 115
-29.5 129
-29.3 130
-29.1 132
-28.9 131
-28.7 130
-28.5 133
-28.3 126
-28.1 128
-27.9 124
-27.7 130
-27.5 124
-27.3 119
-27.1 120
-26.9 123
-26.7 120
-26.5 124
-26.3 109
-26.1 124
-25.9 120
-25.7 135
-25.5 129
-25.3 127
-25.1 120
-24.9 100
-24.7 125
-24.5 117
-24.3 127
-24.1 133
-23.9 144
-23.7 143
-23.5 100
-23.3 153
-23.1 131
-22.9 112
-22.7 123
-22.5 128
-22.3 144
-22.1 136
-21.9 140
-21.7 131
-21.5 113
-21.3 125
-21.1 125
-20.9 113
-20.7 132
-20.5 124
-20.3 108
-20.1 122
-19.9 142
-19.7 130
-19.5 149
-19.3 133
-19.1 121
-18.9 129
-18.7 137
-18.5 130
-18.3 118
-18.1 129
-17.9 113
-17.7 129
-17.5 121
-17.3 126
-17.1 118
-16.9 131
-16.7 133
-16.5 128
-16.3 142
-16.1 120
-15.9 138
-15.7 143
-15.5 116
-15.3 126
-15.1 120
-14.9 109
-14.7 135
-14.5 126
-14.3 139
-14.1 119
-13.9 131
-13.7 127
-13.5 118
-13.3 128
-13.1 94
-12.9 102
-12.7 121
-12.5 128
-12.3 117
-12.1 124
-11.9 123
-11.7 119
-11.5 128
-11.3 127
-11.1 114
-10.9 135
-10.7 122
-10.5 129
-10.3 133
-10.1 130
-9.9 122
-9.7 127
-9.5 130
-9.3 127
-9.1 150
-8.9 127
-8.7 143
-8.5 125
-8.3 125
-8.1 115
-7.9 121
-7.7 122
-7.5 134
-7.3 123
-7.1 119
-6.9 117
-6.7 131
-6.5 140
-6.3 125
-6.1 136
-5.9 133
-5.7 119
-5.5 151
-5.3 133
-5.1 127
-4.9 132
-4.7 120
-4.5 109
-4.3 126
-4.1 111
-3.9 131
-3.7 110
-3.5 112
-3.3 116
-3.1 122
-2.9 115
-2.7 128
-2.5 122
-2.3 139
-2.1 125
-1.9 138
-1.7 133
-1.5 134
-1.3 130
-1.1 138
-0.9 130
-0.7 126
-0.5 125
-0.3 129
-0.1 135
0.1 136
0.3 123
0.5 117
0.7 114
0.9 118
1.1 112
1.3 126
1.5 120
1.7 112
1.9 139
2.1 140
2.3 146
2.5 122
2.7 119
2.9 135
3.1 114
3.3 139
3.5 109
3.7 122
3.9 131
4.1 140
4.3 113
4.5 112
4.7 118
4.9 118
5.1 147
5.3 119
5.5 124
5.7 117
5.9 118
6.1 106
6.3 121
6.5 110
6.7 105
6.9 124
7.1 118
7.3 135
7.5 136
7.7 131
7.9 142
8.1 128
8.3 114
8.5 125
8.7 124
8.9 130
9.1 106
9.3 116
9.5 110
9.7 111
9.9 125
10.1 122
10.3 135
10.5 110
10.7 102
10.9 103
11.1 120
11.3 99
11.5 104
11.7 96
11.9 98
12.1 118
12.3 114
12.5 99
12.7 99
12.9 84
13.1 117
13.3 77
13.5 92
13.7 106
13.9 84
14.1 87
14.3 86
14.5 72
14.7 101
14.9 86
15.1 81
15.3 72
15.5 82
15.7 63
15.9 77
16.1 74
16.3 75
16.5 84
16.7 84
16.9 76
17.1 76
17.3 78
17.5 85
17.7 57
17.9 59
18.1 53
18.3 66
18.5 68
18.7 77
18.9 59
19.1 64
19.3 49
19.5 68
19.7 61
19.9 43
20.1 65
20.3 50
20.5 52
20.7 39
20.9 57
21.1 43
21.3 40
21.5 44
21.7 37
21.9 51
22.1 34
22.3 47
22.5 36
22.7 38
22.9 33
23.1 24
23.3 27
23.5 34
23.7 35
23.9 30
24.1 34
24.3 36
24.5 28
24.7 25
24.9 26
25.1 25
25.3 24
25.5 21
25.7 16
25.9 18
26.1 25
26.3 16
26.5 17
26.7 17
26.9 17
27.1 18
27.3 25
27.5 16
27.7 17
27.9 15
28.1 16
28.3 21
28.5 7
28.7 10
28.9 7
29.1 7
29.3 7
29.5 7
29.7 12
29.9 6
