1499
-1599.7 1.56707e-06
-1599.5 4.70121e-06
-1599.3 4.70121e-06
-1599.1 4.70121e-06
-1598.9 4.70121e-06
-1598.7 4.70121e-06
-1598.5 4.70121e-06
-1598.3 4.70121e-06
-1598.1 4.70121e-06
-1597.9 4.70121e-06
-1597.7 4.70121e-06
-1597.5 4.70121e-06
-1597.3 4.70121e-06
-1597.1 4.70121e-06
-1596.9 4.70121e-06
-1596.7 4.70121e-06
-1596.5 4.70121e-06
-1596.3 4.70121e-06
-1596.1 4.70121e-06
-1595.9 4.70121e-06
-1595.7 4.70121e-06
-1595.5 4.70121e-06
-1595.3 4.70121e-06
-1595.1 6.26828e-06
-1594.9 6.26828e-06
-1594.7 7.83534e-06
-1594.5 7.83534e-06
-1594.3 7.83534e-06
-1594.1 7.83534e-06
-1593.9 9.40241e-06
-1593.7 1.09695e-05
-1593.5 1.09695e-05
-1593.3 1.09695e-05
-1593.1 1.09695e-05
-1592.9 1.09695e-05
-1592.7 1.09695e-05
-1592.5 1.09695e-05
-1592.3 1.25366e-05
-1592.1 1.25366e-05
-1591.9 1.25366e-05
-1591.7 1.25366e-05
-1591.5 1.25366e-05
-1591.3 1.25366e-05
-1591.1 1.25366e-05
-1590.9 1.41036e-05
-1590.7 1.41036e-05
-1590.5 1.41036e-05
-1590.3 1.41036e-05
-1590.1 1.56707e-05
-1589.9 1.56707e-05
-1589.7 2.1939e-05
-1589.5 2.3506e-05
-1589.3 2.3506e-05
-1589.1 2.50731e-05
-1588.9 2.66402e-05
-1588.7 2.82072e-05
-1588.5 3.44755e-05
-1588.3 3.76097e-05
-1588.1 4.70121e-05
-1587.9 5.64145e-05
-1587.7 6.42498e-05
-1587.5 6.7384e-05
-1587.3 7.36522e-05
-1587.1 8.61888e-05
-1586.9 9.55912e-05
-1586.7 0.000111262
-1586.5 0.000130067
-1586.3 0.000162975
-1586.1 0.000178646
-1585.9 0.000216256
-1585.7 0.000253865
-1585.5 0.000286774
-1585.3 0.000333786
-1585.1 0.000383932
-1584.9 0.00045445
-1584.7 0.000520267
-1584.5 0.000608023
-1584.3 0.000684809
-1584.1 0.000807041
-1583.9 0.000968449
-1583.7 0.00112202
-1583.5 0.00128656
-1583.3 0.00146834
-1583.1 0.00166423
-1582.9 0.00185854
-1582.7 0.0020936
-1582.5 0.00237411
-1582.3 0.00265461
-1582.1 0.00288497
-1581.9 0.00319055
-1581.7 0.00350553
-1581.5 0.00382835
-1581.3 0.00415273
-1581.1 0.00450219
-1580.9 0.00484851
-1580.7 0.00522461
-1580.5 0.00561794
-1580.3 0.00600344
-1580.1 0.00641401
-1579.9 0.00679951
-1579.7 0.00721635
-1579.5 0.00765513
-1579.3 0.00805317
-1579.1 0.00849195
-1578.9 0.00894013
-1578.7 0.00936794
-1578.5 0.00977381
-1578.3 0.0102251
-1578.1 0.010725
-1577.9 0.0112375
-1577.7 0.0116919
-1577.5 0.0121981
-1577.3 0.0127121
-1577.1 0.013237
-1576.9 0.013715
-1576.7 0.0142164
-1576.5 0.0147524
-1576.3 0.01534
-1576.1 0.0158916
-1575.9 0.0165153
-1575.7 0.017056
-1575.5 0.0176483
-1575.3 0.0182783
-1575.1 0.0188879
-1574.9 0.0195429
-1574.7 0.0201917
-1574.5 0.0208483
-1574.3 0.0214767
-1574.1 0.0222257
-1573.9 0.0229356
-1573.7 0.0236878
-1573.5 0.0243961
-1573.3 0.025211
-1573.1 0.025993
-1572.9 0.0267655
-1572.7 0.0275977
-1572.5 0.0283969
-1572.3 0.0292243
-1572.1 0.0300674
-1571.9 0.0309731
-1571.7 0.0318381
-1571.5 0.032758
-1571.3 0.0336371
-1571.1 0.0345774
-1570.9 0.0355474
-1570.7 0.0365895
-1570.5 0.037594
-1570.3 0.038553
-1570.1 0.0396186
-1569.9 0.040714
-1569.7 0.041789
-1569.5 0.0429158
-1569.3 0.0440597
-1569.1 0.045188
-1568.9 0.0463633
-1568.7 0.0475637
-1568.5 0.0487531
-1568.3 0.0499143
-1568.1 0.0511256
-1567.9 0.0523871
-1567.7 0.0535781
-1567.5 0.0548396
-1567.3 0.0560431
-1567.1 0.0572231
-1566.9 0.0585097
-1566.7 0.0597962
-1566.5 0.0610358
-1566.3 0.0623317
-1566.1 0.0636434
-1565.9 0.0649127
-1565.7 0.0661523
-1565.5 0.0673871
-1565.3 0.0686172
-1565.1 0.0698411
-1564.9 0.07117
-1564.7 0.0724973
-1564.5 0.0737463
-1564.3 0.0750328
-1564.1 0.0763445
-1563.9 0.0775919
-1563.7 0.0787907
-1563.5 0.0800083
-1563.3 0.0812478
-1563.1 0.0825015
-1562.9 0.0837645
-1562.7 0.0850918
-1562.5 0.0863251
-1562.3 0.0875239
-1562.1 0.0887431
-1561.9 0.0900359
-1561.7 0.0912113
-1561.5 0.092385
-1561.3 0.0935932
-1561.1 0.0947983
-1560.9 0.0959438
-1560.7 0.0971081
-1560.5 0.0982004
-1560.3 0.099324
-1560.1 0.100538
-1559.9 0.101687
-1559.7 0.102793
-1559.5 0.103914
-1559.3 0.105022
-1559.1 0.106083
-1558.9 0.107188
-1558.7 0.108244
-1558.5 0.109344
-1558.3 0.110403
-1558.1 0.111572
-1557.9 0.112633
-1557.7 0.113797
-1557.5 0.114841
-1557.3 0.115866
-1557.1 0.116919
-1556.9 0.118025
-1556.7 0.119074
-1556.5 0.12007
-1556.3 0.121073
-1556.1 0.122136
-1555.9 0.123205
-1555.7 0.124256
-1555.5 0.125278
-1555.3 0.126293
-1555.1 0.127354
-1554.9 0.128421
-1554.7 0.129487
-1554.5 0.130516
-1554.3 0.131513
-1554.1 0.132574
-1553.9 0.133622
-1553.7 0.134716
-1553.5 0.135774
-1553.3 0.136774
-1553.1 0.137791
-1552.9 0.138867
-1552.7 0.139897
-1552.5 0.140952
-1552.3 0.141983
-1552.1 0.143047
-1551.9 0.144026
-1551.7 0.145101
-1551.5 0.146057
-1551.3 0.147051
-1551.1 0.148021
-1550.9 0.149
-1550.7 0.150053
-1550.5 0.15105
-1550.3 0.152021
-1550.1 0.152948
-1549.9 0.153968
-1549.7 0.154908
-1549.5 0.155862
-1549.3 0.156843
-1549.1 0.157735
-1548.9 0.158644
-1548.7 0.15962
-1548.5 0.160574
-1548.3 0.161566
-1548.1 0.16248
-1547.9 0.163474
-1547.7 0.164459
-1547.5 0.165467
-1547.3 0.166388
-1547.1 0.167386
-1546.9 0.168331
-1546.7 0.169211
-1546.5 0.170154
-1546.3 0.171127
-1546.1 0.172124
-1545.9 0.173029
-1545.7 0.173974
-1545.5 0.174937
-1545.3 0.175933
-1545.1 0.176872
-1544.9 0.177812
-1544.7 0.178743
-1544.5 0.179696
-1544.3 0.180622
-1544.1 0.18159
-1543.9 0.182581
-1543.7 0.183565
-1543.5 0.184522
-1543.3 0.185486
-1543.1 0.186406
-1542.9 0.18731
-1542.7 0.188348
-1542.5 0.189307
-1542.3 0.190228
-1542.1 0.191153
-1541.9 0.192107
-1541.7 0.193061
-1541.5 0.194005
-1541.3 0.194998
-1541.1 0.195917
-1540.9 0.196813
-1540.7 0.197708
-1540.5 0.198537
-1540.3 0.199447
-1540.1 0.200353
-1539.9 0.201248
-1539.7 0.202257
-1539.5 0.203098
-1539.3 0.203934
-1539.1 0.204788
-1538.9 0.205693
-1538.7 0.206607
-1538.5 0.207497
-1538.3 0.208368
-1538.1 0.209194
-1537.9 0.210062
-1537.7 0.210863
-1537.5 0.211702
-1537.3 0.212587
-1537.1 0.213418
-1536.9 0.2143
-1536.7 0.215195
-1536.5 0.216025
-1536.3 0.216862
-1536.1 0.217685
-1535.9 0.21846
-1535.7 0.219291
-1535.5 0.220175
-1535.3 0.221027
-1535.1 0.221862
-1534.9 0.222762
-1534.7 0.223622
-1534.5 0.224556
-1534.3 0.225443
-1534.1 0.22634
-1533.9 0.227164
-1533.7 0.228005
-1533.5 0.228889
-1533.3 0.229703
-1533.1 0.230521
-1532.9 0.231353
-1532.7 0.232249
-1532.5 0.233111
-1532.3 0.234003
-1532.1 0.234763
-1531.9 0.235596
-1531.7 0.236458
-1531.5 0.237295
-1531.3 0.238149
-1531.1 0.238978
-1530.9 0.239862
-1530.7 0.240746
-1530.5 0.241615
-1530.3 0.242468
-1530.1 0.243338
-1529.9 0.244214
-1529.7 0.245075
-1529.5 0.245973
-1529.3 0.246901
-1529.1 0.247797
-1528.9 0.248695
-1528.7 0.249601
-1528.5 0.250444
-1528.3 0.251428
-1528.1 0.252262
-1527.9 0.253169
-1527.7 0.254074
-1527.5 0.254968
-1527.3 0.255821
-1527.1 0.256683
-1526.9 0.257623
-1526.7 0.258466
-1526.5 0.259303
-1526.3 0.260118
-1526.1 0.260936
-1525.9 0.261824
-1525.7 0.26278
-1525.5 0.263652
-1525.3 0.264479
-1525.1 0.26535
-1524.9 0.266182
-1524.7 0.266985
-1524.5 0.267782
-1524.3 0.268625
-1524.1 0.269487
-1523.9 0.270305
-1523.7 0.271131
-1523.5 0.272018
-1523.3 0.2728
-1523.1 0.273588
-1522.9 0.274427
-1522.7 0.275229
-1522.5 0.276027
-1522.3 0.276843
-1522.1 0.277575
-1521.9 0.278333
-1521.7 0.279125
-1521.5 0.27991
-1521.3 0.28072
-1521.1 0.281538
-1520.9 0.28234
-1520.7 0.283116
-1520.5 0.283859
-1520.3 0.284636
-1520.1 0.285438
-1519.9 0.286195
-1519.7 0.286995
-1519.5 0.287805
-1519.3 0.288559
-1519.1 0.28933
-1518.9 0.290195
-1518.7 0.290914
-1518.5 0.291646
-1518.3 0.292473
-1518.1 0.293258
-1517.9 0.294106
-1517.7 0.294821
-1517.5 0.295606
-1517.3 0.296381
-1517.1 0.297165
-1516.9 0.297933
-1516.7 0.298779
-1516.5 0.299677
-1516.3 0.300489
-1516.1 0.301264
-1515.9 0.302054
-1515.7 0.302855
-1515.5 0.303662
-1515.3 0.304552
-1515.1 0.305384
-1514.9 0.306288
-1514.7 0.307177
-1514.5 0.308048
-1514.3 0.308883
-1514.1 0.309741
-1513.9 0.310632
-1513.7 0.311513
-1513.5 0.312378
-1513.3 0.313238
-1513.1 0.314128
-1512.9 0.315011
-1512.7 0.315855
-1512.5 0.316725
-1512.3 0.317701
-1512.1 0.318681
-1511.9 0.319605
-1511.7 0.320541
-1511.5 0.321434
-1511.3 0.322294
-1511.1 0.323141
-1510.9 0.324053
-1510.7 0.324998
-1510.5 0.325805
-1510.3 0.326609
-1510.1 0.327475
-1509.9 0.328455
-1509.7 0.329363
-1509.5 0.33021
-1509.3 0.331126
-1509.1 0.331988
-1508.9 0.332836
-1508.7 0.333643
-1508.5 0.334507
-1508.3 0.335325
-1508.1 0.336205
-1507.9 0.337015
-1507.7 0.337835
-1507.5 0.3386
-1507.3 0.339383
-1507.1 0.340233
-1506.9 0.341057
-1506.7 0.341837
-1506.5 0.342618
-1506.3 0.343412
-1506.1 0.344153
-1505.9 0.344923
-1505.7 0.345738
-1505.5 0.346526
-1505.3 0.347297
-1505.1 0.348121
-1504.9 0.348955
-1504.7 0.34969
-1504.5 0.350469
-1504.3 0.351249
-1504.1 0.351995
-1503.9 0.35279
-1503.7 0.353523
-1503.5 0.354253
-1503.3 0.354961
-1503.1 0.355792
-1502.9 0.356544
-1502.7 0.357314
-1502.5 0.358111
-1502.3 0.35889
-1502.1 0.359636
-1501.9 0.360384
-1501.7 0.361147
-1501.5 0.36193
-1501.3 0.362681
-1501.1 0.363439
-1500.9 0.364268
-1500.7 0.365115
-1500.5 0.365909
-1500.3 0.366686
-1500.1 0.367517
-1499.9 0.368278
-1499.7 0.36912
-1499.5 0.369899
-1499.3 0.370667
-1499.1 0.37146
-1498.9 0.372238
-1498.7 0.373028
-1498.5 0.373943
-1498.3 0.374805
-1498.1 0.375644
-1497.9 0.376457
-1497.7 0.377291
-1497.5 0.378181
-1497.3 0.379057
-1497.1 0.379831
-1496.9 0.380715
-1496.7 0.381583
-1496.5 0.382503
-1496.3 0.383446
-1496.1 0.384451
-1495.9 0.385408
-1495.7 0.386322
-1495.5 0.387271
-1495.3 0.388219
-1495.1 0.389141
-1494.9 0.390105
-1494.7 0.391086
-1494.5 0.392048
-1494.3 0.393062
-1494.1 0.394035
-1493.9 0.39498
-1493.7 0.39592
-1493.5 0.396852
-1493.3 0.397758
-1493.1 0.398675
-1492.9 0.399582
-1492.7 0.400544
-1492.5 0.401483
-1492.3 0.402403
-1492.1 0.403296
-1491.9 0.404232
-1491.7 0.40513
-1491.5 0.406087
-1491.3 0.406994
-1491.1 0.407908
-1490.9 0.408778
-1490.7 0.409701
-1490.5 0.410602
-1490.3 0.411569
-1490.1 0.41246
-1489.9 0.413374
-1489.7 0.414205
-1489.5 0.415052
-1489.3 0.415906
-1489.1 0.416782
-1488.9 0.417651
-1488.7 0.41853
-1488.5 0.419401
-1488.3 0.420238
-1488.1 0.421153
-1487.9 0.421994
-1487.7 0.422867
-1487.5 0.423684
-1487.3 0.424517
-1487.1 0.425339
-1486.9 0.426211
-1486.7 0.427058
-1486.5 0.427924
-1486.3 0.428749
-1486.1 0.429659
-1485.9 0.430507
-1485.7 0.431449
-1485.5 0.43234
-1485.3 0.433266
-1485.1 0.434128
-1484.9 0.435059
-1484.7 0.435946
-1484.5 0.436719
-1484.3 0.437573
-1484.1 0.438381
-1483.9 0.439224
-1483.7 0.440118
-1483.5 0.441
-1483.3 0.441917
-1483.1 0.442821
-1482.9 0.443727
-1482.7 0.444596
-1482.5 0.445529
-1482.3 0.446485
-1482.1 0.447411
-1481.9 0.448295
-1481.7 0.449172
-1481.5 0.45012
-1481.3 0.451017
-1481.1 0.452037
-1480.9 0.452933
-1480.7 0.453797
-1480.5 0.454724
-1480.3 0.455647
-1480.1 0.456545
-1479.9 0.457495
-1479.7 0.45838
-1479.5 0.459283
-1479.3 0.460156
-1479.1 0.461123
-1478.9 0.462021
-1478.7 0.462937
-1478.5 0.463801
-1478.3 0.464714
-1478.1 0.465651
-1477.9 0.466557
-1477.7 0.467533
-1477.5 0.468489
-1477.3 0.469444
-1477.1 0.47039
-1476.9 0.471309
-1476.7 0.472247
-1476.5 0.473206
-1476.3 0.474079
-1476.1 0.474952
-1475.9 0.475873
-1475.7 0.476768
-1475.5 0.477688
-1475.3 0.478591
-1475.1 0.479479
-1474.9 0.480349
-1474.7 0.481255
-1474.5 0.482178
-1474.3 0.483065
-1474.1 0.484041
-1473.9 0.484872
-1473.7 0.48581
-1473.5 0.486719
-1473.3 0.487669
-1473.1 0.488578
-1472.9 0.489502
-1472.7 0.490389
-1472.5 0.491273
-1472.3 0.492307
-1472.1 0.493232
-1471.9 0.49418
-1471.7 0.495076
-1471.5 0.495933
-1471.3 0.496792
-1471.1 0.497643
-1470.9 0.498544
-1470.7 0.499431
-1470.5 0.500288
-1470.3 0.501182
-1470.1 0.502026
-1469.9 0.502938
-1469.7 0.503839
-1469.5 0.504701
-1469.3 0.505576
-1469.1 0.506469
-1468.9 0.507328
-1468.7 0.508291
-1468.5 0.509181
-1468.3 0.509984
-1468.1 0.510891
-1467.9 0.511756
-1467.7 0.512612
-1467.5 0.513461
-1467.3 0.514251
-1467.1 0.515118
-1466.9 0.515942
-1466.7 0.516813
-1466.5 0.517727
-1466.3 0.518562
-1466.1 0.519455
-1465.9 0.520342
-1465.7 0.521188
-1465.5 0.522097
-1465.3 0.522943
-1465.1 0.52375
-1464.9 0.524664
-1464.7 0.525524
-1464.5 0.526436
-1464.3 0.527306
-1464.1 0.528262
-1463.9 0.529122
-1463.7 0.529978
-1463.5 0.530887
-1463.3 0.531735
-1463.1 0.532692
-1462.9 0.533567
-1462.7 0.534449
-1462.5 0.535359
-1462.3 0.536278
-1462.1 0.537273
-1461.9 0.53811
-1461.7 0.539018
-1461.5 0.539934
-1461.3 0.540803
-1461.1 0.541631
-1460.9 0.542582
-1460.7 0.543478
-1460.5 0.54437
-1460.3 0.545265
-1460.1 0.546087
-1459.9 0.546929
-1459.7 0.547786
-1459.5 0.548717
-1459.3 0.549579
-1459.1 0.550447
-1458.9 0.551285
-1458.7 0.552218
-1458.5 0.553144
-1458.3 0.554059
-1458.1 0.55491
-1457.9 0.555806
-1457.7 0.556676
-1457.5 0.557524
-1457.3 0.558438
-1457.1 0.559292
-1456.9 0.560158
-1456.7 0.561015
-1456.5 0.561868
-1456.3 0.562745
-1456.1 0.563667
-1455.9 0.564485
-1455.7 0.565345
-1455.5 0.566221
-1455.3 0.567161
-1455.1 0.568053
-1454.9 0.568873
-1454.7 0.569716
-1454.5 0.570585
-1454.3 0.571458
-1454.1 0.5723
-1453.9 0.573209
-1453.7 0.574116
-1453.5 0.574923
-1453.3 0.575791
-1453.1 0.576672
-1452.9 0.577518
-1452.7 0.578338
-1452.5 0.579193
-1452.3 0.580005
-1452.1 0.580891
-1451.9 0.581748
-1451.7 0.582552
-1451.5 0.583365
-1451.3 0.584219
-1451.1 0.585065
-1450.9 0.585874
-1450.7 0.58664
-1450.5 0.587458
-1450.3 0.58832
-1450.1 0.58918
-1449.9 0.589959
-1449.7 0.590804
-1449.5 0.591674
-1449.3 0.592564
-1449.1 0.593426
-1448.9 0.59428
-1448.7 0.595126
-1448.5 0.595955
-1448.3 0.596777
-1448.1 0.597603
-1447.9 0.598503
-1447.7 0.599343
-1447.5 0.600208
-1447.3 0.601029
-1447.1 0.601855
-1446.9 0.602726
-1446.7 0.6036
-1446.5 0.604469
-1446.3 0.605257
-1446.1 0.606072
-1445.9 0.606832
-1445.7 0.607634
-1445.5 0.608441
-1445.3 0.609289
-1445.1 0.610149
-1444.9 0.61103
-1444.7 0.61185
-1444.5 0.612663
-1444.3 0.613489
-1444.1 0.614344
-1443.9 0.61518
-1443.7 0.616057
-1443.5 0.616897
-1443.3 0.617762
-1443.1 0.618588
-1442.9 0.619389
-1442.7 0.620254
-1442.5 0.621119
-1442.3 0.621926
-1442.1 0.622694
-1441.9 0.623483
-1441.7 0.624338
-1441.5 0.625195
-1441.3 0.625988
-1441.1 0.626817
-1440.9 0.627671
-1440.7 0.628536
-1440.5 0.629307
-1440.3 0.630129
-1440.1 0.630935
-1439.9 0.631758
-1439.7 0.632533
-1439.5 0.633373
-1439.3 0.634216
-1439.1 0.63513
-1438.9 0.635976
-1438.7 0.636796
-1438.5 0.637603
-1438.3 0.638408
-1438.1 0.639149
-1437.9 0.63998
-1437.7 0.640748
-1437.5 0.641514
-1437.3 0.642376
-1437.1 0.64315
-1436.9 0.643946
-1436.7 0.644716
-1436.5 0.64548
-1436.3 0.646291
-1436.1 0.647115
-1435.9 0.647906
-1435.7 0.648687
-1435.5 0.649445
-1435.3 0.650194
-1435.1 0.651014
-1434.9 0.651865
-1434.7 0.652703
-1434.5 0.653526
-1434.3 0.654316
-1434.1 0.655162
-1433.9 0.655953
-1433.7 0.656828
-1433.5 0.657696
-1433.3 0.658424
-1433.1 0.659188
-1432.9 0.659979
-1432.7 0.660726
-1432.5 0.661555
-1432.3 0.662331
-1432.1 0.663127
-1431.9 0.663973
-1431.7 0.664777
-1431.5 0.665594
-1431.3 0.666388
-1431.1 0.667155
-1430.9 0.66796
-1430.7 0.668781
-1430.5 0.669652
-1430.3 0.670464
-1430.1 0.671339
-1429.9 0.672277
-1429.7 0.673178
-1429.5 0.674015
-1429.3 0.674778
-1429.1 0.675645
-1428.9 0.676491
-1428.7 0.677289
-1428.5 0.678108
-1428.3 0.678956
-1428.1 0.679826
-1427.9 0.680631
-1427.7 0.681431
-1427.5 0.68226
-1427.3 0.683115
-1427.1 0.683957
-1426.9 0.684764
-1426.7 0.685583
-1426.5 0.686475
-1426.3 0.687334
-1426.1 0.688177
-1425.9 0.689076
-1425.7 0.68991
-1425.5 0.690783
-1425.3 0.691555
-1425.1 0.692383
-1424.9 0.69318
-1424.7 0.693984
-1424.5 0.694884
-1424.3 0.695771
-1424.1 0.69662
-1423.9 0.69759
-1423.7 0.698466
-1423.5 0.699344
-1423.3 0.70024
-1423.1 0.701116
-1422.9 0.701972
-1422.7 0.702805
-1422.5 0.703614
-1422.3 0.704512
-1422.1 0.705418
-1421.9 0.706265
-1421.7 0.707102
-1421.5 0.708011
-1421.3 0.708895
-1421.1 0.70978
-1420.9 0.710724
-1420.7 0.711645
-1420.5 0.712564
-1420.3 0.713488
-1420.1 0.714397
-1419.9 0.715276
-1419.7 0.716155
-1419.5 0.717052
-1419.3 0.71787
-1419.1 0.718755
-1418.9 0.719667
-1418.7 0.720592
-1418.5 0.721463
-1418.3 0.722411
-1418.1 0.723295
-1417.9 0.724254
-1417.7 0.725196
-1417.5 0.726042
-1417.3 0.726897
-1417.1 0.727773
-1416.9 0.728649
-1416.7 0.729496
-1416.5 0.730389
-1416.3 0.73132
-1416.1 0.732238
-1415.9 0.733145
-1415.7 0.73404
-1415.5 0.734921
-1415.3 0.735874
-1415.1 0.736743
-1414.9 0.737685
-1414.7 0.738624
-1414.5 0.739478
-1414.3 0.74033
-1414.1 0.741197
-1413.9 0.742045
-1413.7 0.742882
-1413.5 0.743778
-1413.3 0.744685
-1413.1 0.745557
-1412.9 0.746428
-1412.7 0.747368
-1412.5 0.748275
-1412.3 0.74922
-1412.1 0.750157
-1411.9 0.751019
-1411.7 0.751919
-1411.5 0.752865
-1411.3 0.753687
-1411.1 0.754595
-1410.9 0.755553
-1410.7 0.756454
-1410.5 0.757379
-1410.3 0.758248
-1410.1 0.759163
-1409.9 0.760079
-1409.7 0.760908
-1409.5 0.761759
-1409.3 0.76258
-1409.1 0.76344
-1408.9 0.764341
-1408.7 0.765187
-1408.5 0.765969
-1408.3 0.766867
-1408.1 0.767723
-1407.9 0.768575
-1407.7 0.769489
-1407.5 0.770382
-1407.3 0.771285
-1407.1 0.772145
-1406.9 0.773093
-1406.7 0.774002
-1406.5 0.774944
-1406.3 0.775814
-1406.1 0.776746
-1405.9 0.777671
-1405.7 0.778506
-1405.5 0.779379
-1405.3 0.780272
-1405.1 0.781198
-1404.9 0.782087
-1404.7 0.782988
-1404.5 0.78387
-1404.3 0.784804
-1404.1 0.785688
-1403.9 0.786557
-1403.7 0.787484
-1403.5 0.788347
-1403.3 0.789331
-1403.1 0.790199
-1402.9 0.791083
-1402.7 0.792026
-1402.5 0.792891
-1402.3 0.793844
-1402.1 0.794741
-1401.9 0.795618
-1401.7 0.796502
-1401.5 0.797378
-1401.3 0.798256
-1401.1 0.799102
-1400.9 0.800011
-1400.7 0.80092
-1400.5 0.80183
-1400.3 0.802656
-1400.1 0.803551
-1399.9 0.804441
-1399.7 0.805348
-1399.5 0.806232
-1399.3 0.807196
-1399.1 0.808147
-1398.9 0.809039
-1398.7 0.809957
-1398.5 0.810874
-1398.3 0.811779
-1398.1 0.812735
-1397.9 0.813624
-1397.7 0.814528
-1397.5 0.815437
-1397.3 0.816272
-1397.1 0.817264
-1396.9 0.818123
-1396.7 0.818974
-1396.5 0.819853
-1396.3 0.820677
-1396.1 0.821589
-1395.9 0.822453
-1395.7 0.823405
-1395.5 0.824253
-1395.3 0.825073
-1395.1 0.825946
-1394.9 0.826806
-1394.7 0.827655
-1394.5 0.828566
-1394.3 0.829392
-1394.1 0.830243
-1393.9 0.8311
-1393.7 0.831965
-1393.5 0.832885
-1393.3 0.833779
-1393.1 0.834665
-1392.9 0.835519
-1392.7 0.836362
-1392.5 0.837225
-1392.3 0.838105
-1392.1 0.839023
-1391.9 0.839885
-1391.7 0.84082
-1391.5 0.84172
-1391.3 0.84256
-1391.1 0.843417
-1390.9 0.844299
-1390.7 0.84513
-1390.5 0.845985
-1390.3 0.846797
-1390.1 0.847673
-1389.9 0.848527
-1389.7 0.84942
-1389.5 0.850287
-1389.3 0.851246
-1389.1 0.852155
-1388.9 0.853094
-1388.7 0.853979
-1388.5 0.854855
-1388.3 0.855717
-1388.1 0.856524
-1387.9 0.857412
-1387.7 0.858296
-1387.5 0.859136
-1387.3 0.860023
-1387.1 0.860898
-1386.9 0.861733
-1386.7 0.862626
-1386.5 0.863527
-1386.3 0.864369
-1386.1 0.86527
-1385.9 0.866136
-1385.7 0.866939
-1385.5 0.867753
-1385.3 0.868633
-1385.1 0.869447
-1384.9 0.870309
-1384.7 0.871105
-1384.5 0.871898
-1384.3 0.872787
-1384.1 0.87361
-1383.9 0.874456
-1383.7 0.87536
-1383.5 0.8762
-1383.3 0.877059
-1383.1 0.877888
-1382.9 0.878717
-1382.7 0.879566
-1382.5 0.880464
-1382.3 0.881363
-1382.1 0.882218
-1381.9 0.883076
-1381.7 0.883974
-1381.5 0.884795
-1381.3 0.885673
-1381.1 0.886483
-1380.9 0.887281
-1380.7 0.888161
-1380.5 0.888989
-1380.3 0.889821
-1380.1 0.890719
-1379.9 0.891548
-1379.7 0.892377
-1379.5 0.893209
-1379.3 0.894041
-1379.1 0.894886
-1378.9 0.895732
-1378.7 0.896589
-1378.5 0.89741
-1378.3 0.898255
-1378.1 0.899054
-1377.9 0.899869
-1377.7 0.900679
-1377.5 0.901555
-1377.3 0.902348
-1377.1 0.903179
-1376.9 0.903997
-1376.7 0.90484
-1376.5 0.905645
-1376.3 0.90649
-1376.1 0.907266
-1375.9 0.90809
-1375.7 0.908913
-1375.5 0.90979
-1375.3 0.910578
-1375.1 0.911407
-1374.9 0.912207
-1374.7 0.912959
-1374.5 0.913756
-1374.3 0.914549
-1374.1 0.915417
-1373.9 0.916224
-1373.7 0.917028
-1373.5 0.91782
-1373.3 0.91868
-1373.1 0.919381
-1372.9 0.920167
-1372.7 0.92096
-1372.5 0.921786
-1372.3 0.922606
-1372.1 0.92342
-1371.9 0.924185
-1371.7 0.924959
-1371.5 0.925787
-1371.3 0.926598
-1371.1 0.927362
-1370.9 0.928189
-1370.7 0.928951
-1370.5 0.929744
-1370.3 0.930483
-1370.1 0.931229
-1369.9 0.932014
-1369.7 0.932796
-1369.5 0.933584
-1369.3 0.934379
-1369.1 0.935197
-1368.9 0.935965
-1368.7 0.936709
-1368.5 0.937513
-1368.3 0.938317
-1368.1 0.939138
-1367.9 0.939872
-1367.7 0.940683
-1367.5 0.941492
-1367.3 0.942271
-1367.1 0.942998
-1366.9 0.943764
-1366.7 0.944469
-1366.5 0.945173
-1366.3 0.94596
-1366.1 0.946685
-1365.9 0.947384
-1365.7 0.948138
-1365.5 0.948881
-1365.3 0.949636
-1365.1 0.950377
-1364.9 0.951184
-1364.7 0.951853
-1364.5 0.952557
-1364.3 0.953225
-1364.1 0.953934
-1363.9 0.954673
-1363.7 0.955384
-1363.5 0.95605
-1363.3 0.956758
-1363.1 0.957407
-1362.9 0.958145
-1362.7 0.958821
-1362.5 0.959477
-1362.3 0.960167
-1362.1 0.960786
-1361.9 0.961444
-1361.7 0.962091
-1361.5 0.962755
-1361.3 0.963398
-1361.1 0.964061
-1360.9 0.964661
-1360.7 0.965261
-1360.5 0.965866
-1360.3 0.966485
-1360.1 0.967079
-1359.9 0.96769
-1359.7 0.968309
-1359.5 0.968878
-1359.3 0.969473
-1359.1 0.970013
-1358.9 0.970575
-1358.7 0.971114
-1358.5 0.971667
-1358.3 0.9722
-1358.1 0.972755
-1357.9 0.973305
-1357.7 0.973846
-1357.5 0.974403
-1357.3 0.974977
-1357.1 0.975489
-1356.9 0.975974
-1356.7 0.976449
-1356.5 0.976911
-1356.3 0.977384
-1356.1 0.977817
-1355.9 0.978249
-1355.7 0.978683
-1355.5 0.979114
-1355.3 0.979504
-1355.1 0.979898
-1354.9 0.980305
-1354.7 0.980714
-1354.5 0.981122
-1354.3 0.981543
-1354.1 0.981988
-1353.9 0.9824
-1353.7 0.982786
-1353.5 0.98316
-1353.3 0.98353
-1353.1 0.983884
-1352.9 0.984245
-1352.7 0.984633
-1352.5 0.984997
-1352.3 0.985349
-1352.1 0.985693
-1351.9 0.986042
-1351.7 0.986379
-1351.5 0.986661
-1351.3 0.986995
-1351.1 0.987299
-1350.9 0.987615
-1350.7 0.987915
-1350.5 0.988222
-1350.3 0.988487
-1350.1 0.988756
-1349.9 0.989005
-1349.7 0.989284
-1349.5 0.989588
-1349.3 0.989866
-1349.1 0.990116
-1348.9 0.990394
-1348.7 0.990663
-1348.5 0.990898
-1348.3 0.991146
-1348.1 0.99137
-1347.9 0.991615
-1347.7 0.991829
-1347.5 0.992057
-1347.3 0.992295
-1347.1 0.992533
-1346.9 0.992752
-1346.7 0.99298
-1346.5 0.993196
-1346.3 0.993392
-1346.1 0.993559
-1345.9 0.99378
-1345.7 0.99397
-1345.5 0.994127
-1345.3 0.994296
-1345.1 0.994489
-1344.9 0.994645
-1344.7 0.994826
-1344.5 0.994979
-1344.3 0.995125
-1344.1 0.995286
-1343.9 0.995416
-1343.7 0.995542
-1343.5 0.9957
-1343.3 0.995819
-1343.1 0.995944
-1342.9 0.996084
-1342.7 0.996228
-1342.5 0.99636
-1342.3 0.996501
-1342.1 0.99661
-1341.9 0.996703
-1341.7 0.996809
-1341.5 0.996921
-1341.3 0.997027
-1341.1 0.997137
-1340.9 0.997211
-1340.7 0.997316
-1340.5 0.997416
-1340.3 0.997501
-1340.1 0.997604
-1339.9 0.997695
-1339.7 0.997773
-1339.5 0.997837
-1339.3 0.997897
-1339.1 0.997993
-1338.9 0.99806
-1338.7 0.99814
-1338.5 0.998214
-1338.3 0.998289
-1338.1 0.998362
-1337.9 0.998434
-1337.7 0.998494
-1337.5 0.998538
-1337.3 0.99859
-1337.1 0.99864
-1336.9 0.998698
-1336.7 0.998742
-1336.5 0.99879
-1336.3 0.998844
-1336.1 0.998873
-1335.9 0.998927
-1335.7 0.998964
-1335.5 0.998994
-1335.3 0.999022
-1335.1 0.999063
-1334.9 0.999094
-1334.7 0.999132
-1334.5 0.999162
-1334.3 0.999182
-1334.1 0.999205
-1333.9 0.999224
-1333.7 0.99924
-1333.5 0.999271
-1333.3 0.999287
-1333.1 0.99932
-1332.9 0.999347
-1332.7 0.99937
-1332.5 0.999387
-1332.3 0.999412
-1332.1 0.999436
-1331.9 0.999456
-1331.7 0.999475
-1331.5 0.999505
-1331.3 0.99952
-1331.1 0.999535
-1330.9 0.999549
-1330.7 0.999561
-1330.5 0.999569
-1330.3 0.99958
-1330.1 0.9996
-1329.9 0.999616
-1329.7 0.99964
-1329.5 0.999658
-1329.3 0.999671
-1329.1 0.999679
-1328.9 0.99969
-1328.7 0.999702
-1328.5 0.999712
-1328.3 0.999721
-1328.1 0.999729
-1327.9 0.999734
-1327.7 0.999738
-1327.5 0.999749
-1327.3 0.999762
-1327.1 0.999768
-1326.9 0.999777
-1326.7 0.999784
-1326.5 0.99979
-1326.3 0.999796
-1326.1 0.999798
-1325.9 0.999803
-1325.7 0.999814
-1325.5 0.999821
-1325.3 0.999828
-1325.1 0.999831
-1324.9 0.999837
-1324.7 0.999839
-1324.5 0.999843
-1324.3 0.99985
-1324.1 0.999851
-1323.9 0.999854
-1323.7 0.999861
-1323.5 0.999865
-1323.3 0.999865
-1323.1 0.99987
-1322.9 0.99987
-1322.7 0.999876
-1322.5 0.999876
-1322.3 0.999881
-1322.1 0.999882
-1321.9 0.999884
-1321.7 0.999886
-1321.5 0.999887
-1321.3 0.999887
-1321.1 0.999887
-1320.9 0.999887
-1320.7 0.999892
-1320.5 0.999895
-1320.3 0.999898
-1320.1 0.999898
-1319.9 0.9999
-1319.7 0.999903
-1319.5 0.999906
-1319.3 0.999908
-1319.1 0.999908
-1318.9 0.999908
-1318.7 0.999909
-1318.5 0.999909
-1318.3 0.999912
-1318.1 0.999914
-1317.9 0.999914
-1317.7 0.999914
-1317.5 0.999914
-1317.3 0.999917
-1317.1 0.999917
-1316.9 0.99992
-1316.7 0.99992
-1316.5 0.99992
-1316.3 0.999922
-1316.1 0.999922
-1315.9 0.999925
-1315.7 0.999925
-1315.5 0.999928
-1315.3 0.999928
-1315.1 0.999928
-1314.9 0.999929
-1314.7 0.999931
-1314.5 0.999931
-1314.3 0.999933
-1314.1 0.999933
-1313.9 0.999933
-1313.7 0.999934
-1313.5 0.999934
-1313.3 0.999934
-1313.1 0.999939
-1312.9 0.99994
-1312.7 0.99994
-1312.5 0.999942
-1312.3 0.999944
-1312.1 0.999945
-1311.9 0.999947
-1311.7 0.99995
-1311.5 0.99995
-1311.3 0.99995
-1311.1 0.99995
-1310.9 0.99995
-1310.7 0.999955
-1310.5 0.999955
-1310.3 0.999956
-1310.1 0.999958
-1309.9 0.999958
-1309.7 0.999958
-1309.5 0.999958
-1309.3 0.999959
-1309.1 0.999961
-1308.9 0.999964
-1308.7 0.999964
-1308.5 0.999964
-1308.3 0.999964
-1308.1 0.999964
-1307.9 0.999964
-1307.7 0.999964
-1307.5 0.999964
-1307.3 0.999964
-1307.1 0.999966
-1306.9 0.999967
-1306.7 0.99997
-1306.5 0.999972
-1306.3 0.999972
-1306.1 0.999973
-1305.9 0.999973
-1305.7 0.999978
-1305.5 0.999978
-1305.3 0.999978
-1305.1 0.999978
-1304.9 0.999978
-1304.7 0.999978
-1304.5 0.999978
-1304.3 0.999978
-1304.1 0.999983
-1303.9 0.999983
-1303.7 0.999984
-1303.5 0.999986
-1303.3 0.999986
-1303.1 0.999987
-1302.9 0.999989
-1302.7 0.999989
-1302.5 0.999989
-1302.3 0.999991
-1302.1 0.999991
-1301.9 0.999992
-1301.7 0.999994
-1301.5 0.999997
-1301.3 0.999997
-1301.1 0.999997
-1300.9 0.999997
-1300.7 0.999997
-1300.5 0.999997
-1300.3 0.999998
-1300.1 1
