1500
-1599.7 3.01541e-06
-1599.5 9.04623e-06
-1599.3 9.04623e-06
-1599.1 1.20616e-05
-1598.9 1.5077e-05
-1598.7 2.11079e-05
-1598.5 2.41233e-05
-1598.3 3.31695e-05
-1598.1 3.31695e-05
-1597.9 3.31695e-05
-1597.7 3.92003e-05
-1597.5 3.92003e-05
-1597.3 4.52311e-05
-1597.1 4.52311e-05
-1596.9 4.82465e-05
-1596.7 5.12619e-05
-1596.5 5.42774e-05
-1596.3 6.03082e-05
-1596.1 6.33236e-05
-1595.9 6.33236e-05
-1595.7 6.33236e-05
-1595.5 6.93544e-05
-1595.3 6.93544e-05
-1595.1 6.93544e-05
-1594.9 7.53852e-05
-1594.7 8.44314e-05
-1594.5 8.44314e-05
-1594.3 9.04623e-05
-1594.1 9.34777e-05
-1593.9 0.000105539
-1593.7 0.000105539
-1593.5 0.000105539
-1593.3 0.000108555
-1593.1 0.000108555
-1592.9 0.00011157
-1592.7 0.000117601
-1592.5 0.000117601
-1592.3 0.000117601
-1592.1 0.000120616
-1591.9 0.000126647
-1591.7 0.000129663
-1591.5 0.000132678
-1591.3 0.000132678
-1591.1 0.000135693
-1590.9 0.000135693
-1590.7 0.000141724
-1590.5 0.000147755
-1590.3 0.000147755
-1590.1 0.000156801
-1589.9 0.000159817
-1589.7 0.000159817
-1589.5 0.000159817
-1589.3 0.000159817
-1589.1 0.000162832
-1588.9 0.000168863
-1588.7 0.000168863
-1588.5 0.000174894
-1588.3 0.000174894
-1588.1 0.000177909
-1587.9 0.000177909
-1587.7 0.00018394
-1587.5 0.000186955
-1587.3 0.000186955
-1587.1 0.000186955
-1586.9 0.000186955
-1586.7 0.000186955
-1586.5 0.000196002
-1586.3 0.000202032
-1586.1 0.000208063
-1585.9 0.000214094
-1585.7 0.000217109
-1585.5 0.000217109
-1585.3 0.00022314
-1585.1 0.000226156
-1584.9 0.000229171
-1584.7 0.000229171
-1584.5 0.000235202
-1584.3 0.000235202
-1584.1 0.000238217
-1583.9 0.000238217
-1583.7 0.000241233
-1583.5 0.000244248
-1583.3 0.000247264
-1583.1 0.000247264
-1582.9 0.000247264
-1582.7 0.000250279
-1582.5 0.000250279
-1582.3 0.000253294
-1582.1 0.000253294
-1581.9 0.000262341
-1581.7 0.000262341
-1581.5 0.000262341
-1581.3 0.000265356
-1581.1 0.000271387
-1580.9 0.000271387
-1580.7 0.000277418
-1580.5 0.000280433
-1580.3 0.000283448
-1580.1 0.000289479
-1579.9 0.000289479
-1579.7 0.000289479
-1579.5 0.000289479
-1579.3 0.000289479
-1579.1 0.00029551
-1578.9 0.000298525
-1578.7 0.000301541
-1578.5 0.000301541
-1578.3 0.000307572
-1578.1 0.000307572
-1577.9 0.000307572
-1577.7 0.000310587
-1577.5 0.000313603
-1577.3 0.000316618
-1577.1 0.000325664
-1576.9 0.00032868
-1576.7 0.000331695
-1576.5 0.00033471
-1576.3 0.000343757
-1576.1 0.000346772
-1575.9 0.000352803
-1575.7 0.000355818
-1575.5 0.000358834
-1575.3 0.000364864
-1575.1 0.000364864
-1574.9 0.000370895
-1574.7 0.000373911
-1574.5 0.000376926
-1574.3 0.000379942
-1574.1 0.000379942
-1573.9 0.000379942
-1573.7 0.000379942
-1573.5 0.000388988
-1573.3 0.000388988
-1573.1 0.000392003
-1572.9 0.000395019
-1572.7 0.000395019
-1572.5 0.000395019
-1572.3 0.000398034
-1572.1 0.00040708
-1571.9 0.000413111
-1571.7 0.000419142
-1571.5 0.000425173
-1571.3 0.00044628
-1571.1 0.000452311
-1570.9 0.000470404
-1570.7 0.000497542
-1570.5 0.000527697
-1570.3 0.000575943
-1570.1 0.000606097
-1569.9 0.000651328
-1569.7 0.000705606
-1569.5 0.000780991
-1569.3 0.000835268
-1569.1 0.000955885
-1568.9 0.00106142
-1568.7 0.00117902
-1568.5 0.00127552
-1568.3 0.00138709
-1568.1 0.00148057
-1567.9 0.00162531
-1567.7 0.00173386
-1567.5 0.00190574
-1567.3 0.00212285
-1567.1 0.00230679
-1566.9 0.00249374
-1566.7 0.00272593
-1566.5 0.00302445
-1566.3 0.00331092
-1566.1 0.00360944
-1565.9 0.00383862
-1565.7 0.00413714
-1565.5 0.00445677
-1565.3 0.00483068
-1565.1 0.00516238
-1564.9 0.00556343
-1564.7 0.00591623
-1564.5 0.00635045
-1564.3 0.00674245
-1564.1 0.0072008
-1563.9 0.00767422
-1563.7 0.00818382
-1563.5 0.00871152
-1563.3 0.00929047
-1563.1 0.00982722
-1562.9 0.0104363
-1562.7 0.011157
-1562.5 0.0119591
-1562.3 0.012719
-1562.1 0.0134336
-1561.9 0.0142629
-1561.7 0.0151675
-1561.5 0.0159817
-1561.3 0.0169677
-1561.1 0.0178693
-1560.9 0.0188373
-1560.7 0.0198896
-1560.5 0.0209601
-1560.3 0.0220185
-1560.1 0.0232126
-1559.9 0.0242469
-1559.7 0.0253928
-1559.5 0.0265266
-1559.3 0.0278594
-1559.1 0.0292525
-1558.9 0.0305461
-1558.7 0.0318457
-1558.5 0.0331032
-1558.3 0.0345144
-1558.1 0.0357567
-1557.9 0.0370654
-1557.7 0.0384525
-1557.5 0.0399059
-1557.3 0.0411814
-1557.1 0.0425987
-1556.9 0.044031
-1556.7 0.0454151
-1556.5 0.0467479
-1556.3 0.0479752
-1556.1 0.0493984
-1555.9 0.0508217
-1555.7 0.0522661
-1555.5 0.0536924
-1555.3 0.0550644
-1555.1 0.0563791
-1554.9 0.0577119
-1554.7 0.0590477
-1554.5 0.0603293
-1554.3 0.0616862
-1554.1 0.0630793
-1553.9 0.0643639
-1553.7 0.0656364
-1553.5 0.0670325
-1553.3 0.0683292
-1553.1 0.069677
-1552.9 0.0710521
-1552.7 0.0724844
-1552.5 0.073781
-1552.3 0.0751108
-1552.1 0.0763351
-1551.9 0.0776196
-1551.7 0.0789132
-1551.5 0.0802099
-1551.3 0.081413
-1551.1 0.0826222
-1550.9 0.0838645
-1550.7 0.0850406
-1550.5 0.0861532
-1550.3 0.0873293
-1550.1 0.0884992
-1549.9 0.0896963
-1549.7 0.0908512
-1549.5 0.0919187
-1549.3 0.0929862
-1549.1 0.0940958
-1548.9 0.0951753
-1548.7 0.0963152
-1548.5 0.0973675
-1548.3 0.0985224
-1548.1 0.0997075
-1547.9 0.100862
-1547.7 0.101954
-1547.5 0.103046
-1547.3 0.104098
-1547.1 0.105126
-1546.9 0.106212
-1546.7 0.10727
-1546.5 0.108316
-1546.3 0.109441
-1546.1 0.110512
-1545.9 0.111507
-1545.7 0.112523
-1545.5 0.113536
-1545.3 0.114619
-1545.1 0.115626
-1544.9 0.11663
-1544.7 0.117625
-1544.5 0.118638
-1544.3 0.119621
-1544.1 0.120674
-1543.9 0.121633
-1543.7 0.122616
-1543.5 0.123674
-1543.3 0.124672
-1543.1 0.125534
-1542.9 0.126487
-1542.7 0.127537
-1542.5 0.128471
-1542.3 0.129355
-1542.1 0.130299
-1541.9 0.131225
-1541.7 0.132102
-1541.5 0.132998
-1541.3 0.133938
-1541.1 0.134801
-1540.9 0.135892
-1540.7 0.136878
-1540.5 0.137816
-1540.3 0.138817
-1540.1 0.139797
-1539.9 0.14069
-1539.7 0.14154
-1539.5 0.142517
-1539.3 0.143443
-1539.1 0.144233
-1538.9 0.14518
-1538.7 0.146118
-1538.5 0.147007
-1538.3 0.147873
-1538.1 0.148762
-1537.9 0.149703
-1537.7 0.15055
-1537.5 0.151437
-1537.3 0.152284
-1537.1 0.153234
-1536.9 0.154108
-1536.7 0.155019
-1536.5 0.1559
-1536.3 0.156732
-1536.1 0.157543
-1535.9 0.158354
-1535.7 0.159217
-1535.5 0.160166
-1535.3 0.161159
-1535.1 0.162039
-1534.9 0.162874
-1534.7 0.163722
-1534.5 0.16465
-1534.3 0.165579
-1534.1 0.166442
-1533.9 0.167346
-1533.7 0.168184
-1533.5 0.169041
-1533.3 0.1699
-1533.1 0.170663
-1532.9 0.171504
-1532.7 0.172469
-1532.5 0.173356
-1532.3 0.174242
-1532.1 0.17506
-1531.9 0.175828
-1531.7 0.176652
-1531.5 0.177463
-1531.3 0.178289
-1531.1 0.179191
-1530.9 0.180047
-1530.7 0.180867
-1530.5 0.181727
-1530.3 0.182493
-1530.1 0.183394
-1529.9 0.184166
-1529.7 0.184956
-1529.5 0.185855
-1529.3 0.18682
-1529.1 0.187673
-1528.9 0.188517
-1528.7 0.189389
-1528.5 0.19026
-1528.3 0.191074
-1528.1 0.191925
-1527.9 0.192796
-1527.7 0.193598
-1527.5 0.194491
-1527.3 0.19542
-1527.1 0.196282
-1526.9 0.197202
-1526.7 0.19807
-1526.5 0.198945
-1526.3 0.199813
-1526.1 0.200645
-1525.9 0.201568
-1525.7 0.202388
-1525.5 0.203281
-1525.3 0.204137
-1525.1 0.204987
-1524.9 0.205787
-1524.7 0.206655
-1524.5 0.207587
-1524.3 0.208431
-1524.1 0.209293
-1523.9 0.210186
-1523.7 0.211091
-1523.5 0.211938
-1523.3 0.212809
-1523.1 0.213693
-1522.9 0.214495
-1522.7 0.2153
-1522.5 0.216178
-1522.3 0.217067
-1522.1 0.217972
-1521.9 0.218795
-1521.7 0.21966
-1521.5 0.220444
-1521.3 0.22125
-1521.1 0.222091
-1520.9 0.223059
-1520.7 0.223906
-1520.5 0.224778
-1520.3 0.225679
-1520.1 0.226436
-1519.9 0.227271
-1519.7 0.228143
-1519.5 0.229063
-1519.3 0.229889
-1519.1 0.230682
-1518.9 0.231481
-1518.7 0.232358
-1518.5 0.233157
-1518.3 0.233972
-1518.1 0.234831
-1517.9 0.23563
-1517.7 0.236489
-1517.5 0.237361
-1517.3 0.238184
-1517.1 0.23898
-1516.9 0.239725
-1516.7 0.240548
-1516.5 0.241432
-1516.3 0.242297
-1516.1 0.24303
-1515.9 0.243907
-1515.7 0.244749
-1515.5 0.245572
-1515.3 0.246365
-1515.1 0.247206
-1514.9 0.248035
-1514.7 0.248895
-1514.5 0.249763
-1514.3 0.250547
-1514.1 0.251307
-1513.9 0.252139
-1513.7 0.252981
-1513.5 0.253813
-1513.3 0.254612
-1513.1 0.255435
-1512.9 0.25624
-1512.7 0.257085
-1512.5 0.257935
-1512.3 0.258677
-1512.1 0.259494
-1511.9 0.260329
-1511.7 0.261152
-1511.5 0.261879
-1511.3 0.262711
-1511.1 0.263589
-1510.9 0.264289
-1510.7 0.265003
-1510.5 0.265878
-1510.3 0.266701
-1510.1 0.267521
-1509.9 0.268305
-1509.7 0.26917
-1509.5 0.269945
-1509.3 0.270796
-1509.1 0.27167
-1508.9 0.272572
-1508.7 0.273407
-1508.5 0.274233
-1508.3 0.275047
-1508.1 0.27588
-1507.9 0.276703
-1507.7 0.277665
-1507.5 0.278579
-1507.3 0.279489
-1507.1 0.280267
-1506.9 0.281072
-1506.7 0.281856
-1506.5 0.282722
-1506.3 0.283617
-1506.1 0.284483
-1505.9 0.285327
-1505.7 0.286159
-1505.5 0.287019
-1505.3 0.287851
-1505.1 0.288719
-1504.9 0.289546
-1504.7 0.290405
-1504.5 0.291252
-1504.3 0.29216
-1504.1 0.292956
-1503.9 0.293788
-1503.7 0.294666
-1503.5 0.295534
-1503.3 0.296363
-1503.1 0.297277
-1502.9 0.298124
-1502.7 0.298933
-1502.5 0.299804
-1502.3 0.300633
-1502.1 0.301399
-1501.9 0.302216
-1501.7 0.302961
-1501.5 0.303824
-1501.3 0.304662
-1501.1 0.305476
-1500.9 0.306296
-1500.7 0.307125
-1500.5 0.307858
-1500.3 0.308754
-1500.1 0.309658
-1499.9 0.310548
-1499.7 0.311362
-1499.5 0.312125
-1499.3 0.312966
-1499.1 0.313811
-1498.9 0.314595
-1498.7 0.31543
-1498.5 0.316172
-1498.3 0.31704
-1498.1 0.317905
-1497.9 0.318686
-1497.7 0.319579
-1497.5 0.320405
-1497.3 0.321265
-1497.1 0.322196
-1496.9 0.323077
-1496.7 0.32393
-1496.5 0.324784
-1496.3 0.325607
-1496.1 0.326373
-1495.9 0.327154
-1495.7 0.327883
-1495.5 0.328677
-1495.3 0.329518
-1495.1 0.33032
-1494.9 0.331158
-1494.7 0.331903
-1494.5 0.332768
-1494.3 0.333673
-1494.1 0.33443
-1493.9 0.335268
-1493.7 0.336113
-1493.5 0.337053
-1493.3 0.337886
-1493.1 0.338766
-1492.9 0.339583
-1492.7 0.340446
-1492.5 0.341275
-1492.3 0.342104
-1492.1 0.342912
-1491.9 0.343802
-1491.7 0.344607
-1491.5 0.345493
-1491.3 0.346302
-1491.1 0.347128
-1490.9 0.347942
-1490.7 0.348723
-1490.5 0.349549
-1490.3 0.350451
-1490.1 0.351235
-1489.9 0.352061
-1489.7 0.352896
-1489.5 0.35378
-1489.3 0.354573
-1489.1 0.355402
-1488.9 0.356237
-1488.7 0.357055
-1488.5 0.35795
-1488.3 0.3588
-1488.1 0.359672
-1487.9 0.360534
-1487.7 0.361361
-1487.5 0.362169
-1487.3 0.363061
-1487.1 0.363915
-1486.9 0.364665
-1486.7 0.365612
-1486.5 0.366432
-1486.3 0.367198
-1486.1 0.368028
-1485.9 0.368842
-1485.7 0.369626
-1485.5 0.370458
-1485.3 0.371293
-1485.1 0.372225
-1484.9 0.373109
-1484.7 0.373902
-1484.5 0.374761
-1484.3 0.375602
-1484.1 0.376486
-1483.9 0.37733
-1483.7 0.378202
-1483.5 0.379073
-1483.3 0.379981
-1483.1 0.380843
-1482.9 0.381666
-1482.7 0.382465
-1482.5 0.383295
-1482.3 0.384112
-1482.1 0.384935
-1481.9 0.385758
-1481.7 0.386597
-1481.5 0.38745
-1481.3 0.388327
-1481.1 0.389063
-1480.9 0.389856
-1480.7 0.390703
-1480.5 0.391602
-1480.3 0.392452
-1480.1 0.393348
-1479.9 0.394156
-1479.7 0.395055
-1479.5 0.395893
-1479.3 0.396686
-1479.1 0.397524
-1478.9 0.398281
-1478.7 0.399023
-1478.5 0.399801
-1478.3 0.400609
-1478.1 0.40145
-1477.9 0.402334
-1477.7 0.403178
-1477.5 0.404041
-1477.3 0.404885
-1477.1 0.40569
-1476.9 0.406534
-1476.7 0.407355
-1476.5 0.408163
-1476.3 0.40898
-1476.1 0.409866
-1475.9 0.410759
-1475.7 0.411621
-1475.5 0.412496
-1475.3 0.413407
-1475.1 0.414275
-1474.9 0.415098
-1474.7 0.41593
-1474.5 0.416717
-1474.3 0.417574
-1474.1 0.418355
-1473.9 0.41919
-1473.7 0.419983
-1473.5 0.420731
-1473.3 0.421636
-1473.1 0.422477
-1472.9 0.42336
-1472.7 0.424208
-1472.5 0.425073
-1472.3 0.425942
-1472.1 0.426777
-1471.9 0.427663
-1471.7 0.428538
-1471.5 0.429458
-1471.3 0.430239
-1471.1 0.431047
-1470.9 0.431801
-1470.7 0.432705
-1470.5 0.433552
-1470.3 0.434376
-1470.1 0.435241
-1469.9 0.436067
-1469.7 0.436906
-1469.5 0.43775
-1469.3 0.438522
-1469.1 0.439426
-1468.9 0.44022
-1468.7 0.441022
-1468.5 0.441905
-1468.3 0.442743
-1468.1 0.443509
-1467.9 0.444375
-1467.7 0.445294
-1467.5 0.446199
-1467.3 0.44708
-1467.1 0.44802
-1466.9 0.448862
-1466.7 0.44976
-1466.5 0.450629
-1466.3 0.451425
-1466.1 0.452257
-1465.9 0.453062
-1465.7 0.453925
-1465.5 0.454724
-1465.3 0.455523
-1465.1 0.456298
-1464.9 0.457061
-1464.7 0.458013
-1464.5 0.458825
-1464.3 0.459609
-1464.1 0.460465
-1463.9 0.461294
-1463.7 0.462172
-1463.5 0.462986
-1463.3 0.463906
-1463.1 0.464744
-1462.9 0.465606
-1462.7 0.466481
-1462.5 0.467385
-1462.3 0.468221
-1462.1 0.469059
-1461.9 0.469918
-1461.7 0.470859
-1461.5 0.471731
-1461.3 0.472524
-1461.1 0.473365
-1460.9 0.474083
-1460.7 0.474993
-1460.5 0.475819
-1460.3 0.476712
-1460.1 0.477505
-1459.9 0.478346
-1459.7 0.479139
-1459.5 0.479978
-1459.3 0.480849
-1459.1 0.481702
-1458.9 0.482562
-1458.7 0.483367
-1458.5 0.484254
-1458.3 0.48511
-1458.1 0.486033
-1457.9 0.486952
-1457.7 0.487763
-1457.5 0.488614
-1457.3 0.489425
-1457.1 0.49029
-1456.9 0.491071
-1456.7 0.491744
-1456.5 0.492582
-1456.3 0.493457
-1456.1 0.494343
-1455.9 0.49516
-1455.7 0.496041
-1455.5 0.496828
-1455.3 0.497639
-1455.1 0.49845
-1454.9 0.499282
-1454.7 0.500133
-1454.5 0.500977
-1454.3 0.501891
-1454.1 0.502741
-1453.9 0.503603
-1453.7 0.50449
-1453.5 0.505307
-1453.3 0.506052
-1453.1 0.506938
-1452.9 0.507695
-1452.7 0.508558
-1452.5 0.509402
-1452.3 0.510331
-1452.1 0.511127
-1451.9 0.511962
-1451.7 0.512849
-1451.5 0.513693
-1451.3 0.514573
-1451.1 0.515472
-1450.9 0.516295
-1450.7 0.517112
-1450.5 0.517887
-1450.3 0.518795
-1450.1 0.519624
-1449.9 0.520426
-1449.7 0.521304
-1449.5 0.522169
-1449.3 0.523029
-1449.1 0.523954
-1448.9 0.524835
-1448.7 0.525628
-1448.5 0.526376
-1448.3 0.52716
-1448.1 0.527986
-1447.9 0.528851
-1447.7 0.529663
-1447.5 0.530519
-1447.3 0.531372
-1447.1 0.532205
-1446.9 0.533145
-1446.7 0.533966
-1446.5 0.534759
-1446.3 0.535582
-1446.1 0.536562
-1445.9 0.537361
-1445.7 0.538302
-1445.5 0.539194
-1445.3 0.540014
-1445.1 0.540795
-1444.9 0.541561
-1444.7 0.5424
-1444.5 0.543244
-1444.3 0.543998
-1444.1 0.54489
-1443.9 0.545717
-1443.7 0.546663
-1443.5 0.54752
-1443.3 0.54844
-1443.1 0.549205
-1442.9 0.549992
-1442.7 0.550867
-1442.5 0.55172
-1442.3 0.552604
-1442.1 0.553524
-1441.9 0.554398
-1441.7 0.555275
-1441.5 0.556147
-1441.3 0.557006
-1441.1 0.557805
-1440.9 0.558716
-1440.7 0.559578
-1440.5 0.560396
-1440.3 0.561198
-1440.1 0.562003
-1439.9 0.562847
-1439.7 0.563697
-1439.5 0.564605
-1439.3 0.565401
-1439.1 0.566239
-1438.9 0.567123
-1438.7 0.567967
-1438.5 0.568839
-1438.3 0.569737
-1438.1 0.570609
-1437.9 0.571378
-1437.7 0.572135
-1437.5 0.572922
-1437.3 0.573706
-1437.1 0.574478
-1436.9 0.575382
-1436.7 0.576151
-1436.5 0.57698
-1436.3 0.577752
-1436.1 0.578569
-1435.9 0.57936
-1435.7 0.580168
-1435.5 0.581003
-1435.3 0.581793
-1435.1 0.582655
-1434.9 0.583448
-1434.7 0.584305
-1434.5 0.585104
-1434.3 0.585897
-1434.1 0.586741
-1433.9 0.587679
-1433.7 0.588511
-1433.5 0.589316
-1433.3 0.590158
-1433.1 0.591044
-1432.9 0.591861
-1432.7 0.59266
-1432.5 0.593505
-1432.3 0.594316
-1432.1 0.595206
-1431.9 0.596083
-1431.7 0.596894
-1431.5 0.597672
-1431.3 0.598462
-1431.1 0.599367
-1430.9 0.60022
-1430.7 0.601089
-1430.5 0.601848
-1430.3 0.602632
-1430.1 0.6036
-1429.9 0.604481
-1429.7 0.605364
-1429.5 0.606139
-1429.3 0.607026
-1429.1 0.607867
-1428.9 0.608687
-1428.7 0.609544
-1428.5 0.610361
-1428.3 0.611163
-1428.1 0.612086
-1427.9 0.613042
-1427.7 0.613925
-1427.5 0.614772
-1427.3 0.61559
-1427.1 0.616497
-1426.9 0.61736
-1426.7 0.61824
-1426.5 0.618973
-1426.3 0.619862
-1426.1 0.620689
-1425.9 0.621548
-1425.7 0.622489
-1425.5 0.623421
-1425.3 0.624235
-1425.1 0.625109
-1424.9 0.625899
-1424.7 0.62678
-1424.5 0.627648
-1424.3 0.628465
-1424.1 0.629289
-1423.9 0.630139
-1423.7 0.631016
-1423.5 0.63193
-1423.3 0.632762
-1423.1 0.633489
-1422.9 0.634349
-1422.7 0.635244
-1422.5 0.636076
-1422.3 0.63693
-1422.1 0.637717
-1421.9 0.638492
-1421.7 0.639363
-1421.5 0.640141
-1421.3 0.641064
-1421.1 0.641956
-1420.9 0.642855
-1420.7 0.643754
-1420.5 0.644562
-1420.3 0.645403
-1420.1 0.646184
-1419.9 0.646983
-1419.7 0.64771
-1419.5 0.648623
-1419.3 0.64948
-1419.1 0.650294
-1418.9 0.65115
-1418.7 0.651868
-1418.5 0.652628
-1418.3 0.653424
-1418.1 0.654184
-1417.9 0.654974
-1417.7 0.655854
-1417.5 0.656611
-1417.3 0.657329
-1417.1 0.658116
-1416.9 0.658873
-1416.7 0.659741
-1416.5 0.660598
-1416.3 0.661412
-1416.1 0.662235
-1415.9 0.662992
-1415.7 0.66377
-1415.5 0.66462
-1415.3 0.665537
-1415.1 0.666375
-1414.9 0.667204
-1414.7 0.66794
-1414.5 0.668751
-1414.3 0.669541
-1414.1 0.670365
-1413.9 0.671278
-1413.7 0.672123
-1413.5 0.672961
-1413.3 0.673832
-1413.1 0.674737
-1412.9 0.675614
-1412.7 0.676519
-1412.5 0.677348
-1412.3 0.67819
-1412.1 0.679103
-1411.9 0.679987
-1411.7 0.680997
-1411.5 0.681868
-1411.3 0.682667
-1411.1 0.683485
-1410.9 0.684232
-1410.7 0.685056
-1410.5 0.685828
-1410.3 0.686741
-1410.1 0.687501
-1409.9 0.688406
-1409.7 0.689208
-1409.5 0.690064
-1409.3 0.690939
-1409.1 0.691825
-1408.9 0.692769
-1408.7 0.693637
-1408.5 0.694482
-1408.3 0.69523
-1408.1 0.696071
-1407.9 0.696807
-1407.7 0.697651
-1407.5 0.698465
-1407.3 0.699204
-1407.1 0.700093
-1406.9 0.700808
-1406.7 0.701704
-1406.5 0.702578
-1406.3 0.703401
-1406.1 0.704164
-1405.9 0.705012
-1405.7 0.705732
-1405.5 0.706537
-1405.3 0.70737
-1405.1 0.708157
-1404.9 0.709004
-1404.7 0.709857
-1404.5 0.710635
-1404.3 0.711501
-1404.1 0.712342
-1403.9 0.713189
-1403.7 0.713955
-1403.5 0.714791
-1403.3 0.71562
-1403.1 0.716431
-1402.9 0.717134
-1402.7 0.71789
-1402.5 0.718711
-1402.3 0.719612
-1402.1 0.720454
-1401.9 0.721325
-1401.7 0.722109
-1401.5 0.722923
-1401.3 0.723752
-1401.1 0.724672
-1400.9 0.725459
-1400.7 0.726328
-1400.5 0.727184
-1400.3 0.727941
-1400.1 0.728806
-1399.9 0.729693
-1399.7 0.7306
-1399.5 0.731445
-1399.3 0.732319
-1399.1 0.733043
-1398.9 0.733908
-1398.7 0.734683
-1398.5 0.735558
-1398.3 0.736339
-1398.1 0.737249
-1397.9 0.738082
-1397.7 0.738935
-1397.5 0.739677
-1397.3 0.740503
-1397.1 0.741317
-1396.9 0.742038
-1396.7 0.742876
-1396.5 0.743735
-1396.3 0.744616
-1396.1 0.74534
-1395.9 0.746205
-1395.7 0.747043
-1395.5 0.747906
-1395.3 0.748765
-1395.1 0.749643
-1394.9 0.75052
-1394.7 0.751331
-1394.5 0.752191
-1394.3 0.752972
-1394.1 0.753783
-1393.9 0.75457
-1393.7 0.755426
-1393.5 0.756261
-1393.3 0.75719
-1393.1 0.758016
-1392.9 0.758837
-1392.7 0.759675
-1392.5 0.760447
-1392.3 0.761273
-1392.1 0.762072
-1391.9 0.762917
-1391.7 0.763776
-1391.5 0.764635
-1391.3 0.765437
-1391.1 0.766333
-1390.9 0.767156
-1390.7 0.768003
-1390.5 0.768809
-1390.3 0.769581
-1390.1 0.770428
-1389.9 0.771239
-1389.7 0.771951
-1389.5 0.77278
-1389.3 0.773633
-1389.1 0.774456
-1388.9 0.775322
-1388.7 0.776094
-1388.5 0.776989
-1388.3 0.777855
-1388.1 0.778603
-1387.9 0.779471
-1387.7 0.780358
-1387.5 0.781232
-1387.3 0.782037
-1387.1 0.782869
-1386.9 0.783641
-1386.7 0.784507
-1386.5 0.7853
-1386.3 0.786156
-1386.1 0.786998
-1385.9 0.787905
-1385.7 0.788831
-1385.5 0.789693
-1385.3 0.790501
-1385.1 0.791412
-1384.9 0.792211
-1384.7 0.793001
-1384.5 0.793843
-1384.3 0.794608
-1384.1 0.795429
-1383.9 0.796213
-1383.7 0.797078
-1383.5 0.797934
-1383.3 0.798743
-1383.1 0.799533
-1382.9 0.80038
-1382.7 0.801179
-1382.5 0.80193
-1382.3 0.802822
-1382.1 0.803661
-1381.9 0.804481
-1381.7 0.805208
-1381.5 0.806055
-1381.3 0.806848
-1381.1 0.807732
-1380.9 0.808519
-1380.7 0.809333
-1380.5 0.810177
-1380.3 0.810994
-1380.1 0.81186
-1379.9 0.812629
-1379.7 0.813527
-1379.5 0.814408
-1379.3 0.815152
-1379.1 0.815924
-1378.9 0.816705
-1378.7 0.817438
-1378.5 0.818246
-1378.3 0.819018
-1378.1 0.819739
-1377.9 0.820538
-1377.7 0.821343
-1377.5 0.822103
-1377.3 0.822875
-1377.1 0.823737
-1376.9 0.824557
-1376.7 0.825432
-1376.5 0.826276
-1376.3 0.827051
-1376.1 0.827914
-1375.9 0.828806
-1375.7 0.829744
-1375.5 0.830603
-1375.3 0.831466
-1375.1 0.83237
-1374.9 0.833218
-1374.7 0.834011
-1374.5 0.834858
-1374.3 0.835645
-1374.1 0.836526
-1373.9 0.837231
-1373.7 0.838118
-1373.5 0.838926
-1373.3 0.83977
-1373.1 0.840666
-1372.9 0.841492
-1372.7 0.842294
-1372.5 0.843132
-1372.3 0.843907
-1372.1 0.844755
-1371.9 0.845626
-1371.7 0.846347
-1371.5 0.847239
-1371.3 0.848051
-1371.1 0.848976
-1370.9 0.849908
-1370.7 0.850695
-1370.5 0.851576
-1370.3 0.852483
-1370.1 0.853285
-1369.9 0.854015
-1369.7 0.85479
-1369.5 0.855755
-1369.3 0.856611
-1369.1 0.857438
-1368.9 0.858215
-1368.7 0.859117
-1368.5 0.859949
-1368.3 0.860764
-1368.1 0.861557
-1367.9 0.862407
-1367.7 0.863176
-1367.5 0.86405
-1367.3 0.864789
-1367.1 0.865597
-1366.9 0.866366
-1366.7 0.867147
-1366.5 0.867895
-1366.3 0.868788
-1366.1 0.869517
-1365.9 0.870485
-1365.7 0.871336
-1365.5 0.87208
-1365.3 0.873012
-1365.1 0.873829
-1364.9 0.874583
-1364.7 0.875497
-1364.5 0.876368
-1364.3 0.877146
-1364.1 0.877903
-1363.9 0.878696
-1363.7 0.879441
-1363.5 0.880246
-1363.3 0.881036
-1363.1 0.881938
-1362.9 0.882764
-1362.7 0.883614
-1362.5 0.884483
-1362.3 0.885393
-1362.1 0.886211
-1361.9 0.886967
-1361.7 0.887782
-1361.5 0.888656
-1361.3 0.889476
-1361.1 0.890245
-1360.9 0.891032
-1360.7 0.891955
-1360.5 0.892844
-1360.3 0.893641
-1360.1 0.894524
-1359.9 0.89538
-1359.7 0.896237
-1359.5 0.89706
-1359.3 0.89782
-1359.1 0.89851
-1358.9 0.899376
-1358.7 0.900208
-1358.5 0.90107
-1358.3 0.901969
-1358.1 0.902771
-1357.9 0.903618
-1357.7 0.904496
-1357.5 0.905319
-1357.3 0.906058
-1357.1 0.906899
-1356.9 0.907683
-1356.7 0.90857
-1356.5 0.90929
-1356.3 0.910105
-1356.1 0.910982
-1355.9 0.911869
-1355.7 0.912722
-1355.5 0.91341
-1355.3 0.914248
-1355.1 0.915116
-1354.9 0.915958
-1354.7 0.916874
-1354.5 0.917728
-1354.3 0.918533
-1354.1 0.919332
-1353.9 0.920143
-1353.7 0.92096
-1353.5 0.921829
-1353.3 0.922649
-1353.1 0.923487
-1352.9 0.924289
-1352.7 0.925085
-1352.5 0.925857
-1352.3 0.926626
-1352.1 0.927377
-1351.9 0.928251
-1351.7 0.92905
-1351.5 0.929949
-1351.3 0.930703
-1351.1 0.931496
-1350.9 0.932325
-1350.7 0.933139
-1350.5 0.933987
-1350.3 0.934731
-1350.1 0.935485
-1349.9 0.936239
-1349.7 0.937123
-1349.5 0.937919
-1349.3 0.938769
-1349.1 0.939565
-1348.9 0.940385
-1348.7 0.941091
-1348.5 0.941938
-1348.3 0.942632
-1348.1 0.943359
-1347.9 0.944073
-1347.7 0.944824
-1347.5 0.945566
-1347.3 0.946377
-1347.1 0.947209
-1346.9 0.947963
-1346.7 0.94872
-1346.5 0.949468
-1346.3 0.950167
-1346.1 0.950903
-1345.9 0.951618
-1345.7 0.952263
-1345.5 0.952948
-1345.3 0.953602
-1345.1 0.954335
-1344.9 0.955028
-1344.7 0.955631
-1344.5 0.956261
-1344.3 0.956946
-1344.1 0.957649
-1343.9 0.958255
-1343.7 0.958918
-1343.5 0.95956
-1343.3 0.960206
-1343.1 0.960733
-1342.9 0.961321
-1342.7 0.961979
-1342.5 0.962603
-1342.3 0.963212
-1342.1 0.963758
-1341.9 0.964454
-1341.7 0.964958
-1341.5 0.965492
-1341.3 0.965995
-1341.1 0.966565
-1340.9 0.967099
-1340.7 0.96763
-1340.5 0.968172
-1340.3 0.968601
-1340.1 0.969083
-1339.9 0.969632
-1339.7 0.970069
-1339.5 0.970588
-1339.3 0.971124
-1339.1 0.971616
-1338.9 0.972141
-1338.7 0.972611
-1338.5 0.973057
-1338.3 0.973498
-1338.1 0.973908
-1337.9 0.974345
-1337.7 0.974773
-1337.5 0.975234
-1337.3 0.97569
-1337.1 0.976067
-1336.9 0.976462
-1336.7 0.976932
-1336.5 0.977375
-1336.3 0.977788
-1336.1 0.978138
-1335.9 0.978521
-1335.7 0.978965
-1335.5 0.979329
-1335.3 0.97973
-1335.1 0.980056
-1334.9 0.980442
-1334.7 0.980798
-1334.5 0.981142
-1334.3 0.981428
-1334.1 0.98179
-1333.9 0.982113
-1333.7 0.982505
-1333.5 0.982866
-1333.3 0.983177
-1333.1 0.983485
-1332.9 0.983753
-1332.7 0.983997
-1332.5 0.984299
-1332.3 0.984612
-1332.1 0.984938
-1331.9 0.985182
-1331.7 0.985484
-1331.5 0.985737
-1331.3 0.985945
-1331.1 0.986168
-1330.9 0.986458
-1330.7 0.986714
-1330.5 0.986982
-1330.3 0.987236
-1330.1 0.987468
-1329.9 0.987718
-1329.7 0.987899
-1329.5 0.988116
-1329.3 0.988364
-1329.1 0.98856
-1328.9 0.988777
-1328.7 0.988961
-1328.5 0.989181
-1328.3 0.989434
-1328.1 0.989636
-1327.9 0.989844
-1327.7 0.990046
-1327.5 0.99026
-1327.3 0.990435
-1327.1 0.990604
-1326.9 0.990815
-1326.7 0.991005
-1326.5 0.991201
-1326.3 0.991364
-1326.1 0.99153
-1325.9 0.991702
-1325.7 0.991867
-1325.5 0.992033
-1325.3 0.992226
-1325.1 0.992389
-1324.9 0.992558
-1324.7 0.992724
-1324.5 0.992875
-1324.3 0.993007
-1324.1 0.993146
-1323.9 0.9933
-1323.7 0.993435
-1323.5 0.993535
-1323.3 0.993695
-1323.1 0.993821
-1322.9 0.993999
-1322.7 0.994153
-1322.5 0.994295
-1322.3 0.994425
-1322.1 0.994557
-1321.9 0.994678
-1321.7 0.994795
-1321.5 0.994904
-1321.3 0.995064
-1321.1 0.995175
-1320.9 0.995281
-1320.7 0.995389
-1320.5 0.995489
-1320.3 0.995576
-1320.1 0.995676
-1319.9 0.995751
-1319.7 0.995842
-1319.5 0.995914
-1319.3 0.996002
-1319.1 0.99608
-1318.9 0.996146
-1318.7 0.996258
-1318.5 0.996351
-1318.3 0.996457
-1318.1 0.996529
-1317.9 0.996593
-1317.7 0.99665
-1317.5 0.996743
-1317.3 0.996831
-1317.1 0.996906
-1316.9 0.996976
-1316.7 0.997042
-1316.5 0.99712
-1316.3 0.997187
-1316.1 0.997235
-1315.9 0.99731
-1315.7 0.997395
-1315.5 0.997458
-1315.3 0.997506
-1315.1 0.997545
-1314.9 0.997603
-1314.7 0.997666
-1314.5 0.997699
-1314.3 0.997723
-1314.1 0.997778
-1313.9 0.997832
-1313.7 0.99788
-1313.5 0.997913
-1313.3 0.997983
-1313.1 0.998046
-1312.9 0.998094
-1312.7 0.998143
-1312.5 0.998182
-1312.3 0.99823
-1312.1 0.998269
-1311.9 0.998302
-1311.7 0.998332
-1311.5 0.998357
-1311.3 0.998405
-1311.1 0.998456
-1310.9 0.998507
-1310.7 0.998531
-1310.5 0.998565
-1310.3 0.998586
-1310.1 0.998616
-1309.9 0.998655
-1309.7 0.998709
-1309.5 0.998743
-1309.3 0.99877
-1309.1 0.9988
-1308.9 0.998821
-1308.7 0.998848
-1308.5 0.998878
-1308.3 0.998902
-1308.1 0.998936
-1307.9 0.998972
-1307.7 0.999005
-1307.5 0.999032
-1307.3 0.999074
-1307.1 0.99911
-1306.9 0.999144
-1306.7 0.999165
-1306.5 0.999204
-1306.3 0.999225
-1306.1 0.999249
-1305.9 0.999276
-1305.7 0.999309
-1305.5 0.999334
-1305.3 0.999352
-1305.1 0.999376
-1304.9 0.999391
-1304.7 0.999421
-1304.5 0.999454
-1304.3 0.999496
-1304.1 0.999518
-1303.9 0.999545
-1303.7 0.999566
-1303.5 0.999584
-1303.3 0.999608
-1303.1 0.999644
-1302.9 0.999665
-1302.7 0.999686
-1302.5 0.999711
-1302.3 0.999738
-1302.1 0.999744
-1301.9 0.999777
-1301.7 0.999798
-1301.5 0.999822
-1301.3 0.999849
-1301.1 0.999876
-1300.9 0.999897
-1300.7 0.99991
-1300.5 0.999928
-1300.3 0.999961
-1300.1 0.999979
-1299.9 1
