1095
-208.7 3.71457e-06
-208.5 7.42914e-06
-208.3 1.48583e-05
-208.1 1.48583e-05
-207.9 1.85729e-05
-207.7 1.85729e-05
-207.5 2.22874e-05
-207.3 2.22874e-05
-207.1 2.22874e-05
-206.9 2.6002e-05
-206.7 4.08603e-05
-206.5 4.45749e-05
-206.3 4.82894e-05
-206.1 7.05769e-05
-205.9 8.17206e-05
-205.7 0.000122581
-205.5 0.000182014
-205.3 0.000256305
-205.1 0.000375172
-204.9 0.00056833
-204.7 0.000720627
-204.5 0.000943501
-204.3 0.0011738
-204.1 0.00157126
-203.9 0.00196872
-203.7 0.00246276
-203.5 0.00299766
-203.3 0.00371086
-203.1 0.00449835
-202.9 0.00543442
-202.7 0.00660822
-202.5 0.00781917
-202.3 0.00924186
-202.1 0.0106385
-201.9 0.0123621
-201.7 0.0142751
-201.5 0.0163813
-201.3 0.0186249
-201.1 0.0206419
-200.9 0.0227852
-200.7 0.0251774
-200.5 0.0275621
-200.3 0.0300435
-200.1 0.0322908
-199.9 0.0346012
-199.7 0.0370046
-199.5 0.0394302
-199.3 0.0418187
-199.1 0.0440994
-198.9 0.0464062
-198.7 0.04862
-198.5 0.0509565
-198.3 0.0531072
-198.1 0.0551948
-197.9 0.0573419
-197.7 0.0595
-197.5 0.0614613
-197.3 0.0634375
-197.1 0.0655176
-196.9 0.0676089
-196.7 0.0696928
-196.5 0.071643
-196.3 0.0735671
-196.1 0.0755024
-195.9 0.0775714
-195.7 0.0796701
-195.5 0.0816166
-195.3 0.0835333
-195.1 0.0856172
-194.9 0.0877048
-194.7 0.0895621
-194.5 0.0914379
-194.3 0.0934809
-194.1 0.0952751
-193.9 0.0971063
-193.7 0.0990194
-193.5 0.100791
-193.3 0.102637
-193.1 0.104491
-192.9 0.106248
-192.7 0.108213
-192.5 0.110107
-192.3 0.111731
-192.1 0.113681
-191.9 0.115404
-191.7 0.11725
-191.5 0.119063
-191.3 0.120861
-191.1 0.122603
-190.9 0.124189
-190.7 0.125894
-190.5 0.127662
-190.3 0.129289
-190.1 0.130842
-189.9 0.132488
-189.7 0.134055
-189.5 0.135619
-189.3 0.137283
-189.1 0.138869
-188.9 0.140396
-188.7 0.142012
-188.5 0.143464
-188.3 0.144954
-188.1 0.146421
-187.9 0.147951
-187.7 0.149448
-187.5 0.150942
-187.3 0.152416
-187.1 0.153806
-186.9 0.155258
-186.7 0.156447
-186.5 0.157817
-186.3 0.159155
-186.1 0.160399
-185.9 0.161758
-185.7 0.162992
-185.5 0.164374
-185.3 0.165599
-185.1 0.16681
-184.9 0.168047
-184.7 0.169306
-184.5 0.170551
-184.3 0.17174
-184.1 0.172898
-183.9 0.174109
-183.7 0.175224
-183.5 0.176308
-183.3 0.177486
-183.1 0.178701
-182.9 0.179811
-182.7 0.1809
-182.5 0.182055
-182.3 0.183251
-182.1 0.184384
-181.9 0.185498
-181.7 0.186557
-181.5 0.187675
-181.3 0.188804
-181.1 0.189822
-180.9 0.190988
-180.7 0.192103
-180.5 0.193187
-180.3 0.194172
-180.1 0.195268
-179.9 0.196315
-179.7 0.197307
-179.5 0.198247
-179.3 0.199291
-179.1 0.200245
-178.9 0.20127
-178.7 0.20244
-178.5 0.203514
-178.3 0.204587
-178.1 0.205616
-177.9 0.206623
-177.7 0.20757
-177.5 0.20861
-177.3 0.209673
-177.1 0.210787
-176.9 0.211812
-176.7 0.212834
-176.5 0.213963
-176.3 0.214985
-176.1 0.215999
-175.9 0.216998
-175.7 0.217975
-175.5 0.218948
-175.3 0.219944
-175.1 0.220891
-174.9 0.221912
-174.7 0.222874
-174.5 0.223777
-174.3 0.224694
-174.1 0.225616
-173.9 0.226559
-173.7 0.227436
-173.5 0.228361
-173.3 0.229286
-173.1 0.230251
-172.9 0.231217
-172.7 0.232131
-172.5 0.233045
-172.3 0.233962
-172.1 0.234939
-171.9 0.235853
-171.7 0.236789
-171.5 0.237662
-171.3 0.238613
-171.1 0.239497
-170.9 0.240392
-170.7 0.241258
-170.5 0.24225
-170.3 0.2432
-170.1 0.244166
-169.9 0.245032
-169.7 0.245868
-169.5 0.24677
-169.3 0.247781
-169.1 0.248787
-168.9 0.249679
-168.7 0.250488
-168.5 0.251332
-168.3 0.252264
-168.1 0.253189
-167.9 0.25411
-167.7 0.255065
-167.5 0.25593
-167.3 0.256904
-167.1 0.25778
-166.9 0.258664
-166.7 0.259619
-166.5 0.260607
-166.3 0.26161
-166.1 0.262531
-165.9 0.263467
-165.7 0.264351
-165.5 0.265298
-165.3 0.266194
-165.1 0.267055
-164.9 0.267921
-164.7 0.26872
-164.5 0.269511
-164.3 0.270387
-164.1 0.27119
-163.9 0.272104
-163.7 0.27301
-163.5 0.274005
-163.3 0.274923
-163.1 0.275688
-162.9 0.276509
-162.7 0.277423
-162.5 0.278266
-162.3 0.279154
-162.1 0.27999
-161.9 0.280777
-161.7 0.281591
-161.5 0.282423
-161.3 0.283236
-161.1 0.284016
-160.9 0.284919
-160.7 0.285721
-160.5 0.286509
-160.3 0.287456
-160.1 0.288299
-159.9 0.289083
-159.7 0.289956
-159.5 0.29071
-159.3 0.291642
-159.1 0.292534
-158.9 0.293403
-158.7 0.294179
-158.5 0.295089
-158.3 0.295873
-158.1 0.296687
-157.9 0.297552
-157.7 0.298354
-157.5 0.299265
-157.3 0.300104
-157.1 0.300973
-156.9 0.301887
-156.7 0.302656
-156.5 0.303477
-156.3 0.304287
-156.1 0.305137
-155.9 0.306029
-155.7 0.30685
-155.5 0.307637
-155.3 0.308384
-155.1 0.30929
-154.9 0.310104
-154.7 0.310984
-154.5 0.311838
-154.3 0.312774
-154.1 0.313569
-153.9 0.314394
-153.7 0.315326
-153.5 0.316173
-153.3 0.317035
-153.1 0.317923
-152.9 0.318944
-152.7 0.319866
-152.5 0.320657
-152.3 0.321626
-152.1 0.322566
-151.9 0.323521
-151.7 0.324498
-151.5 0.325541
-151.3 0.326433
-151.1 0.327332
-150.9 0.328283
-150.7 0.329237
-150.5 0.330192
-150.3 0.331039
-150.1 0.331919
-149.9 0.332807
-149.7 0.333765
-149.5 0.334713
-149.3 0.335649
-149.1 0.336615
-148.9 0.337528
-148.7 0.338494
-148.5 0.339449
-148.3 0.340426
-148.1 0.341235
-147.9 0.34219
-147.7 0.343067
-147.5 0.344081
-147.3 0.345002
-147.1 0.345905
-146.9 0.346804
-146.7 0.347725
-146.5 0.348639
-146.3 0.349504
-146.1 0.350492
-145.9 0.35141
-145.7 0.35232
-145.5 0.353289
-145.3 0.354222
-145.1 0.355124
-144.9 0.356109
-144.7 0.357026
-144.5 0.357866
-144.3 0.358805
-144.1 0.35979
-143.9 0.360834
-143.7 0.361777
-143.5 0.362643
-143.3 0.363712
-143.1 0.36463
-142.9 0.365558
-142.7 0.366513
-142.5 0.367338
-142.3 0.368266
-142.1 0.369243
-141.9 0.370161
-141.7 0.371119
-141.5 0.372059
-141.3 0.372973
-141.1 0.373898
-140.9 0.374901
-140.7 0.375941
-140.5 0.376858
-140.3 0.37772
-140.1 0.378693
-139.9 0.379603
-139.7 0.380591
-139.5 0.381539
-139.3 0.382441
-139.1 0.383336
-138.9 0.384306
-138.7 0.385201
-138.5 0.386067
-138.3 0.387058
-138.1 0.38792
-137.9 0.388864
-137.7 0.389826
-137.5 0.390788
-137.3 0.391735
-137.1 0.392519
-136.9 0.393358
-136.7 0.394257
-136.5 0.395078
-136.3 0.396133
-136.1 0.397058
-135.9 0.39799
-135.7 0.398874
-135.5 0.399729
-135.3 0.400583
-135.1 0.401504
-134.9 0.402489
-134.7 0.403436
-134.5 0.404331
-134.3 0.405264
-134.1 0.406192
-133.9 0.407084
-133.7 0.408009
-133.5 0.408852
-133.3 0.409706
-133.1 0.410665
-132.9 0.411515
-132.7 0.412388
-132.5 0.413246
-132.3 0.414138
-132.1 0.415066
-131.9 0.416054
-131.7 0.416938
-131.5 0.4178
-131.3 0.418647
-131.1 0.419505
-130.9 0.420386
-130.7 0.421366
-130.5 0.422202
-130.3 0.423008
-130.1 0.423818
-129.9 0.42468
-129.7 0.425664
-129.5 0.426529
-129.3 0.427384
-129.1 0.428257
-128.9 0.429204
-128.7 0.43011
-128.5 0.430954
-128.3 0.431852
-128.1 0.432759
-127.9 0.433602
-127.7 0.434456
-127.5 0.435285
-127.3 0.436147
-127.1 0.437049
-126.9 0.437952
-126.7 0.438888
-126.5 0.439813
-126.3 0.440857
-126.1 0.441808
-125.9 0.442625
-125.7 0.44362
-125.5 0.444709
-125.3 0.445626
-125.1 0.446581
-124.9 0.447532
-124.7 0.448419
-124.5 0.449266
-124.3 0.450117
-124.1 0.450934
-123.9 0.451766
-123.7 0.452665
-123.5 0.453598
-123.3 0.454459
-123.1 0.455384
-122.9 0.456213
-122.7 0.457052
-122.5 0.457981
-122.3 0.458876
-122.1 0.459797
-121.9 0.46073
-121.7 0.46158
-121.5 0.462386
-121.3 0.463378
-121.1 0.464214
-120.9 0.465276
-120.7 0.466123
-120.5 0.46694
-120.3 0.467765
-120.1 0.468564
-119.9 0.469429
-119.7 0.470358
-119.5 0.471279
-119.3 0.472193
-119.1 0.473043
-118.9 0.473972
-118.7 0.474941
-118.5 0.475755
-118.3 0.476698
-118.1 0.477579
-117.9 0.478441
-117.7 0.479347
-117.5 0.480164
-117.3 0.481011
-117.1 0.48178
-116.9 0.482634
-116.7 0.483526
-116.5 0.48444
-116.3 0.485368
-116.1 0.486238
-115.9 0.487036
-115.7 0.487879
-115.5 0.488823
-115.3 0.489666
-115.1 0.490669
-114.9 0.491586
-114.7 0.492552
-114.5 0.49347
-114.3 0.494339
-114.1 0.495197
-113.9 0.496055
-113.7 0.496876
-113.5 0.497823
-113.3 0.498767
-113.1 0.499662
-112.9 0.500602
-112.7 0.501423
-112.5 0.502307
-112.3 0.503139
-112.1 0.50396
-111.9 0.504762
-111.7 0.505605
-111.5 0.506534
-111.3 0.507359
-111.1 0.508224
-110.9 0.509064
-110.7 0.510011
-110.5 0.510887
-110.3 0.511682
-110.1 0.512559
-109.9 0.513428
-109.7 0.514264
-109.5 0.515122
-109.3 0.515988
-109.1 0.51676
-108.9 0.517548
-108.7 0.518517
-108.5 0.519345
-108.3 0.520148
-108.1 0.520991
-107.9 0.521797
-107.7 0.522759
-107.5 0.52361
-107.3 0.524408
-107.1 0.52533
-106.9 0.526191
-106.7 0.526964
-106.5 0.527882
-106.3 0.528766
-106.1 0.529672
-105.9 0.530552
-105.7 0.531396
-105.5 0.532246
-105.3 0.533101
-105.1 0.534003
-104.9 0.534906
-104.7 0.535704
-104.5 0.536551
-104.3 0.537461
-104.1 0.538405
-103.9 0.539278
-103.7 0.54014
-103.5 0.54105
-103.3 0.54193
-103.1 0.542729
-102.9 0.54362
-102.7 0.544434
-102.5 0.545377
-102.3 0.546276
-102.1 0.547223
-101.9 0.547996
-101.7 0.548895
-101.5 0.549671
-101.3 0.550444
-101.1 0.551224
-100.9 0.552049
-100.7 0.552977
-100.5 0.553798
-100.3 0.554768
-100.1 0.555622
-99.9 0.556387
-99.7 0.557208
-99.5 0.558144
-99.3 0.559032
-99.1 0.559853
-98.9 0.560655
-98.7 0.561476
-98.5 0.562386
-98.3 0.563192
-98.1 0.563961
-97.9 0.564767
-97.7 0.565614
-97.5 0.566498
-97.3 0.567382
-97.1 0.56824
-96.9 0.569072
-96.7 0.570075
-96.5 0.5709
-96.3 0.571732
-96.1 0.572653
-95.9 0.573515
-95.7 0.574414
-95.5 0.575235
-95.3 0.576108
-95.1 0.576973
-94.9 0.577813
-94.7 0.57873
-94.5 0.579462
-94.3 0.580383
-94.1 0.581119
-93.9 0.582014
-93.7 0.582965
-93.5 0.583823
-93.3 0.584644
-93.1 0.585495
-92.9 0.586275
-92.7 0.587174
-92.5 0.587983
-92.3 0.588875
-92.1 0.589681
-91.9 0.590595
-91.7 0.591516
-91.5 0.592329
-91.3 0.593184
-91.1 0.593997
-90.9 0.59487
-90.7 0.595713
-90.5 0.596646
-90.3 0.597545
-90.1 0.59841
-89.9 0.599335
-89.7 0.600178
-89.5 0.601025
-89.3 0.60192
-89.1 0.602719
-88.9 0.603603
-88.7 0.604539
-88.5 0.605438
-88.3 0.606263
-88.1 0.60711
-87.9 0.608072
-87.7 0.608919
-87.5 0.609903
-87.3 0.610821
-87.1 0.611649
-86.9 0.61257
-86.7 0.613395
-86.5 0.614257
-86.3 0.615222
-86.1 0.616218
-85.9 0.617083
-85.7 0.617923
-85.5 0.618721
-85.3 0.619617
-85.1 0.620478
-84.9 0.621344
-84.7 0.622169
-84.5 0.623023
-84.3 0.62397
-84.1 0.62478
-83.9 0.625653
-83.7 0.626518
-83.5 0.627362
-83.3 0.628257
-83.1 0.629241
-82.9 0.630229
-82.7 0.631058
-82.5 0.631986
-82.3 0.632907
-82.1 0.633836
-81.9 0.634683
-81.7 0.635656
-81.5 0.636603
-81.3 0.637499
-81.1 0.638416
-80.9 0.6393
-80.7 0.640233
-80.5 0.641042
-80.3 0.642004
-80.1 0.642922
-79.9 0.643873
-79.7 0.644816
-79.5 0.645652
-79.3 0.646462
-79.1 0.647346
-78.9 0.648282
-78.7 0.649185
-78.5 0.650095
-78.3 0.650964
-78.1 0.651759
-77.9 0.652687
-77.7 0.653627
-77.5 0.6546
-77.3 0.655503
-77.1 0.656283
-76.9 0.657164
-76.7 0.65804
-76.5 0.658887
-76.3 0.65986
-76.1 0.660704
-75.9 0.661569
-75.7 0.662412
-75.5 0.663348
-75.3 0.664195
-75.1 0.665087
-74.9 0.666012
-74.7 0.66684
-74.5 0.667735
-74.3 0.668567
-74.1 0.669466
-73.9 0.670361
-73.7 0.671197
-73.5 0.672026
-73.3 0.672891
-73.1 0.673727
-72.9 0.674548
-72.7 0.675398
-72.5 0.676242
-72.3 0.677111
-72.1 0.677995
-71.9 0.67889
-71.7 0.679707
-71.5 0.680554
-71.3 0.68142
-71.1 0.682393
-70.9 0.683333
-70.7 0.684332
-70.5 0.685301
-70.3 0.686193
-70.1 0.687092
-69.9 0.688013
-69.7 0.688964
-69.5 0.689841
-69.3 0.690565
-69.1 0.691479
-68.9 0.692378
-68.7 0.693303
-68.5 0.694179
-68.3 0.695052
-68.1 0.695933
-67.9 0.696761
-67.7 0.697664
-67.5 0.698585
-67.3 0.69945
-67.1 0.700334
-66.9 0.701163
-66.7 0.701965
-66.5 0.702819
-66.3 0.70367
-66.1 0.704487
-65.9 0.705423
-65.7 0.706307
-65.5 0.70708
-65.3 0.707997
-65.1 0.708826
-64.9 0.709688
-64.7 0.710471
-64.5 0.711374
-64.3 0.712277
-64.1 0.713168
-63.9 0.713974
-63.7 0.714947
-63.5 0.715872
-63.3 0.716708
-63.1 0.717711
-62.9 0.718695
-62.7 0.719676
-62.5 0.720545
-62.3 0.721381
-62.1 0.722157
-61.9 0.72296
-61.7 0.723814
-61.5 0.72472
-61.3 0.725671
-61.1 0.726474
-60.9 0.72735
-60.7 0.728142
-60.5 0.728977
-60.3 0.729858
-60.1 0.73063
-59.9 0.731526
-59.7 0.732473
-59.5 0.733327
-59.3 0.734189
-59.1 0.734928
-58.9 0.735868
-58.7 0.736793
-58.5 0.737684
-58.3 0.738546
-58.1 0.739393
-57.9 0.740307
-57.7 0.741117
-57.5 0.742042
-57.3 0.742881
-57.1 0.743795
-56.9 0.744601
-56.7 0.745433
-56.5 0.746284
-56.3 0.747134
-56.1 0.747955
-55.9 0.748798
-55.7 0.749679
-55.5 0.7506
-55.3 0.751543
-55.1 0.752405
-54.9 0.7532
-54.7 0.754051
-54.5 0.75502
-54.3 0.755889
-54.1 0.75671
-53.9 0.757539
-53.7 0.758404
-53.5 0.759296
-53.3 0.760128
-53.1 0.761004
-52.9 0.761833
-52.7 0.762639
-52.5 0.763512
-52.3 0.764344
-52.1 0.765276
-51.9 0.766105
-51.7 0.766944
-51.5 0.767798
-51.3 0.768705
-51.1 0.769615
-50.9 0.770491
-50.7 0.771416
-50.5 0.772271
-50.3 0.773159
-50.1 0.774083
-49.9 0.774979
-49.7 0.775848
-49.5 0.776721
-49.3 0.777571
-49.1 0.778485
-48.9 0.779317
-48.7 0.780153
-48.5 0.781045
-48.3 0.781955
-48.1 0.782813
-47.9 0.783782
-47.7 0.784718
-47.5 0.785599
-47.3 0.78639
-47.1 0.787263
-46.9 0.78821
-46.7 0.789087
-46.5 0.789967
-46.3 0.790769
-46.1 0.791497
-45.9 0.792266
-45.7 0.793035
-45.5 0.793782
-45.3 0.794684
-45.1 0.795617
-44.9 0.79646
-44.7 0.79714
-44.5 0.797976
-44.3 0.798767
-44.1 0.799617
-43.9 0.800442
-43.7 0.801345
-43.5 0.802284
-43.3 0.803169
-43.1 0.804097
-42.9 0.804981
-42.7 0.805921
-42.5 0.806727
-42.3 0.807682
-42.1 0.808506
-41.9 0.809498
-41.7 0.810367
-41.5 0.811289
-41.3 0.812202
-41.1 0.813101
-40.9 0.813919
-40.7 0.814795
-40.5 0.815545
-40.3 0.81643
-40.1 0.817362
-39.9 0.818187
-39.7 0.819089
-39.5 0.819906
-39.3 0.820828
-39.1 0.821697
-38.9 0.822622
-38.7 0.823354
-38.5 0.82416
-38.3 0.825077
-38.1 0.825887
-37.9 0.826775
-37.7 0.827599
-37.5 0.828487
-37.3 0.829286
-37.1 0.830129
-36.9 0.830968
-36.7 0.831871
-36.5 0.832651
-36.3 0.833453
-36.1 0.834312
-35.9 0.835218
-35.7 0.835968
-35.5 0.836849
-35.3 0.837647
-35.1 0.838494
-34.9 0.8393
-34.7 0.840155
-34.5 0.840964
-34.3 0.841733
-34.1 0.842576
-33.9 0.843553
-33.7 0.844326
-33.5 0.845177
-33.3 0.846031
-33.1 0.8469
-32.9 0.847799
-32.7 0.848601
-32.5 0.849474
-32.3 0.850262
-32.1 0.851064
-31.9 0.851904
-31.7 0.852702
-31.5 0.85362
-31.3 0.854474
-31.1 0.855351
-30.9 0.856235
-30.7 0.8571
-30.5 0.857906
-30.3 0.858768
-30.1 0.859649
-29.9 0.860496
-29.7 0.861472
-29.5 0.862267
-29.3 0.863137
-29.1 0.86405
-28.9 0.864905
-28.7 0.865841
-28.5 0.866747
-28.3 0.867583
-28.1 0.868486
-27.9 0.869381
-27.7 0.87025
-27.5 0.871104
-27.3 0.872007
-27.1 0.872884
-26.9 0.873753
-26.7 0.874551
-26.5 0.875395
-26.3 0.876164
-26.1 0.876992
-25.9 0.877906
-25.7 0.878756
-25.5 0.879611
-25.3 0.88042
-25.1 0.881349
-24.9 0.882289
-24.7 0.883255
-24.5 0.884012
-24.3 0.884863
-24.1 0.885769
-23.9 0.886628
-23.7 0.887396
-23.5 0.888362
-23.3 0.889176
-23.1 0.890034
-22.9 0.890877
-22.7 0.89172
-22.5 0.892571
-22.3 0.893399
-22.1 0.894224
-21.9 0.895175
-21.7 0.895951
-21.5 0.896802
-21.3 0.897638
-21.1 0.898414
-20.9 0.899161
-20.7 0.900048
-20.5 0.900869
-20.3 0.901642
-20.1 0.902589
-19.9 0.903466
-19.7 0.904335
-19.5 0.905163
-19.3 0.90601
-19.1 0.906883
-18.9 0.907633
-18.7 0.908473
-18.5 0.909398
-18.3 0.910245
-18.1 0.911121
-17.9 0.912046
-17.7 0.912956
-17.5 0.913829
-17.3 0.914658
-17.1 0.915419
-16.9 0.916292
-16.7 0.917161
-16.5 0.918027
-16.3 0.91884
-16.1 0.919672
-15.9 0.920594
-15.7 0.921541
-15.5 0.922287
-15.3 0.923119
-15.1 0.923952
-14.9 0.924836
-14.7 0.925716
-14.5 0.926622
-14.3 0.927443
-14.1 0.928279
-13.9 0.929171
-13.7 0.92998
-13.5 0.930809
-13.3 0.93147
-13.1 0.932306
-12.9 0.93316
-12.7 0.933921
-12.5 0.934728
-12.3 0.935593
-12.1 0.936358
-11.9 0.937161
-11.7 0.938
-11.5 0.938773
-11.3 0.939616
-11.1 0.940463
-10.9 0.941336
-10.7 0.942179
-10.5 0.943026
-10.3 0.943836
-10.1 0.944727
-9.9 0.945556
-9.7 0.946488
-9.5 0.947346
-9.3 0.948111
-9.1 0.948925
-8.9 0.949779
-8.7 0.950581
-8.5 0.951462
-8.3 0.95229
-8.1 0.953122
-7.9 0.953991
-7.7 0.954838
-7.5 0.955574
-7.3 0.956335
-7.1 0.957145
-6.9 0.957884
-6.7 0.958735
-6.5 0.959481
-6.3 0.960288
-6.1 0.961112
-5.9 0.961948
-5.7 0.962695
-5.5 0.963612
-5.3 0.964359
-5.1 0.965172
-4.9 0.965915
-4.7 0.966714
-4.5 0.967605
-4.3 0.968244
-4.1 0.969017
-3.9 0.969734
-3.7 0.970454
-3.5 0.971201
-3.3 0.971955
-3.1 0.972668
-2.9 0.973359
-2.7 0.974124
-2.5 0.974811
-2.3 0.975484
-2.1 0.976245
-1.9 0.976992
-1.7 0.977664
-1.5 0.978374
-1.3 0.979054
-1.1 0.979663
-0.9 0.980328
-0.7 0.981059
-0.5 0.981628
-0.3 0.982259
-0.1 0.982839
0.0999998 0.983567
0.3 0.984109
0.5 0.984607
0.7 0.985209
0.9 0.985699
1.1 0.986308
1.3 0.986854
1.5 0.987396
1.7 0.987995
1.9 0.988507
2.1 0.988949
2.3 0.989428
2.5 0.989919
2.7 0.990342
2.9 0.990806
3.1 0.991245
3.3 0.991702
3.5 0.992181
3.7 0.992537
3.9 0.992972
4.1 0.993355
4.3 0.993741
4.5 0.994101
4.7 0.994488
4.9 0.994777
5.1 0.995097
5.3 0.995409
5.5 0.995721
5.7 0.996025
5.9 0.996267
6.1 0.996553
6.3 0.996794
6.5 0.997117
6.7 0.997352
6.9 0.997604
7.1 0.997771
7.3 0.998009
7.5 0.998195
7.7 0.998358
7.9 0.998525
8.1 0.998704
8.3 0.998837
8.5 0.998997
8.7 0.999146
8.9 0.999328
9.1 0.999473
9.3 0.999591
9.5 0.99971
9.7 0.999807
9.9 0.999918
10.1 1
