1099
-209.5 7.25368e-06
-209.3 7.25368e-06
-209.1 7.25368e-06
-208.9 1.08805e-05
-208.7 1.08805e-05
-208.5 1.45074e-05
-208.3 1.45074e-05
-208.1 1.45074e-05
-207.9 1.81342e-05
-207.7 2.1761e-05
-207.5 2.1761e-05
-207.3 2.1761e-05
-207.1 2.1761e-05
-206.9 2.1761e-05
-206.7 2.1761e-05
-206.5 2.1761e-05
-206.3 2.1761e-05
-206.1 2.1761e-05
-205.9 2.1761e-05
-205.7 2.53879e-05
-205.5 2.53879e-05
-205.3 2.53879e-05
-205.1 2.53879e-05
-204.9 2.53879e-05
-204.7 2.53879e-05
-204.5 3.26416e-05
-204.3 3.62684e-05
-204.1 4.71489e-05
-203.9 8.70442e-05
-203.7 0.000123313
-203.5 0.000192223
-203.3 0.000272013
-203.1 0.000409833
-202.9 0.000569414
-202.7 0.0008378
-202.5 0.00120411
-202.3 0.00163208
-202.1 0.00214346
-201.9 0.00274189
-201.7 0.00352892
-201.5 0.0044864
-201.3 0.0056216
-201.1 0.00688737
-200.9 0.0083236
-200.7 0.00985413
-200.5 0.0116313
-200.3 0.0135245
-200.1 0.0154612
-199.9 0.0178332
-199.7 0.0202777
-199.5 0.0227657
-199.3 0.0252755
-199.1 0.0276764
-198.9 0.0300593
-198.7 0.0325183
-198.5 0.0348286
-198.3 0.0371425
-198.1 0.0395217
-197.9 0.0417558
-197.7 0.0439102
-197.5 0.0460863
-197.3 0.0481753
-197.1 0.0502608
-196.9 0.0523535
-196.7 0.0542829
-196.5 0.0562668
-196.3 0.0583595
-196.1 0.0603361
-195.9 0.0623128
-195.7 0.0643365
-195.5 0.0663567
-195.3 0.0683768
-195.1 0.070241
-194.9 0.0722177
-194.7 0.0741508
-194.5 0.0760766
-194.3 0.0781439
-194.1 0.0802402
-193.9 0.0821407
-193.7 0.0840049
-193.5 0.0860251
-193.3 0.08794
-193.1 0.0898586
-192.9 0.0917881
-192.7 0.0937502
-192.5 0.0956072
-192.3 0.0974387
-192.1 0.099361
-191.9 0.101232
-191.7 0.103089
-191.5 0.104921
-191.3 0.106919
-191.1 0.10874
-190.9 0.110611
-190.7 0.112338
-190.5 0.114224
-190.3 0.116008
-190.1 0.117974
-189.9 0.119762
-189.7 0.121467
-189.5 0.123251
-189.3 0.125014
-189.1 0.126642
-188.9 0.128474
-188.7 0.130193
-188.5 0.131926
-188.3 0.133664
-188.1 0.135339
-187.9 0.136968
-187.7 0.138636
-187.5 0.140268
-187.3 0.141839
-187.1 0.143344
-186.9 0.144968
-186.7 0.146452
-186.5 0.147939
-186.3 0.149535
-186.1 0.150956
-185.9 0.152458
-185.7 0.153967
-185.5 0.15545
-185.3 0.156821
-185.1 0.158268
-184.9 0.159632
-184.7 0.160966
-184.5 0.162352
-184.3 0.163676
-184.1 0.164941
-183.9 0.166207
-183.7 0.167585
-183.5 0.168953
-183.3 0.170139
-183.1 0.171506
-182.9 0.172859
-182.7 0.174194
-182.5 0.175463
-182.3 0.176613
-182.1 0.177915
-181.9 0.179043
-181.7 0.180312
-181.5 0.181552
-181.3 0.182844
-181.1 0.184091
-180.9 0.185165
-180.7 0.186365
-180.5 0.187529
-180.3 0.188686
-180.1 0.189905
-179.9 0.191033
-179.7 0.192194
-179.5 0.193351
-179.3 0.194391
-179.1 0.195421
-178.9 0.196575
-178.7 0.197677
-178.5 0.198689
-178.3 0.19985
-178.1 0.200876
-177.9 0.202073
-177.7 0.203096
-177.5 0.204071
-177.3 0.20517
-177.1 0.206193
-176.9 0.207191
-176.7 0.208202
-176.5 0.209262
-176.3 0.210313
-176.1 0.211274
-175.9 0.212301
-175.7 0.21336
-175.5 0.214477
-175.3 0.215525
-175.1 0.216526
-174.9 0.217592
-174.7 0.218575
-174.5 0.219504
-174.3 0.220465
-174.1 0.221444
-173.9 0.22242
-173.7 0.223551
-173.5 0.224665
-173.3 0.225698
-173.1 0.226645
-172.9 0.227686
-172.7 0.228607
-172.5 0.22959
-172.3 0.230602
-172.1 0.231639
-171.9 0.232709
-171.7 0.233721
-171.5 0.234733
-171.3 0.235712
-171.1 0.236601
-170.9 0.237533
-170.7 0.238429
-170.5 0.239444
-170.3 0.240383
-170.1 0.24125
-169.9 0.242128
-169.7 0.243114
-169.5 0.244094
-169.3 0.245087
-169.1 0.246121
-168.9 0.247118
-168.7 0.248228
-168.5 0.249179
-168.3 0.250158
-168.1 0.251104
-167.9 0.252033
-167.7 0.252921
-167.5 0.253835
-167.3 0.25472
-167.1 0.255725
-166.9 0.256701
-166.7 0.257683
-166.5 0.258663
-166.3 0.259555
-166.1 0.260476
-165.9 0.261408
-165.7 0.262409
-165.5 0.263363
-165.3 0.264223
-165.1 0.265089
-164.9 0.266054
-164.7 0.266965
-164.5 0.267886
-164.3 0.268734
-164.1 0.269735
-163.9 0.270573
-163.7 0.271429
-163.5 0.272441
-163.3 0.273341
-163.1 0.274323
-162.9 0.275212
-162.7 0.276162
-162.5 0.277036
-162.3 0.27791
-162.1 0.278886
-161.9 0.279698
-161.7 0.280569
-161.5 0.28141
-161.3 0.282317
-161.1 0.283137
-160.9 0.28408
-160.7 0.284896
-160.5 0.285864
-160.3 0.286709
-160.1 0.287507
-159.9 0.288294
-159.7 0.28911
-159.5 0.290042
-159.3 0.290934
-159.1 0.291794
-158.9 0.292701
-158.7 0.293448
-158.5 0.294351
-158.3 0.295305
-158.1 0.296113
-157.9 0.296959
-157.7 0.297785
-157.5 0.298598
-157.3 0.299476
-157.1 0.300342
-156.9 0.301173
-156.7 0.302036
-156.5 0.302997
-156.3 0.303821
-156.1 0.304687
-155.9 0.305605
-155.7 0.306475
-155.5 0.30719
-155.3 0.30801
-155.1 0.308855
-154.9 0.309674
-154.7 0.310566
-154.5 0.311364
-154.3 0.312202
-154.1 0.313033
-153.9 0.313881
-153.7 0.314625
-153.5 0.315553
-153.3 0.316369
-153.1 0.31728
-152.9 0.318136
-152.7 0.318912
-152.5 0.319869
-152.3 0.320765
-152.1 0.321646
-151.9 0.322637
-151.7 0.323463
-151.5 0.324363
-151.3 0.325324
-151.1 0.326184
-150.9 0.327058
-150.7 0.328095
-150.5 0.329056
-150.3 0.330024
-150.1 0.330967
-149.9 0.331903
-149.7 0.332846
-149.5 0.333724
-149.3 0.334649
-149.1 0.335574
-148.9 0.336509
-148.7 0.337387
-148.5 0.338312
-148.3 0.339262
-148.1 0.340161
-147.9 0.341126
-147.7 0.341968
-147.5 0.342892
-147.3 0.343879
-147.1 0.344811
-146.9 0.345703
-146.7 0.346635
-146.5 0.347626
-146.3 0.348601
-146.1 0.349522
-145.9 0.350462
-145.7 0.351466
-145.5 0.352362
-145.3 0.353305
-145.1 0.354205
-144.9 0.355195
-144.7 0.356083
-144.5 0.357034
-144.3 0.358031
-144.1 0.358996
-143.9 0.359931
-143.7 0.36086
-143.5 0.361825
-143.3 0.362749
-143.1 0.363671
-142.9 0.364646
-142.7 0.365567
-142.5 0.36651
-142.3 0.367522
-142.1 0.368382
-141.9 0.369387
-141.7 0.37029
-141.5 0.371196
-141.3 0.372114
-141.1 0.373108
-140.9 0.374109
-140.7 0.375088
-140.5 0.376096
-140.3 0.377046
-140.1 0.378113
-139.9 0.379132
-139.7 0.379988
-139.5 0.380924
-139.3 0.381892
-139.1 0.382944
-138.9 0.383919
-138.7 0.384899
-138.5 0.385838
-138.3 0.386748
-138.1 0.387637
-137.9 0.388612
-137.7 0.389577
-137.5 0.390411
-137.3 0.391434
-137.1 0.392301
-136.9 0.393211
-136.7 0.394132
-136.5 0.395017
-136.3 0.395942
-136.1 0.396885
-135.9 0.397912
-135.7 0.398844
-135.5 0.399692
-135.3 0.400755
-135.1 0.401691
-134.9 0.402688
-134.7 0.403577
-134.5 0.404458
-134.3 0.405419
-134.1 0.406348
-133.9 0.407291
-133.7 0.408245
-133.5 0.409151
-133.3 0.410062
-133.1 0.410954
-132.9 0.411919
-132.7 0.412774
-132.5 0.41363
-132.3 0.414544
-132.1 0.415484
-131.9 0.416438
-131.7 0.417384
-131.5 0.418342
-131.3 0.419259
-131.1 0.42022
-130.9 0.421192
-130.7 0.422117
-130.5 0.423042
-130.3 0.423996
-130.1 0.424866
-129.9 0.425759
-129.7 0.426763
-129.5 0.427717
-129.3 0.428667
-129.1 0.429538
-128.9 0.430386
-128.7 0.431351
-128.5 0.4322
-128.3 0.433092
-128.1 0.434053
-127.9 0.434949
-127.7 0.435827
-127.5 0.436664
-127.3 0.437481
-127.1 0.438376
-126.9 0.439308
-126.7 0.44023
-126.5 0.441136
-126.3 0.44213
-126.1 0.443084
-125.9 0.443962
-125.7 0.44489
-125.5 0.445724
-125.3 0.446606
-125.1 0.447472
-124.9 0.448361
-124.7 0.449192
-124.5 0.450037
-124.3 0.450893
-124.1 0.451723
-123.9 0.452637
-123.7 0.453522
-123.5 0.454407
-123.3 0.455321
-123.1 0.456249
-122.9 0.457152
-122.7 0.458056
-122.5 0.458882
-122.3 0.459793
-122.1 0.460638
-121.9 0.461563
-121.7 0.462433
-121.5 0.463325
-121.3 0.464225
-121.1 0.465208
-120.9 0.466064
-120.7 0.466923
-120.5 0.467863
-120.3 0.468693
-120.1 0.469625
-119.9 0.47051
-119.7 0.471431
-119.5 0.472331
-119.3 0.473252
-119.1 0.47421
-118.9 0.475029
-118.7 0.475929
-118.5 0.476828
-118.3 0.477757
-118.1 0.478692
-117.9 0.479599
-117.7 0.480437
-117.5 0.481285
-117.3 0.482276
-117.1 0.483244
-116.9 0.484133
-116.7 0.484978
-116.5 0.485902
-116.3 0.486795
-116.1 0.48768
-115.9 0.488438
-115.7 0.489275
-115.5 0.490226
-115.3 0.491053
-115.1 0.491967
-114.9 0.492848
-114.7 0.493726
-114.5 0.494538
-114.3 0.49535
-114.1 0.496134
-113.9 0.496972
-113.7 0.497824
-113.5 0.498702
-113.3 0.499572
-113.1 0.500461
-112.9 0.501407
-112.7 0.502318
-112.5 0.50317
-112.3 0.504069
-112.1 0.505038
-111.9 0.505948
-111.7 0.506681
-111.5 0.50758
-111.3 0.508447
-111.1 0.509332
-110.9 0.510228
-110.7 0.511105
-110.5 0.511911
-110.3 0.51277
-110.1 0.513612
-109.9 0.514464
-109.7 0.515389
-109.5 0.516216
-109.3 0.517075
-109.1 0.518127
-108.9 0.519059
-108.7 0.519966
-108.5 0.520872
-108.3 0.521736
-108.1 0.522628
-107.9 0.523567
-107.7 0.524485
-107.5 0.525381
-107.3 0.52624
-107.1 0.527103
-106.9 0.528075
-106.7 0.528989
-106.5 0.529867
-106.3 0.530766
-106.1 0.53168
-105.9 0.532536
-105.7 0.533418
-105.5 0.534372
-105.3 0.535246
-105.1 0.536163
-104.9 0.537139
-104.7 0.537977
-104.5 0.538833
-104.3 0.539725
-104.1 0.540584
-103.9 0.541462
-103.7 0.542441
-103.5 0.543341
-103.3 0.544175
-103.1 0.545067
-102.9 0.545905
-102.7 0.546873
-102.5 0.547682
-102.3 0.548465
-102.1 0.549332
-101.9 0.550206
-101.7 0.551059
-101.5 0.551915
-101.3 0.552738
-101.1 0.553579
-100.9 0.554428
-100.7 0.55528
-100.5 0.556169
-100.3 0.557007
-100.1 0.557899
-99.9 0.558719
-99.7 0.559567
-99.5 0.560383
-99.3 0.561228
-99.1 0.562044
-98.9 0.562831
-98.7 0.56372
-98.5 0.564645
-98.3 0.565733
-98.1 0.566563
-97.9 0.567463
-97.7 0.568391
-97.5 0.569273
-97.3 0.570172
-97.1 0.571115
-96.9 0.571975
-96.7 0.572773
-96.5 0.573679
-96.3 0.57455
-96.1 0.575402
-95.9 0.576164
-95.7 0.576972
-95.5 0.577843
-95.3 0.578615
-95.1 0.579558
-94.9 0.580367
-94.7 0.581216
-94.5 0.582043
-94.3 0.582924
-94.1 0.583715
-93.9 0.584513
-93.7 0.585372
-93.5 0.586264
-93.3 0.587178
-93.1 0.588038
-92.9 0.588985
-92.7 0.58983
-92.5 0.590671
-92.3 0.591393
-92.1 0.592336
-91.9 0.593072
-91.7 0.593946
-91.5 0.594853
-91.3 0.59568
-91.1 0.596496
-90.9 0.597359
-90.7 0.598175
-90.5 0.599154
-90.3 0.59997
-90.1 0.600841
-89.9 0.601737
-89.7 0.602545
-89.5 0.603463
-89.3 0.604366
-89.1 0.605327
-88.9 0.606198
-88.7 0.607057
-88.5 0.607884
-88.3 0.608744
-88.1 0.609719
-87.9 0.610517
-87.7 0.611467
-87.5 0.612381
-87.3 0.613299
-87.1 0.614224
-86.9 0.615105
-86.7 0.615899
-86.5 0.616766
-86.3 0.61772
-86.1 0.618576
-85.9 0.61941
-85.7 0.620291
-85.5 0.621187
-85.3 0.622029
-85.1 0.622906
-84.9 0.623839
-84.7 0.62476
-84.5 0.625554
-84.3 0.626439
-84.1 0.627389
-83.9 0.628252
-83.7 0.629155
-83.5 0.630033
-83.3 0.630965
-83.1 0.63189
-82.9 0.632931
-82.7 0.633751
-82.5 0.634599
-82.3 0.635455
-82.1 0.636318
-81.9 0.637261
-81.7 0.638067
-81.5 0.639057
-81.3 0.639909
-81.1 0.640794
-80.9 0.641625
-80.7 0.642528
-80.5 0.643445
-80.3 0.644272
-80.1 0.645088
-79.9 0.645999
-79.7 0.646909
-79.5 0.647747
-79.3 0.648664
-79.1 0.649513
-78.9 0.65046
-78.7 0.651334
-78.5 0.652251
-78.3 0.653038
-78.1 0.653967
-77.9 0.654935
-77.7 0.655776
-77.5 0.656658
-77.3 0.657557
-77.1 0.658417
-76.9 0.659313
-76.7 0.660219
-76.5 0.661141
-76.3 0.662
-76.1 0.662947
-75.9 0.663835
-75.7 0.664662
-75.5 0.665507
-75.3 0.666312
-75.1 0.667099
-74.9 0.667948
-74.7 0.66879
-74.5 0.669714
-74.3 0.670676
-74.1 0.671582
-73.9 0.672482
-73.7 0.673388
-73.5 0.674284
-73.3 0.675209
-73.1 0.676134
-72.9 0.677019
-72.7 0.677868
-72.5 0.678629
-72.3 0.679569
-72.1 0.680403
-71.9 0.681386
-71.7 0.68226
-71.5 0.683224
-71.3 0.684207
-71.1 0.685121
-70.9 0.685974
-70.7 0.686786
-70.5 0.687696
-70.3 0.688509
-70.1 0.689434
-69.9 0.690358
-69.7 0.6912
-69.5 0.692161
-69.3 0.692952
-69.1 0.69388
-68.9 0.694754
-68.7 0.695675
-68.5 0.696633
-68.3 0.697478
-68.1 0.698414
-67.9 0.69927
-67.7 0.700194
-67.5 0.701079
-67.3 0.701986
-67.1 0.702853
-66.9 0.703745
-66.7 0.704605
-66.5 0.705548
-66.3 0.706454
-66.1 0.707238
-65.9 0.708126
-65.7 0.70904
-65.5 0.709882
-65.3 0.710817
-65.1 0.711847
-64.9 0.7127
-64.7 0.713505
-64.5 0.714328
-64.3 0.715228
-64.1 0.71604
-63.9 0.716762
-63.7 0.717683
-63.5 0.718448
-63.3 0.719348
-63.1 0.720254
-62.9 0.721165
-62.7 0.72205
-62.5 0.722815
-62.3 0.723635
-62.1 0.724469
-61.9 0.725303
-61.7 0.726177
-61.5 0.727113
-61.3 0.727987
-61.1 0.728817
-60.9 0.729692
-60.7 0.73078
-60.5 0.731628
-60.3 0.732539
-60.1 0.733387
-59.9 0.734294
-59.7 0.73528
-59.5 0.736213
-59.3 0.737105
-59.1 0.738015
-58.9 0.738853
-58.7 0.739687
-58.5 0.740554
-58.3 0.741428
-58.1 0.742273
-57.9 0.743263
-57.7 0.744188
-57.5 0.745008
-57.3 0.745845
-57.1 0.74672
-56.9 0.747554
-56.7 0.748424
-56.5 0.749327
-56.3 0.750252
-56.1 0.751126
-55.9 0.751975
-55.7 0.752871
-55.5 0.753741
-55.3 0.754583
-55.1 0.755471
-54.9 0.756305
-54.7 0.757197
-54.5 0.758061
-54.3 0.75904
-54.1 0.759961
-53.9 0.760857
-53.7 0.761767
-53.5 0.762598
-53.3 0.763472
-53.1 0.764302
-52.9 0.765249
-52.7 0.766109
-52.5 0.766946
-52.3 0.767864
-52.1 0.768651
-51.9 0.769532
-51.7 0.770392
-51.5 0.771197
-51.3 0.772089
-51.1 0.772967
-50.9 0.773725
-50.7 0.774614
-50.5 0.775506
-50.3 0.776481
-50.1 0.77733
-49.9 0.778204
-49.7 0.779147
-49.5 0.779963
-49.3 0.78091
-49.1 0.781755
-48.9 0.782567
-48.7 0.783416
-48.5 0.784257
-48.3 0.785095
-48.1 0.786053
-47.9 0.78701
-47.7 0.787899
-47.5 0.788755
-47.3 0.789611
-47.1 0.790441
-46.9 0.791301
-46.7 0.792167
-46.5 0.793074
-46.3 0.793843
-46.1 0.794746
-45.9 0.795591
-45.7 0.796454
-45.5 0.797318
-45.3 0.798177
-45.1 0.799066
-44.9 0.800012
-44.7 0.800857
-44.5 0.801702
-44.3 0.802635
-44.1 0.803476
-43.9 0.804328
-43.7 0.805094
-43.5 0.80604
-43.3 0.806892
-43.1 0.807708
-42.9 0.80859
-42.7 0.809449
-42.5 0.810338
-42.3 0.811165
-42.1 0.812075
-41.9 0.813047
-41.7 0.813983
-41.5 0.814861
-41.3 0.815796
-41.1 0.816678
-40.9 0.817472
-40.7 0.818328
-40.5 0.819184
-40.3 0.820051
-40.1 0.821001
-39.9 0.821773
-39.7 0.822676
-39.5 0.823572
-39.3 0.824356
-39.1 0.825204
-38.9 0.826118
-38.7 0.826949
-38.5 0.827885
-38.3 0.828668
-38.1 0.829404
-37.9 0.830286
-37.7 0.831236
-37.5 0.832114
-37.3 0.833027
-37.1 0.833811
-36.9 0.834627
-36.7 0.83557
-36.5 0.836448
-36.3 0.837343
-36.1 0.838181
-35.9 0.839066
-35.7 0.840078
-35.5 0.840919
-35.3 0.841783
-35.1 0.842588
-34.9 0.843473
-34.7 0.844144
-34.5 0.845069
-34.3 0.845899
-34.1 0.846762
-33.9 0.847633
-33.7 0.848481
-33.5 0.849352
-33.3 0.850204
-33.1 0.851115
-32.9 0.852007
-32.7 0.852812
-32.5 0.853653
-32.3 0.854571
-32.1 0.855307
-31.9 0.856221
-31.7 0.857001
-31.5 0.857853
-31.3 0.858756
-31.1 0.859678
-30.9 0.860497
-30.7 0.861346
-30.5 0.862224
-30.3 0.863127
-30.1 0.863903
-29.9 0.864704
-29.7 0.865459
-29.5 0.866398
-29.3 0.867348
-29.1 0.868211
-28.9 0.869013
-28.7 0.869804
-28.5 0.870652
-28.3 0.871479
-28.1 0.872364
-27.9 0.873235
-27.7 0.874
-27.5 0.874867
-27.3 0.875799
-27.1 0.876713
-26.9 0.877572
-26.7 0.878377
-26.5 0.879244
-26.3 0.880046
-26.1 0.880963
-25.9 0.881729
-25.7 0.882498
-25.5 0.883317
-25.3 0.884159
-25.1 0.885
-24.9 0.88586
-24.7 0.886618
-24.5 0.887397
-24.3 0.888203
-24.1 0.888957
-23.9 0.889784
-23.7 0.890575
-23.5 0.891445
-23.3 0.892265
-23.1 0.893106
-22.9 0.893958
-22.7 0.894803
-22.5 0.895674
-22.3 0.896465
-22.1 0.897281
-21.9 0.898017
-21.7 0.898847
-21.5 0.899725
-21.3 0.900472
-21.1 0.901383
-20.9 0.902257
-20.7 0.903091
-20.5 0.903914
-20.3 0.904806
-20.1 0.905622
-19.9 0.906366
-19.7 0.907273
-19.5 0.908118
-19.3 0.908952
-19.1 0.909735
-18.9 0.910656
-18.7 0.911552
-18.5 0.912477
-18.3 0.913315
-18.1 0.914135
-17.9 0.914976
-17.7 0.915814
-17.5 0.916641
-17.3 0.917442
-17.1 0.918309
-16.9 0.919114
-16.7 0.91997
-16.5 0.920862
-16.3 0.921805
-16.1 0.922697
-15.9 0.923463
-15.7 0.924301
-15.5 0.925182
-15.3 0.925944
-15.1 0.926745
-14.9 0.927583
-14.7 0.928413
-14.5 0.929291
-14.3 0.930093
-14.1 0.930872
-13.9 0.931696
-13.7 0.932541
-13.5 0.933429
-13.3 0.934227
-13.1 0.935159
-12.9 0.93595
-12.7 0.936842
-12.5 0.937644
-12.3 0.938365
-12.1 0.939214
-11.9 0.940099
-11.7 0.94097
-11.5 0.941796
-11.3 0.942609
-11.1 0.943494
-10.9 0.944342
-10.7 0.945242
-10.5 0.945964
-10.3 0.946801
-10.1 0.947657
-9.9 0.948513
-9.7 0.949326
-9.5 0.9502
-9.3 0.951056
-9.1 0.951868
-8.9 0.952731
-8.7 0.953576
-8.5 0.9544
-8.3 0.955183
-8.1 0.95597
-7.9 0.956804
-7.7 0.957726
-7.5 0.958542
-7.3 0.959343
-7.1 0.960141
-6.9 0.960953
-6.7 0.96174
-6.5 0.962676
-6.3 0.963409
-6.1 0.964247
-5.9 0.965015
-5.7 0.965806
-5.5 0.966626
-5.3 0.96738
-5.1 0.9682
-4.9 0.969027
-4.7 0.969781
-4.5 0.970561
-4.3 0.971326
-4.1 0.972091
-3.9 0.972781
-3.7 0.973408
-3.5 0.974046
-3.3 0.974735
-3.1 0.975446
-2.9 0.976154
-2.7 0.976839
-2.5 0.977492
-2.3 0.978141
-2.1 0.978819
-1.9 0.979461
-1.7 0.980063
-1.5 0.980741
-1.3 0.981376
-1.1 0.982058
-0.9 0.9827
-0.7 0.983269
-0.5 0.983908
-0.3 0.984561
-0.1 0.985141
0.0999998 0.985725
0.3 0.986254
0.5 0.986733
0.7 0.987259
0.9 0.987734
1.1 0.988256
1.3 0.988742
1.5 0.989192
1.7 0.989689
1.9 0.990106
2.1 0.990603
2.3 0.991024
2.5 0.991444
2.7 0.991763
2.9 0.992148
3.1 0.992511
3.3 0.992851
3.5 0.99324
3.7 0.993551
3.9 0.9939
4.1 0.994244
4.3 0.994476
4.5 0.994875
4.7 0.995209
4.9 0.995583
5.1 0.995847
5.3 0.996098
5.5 0.99638
5.7 0.996613
5.9 0.996848
6.1 0.997055
6.3 0.997273
6.5 0.997497
6.7 0.997664
6.9 0.997875
7.1 0.9981
7.3 0.998288
7.5 0.998448
7.7 0.9986
7.9 0.998796
8.1 0.998992
8.3 0.999104
8.5 0.999242
8.7 0.999362
8.9 0.99947
9.1 0.999583
9.3 0.99967
9.5 0.999779
9.7 0.999833
9.9 0.999935
10.1 1
