-209.9 0
-209.7 0
-209.5 1
-209.3 0
-209.1 0
-208.9 0
-208.7 1
-208.5 3
-208.3 0
-208.1 0
-207.9 0
-207.7 1
-207.5 2
-207.3 0
-207.1 1
-206.9 1
-206.7 0
-206.5 0
-206.3 0
-206.1 0
-205.9 1
-205.7 0
-205.5 0
-205.3 0
-205.1 2
-204.9 0
-204.7 1
-204.5 0
-204.3 1
-204.1 0
-203.9 0
-203.7 0
-203.5 0
-203.3 1
-203.1 1
-202.9 0
-202.7 2
-202.5 1
-202.3 0
-202.1 0
-201.9 1
-201.7 1
-201.5 0
-201.3 1
-201.1 0
-200.9 0
-200.7 0
-200.5 0
-200.3 0
-200.1 0
-199.9 1
-199.7 0
-199.5 0
-199.3 0
-199.1 0
-198.9 0
-198.7 1
-198.5 1
-198.3 3
-198.1 6
-197.9 3
-197.7 10
-197.5 8
-197.3 30
-197.1 36
-196.9 66
-196.7 113
-196.5 133
-196.3 158
-196.1 194
-195.9 283
-195.7 346
-195.5 488
-195.3 571
-195.1 685
-194.9 875
-194.7 982
-194.5 1175
-194.3 1383
-194.1 1414
-193.9 1563
-193.7 1670
-193.5 1639
-193.3 1808
-193.1 1817
-192.9 1765
-192.7 1899
-192.5 1801
-192.3 1875
-192.1 1853
-191.9 1815
-191.7 1842
-191.5 1718
-191.3 1725
-191.1 1723
-190.9 1731
-190.7 1750
-190.5 1636
-190.3 1622
-190.1 1670
-189.9 1663
-189.7 1670
-189.5 1531
-189.3 1682
-189.1 1551
-188.9 1600
-188.7 1513
-188.5 1566
-188.3 1461
-188.1 1395
-187.9 1481
-187.7 1479
-187.5 1437
-187.3 1518
-187.1 1419
-186.9 1474
-186.7 1443
-186.5 1449
-186.3 1484
-186.1 1428
-185.9 1443
-185.7 1497
-185.5 1421
-185.3 1417
-185.1 1408
-184.9 1352
-184.7 1329
-184.5 1384
-184.3 1394
-184.1 1368
-183.9 1316
-183.7 1350
-183.5 1332
-183.3 1370
-183.1 1322
-182.9 1266
-182.7 1320
-182.5 1263
-182.3 1326
-182.1 1386
-181.9 1225
-181.7 1258
-181.5 1321
-181.3 1269
-181.1 1256
-180.9 1256
-180.7 1271
-180.5 1274
-180.3 1164
-180.1 1170
-179.9 1117
-179.7 1127
-179.5 1148
-179.3 1137
-179.1 1126
-178.9 1146
-178.7 1028
-178.5 1137
-178.3 1075
-178.1 1102
-177.9 1094
-177.7 1057
-177.5 1014
-177.3 998
-177.1 986
-176.9 1010
-176.7 961
-176.5 904
-176.3 952
-176.1 872
-175.9 945
-175.7 999
-175.5 898
-175.3 919
-175.1 887
-174.9 913
-174.7 866
-174.5 882
-174.3 862
-174.1 876
-173.9 893
-173.7 850
-173.5 851
-173.3 816
-173.1 804
-172.9 792
-172.7 793
-172.5 857
-172.3 852
-172.1 803
-171.9 828
-171.7 770
-171.5 777
-171.3 806
-171.1 792
-170.9 798
-170.7 790
-170.5 793
-170.3 732
-170.1 797
-169.9 761
-169.7 793
-169.5 789
-169.3 749
-169.1 764
-168.9 751
-168.7 807
-168.5 817
-168.3 763
-168.1 766
-167.9 752
-167.7 772
-167.5 740
-167.3 733
-167.1 736
-166.9 735
-166.7 754
-166.5 745
-166.3 724
-166.1 794
-165.9 721
-165.7 758
-165.5 767
-165.3 727
-165.1 782
-164.9 732
-164.7 754
-164.5 740
-164.3 759
-164.1 702
-163.9 741
-163.7 783
-163.5 766
-163.3 757
-163.1 735
-162.9 739
-162.7 729
-162.5 751
-162.3 708
-162.1 787
-161.9 733
-161.7 772
-161.5 704
-161.3 712
-161.1 735
-160.9 749
-160.7 770
-160.5 735
-160.3 728
-160.1 764
-159.9 803
-159.7 787
-159.5 713
-159.3 736
-159.1 720
-158.9 725
-158.7 722
-158.5 708
-158.3 736
-158.1 760
-157.9 700
-157.7 691
-157.5 703
-157.3 716
-157.1 694
-156.9 744
-156.7 708
-156.5 720
-156.3 705
-156.1 738
-155.9 730
-155.7 738
-155.5 710
-155.3 706
-155.1 682
-154.9 726
-154.7 762
-154.5 704
-154.3 668
-154.1 672
-153.9 702
-153.7 689
-153.5 721
-153.3 675
-153.1 662
-152.9 675
-152.7 708
-152.5 659
-152.3 626
-152.1 695
-151.9 663
-151.7 684
-151.5 648
-151.3 665
-151.1 732
-150.9 600
-150.7 663
-150.5 683
-150.3 675
-150.1 681
-149.9 672
-149.7 655
-149.5 682
-149.3 681
-149.1 613
-148.9 626
-148.7 657
-148.5 628
-148.3 652
-148.1 650
-147.9 659
-147.7 652
-147.5 651
-147.3 613
-147.1 653
-146.9 685
-146.7 653
-146.5 680
-146.3 623
-146.1 687
-145.9 669
-145.7 655
-145.5 681
-145.3 692
-145.1 678
-144.9 710
-144.7 717
-144.5 716
-144.3 663
-144.1 682
-143.9 691
-143.7 678
-143.5 664
-143.3 685
-143.1 675
-142.9 672
-142.7 691
-142.5 695
-142.3 734
-142.1 690
-141.9 733
-141.7 757
-141.5 732
-141.3 677
-141.1 695
-140.9 712
-140.7 744
-140.5 697
-140.3 684
-140.1 712
-139.9 687
-139.7 770
-139.5 701
-139.3 756
-139.1 750
-138.9 672
-138.7 711
-138.5 781
-138.3 760
-138.1 708
-137.9 759
-137.7 751
-137.5 743
-137.3 775
-137.1 736
-136.9 739
-136.7 731
-136.5 745
-136.3 752
-136.1 779
-135.9 694
-135.7 734
-135.5 774
-135.3 721
-135.1 710
-134.9 729
-134.7 737
-134.5 732
-134.3 764
-134.1 763
-133.9 711
-133.7 769
-133.5 764
-133.3 729
-133.1 732
-132.9 758
-132.7 770
-132.5 748
-132.3 788
-132.1 731
-131.9 788
-131.7 764
-131.5 745
-131.3 706
-131.1 760
-130.9 705
-130.7 724
-130.5 764
-130.3 704
-130.1 804
-129.9 741
-129.7 725
-129.5 760
-129.3 738
-129.1 732
-128.9 730
-128.7 701
-128.5 743
-128.3 736
-128.1 712
-127.9 748
-127.7 737
-127.5 717
-127.3 720
-127.1 745
-126.9 715
-126.7 722
-126.5 698
-126.3 764
-126.1 699
-125.9 705
-125.7 753
-125.5 713
-125.3 728
-125.1 684
-124.9 755
-124.7 721
-124.5 710
-124.3 737
-124.1 741
-123.9 719
-123.7 730
-123.5 774
-123.3 727
-123.1 687
-122.9 674
-122.7 741
-122.5 732
-122.3 724
-122.1 755
-121.9 715
-121.7 766
-121.5 725
-121.3 685
-121.1 727
-120.9 760
-120.7 734
-120.5 734
-120.3 760
-120.1 728
-119.9 725
-119.7 702
-119.5 710
-119.3 688
-119.1 703
-118.9 748
-118.7 739
-118.5 766
-118.3 717
-118.1 752
-117.9 745
-117.7 700
-117.5 737
-117.3 692
-117.1 722
-116.9 739
-116.7 731
-116.5 702
-116.3 721
-116.1 683
-115.9 694
-115.7 680
-115.5 789
-115.3 688
-115.1 678
-114.9 717
-114.7 779
-114.5 710
-114.3 768
-114.1 681
-113.9 723
-113.7 691
-113.5 718
-113.3 669
-113.1 703
-112.9 700
-112.7 708
-112.5 695
-112.3 686
-112.1 689
-111.9 740
-111.7 705
-111.5 704
-111.3 700
-111.1 726
-110.9 693
-110.7 687
-110.5 651
-110.3 688
-110.1 723
-109.9 719
-109.7 711
-109.5 707
-109.3 705
-109.1 727
-108.9 701
-108.7 701
-108.5 712
-108.3 688
-108.1 690
-107.9 724
-107.7 676
-107.5 698
-107.3 687
-107.1 692
-106.9 692
-106.7 760
-106.5 678
-106.3 702
-106.1 672
-105.9 677
-105.7 690
-105.5 721
-105.3 738
-105.1 684
-104.9 695
-104.7 701
-104.5 721
-104.3 693
-104.1 666
-103.9 706
-103.7 739
-103.5 750
-103.3 694
-103.1 721
-102.9 702
-102.7 727
-102.5 717
-102.3 669
-102.1 674
-101.9 686
-101.7 723
-101.5 726
-101.3 688
-101.1 679
-100.9 664
-100.7 642
-100.5 716
-100.3 663
-100.1 707
-99.9 672
-99.7 623
-99.5 715
-99.3 709
-99.1 695
-98.9 686
-98.7 682
-98.5 653
-98.3 706
-98.1 647
-97.9 651
-97.7 698
-97.5 686
-97.3 641
-97.1 676
-96.9 654
-96.7 669
-96.5 724
-96.3 713
-96.1 726
-95.9 672
-95.7 720
-95.5 669
-95.3 664
-95.1 704
-94.9 744
-94.7 689
-94.5 708
-94.3 697
-94.1 692
-93.9 624
-93.7 673
-93.5 709
-93.3 678
-93.1 649
-92.9 682
-92.7 738
-92.5 653
-92.3 682
-92.1 655
-91.9 705
-91.7 668
-91.5 678
-91.3 651
-91.1 671
-90.9 698
-90.7 690
-90.5 666
-90.3 654
-90.1 694
-89.9 659
-89.7 645
-89.5 704
-89.3 722
-89.1 669
-88.9 652
-88.7 685
-88.5 703
-88.3 647
-88.1 670
-87.9 712
-87.7 697
-87.5 700
-87.3 696
-87.1 707
-86.9 682
-86.7 702
-86.5 651
-86.3 658
-86.1 662
-85.9 669
-85.7 649
-85.5 684
-85.3 658
-85.1 674
-84.9 684
-84.7 659
-84.5 730
-84.3 644
-84.1 682
-83.9 702
-83.7 713
-83.5 675
-83.3 714
-83.1 694
-82.9 612
-82.7 686
-82.5 658
-82.3 701
-82.1 708
-81.9 701
-81.7 700
-81.5 736
-81.3 674
-81.1 670
-80.9 710
-80.7 693
-80.5 708
-80.3 692
-80.1 674
-79.9 724
-79.7 624
-79.5 677
-79.3 705
-79.1 669
-78.9 668
-78.7 714
-78.5 684
-78.3 711
-78.1 686
-77.9 673
-77.7 716
-77.5 669
-77.3 686
-77.1 710
-76.9 738
-76.7 690
-76.5 727
-76.3 701
-76.1 674
-75.9 720
-75.7 659
-75.5 699
-75.3 710
-75.1 668
-74.9 710
-74.7 730
-74.5 670
-74.3 679
-74.1 686
-73.9 720
-73.7 744
-73.5 674
-73.3 688
-73.1 737
-72.9 748
-72.7 704
-72.5 713
-72.3 700
-72.1 718
-71.9 711
-71.7 685
-71.5 691
-71.3 657
-71.1 686
-70.9 735
-70.7 723
-70.5 747
-70.3 713
-70.1 708
-69.9 722
-69.7 697
-69.5 712
-69.3 717
-69.1 707
-68.9 711
-68.7 656
-68.5 696
-68.3 661
-68.1 705
-67.9 664
-67.7 717
-67.5 707
-67.3 747
-67.1 688
-66.9 715
-66.7 679
-66.5 715
-66.3 730
-66.1 694
-65.9 707
-65.7 705
-65.5 666
-65.3 738
-65.1 691
-64.9 743
-64.7 661
-64.5 712
-64.3 705
-64.1 656
-63.9 698
-63.7 742
-63.5 669
-63.3 762
-63.1 659
-62.9 709
-62.7 723
-62.5 656
-62.3 667
-62.1 754
-61.9 695
-61.7 705
-61.5 733
-61.3 663
-61.1 733
-60.9 715
-60.7 650
-60.5 726
-60.3 703
-60.1 683
-59.9 673
-59.7 669
-59.5 669
-59.3 672
-59.1 658
-58.9 675
-58.7 725
-58.5 644
-58.3 659
-58.1 694
-57.9 699
-57.7 721
-57.5 714
-57.3 750
-57.1 717
-56.9 665
-56.7 705
-56.5 697
-56.3 720
-56.1 678
-55.9 691
-55.7 746
-55.5 660
-55.3 754
-55.1 637
-54.9 716
-54.7 680
-54.5 690
-54.3 640
-54.1 648
-53.9 697
-53.7 698
-53.5 706
-53.3 724
-53.1 660
-52.9 644
-52.7 719
-52.5 727
-52.3 749
-52.1 737
-51.9 685
-51.7 707
-51.5 691
-51.3 701
-51.1 702
-50.9 731
-50.7 715
-50.5 715
-50.3 686
-50.1 685
-49.9 739
-49.7 662
-49.5 714
-49.3 696
-49.1 697
-48.9 732
-48.7 718
-48.5 664
-48.3 656
-48.1 657
-47.9 699
-47.7 672
-47.5 716
-47.3 687
-47.1 666
-46.9 670
-46.7 721
-46.5 697
-46.3 666
-46.1 718
-45.9 688
-45.7 709
-45.5 678
-45.3 687
-45.1 745
-44.9 693
-44.7 688
-44.5 697
-44.3 675
-44.1 710
-43.9 666
-43.7 722
-43.5 682
-43.3 673
-43.1 659
-42.9 715
-42.7 667
-42.5 680
-42.3 661
-42.1 668
-41.9 706
-41.7 686
-41.5 666
-41.3 742
-41.1 738
-40.9 702
-40.7 723
-40.5 676
-40.3 683
-40.1 722
-39.9 665
-39.7 683
-39.5 681
-39.3 669
-39.1 651
-38.9 687
-38.7 645
-38.5 675
-38.3 710
-38.1 667
-37.9 664
-37.7 724
-37.5 717
-37.3 714
-37.1 620
-36.9 640
-36.7 704
-36.5 670
-36.3 707
-36.1 707
-35.9 702
-35.7 710
-35.5 606
-35.3 666
-35.1 708
-34.9 734
-34.7 743
-34.5 727
-34.3 682
-34.1 651
-33.9 714
-33.7 635
-33.5 671
-33.3 646
-33.1 683
-32.9 683
-32.7 646
-32.5 666
-32.3 683
-32.1 660
-31.9 663
-31.7 680
-31.5 685
-31.3 701
-31.1 660
-30.9 660
-30.7 696
-30.5 687
-30.3 663
-30.1 722
-29.9 634
-29.7 650
-29.5 698
-29.3 684
-29.1 731
-28.9 710
-28.7 670
-28.5 678
-28.3 693
-28.1 686
-27.9 650
-27.7 679
-27.5 695
-27.3 693
-27.1 654
-26.9 681
-26.7 707
-26.5 662
-26.3 673
-26.1 644
-25.9 691
-25.7 706
-25.5 690
-25.3 645
-25.1 686
-24.9 726
-24.7 657
-24.5 726
-24.3 661
-24.1 688
-23.9 691
-23.7 659
-23.5 647
-23.3 678
-23.1 666
-22.9 665
-22.7 646
-22.5 651
-22.3 693
-22.1 699
-21.9 636
-21.7 715
-21.5 667
-21.3 696
-21.1 716
-20.9 708
-20.7 703
-20.5 688
-20.3 681
-20.1 679
-19.9 686
-19.7 678
-19.5 663
-19.3 677
-19.1 669
-18.9 686
-18.7 652
-18.5 658
-18.3 700
-18.1 651
-17.9 672
-17.7 680
-17.5 675
-17.3 718
-17.1 667
-16.9 689
-16.7 716
-16.5 697
-16.3 709
-16.1 683
-15.9 710
-15.7 670
-15.5 656
-15.3 726
-15.1 652
-14.9 645
-14.7 678
-14.5 722
-14.3 691
-14.1 739
-13.9 667
-13.7 647
-13.5 700
-13.3 682
-13.1 694
-12.9 726
-12.7 672
-12.5 694
-12.3 755
-12.1 692
-11.9 650
-11.7 665
-11.5 662
-11.3 685
-11.1 680
-10.9 653
-10.7 688
-10.5 671
-10.3 684
-10.1 631
-9.9 655
-9.7 670
-9.5 662
-9.3 658
-9.1 677
-8.9 694
-8.7 695
-8.5 653
-8.3 679
-8.1 658
-7.9 708
-7.7 697
-7.5 643
-7.3 629
-7.1 705
-6.9 699
-6.7 691
-6.5 709
-6.3 690
-6.1 740
-5.9 669
-5.7 684
-5.5 656
-5.3 716
-5.1 736
-4.9 712
-4.7 673
-4.5 673
-4.3 670
-4.1 611
-3.9 662
-3.7 675
-3.5 683
-3.3 692
-3.1 678
-2.9 679
-2.7 679
-2.5 659
-2.3 687
-2.1 650
-1.9 693
-1.7 700
-1.5 691
-1.3 658
-1.1 693
-0.9 705
-0.7 661
-0.5 680
-0.3 702
-0.1 713
0.1 668
0.3 691
0.5 647
0.7 687
0.9 642
1.1 695
1.3 655
1.5 704
1.7 685
1.9 702
2.1 681
2.3 655
2.5 649
2.7 736
2.9 629
3.1 701
3.3 693
3.5 694
3.7 699
3.9 651
4.1 667
4.3 717
4.5 647
4.7 688
4.9 702
5.1 689
5.3 649
5.5 646
5.7 729
5.9 655
6.1 672
6.3 713
6.5 657
6.7 678
6.9 628
7.1 684
7.3 651
7.5 682
7.7 662
7.9 727
8.1 632
8.3 661
8.5 637
8.7 607
8.9 595
9.1 726
9.3 671
9.5 624
9.7 655
9.9 663
10.1 651
10.3 662
10.5 676
10.7 664
10.9 670
11.1 626
11.3 617
11.5 633
11.7 627
11.9 611
12.1 640
12.3 645
12.5 612
12.7 601
12.9 599
13.1 572
13.3 601
13.5 597
13.7 634
13.9 628
14.1 571
14.3 606
14.5 553
14.7 527
14.9 549
15.1 577
15.3 539
15.5 536
15.7 547
15.9 539
16.1 563
16.3 528
16.5 585
16.7 525
16.9 571
17.1 534
17.3 489
17.5 498
17.7 481
17.9 500
18.1 450
18.3 479
18.5 455
18.7 486
18.9 436
19.1 451
19.3 434
19.5 407
19.7 410
19.9 418
20.1 446
20.3 352
20.5 368
20.7 369
20.9 360
21.1 334
21.3 362
21.5 347
21.7 326
21.9 340
22.1 330
22.3 321
22.5 281
22.7 293
22.9 309
23.1 288
23.3 272
23.5 306
23.7 276
23.9 275
24.1 272
24.3 244
24.5 244
24.7 244
24.9 252
25.1 212
25.3 207
25.5 228
25.7 240
25.9 181
26.1 186
26.3 192
26.5 188
26.7 162
26.9 149
27.1 186
27.3 150
27.5 139
27.7 146
27.9 111
28.1 149
28.3 133
28.5 124
28.7 140
28.9 106
29.1 104
29.3 105
29.5 92
29.7 97
29.9 81
30.1 93
30.3 68
30.5 86
30.7 87
30.9 61
31.1 70
31.3 67
31.5 60
31.7 62
31.9 50
32.1 53
32.3 48
32.5 41
32.7 47
32.9 41
33.1 35
33.3 44
33.5 43
33.7 31
33.9 28
34.1 38
34.3 25
34.5 19
34.7 27
34.9 26
