-209.9 0
-209.7 1
-209.5 0
-209.3 1
-209.1 0
-208.9 0
-208.7 1
-208.5 1
-208.3 0
-208.1 0
-207.9 0
-207.7 0
-207.5 0
-207.3 0
-207.1 0
-206.9 0
-206.7 1
-206.5 0
-206.3 1
-206.1 0
-205.9 0
-205.7 0
-205.5 0
-205.3 1
-205.1 1
-204.9 0
-204.7 1
-204.5 0
-204.3 0
-204.1 0
-203.9 0
-203.7 0
-203.5 0
-203.3 1
-203.1 0
-202.9 0
-202.7 1
-202.5 0
-202.3 0
-202.1 1
-201.9 1
-201.7 0
-201.5 3
-201.3 0
-201.1 2
-200.9 5
-200.7 5
-200.5 8
-200.3 5
-200.1 8
-199.9 13
-199.7 14
-199.5 37
-199.3 26
-199.1 36
-198.9 61
-198.7 72
-198.5 109
-198.3 112
-198.1 147
-197.9 163
-197.7 227
-197.5 245
-197.3 353
-197.1 407
-196.9 489
-196.7 596
-196.5 736
-196.3 841
-196.1 952
-195.9 1126
-195.7 1183
-195.5 1321
-195.3 1357
-195.1 1473
-194.9 1531
-194.7 1656
-194.5 1689
-194.3 1768
-194.1 1851
-193.9 1827
-193.7 1833
-193.5 1727
-193.3 1820
-193.1 1819
-192.9 1747
-192.7 1697
-192.5 1737
-192.3 1718
-192.1 1700
-191.9 1654
-191.7 1580
-191.5 1584
-191.3 1607
-191.1 1535
-190.9 1511
-190.7 1517
-190.5 1466
-190.3 1501
-190.1 1575
-189.9 1454
-189.7 1498
-189.5 1516
-189.3 1397
-189.1 1498
-188.9 1491
-188.7 1484
-188.5 1406
-188.3 1406
-188.1 1422
-187.9 1441
-187.7 1411
-187.5 1402
-187.3 1457
-187.1 1422
-186.9 1413
-186.7 1401
-186.5 1433
-186.3 1413
-186.1 1334
-185.9 1389
-185.7 1360
-185.5 1379
-185.3 1336
-185.1 1348
-184.9 1332
-184.7 1332
-184.5 1353
-184.3 1318
-184.1 1307
-183.9 1352
-183.7 1249
-183.5 1248
-183.3 1307
-183.1 1231
-182.9 1264
-182.7 1177
-182.5 1219
-182.3 1220
-182.1 1197
-181.9 1151
-181.7 1153
-181.5 1114
-181.3 1099
-181.1 1131
-180.9 1104
-180.7 1059
-180.5 1093
-180.3 1049
-180.1 1022
-179.9 1056
-179.7 1060
-179.5 1024
-179.3 1033
-179.1 1027
-178.9 984
-178.7 944
-178.5 944
-178.3 992
-178.1 946
-177.9 996
-177.7 954
-177.5 887
-177.3 924
-177.1 956
-176.9 915
-176.7 922
-176.5 852
-176.3 895
-176.1 858
-175.9 938
-175.7 815
-175.5 859
-175.3 858
-175.1 919
-174.9 873
-174.7 872
-174.5 866
-174.3 806
-174.1 834
-173.9 833
-173.7 834
-173.5 836
-173.3 822
-173.1 798
-172.9 778
-172.7 823
-172.5 810
-172.3 841
-172.1 788
-171.9 791
-171.7 763
-171.5 787
-171.3 746
-171.1 832
-170.9 768
-170.7 765
-170.5 798
-170.3 770
-170.1 762
-169.9 787
-169.7 758
-169.5 782
-169.3 780
-169.1 781
-168.9 741
-168.7 808
-168.5 690
-168.3 714
-168.1 730
-167.9 727
-167.7 705
-167.5 810
-167.3 746
-167.1 707
-166.9 808
-166.7 745
-166.5 734
-166.3 736
-166.1 747
-165.9 729
-165.7 746
-165.5 799
-165.3 741
-165.1 750
-164.9 711
-164.7 738
-164.5 698
-164.3 724
-164.1 723
-163.9 775
-163.7 739
-163.5 741
-163.3 736
-163.1 733
-162.9 779
-162.7 725
-162.5 715
-162.3 699
-162.1 685
-161.9 745
-161.7 740
-161.5 743
-161.3 734
-161.1 684
-160.9 704
-160.7 702
-160.5 743
-160.3 758
-160.1 734
-159.9 730
-159.7 731
-159.5 696
-159.3 725
-159.1 705
-158.9 692
-158.7 695
-158.5 716
-158.3 742
-158.1 705
-157.9 684
-157.7 742
-157.5 723
-157.3 700
-157.1 708
-156.9 748
-156.7 713
-156.5 705
-156.3 723
-156.1 654
-155.9 705
-155.7 703
-155.5 667
-155.3 728
-155.1 677
-154.9 697
-154.7 653
-154.5 733
-154.3 689
-154.1 656
-153.9 679
-153.7 677
-153.5 663
-153.3 664
-153.1 639
-152.9 678
-152.7 666
-152.5 669
-152.3 673
-152.1 702
-151.9 644
-151.7 665
-151.5 623
-151.3 668
-151.1 655
-150.9 625
-150.7 649
-150.5 649
-150.3 634
-150.1 680
-149.9 616
-149.7 679
-149.5 647
-149.3 640
-149.1 623
-148.9 662
-148.7 619
-148.5 605
-148.3 672
-148.1 627
-147.9 672
-147.7 645
-147.5 675
-147.3 670
-147.1 667
-146.9 651
-146.7 642
-146.5 653
-146.3 735
-146.1 685
-145.9 641
-145.7 693
-145.5 645
-145.3 684
-145.1 713
-144.9 688
-144.7 656
-144.5 741
-144.3 721
-144.1 734
-143.9 754
-143.7 671
-143.5 716
-143.3 705
-143.1 713
-142.9 718
-142.7 673
-142.5 718
-142.3 689
-142.1 738
-141.9 741
-141.7 709
-141.5 728
-141.3 715
-141.1 696
-140.9 732
-140.7 690
-140.5 725
-140.3 767
-140.1 740
-139.9 738
-139.7 748
-139.5 762
-139.3 777
-139.1 779
-138.9 717
-138.7 792
-138.5 709
-138.3 692
-138.1 712
-137.9 753
-137.7 741
-137.5 714
-137.3 791
-137.1 725
-136.9 763
-136.7 771
-136.5 753
-136.3 788
-136.1 745
-135.9 743
-135.7 686
-135.5 754
-135.3 768
-135.1 719
-134.9 729
-134.7 769
-134.5 807
-134.3 740
-134.1 743
-133.9 740
-133.7 732
-133.5 704
-133.3 747
-133.1 756
-132.9 771
-132.7 715
-132.5 732
-132.3 749
-132.1 706
-131.9 762
-131.7 666
-131.5 732
-131.3 730
-131.1 727
-130.9 744
-130.7 741
-130.5 734
-130.3 748
-130.1 692
-129.9 691
-129.7 751
-129.5 737
-129.3 733
-129.1 744
-128.9 743
-128.7 743
-128.5 688
-128.3 747
-128.1 724
-127.9 701
-127.7 734
-127.5 756
-127.3 721
-127.1 748
-126.9 719
-126.7 709
-126.5 684
-126.3 706
-126.1 674
-125.9 791
-125.7 735
-125.5 673
-125.3 711
-125.1 720
-124.9 736
-124.7 749
-124.5 719
-124.3 728
-124.1 711
-123.9 696
-123.7 693
-123.5 687
-123.3 678
-123.1 726
-122.9 731
-122.7 722
-122.5 659
-122.3 683
-122.1 714
-121.9 684
-121.7 693
-121.5 737
-121.3 731
-121.1 690
-120.9 654
-120.7 710
-120.5 712
-120.3 687
-120.1 707
-119.9 742
-119.7 688
-119.5 685
-119.3 703
-119.1 681
-118.9 704
-118.7 676
-118.5 723
-118.3 742
-118.1 729
-117.9 699
-117.7 729
-117.5 745
-117.3 695
-117.1 721
-116.9 675
-116.7 717
-116.5 691
-116.3 724
-116.1 729
-115.9 704
-115.7 729
-115.5 701
-115.3 723
-115.1 728
-114.9 708
-114.7 698
-114.5 744
-114.3 718
-114.1 727
-113.9 713
-113.7 696
-113.5 692
-113.3 677
-113.1 699
-112.9 712
-112.7 676
-112.5 678
-112.3 732
-112.1 693
-111.9 684
-111.7 671
-111.5 691
-111.3 717
-111.1 712
-110.9 716
-110.7 651
-110.5 678
-110.3 727
-110.1 724
-109.9 680
-109.7 701
-109.5 669
-109.3 643
-109.1 701
-108.9 644
-108.7 750
-108.5 703
-108.3 717
-108.1 708
-107.9 653
-107.7 608
-107.5 671
-107.3 666
-107.1 660
-106.9 680
-106.7 687
-106.5 668
-106.3 695
-106.1 680
-105.9 735
-105.7 669
-105.5 678
-105.3 694
-105.1 735
-104.9 711
-104.7 683
-104.5 652
-104.3 678
-104.1 674
-103.9 710
-103.7 684
-103.5 702
-103.3 676
-103.1 699
-102.9 717
-102.7 699
-102.5 642
-102.3 664
-102.1 629
-101.9 680
-101.7 682
-101.5 658
-101.3 675
-101.1 670
-100.9 661
-100.7 707
-100.5 657
-100.3 707
-100.1 632
-99.9 694
-99.7 695
-99.5 695
-99.3 676
-99.1 676
-98.9 678
-98.7 696
-98.5 646
-98.3 684
-98.1 666
-97.9 661
-97.7 651
-97.5 697
-97.3 683
-97.1 696
-96.9 709
-96.7 651
-96.5 698
-96.3 670
-96.1 683
-95.9 638
-95.7 693
-95.5 727
-95.3 654
-95.1 707
-94.9 683
-94.7 698
-94.5 660
-94.3 700
-94.1 679
-93.9 658
-93.7 676
-93.5 734
-93.3 681
-93.1 650
-92.9 687
-92.7 669
-92.5 696
-92.3 683
-92.1 656
-91.9 666
-91.7 685
-91.5 672
-91.3 714
-91.1 661
-90.9 669
-90.7 678
-90.5 628
-90.3 659
-90.1 667
-89.9 675
-89.7 673
-89.5 677
-89.3 652
-89.1 654
-88.9 685
-88.7 652
-88.5 680
-88.3 668
-88.1 684
-87.9 634
-87.7 713
-87.5 710
-87.3 624
-87.1 651
-86.9 669
-86.7 661
-86.5 660
-86.3 744
-86.1 676
-85.9 651
-85.7 672
-85.5 701
-85.3 652
-85.1 708
-84.9 658
-84.7 731
-84.5 674
-84.3 717
-84.1 704
-83.9 683
-83.7 725
-83.5 710
-83.3 675
-83.1 667
-82.9 673
-82.7 695
-82.5 691
-82.3 717
-82.1 694
-81.9 693
-81.7 742
-81.5 654
-81.3 671
-81.1 719
-80.9 752
-80.7 684
-80.5 744
-80.3 690
-80.1 656
-79.9 701
-79.7 686
-79.5 679
-79.3 615
-79.1 646
-78.9 646
-78.7 722
-78.5 733
-78.3 710
-78.1 665
-77.9 674
-77.7 662
-77.5 675
-77.3 693
-77.1 664
-76.9 717
-76.7 710
-76.5 723
-76.3 692
-76.1 695
-75.9 692
-75.7 720
-75.5 697
-75.3 711
-75.1 671
-74.9 764
-74.7 650
-74.5 707
-74.3 699
-74.1 673
-73.9 677
-73.7 681
-73.5 649
-73.3 650
-73.1 704
-72.9 703
-72.7 660
-72.5 694
-72.3 682
-72.1 714
-71.9 755
-71.7 705
-71.5 663
-71.3 702
-71.1 690
-70.9 716
-70.7 698
-70.5 713
-70.3 694
-70.1 704
-69.9 748
-69.7 666
-69.5 680
-69.3 721
-69.1 726
-68.9 728
-68.7 653
-68.5 763
-68.3 710
-68.1 668
-67.9 654
-67.7 690
-67.5 701
-67.3 656
-67.1 707
-66.9 713
-66.7 698
-66.5 691
-66.3 671
-66.1 733
-65.9 712
-65.7 722
-65.5 705
-65.3 711
-65.1 659
-64.9 711
-64.7 714
-64.5 683
-64.3 717
-64.1 740
-63.9 737
-63.7 714
-63.5 706
-63.3 663
-63.1 690
-62.9 698
-62.7 701
-62.5 696
-62.3 727
-62.1 636
-61.9 693
-61.7 683
-61.5 639
-61.3 720
-61.1 675
-60.9 680
-60.7 650
-60.5 691
-60.3 729
-60.1 723
-59.9 635
-59.7 726
-59.5 643
-59.3 686
-59.1 710
-58.9 697
-58.7 698
-58.5 645
-58.3 686
-58.1 686
-57.9 676
-57.7 688
-57.5 660
-57.3 654
-57.1 681
-56.9 689
-56.7 719
-56.5 700
-56.3 675
-56.1 643
-55.9 722
-55.7 637
-55.5 679
-55.3 703
-55.1 677
-54.9 760
-54.7 695
-54.5 686
-54.3 660
-54.1 641
-53.9 753
-53.7 669
-53.5 667
-53.3 670
-53.1 656
-52.9 654
-52.7 663
-52.5 654
-52.3 679
-52.1 687
-51.9 718
-51.7 660
-51.5 701
-51.3 685
-51.1 631
-50.9 717
-50.7 648
-50.5 681
-50.3 679
-50.1 719
-49.9 680
-49.7 678
-49.5 661
-49.3 665
-49.1 673
-48.9 743
-48.7 685
-48.5 671
-48.3 700
-48.1 656
-47.9 727
-47.7 700
-47.5 664
-47.3 722
-47.1 722
-46.9 683
-46.7 722
-46.5 661
-46.3 683
-46.1 684
-45.9 708
-45.7 689
-45.5 698
-45.3 661
-45.1 664
-44.9 701
-44.7 671
-44.5 626
-44.3 624
-44.1 706
-43.9 699
-43.7 682
-43.5 705
-43.3 666
-43.1 679
-42.9 642
-42.7 730
-42.5 704
-42.3 716
-42.1 697
-41.9 712
-41.7 689
-41.5 716
-41.3 707
-41.1 657
-40.9 657
-40.7 684
-40.5 640
-40.3 722
-40.1 665
-39.9 673
-39.7 678
-39.5 673
-39.3 721
-39.1 706
-38.9 751
-38.7 672
-38.5 666
-38.3 680
-38.1 695
-37.9 691
-37.7 696
-37.5 707
-37.3 706
-37.1 710
-36.9 696
-36.7 655
-36.5 717
-36.3 672
-36.1 720
-35.9 643
-35.7 623
-35.5 730
-35.3 658
-35.1 645
-34.9 695
-34.7 753
-34.5 729
-34.3 698
-34.1 649
-33.9 706
-33.7 689
-33.5 671
-33.3 664
-33.1 673
-32.9 708
-32.7 612
-32.5 680
-32.3 687
-32.1 715
-31.9 670
-31.7 688
-31.5 717
-31.3 680
-31.1 666
-30.9 691
-30.7 675
-30.5 631
-30.3 682
-30.1 709
-29.9 661
-29.7 657
-29.5 686
-29.3 709
-29.1 684
-28.9 693
-28.7 714
-28.5 690
-28.3 647
-28.1 717
-27.9 656
-27.7 704
-27.5 676
-27.3 724
-27.1 735
-26.9 603
-26.7 663
-26.5 648
-26.3 645
-26.1 705
-25.9 668
-25.7 691
-25.5 681
-25.3 670
-25.1 701
-24.9 682
-24.7 710
-24.5 676
-24.3 688
-24.1 650
-23.9 666
-23.7 677
-23.5 673
-23.3 642
-23.1 719
-22.9 677
-22.7 699
-22.5 688
-22.3 663
-22.1 696
-21.9 653
-21.7 716
-21.5 676
-21.3 664
-21.1 650
-20.9 650
-20.7 662
-20.5 645
-20.3 674
-20.1 679
-19.9 681
-19.7 693
-19.5 680
-19.3 728
-19.1 658
-18.9 657
-18.7 664
-18.5 671
-18.3 744
-18.1 688
-17.9 690
-17.7 662
-17.5 681
-17.3 673
-17.1 701
-16.9 630
-16.7 698
-16.5 646
-16.3 734
-16.1 667
-15.9 695
-15.7 695
-15.5 651
-15.3 672
-15.1 742
-14.9 714
-14.7 701
-14.5 725
-14.3 668
-14.1 649
-13.9 725
-13.7 734
-13.5 715
-13.3 666
-13.1 710
-12.9 626
-12.7 654
-12.5 698
-12.3 699
-12.1 668
-11.9 693
-11.7 668
-11.5 664
-11.3 683
-11.1 675
-10.9 668
-10.7 675
-10.5 654
-10.3 647
-10.1 664
-9.9 657
-9.7 685
-9.5 700
-9.3 675
-9.1 726
-8.9 634
-8.7 689
-8.5 672
-8.3 647
-8.1 655
-7.9 633
-7.7 724
-7.5 663
-7.3 671
-7.1 716
-6.9 694
-6.7 697
-6.5 658
-6.3 679
-6.1 661
-5.9 654
-5.7 685
-5.5 680
-5.3 669
-5.1 694
-4.9 647
-4.7 669
-4.5 667
-4.3 665
-4.1 669
-3.9 722
-3.7 658
-3.5 648
-3.3 657
-3.1 689
-2.9 681
-2.7 705
-2.5 707
-2.3 659
-2.1 725
-1.9 630
-1.7 723
-1.5 682
-1.3 652
-1.1 668
-0.9 682
-0.7 646
-0.5 679
-0.3 653
-0.1 646
0.1 664
0.3 708
0.5 709
0.7 628
0.9 672
1.1 679
1.3 649
1.5 704
1.7 631
1.9 712
2.1 633
2.3 666
2.5 678
2.7 648
2.9 638
3.1 667
3.3 692
3.5 687
3.7 709
3.9 673
4.1 707
4.3 694
4.5 673
4.7 641
4.9 657
5.1 698
5.3 682
5.5 681
5.7 636
5.9 644
6.1 672
6.3 688
6.5 709
6.7 660
6.9 685
7.1 671
7.3 670
7.5 680
7.7 629
7.9 675
8.1 682
8.3 692
8.5 643
8.7 664
8.9 685
9.1 660
9.3 698
9.5 703
9.7 594
9.9 669
10.1 666
10.3 696
10.5 647
10.7 668
10.9 696
11.1 621
11.3 668
11.5 619
11.7 608
11.9 631
12.1 613
12.3 606
12.5 586
12.7 630
12.9 646
13.1 615
13.3 668
13.5 598
13.7 584
13.9 607
14.1 559
14.3 584
14.5 524
14.7 565
14.9 616
15.1 598
15.3 610
15.5 543
15.7 537
15.9 525
16.1 546
16.3 544
16.5 538
16.7 508
16.9 539
17.1 549
17.3 503
17.5 500
17.7 455
17.9 498
18.1 464
18.3 484
18.5 489
18.7 488
18.9 465
19.1 437
19.3 420
19.5 410
19.7 444
19.9 417
20.1 437
20.3 377
20.5 401
20.7 394
20.9 392
21.1 393
21.3 375
21.5 354
21.7 357
21.9 344
22.1 318
22.3 333
22.5 301
22.7 317
22.9 300
23.1 320
23.3 296
23.5 332
23.7 292
23.9 278
24.1 262
24.3 256
24.5 255
24.7 260
24.9 215
25.1 222
25.3 219
25.5 227
25.7 225
25.9 217
26.1 188
26.3 188
26.5 209
26.7 172
26.9 156
27.1 153
27.3 163
27.5 157
27.7 144
27.9 157
28.1 134
28.3 148
28.5 109
28.7 113
28.9 120
29.1 109
29.3 97
29.5 99
29.7 116
29.9 76
30.1 81
30.3 89
30.5 95
30.7 80
30.9 54
31.1 81
31.3 65
31.5 66
31.7 77
31.9 52
32.1 60
32.3 45
32.5 57
32.7 50
32.9 42
33.1 40
33.3 38
33.5 28
33.7 38
33.9 39
34.1 24
34.3 35
34.5 31
34.7 29
34.9 26
