-209.9 0
-209.7 0
-209.5 0
-209.3 0
-209.1 1
-208.9 0
-208.7 1
-208.5 0
-208.3 0
-208.1 0
-207.9 0
-207.7 0
-207.5 0
-207.3 0
-207.1 0
-206.9 0
-206.7 0
-206.5 0
-206.3 0
-206.1 0
-205.9 0
-205.7 0
-205.5 0
-205.3 0
-205.1 1
-204.9 0
-204.7 0
-204.5 0
-204.3 0
-204.1 1
-203.9 1
-203.7 0
-203.5 1
-203.3 0
-203.1 0
-202.9 0
-202.7 1
-202.5 0
-202.3 0
-202.1 0
-201.9 0
-201.7 0
-201.5 0
-201.3 0
-201.1 0
-200.9 0
-200.7 0
-200.5 0
-200.3 0
-200.1 0
-199.9 1
-199.7 0
-199.5 0
-199.3 0
-199.1 0
-198.9 0
-198.7 2
-198.5 0
-198.3 4
-198.1 2
-197.9 6
-197.7 4
-197.5 14
-197.3 20
-197.1 28
-196.9 45
-196.7 65
-196.5 81
-196.3 99
-196.1 142
-195.9 191
-195.7 248
-195.5 314
-195.3 408
-195.1 500
-194.9 509
-194.7 669
-194.5 749
-194.3 802
-194.1 910
-193.9 947
-193.7 1014
-193.5 1158
-193.3 1213
-193.1 1273
-192.9 1328
-192.7 1259
-192.5 1328
-192.3 1294
-192.1 1390
-191.9 1324
-191.7 1336
-191.5 1335
-191.3 1403
-191.1 1296
-190.9 1353
-190.7 1291
-190.5 1360
-190.3 1355
-190.1 1330
-189.9 1306
-189.7 1261
-189.5 1247
-189.3 1252
-189.1 1188
-188.9 1206
-188.7 1154
-188.5 1186
-188.3 1179
-188.1 1187
-187.9 1138
-187.7 1161
-187.5 1211
-187.3 1179
-187.1 1117
-186.9 1121
-186.7 1128
-186.5 1134
-186.3 1137
-186.1 1149
-185.9 1126
-185.7 1142
-185.5 1064
-185.3 1070
-185.1 1095
-184.9 1059
-184.7 1061
-184.5 1081
-184.3 1021
-184.1 1061
-183.9 1031
-183.7 969
-183.5 984
-183.3 1022
-183.1 1061
-182.9 1032
-182.7 977
-182.5 1054
-182.3 965
-182.1 1037
-181.9 989
-181.7 1034
-181.5 937
-181.3 953
-181.1 934
-180.9 994
-180.7 951
-180.5 894
-180.3 934
-180.1 929
-179.9 913
-179.7 925
-179.5 866
-179.3 879
-179.1 853
-178.9 864
-178.7 888
-178.5 861
-178.3 894
-178.1 851
-177.9 872
-177.7 809
-177.5 777
-177.3 811
-177.1 833
-176.9 813
-176.7 830
-176.5 841
-176.3 819
-176.1 776
-175.9 779
-175.7 766
-175.5 770
-175.3 776
-175.1 841
-174.9 767
-174.7 786
-174.5 746
-174.3 741
-174.1 809
-173.9 758
-173.7 740
-173.5 767
-173.3 765
-173.1 764
-172.9 763
-172.7 768
-172.5 785
-172.3 708
-172.1 770
-171.9 753
-171.7 727
-171.5 748
-171.3 776
-171.1 694
-170.9 779
-170.7 716
-170.5 733
-170.3 693
-170.1 761
-169.9 724
-169.7 720
-169.5 779
-169.3 695
-169.1 721
-168.9 730
-168.7 726
-168.5 644
-168.3 730
-168.1 733
-167.9 753
-167.7 770
-167.5 743
-167.3 702
-167.1 678
-166.9 670
-166.7 740
-166.5 720
-166.3 711
-166.1 719
-165.9 646
-165.7 720
-165.5 675
-165.3 658
-165.1 740
-164.9 684
-164.7 708
-164.5 733
-164.3 726
-164.1 690
-163.9 720
-163.7 696
-163.5 692
-163.3 664
-163.1 638
-162.9 670
-162.7 690
-162.5 716
-162.3 664
-162.1 687
-161.9 722
-161.7 657
-161.5 679
-161.3 721
-161.1 701
-160.9 674
-160.7 677
-160.5 673
-160.3 669
-160.1 689
-159.9 723
-159.7 633
-159.5 709
-159.3 659
-159.1 711
-158.9 736
-158.7 696
-158.5 680
-158.3 648
-158.1 668
-157.9 690
-157.7 712
-157.5 757
-157.3 686
-157.1 674
-156.9 674
-156.7 688
-156.5 677
-156.3 685
-156.1 690
-155.9 667
-155.7 622
-155.5 641
-155.3 696
-155.1 694
-154.9 657
-154.7 695
-154.5 667
-154.3 720
-154.1 693
-153.9 669
-153.7 643
-153.5 647
-153.3 661
-153.1 676
-152.9 710
-152.7 669
-152.5 707
-152.3 703
-152.1 725
-151.9 701
-151.7 734
-151.5 676
-151.3 692
-151.1 651
-150.9 709
-150.7 699
-150.5 716
-150.3 657
-150.1 706
-149.9 695
-149.7 606
-149.5 684
-149.3 666
-149.1 718
-148.9 656
-148.7 651
-148.5 676
-148.3 676
-148.1 678
-147.9 651
-147.7 673
-147.5 674
-147.3 660
-147.1 655
-146.9 681
-146.7 663
-146.5 691
-146.3 670
-146.1 665
-145.9 657
-145.7 634
-145.5 650
-145.3 685
-145.1 660
-144.9 639
-144.7 670
-144.5 631
-144.3 701
-144.1 664
-143.9 655
-143.7 635
-143.5 630
-143.3 632
-143.1 672
-142.9 598
-142.7 662
-142.5 619
-142.3 702
-142.1 655
-141.9 649
-141.7 683
-141.5 673
-141.3 625
-141.1 645
-140.9 660
-140.7 665
-140.5 636
-140.3 625
-140.1 684
-139.9 659
-139.7 644
-139.5 672
-139.3 632
-139.1 642
-138.9 672
-138.7 661
-138.5 595
-138.3 652
-138.1 664
-137.9 642
-137.7 634
-137.5 672
-137.3 684
-137.1 674
-136.9 723
-136.7 677
-136.5 666
-136.3 674
-136.1 669
-135.9 713
-135.7 694
-135.5 689
-135.3 629
-135.1 686
-134.9 703
-134.7 636
-134.5 694
-134.3 736
-134.1 677
-133.9 671
-133.7 702
-133.5 718
-133.3 658
-133.1 705
-132.9 698
-132.7 653
-132.5 683
-132.3 686
-132.1 649
-131.9 689
-131.7 689
-131.5 665
-131.3 663
-131.1 646
-130.9 720
-130.7 715
-130.5 685
-130.3 690
-130.1 736
-129.9 672
-129.7 651
-129.5 727
-129.3 682
-129.1 697
-128.9 689
-128.7 665
-128.5 703
-128.3 697
-128.1 713
-127.9 725
-127.7 743
-127.5 694
-127.3 663
-127.1 651
-126.9 703
-126.7 720
-126.5 718
-126.3 664
-126.1 689
-125.9 698
-125.7 680
-125.5 659
-125.3 694
-125.1 738
-124.9 702
-124.7 667
-124.5 682
-124.3 666
-124.1 679
-123.9 667
-123.7 694
-123.5 685
-123.3 655
-123.1 698
-122.9 683
-122.7 695
-122.5 675
-122.3 645
-122.1 628
-121.9 671
-121.7 659
-121.5 638
-121.3 629
-121.1 696
-120.9 626
-120.7 703
-120.5 633
-120.3 697
-120.1 704
-119.9 728
-119.7 684
-119.5 726
-119.3 703
-119.1 714
-118.9 709
-118.7 684
-118.5 684
-118.3 665
-118.1 670
-117.9 667
-117.7 620
-117.5 684
-117.3 676
-117.1 637
-116.9 710
-116.7 658
-116.5 633
-116.3 646
-116.1 695
-115.9 673
-115.7 647
-115.5 644
-115.3 645
-115.1 632
-114.9 649
-114.7 673
-114.5 640
-114.3 702
-114.1 666
-113.9 688
-113.7 666
-113.5 672
-113.3 659
-113.1 651
-112.9 696
-112.7 651
-112.5 697
-112.3 613
-112.1 637
-111.9 666
-111.7 621
-111.5 658
-111.3 655
-111.1 662
-110.9 675
-110.7 665
-110.5 663
-110.3 659
-110.1 625
-109.9 645
-109.7 683
-109.5 658
-109.3 635
-109.1 672
-108.9 608
-108.7 686
-108.5 673
-108.3 691
-108.1 640
-107.9 698
-107.7 677
-107.5 637
-107.3 671
-107.1 701
-106.9 640
-106.7 658
-106.5 649
-106.3 689
-106.1 623
-105.9 675
-105.7 678
-105.5 666
-105.3 662
-105.1 648
-104.9 675
-104.7 604
-104.5 666
-104.3 697
-104.1 649
-103.9 662
-103.7 661
-103.5 654
-103.3 682
-103.1 741
-102.9 676
-102.7 688
-102.5 617
-102.3 628
-102.1 629
-101.9 645
-101.7 677
-101.5 672
-101.3 664
-101.1 645
-100.9 648
-100.7 637
-100.5 647
-100.3 640
-100.1 660
-99.9 663
-99.7 642
-99.5 660
-99.3 625
-99.1 682
-98.9 659
-98.7 652
-98.5 675
-98.3 667
-98.1 678
-97.9 663
-97.7 658
-97.5 644
-97.3 659
-97.1 695
-96.9 676
-96.7 618
-96.5 663
-96.3 675
-96.1 662
-95.9 663
-95.7 692
-95.5 683
-95.3 696
-95.1 649
-94.9 663
-94.7 636
-94.5 650
-94.3 665
-94.1 661
-93.9 680
-93.7 638
-93.5 646
-93.3 653
-93.1 697
-92.9 661
-92.7 646
-92.5 667
-92.3 687
-92.1 665
-91.9 611
-91.7 672
-91.5 639
-91.3 647
-91.1 694
-90.9 595
-90.7 669
-90.5 627
-90.3 622
-90.1 669
-89.9 707
-89.7 667
-89.5 645
-89.3 672
-89.1 708
-88.9 697
-88.7 634
-88.5 649
-88.3 678
-88.1 648
-87.9 660
-87.7 653
-87.5 689
-87.3 669
-87.1 668
-86.9 651
-86.7 680
-86.5 677
-86.3 668
-86.1 661
-85.9 671
-85.7 624
-85.5 678
-85.3 683
-85.1 659
-84.9 688
-84.7 696
-84.5 644
-84.3 633
-84.1 653
-83.9 668
-83.7 662
-83.5 618
-83.3 675
-83.1 619
-82.9 720
-82.7 657
-82.5 655
-82.3 633
-82.1 651
-81.9 665
-81.7 682
-81.5 615
-81.3 698
-81.1 618
-80.9 624
-80.7 677
-80.5 629
-80.3 627
-80.1 704
-79.9 652
-79.7 650
-79.5 666
-79.3 652
-79.1 714
-78.9 661
-78.7 669
-78.5 689
-78.3 660
-78.1 664
-77.9 687
-77.7 634
-77.5 659
-77.3 694
-77.1 656
-76.9 609
-76.7 661
-76.5 680
-76.3 642
-76.1 700
-75.9 716
-75.7 682
-75.5 651
-75.3 673
-75.1 619
-74.9 714
-74.7 655
-74.5 669
-74.3 645
-74.1 656
-73.9 637
-73.7 646
-73.5 638
-73.3 722
-73.1 694
-72.9 632
-72.7 615
-72.5 664
-72.3 639
-72.1 645
-71.9 743
-71.7 689
-71.5 685
-71.3 683
-71.1 620
-70.9 697
-70.7 649
-70.5 674
-70.3 651
-70.1 667
-69.9 668
-69.7 689
-69.5 655
-69.3 629
-69.1 610
-68.9 696
-68.7 662
-68.5 670
-68.3 636
-68.1 672
-67.9 665
-67.7 696
-67.5 688
-67.3 652
-67.1 651
-66.9 707
-66.7 686
-66.5 674
-66.3 658
-66.1 659
-65.9 659
-65.7 646
-65.5 693
-65.3 644
-65.1 684
-64.9 702
-64.7 633
-64.5 653
-64.3 665
-64.1 655
-63.9 628
-63.7 675
-63.5 705
-63.3 685
-63.1 640
-62.9 660
-62.7 643
-62.5 656
-62.3 636
-62.1 663
-61.9 630
-61.7 664
-61.5 660
-61.3 657
-61.1 711
-60.9 601
-60.7 707
-60.5 697
-60.3 684
-60.1 632
-59.9 634
-59.7 649
-59.5 665
-59.3 657
-59.1 644
-58.9 712
-58.7 682
-58.5 692
-58.3 655
-58.1 688
-57.9 607
-57.7 654
-57.5 658
-57.3 661
-57.1 666
-56.9 657
-56.7 638
-56.5 668
-56.3 636
-56.1 600
-55.9 650
-55.7 681
-55.5 691
-55.3 647
-55.1 667
-54.9 681
-54.7 693
-54.5 723
-54.3 635
-54.1 683
-53.9 682
-53.7 679
-53.5 653
-53.3 649
-53.1 643
-52.9 630
-52.7 633
-52.5 654
-52.3 655
-52.1 665
-51.9 634
-51.7 642
-51.5 690
-51.3 609
-51.1 676
-50.9 679
-50.7 619
-50.5 663
-50.3 724
-50.1 682
-49.9 663
-49.7 675
-49.5 668
-49.3 612
-49.1 669
-48.9 629
-48.7 663
-48.5 699
-48.3 659
-48.1 667
-47.9 678
-47.7 681
-47.5 646
-47.3 661
-47.1 714
-46.9 655
-46.7 670
-46.5 715
-46.3 614
-46.1 640
-45.9 654
-45.7 690
-45.5 707
-45.3 666
-45.1 692
-44.9 699
-44.7 613
-44.5 648
-44.3 681
-44.1 634
-43.9 655
-43.7 687
-43.5 675
-43.3 667
-43.1 637
-42.9 631
-42.7 651
-42.5 645
-42.3 675
-42.1 690
-41.9 670
-41.7 638
-41.5 647
-41.3 630
-41.1 618
-40.9 660
-40.7 695
-40.5 642
-40.3 651
-40.1 608
-39.9 663
-39.7 664
-39.5 667
-39.3 707
-39.1 677
-38.9 690
-38.7 691
-38.5 654
-38.3 666
-38.1 653
-37.9 639
-37.7 627
-37.5 654
-37.3 585
-37.1 656
-36.9 660
-36.7 663
-36.5 612
-36.3 674
-36.1 661
-35.9 692
-35.7 636
-35.5 589
-35.3 655
-35.1 660
-34.9 646
-34.7 615
-34.5 703
-34.3 698
-34.1 654
-33.9 634
-33.7 654
-33.5 679
-33.3 689
-33.1 643
-32.9 659
-32.7 626
-32.5 696
-32.3 646
-32.1 685
-31.9 644
-31.7 658
-31.5 660
-31.3 624
-31.1 635
-30.9 649
-30.7 633
-30.5 693
-30.3 683
-30.1 663
-29.9 655
-29.7 682
-29.5 654
-29.3 624
-29.1 675
-28.9 647
-28.7 750
-28.5 649
-28.3 625
-28.1 623
-27.9 639
-27.7 649
-27.5 649
-27.3 637
-27.1 646
-26.9 663
-26.7 636
-26.5 654
-26.3 655
-26.1 675
-25.9 661
-25.7 654
-25.5 625
-25.3 666
-25.1 660
-24.9 684
-24.7 633
-24.5 631
-24.3 648
-24.1 664
-23.9 656
-23.7 625
-23.5 625
-23.3 618
-23.1 642
-22.9 680
-22.7 643
-22.5 680
-22.3 657
-22.1 655
-21.9 656
-21.7 652
-21.5 712
-21.3 675
-21.1 692
-20.9 657
-20.7 620
-20.5 665
-20.3 637
-20.1 677
-19.9 629
-19.7 635
-19.5 649
-19.3 654
-19.1 679
-18.9 644
-18.7 654
-18.5 706
-18.3 631
-18.1 628
-17.9 641
-17.7 652
-17.5 675
-17.3 668
-17.1 622
-16.9 616
-16.7 659
-16.5 660
-16.3 667
-16.1 707
-15.9 678
-15.7 666
-15.5 664
-15.3 618
-15.1 640
-14.9 656
-14.7 682
-14.5 662
-14.3 611
-14.1 671
-13.9 654
-13.7 644
-13.5 701
-13.3 648
-13.1 657
-12.9 627
-12.7 631
-12.5 650
-12.3 619
-12.1 619
-11.9 675
-11.7 682
-11.5 652
-11.3 708
-11.1 668
-10.9 639
-10.7 637
-10.5 702
-10.3 669
-10.1 648
-9.9 687
-9.7 702
-9.5 640
-9.3 651
-9.1 633
-8.9 663
-8.7 677
-8.5 653
-8.3 686
-8.1 633
-7.9 675
-7.7 665
-7.5 654
-7.3 665
-7.1 614
-6.9 636
-6.7 683
-6.5 660
-6.3 585
-6.1 656
-5.9 601
-5.7 641
-5.5 655
-5.3 686
-5.1 643
-4.9 655
-4.7 644
-4.5 639
-4.3 602
-4.1 656
-3.9 657
-3.7 697
-3.5 608
-3.3 672
-3.1 683
-2.9 660
-2.7 631
-2.5 660
-2.3 670
-2.1 667
-1.9 606
-1.7 634
-1.5 640
-1.3 649
-1.1 639
-0.9 665
-0.7 643
-0.5 617
-0.3 650
-0.1 671
0.1 617
0.3 661
0.5 651
0.7 620
0.9 651
1.1 697
1.3 661
1.5 665
1.7 659
1.9 633
2.1 641
2.3 593
2.5 632
2.7 688
2.9 656
3.1 654
3.3 653
3.5 670
3.7 672
3.9 645
4.1 648
4.3 646
4.5 647
4.7 669
4.9 640
5.1 691
5.3 603
5.5 651
5.7 667
5.9 637
6.1 637
6.3 708
6.5 665
6.7 675
6.9 664
7.1 698
7.3 633
7.5 610
7.7 622
7.9 608
8.1 601
8.3 645
8.5 617
8.7 628
8.9 637
9.1 635
9.3 639
9.5 636
9.7 580
9.9 665
10.1 628
10.3 589
10.5 562
10.7 606
10.9 630
11.1 611
11.3 581
11.5 561
11.7 607
11.9 548
12.1 597
12.3 613
12.5 580
12.7 570
12.9 543
13.1 563
13.3 566
13.5 552
13.7 527
13.9 545
14.1 509
14.3 559
14.5 565
14.7 525
14.9 490
15.1 470
15.3 491
15.5 510
15.7 506
15.9 453
16.1 451
16.3 487
16.5 471
16.7 404
16.9 469
17.1 467
17.3 431
17.5 427
17.7 439
17.9 387
18.1 416
18.3 395
18.5 393
18.7 350
18.9 370
19.1 327
19.3 351
19.5 338
19.7 348
19.9 304
20.1 320
20.3 316
20.5 299
20.7 346
20.9 298
21.1 280
21.3 289
21.5 280
21.7 270
21.9 274
22.1 235
22.3 263
22.5 268
22.7 207
22.9 260
23.1 226
23.3 213
23.5 204
23.7 196
23.9 194
24.1 182
24.3 178
24.5 174
24.7 182
24.9 178
25.1 161
25.3 157
25.5 164
25.7 160
25.9 170
26.1 136
26.3 137
26.5 153
26.7 121
26.9 98
27.1 99
27.3 110
27.5 105
27.7 91
27.9 107
28.1 116
28.3 96
28.5 83
28.7 86
28.9 89
29.1 70
29.3 72
29.5 89
29.7 75
29.9 69
30.1 76
30.3 57
30.5 49
30.7 57
30.9 48
31.1 52
31.3 42
31.5 45
31.7 36
31.9 35
32.1 36
32.3 39
32.5 39
32.7 25
32.9 25
33.1 20
33.3 15
33.5 31
33.7 23
33.9 25
34.1 20
34.3 20
34.5 13
34.7 16
34.9 10
