-209.9 0
-209.7 0
-209.5 0
-209.3 1
-209.1 1
-208.9 0
-208.7 1
-208.5 0
-208.3 0
-208.1 0
-207.9 0
-207.7 0
-207.5 0
-207.3 1
-207.1 0
-206.9 0
-206.7 0
-206.5 0
-206.3 0
-206.1 2
-205.9 0
-205.7 0
-205.5 0
-205.3 0
-205.1 0
-204.9 1
-204.7 1
-204.5 0
-204.3 0
-204.1 1
-203.9 2
-203.7 1
-203.5 0
-203.3 0
-203.1 1
-202.9 0
-202.7 1
-202.5 0
-202.3 0
-202.1 1
-201.9 1
-201.7 0
-201.5 1
-201.3 1
-201.1 0
-200.9 1
-200.7 0
-200.5 1
-200.3 0
-200.1 1
-199.9 4
-199.7 0
-199.5 4
-199.3 7
-199.1 17
-198.9 22
-198.7 32
-198.5 43
-198.3 51
-198.1 89
-197.9 77
-197.7 134
-197.5 181
-197.3 225
-197.1 300
-196.9 289
-196.7 430
-196.5 510
-196.3 551
-196.1 594
-195.9 726
-195.7 795
-195.5 870
-195.3 894
-195.1 960
-194.9 1078
-194.7 1135
-194.5 1157
-194.3 1225
-194.1 1249
-193.9 1237
-193.7 1236
-193.5 1183
-193.3 1332
-193.1 1252
-192.9 1304
-192.7 1269
-192.5 1261
-192.3 1207
-192.1 1258
-191.9 1297
-191.7 1284
-191.5 1271
-191.3 1148
-191.1 1269
-190.9 1256
-190.7 1259
-190.5 1249
-190.3 1165
-190.1 1188
-189.9 1203
-189.7 1191
-189.5 1153
-189.3 1160
-189.1 1132
-188.9 1151
-188.7 1150
-188.5 1079
-188.3 1067
-188.1 1111
-187.9 1113
-187.7 1125
-187.5 1108
-187.3 1161
-187.1 1184
-186.9 1138
-186.7 1099
-186.5 1162
-186.3 1100
-186.1 1091
-185.9 1124
-185.7 1116
-185.5 1094
-185.3 1013
-185.1 1093
-184.9 1021
-184.7 1051
-184.5 1029
-184.3 1022
-184.1 1050
-183.9 1003
-183.7 1021
-183.5 1041
-183.3 1024
-183.1 985
-182.9 1029
-182.7 963
-182.5 1004
-182.3 956
-182.1 932
-181.9 918
-181.7 974
-181.5 936
-181.3 902
-181.1 888
-180.9 924
-180.7 878
-180.5 917
-180.3 872
-180.1 882
-179.9 814
-179.7 868
-179.5 837
-179.3 882
-179.1 836
-178.9 839
-178.7 868
-178.5 876
-178.3 847
-178.1 776
-177.9 788
-177.7 804
-177.5 817
-177.3 793
-177.1 811
-176.9 823
-176.7 803
-176.5 838
-176.3 764
-176.1 780
-175.9 777
-175.7 844
-175.5 750
-175.3 793
-175.1 726
-174.9 748
-174.7 809
-174.5 708
-174.3 718
-174.1 758
-173.9 788
-173.7 725
-173.5 693
-173.3 733
-173.1 759
-172.9 714
-172.7 762
-172.5 763
-172.3 719
-172.1 770
-171.9 704
-171.7 731
-171.5 706
-171.3 696
-171.1 754
-170.9 742
-170.7 755
-170.5 701
-170.3 713
-170.1 761
-169.9 736
-169.7 729
-169.5 752
-169.3 696
-169.1 743
-168.9 739
-168.7 659
-168.5 702
-168.3 736
-168.1 748
-167.9 757
-167.7 674
-167.5 714
-167.3 732
-167.1 669
-166.9 733
-166.7 692
-166.5 678
-166.3 713
-166.1 704
-165.9 738
-165.7 668
-165.5 740
-165.3 696
-165.1 755
-164.9 725
-164.7 679
-164.5 718
-164.3 722
-164.1 711
-163.9 677
-163.7 707
-163.5 740
-163.3 693
-163.1 653
-162.9 710
-162.7 765
-162.5 680
-162.3 690
-162.1 686
-161.9 676
-161.7 729
-161.5 684
-161.3 672
-161.1 713
-160.9 707
-160.7 734
-160.5 712
-160.3 690
-160.1 699
-159.9 661
-159.7 687
-159.5 688
-159.3 689
-159.1 720
-158.9 726
-158.7 666
-158.5 661
-158.3 666
-158.1 708
-157.9 666
-157.7 662
-157.5 709
-157.3 692
-157.1 619
-156.9 762
-156.7 678
-156.5 713
-156.3 682
-156.1 709
-155.9 664
-155.7 736
-155.5 718
-155.3 638
-155.1 716
-154.9 685
-154.7 696
-154.5 708
-154.3 677
-154.1 650
-153.9 637
-153.7 673
-153.5 690
-153.3 698
-153.1 690
-152.9 643
-152.7 631
-152.5 693
-152.3 637
-152.1 670
-151.9 682
-151.7 652
-151.5 692
-151.3 679
-151.1 686
-150.9 653
-150.7 672
-150.5 629
-150.3 695
-150.1 732
-149.9 703
-149.7 696
-149.5 694
-149.3 648
-149.1 673
-148.9 632
-148.7 715
-148.5 659
-148.3 629
-148.1 681
-147.9 616
-147.7 677
-147.5 702
-147.3 655
-147.1 679
-146.9 644
-146.7 648
-146.5 728
-146.3 681
-146.1 617
-145.9 688
-145.7 687
-145.5 638
-145.3 644
-145.1 702
-144.9 681
-144.7 659
-144.5 645
-144.3 655
-144.1 650
-143.9 674
-143.7 660
-143.5 666
-143.3 651
-143.1 628
-142.9 630
-142.7 658
-142.5 648
-142.3 643
-142.1 694
-141.9 648
-141.7 645
-141.5 588
-141.3 682
-141.1 684
-140.9 684
-140.7 705
-140.5 664
-140.3 655
-140.1 633
-139.9 606
-139.7 647
-139.5 723
-139.3 655
-139.1 707
-138.9 640
-138.7 641
-138.5 685
-138.3 672
-138.1 687
-137.9 651
-137.7 673
-137.5 665
-137.3 661
-137.1 689
-136.9 649
-136.7 713
-136.5 709
-136.3 642
-136.1 655
-135.9 715
-135.7 677
-135.5 723
-135.3 718
-135.1 702
-134.9 717
-134.7 690
-134.5 693
-134.3 708
-134.1 710
-133.9 706
-133.7 691
-133.5 682
-133.3 708
-133.1 708
-132.9 682
-132.7 692
-132.5 686
-132.3 644
-132.1 677
-131.9 711
-131.7 668
-131.5 673
-131.3 730
-131.1 700
-130.9 655
-130.7 706
-130.5 709
-130.3 657
-130.1 717
-129.9 718
-129.7 685
-129.5 665
-129.3 648
-129.1 681
-128.9 697
-128.7 718
-128.5 716
-128.3 660
-128.1 697
-127.9 687
-127.7 727
-127.5 698
-127.3 715
-127.1 704
-126.9 667
-126.7 641
-126.5 731
-126.3 685
-126.1 693
-125.9 646
-125.7 687
-125.5 730
-125.3 682
-125.1 677
-124.9 651
-124.7 704
-124.5 668
-124.3 690
-124.1 734
-123.9 742
-123.7 650
-123.5 649
-123.3 689
-123.1 671
-122.9 671
-122.7 677
-122.5 680
-122.3 643
-122.1 641
-121.9 657
-121.7 686
-121.5 676
-121.3 692
-121.1 668
-120.9 666
-120.7 663
-120.5 672
-120.3 687
-120.1 674
-119.9 680
-119.7 586
-119.5 674
-119.3 652
-119.1 638
-118.9 639
-118.7 692
-118.5 705
-118.3 725
-118.1 661
-117.9 659
-117.7 688
-117.5 717
-117.3 647
-117.1 676
-116.9 670
-116.7 656
-116.5 630
-116.3 655
-116.1 645
-115.9 677
-115.7 688
-115.5 692
-115.3 679
-115.1 686
-114.9 661
-114.7 686
-114.5 635
-114.3 620
-114.1 678
-113.9 656
-113.7 717
-113.5 648
-113.3 681
-113.1 645
-112.9 676
-112.7 699
-112.5 652
-112.3 677
-112.1 703
-111.9 646
-111.7 672
-111.5 683
-111.3 650
-111.1 665
-110.9 672
-110.7 675
-110.5 678
-110.3 625
-110.1 660
-109.9 630
-109.7 683
-109.5 676
-109.3 666
-109.1 626
-108.9 666
-108.7 682
-108.5 703
-108.3 660
-108.1 625
-107.9 653
-107.7 685
-107.5 666
-107.3 646
-107.1 619
-106.9 699
-106.7 713
-106.5 666
-106.3 661
-106.1 646
-105.9 643
-105.7 745
-105.5 664
-105.3 669
-105.1 608
-104.9 627
-104.7 650
-104.5 658
-104.3 684
-104.1 649
-103.9 612
-103.7 618
-103.5 648
-103.3 669
-103.1 706
-102.9 687
-102.7 692
-102.5 612
-102.3 666
-102.1 679
-101.9 711
-101.7 711
-101.5 664
-101.3 692
-101.1 687
-100.9 679
-100.7 667
-100.5 685
-100.3 693
-100.1 661
-99.9 712
-99.7 672
-99.5 656
-99.3 611
-99.1 728
-98.9 654
-98.7 662
-98.5 679
-98.3 653
-98.1 673
-97.9 696
-97.7 670
-97.5 687
-97.3 667
-97.1 657
-96.9 637
-96.7 688
-96.5 642
-96.3 678
-96.1 700
-95.9 633
-95.7 642
-95.5 677
-95.3 670
-95.1 688
-94.9 624
-94.7 650
-94.5 688
-94.3 632
-94.1 644
-93.9 690
-93.7 677
-93.5 636
-93.3 625
-93.1 686
-92.9 676
-92.7 671
-92.5 663
-92.3 636
-92.1 707
-91.9 665
-91.7 621
-91.5 640
-91.3 654
-91.1 694
-90.9 668
-90.7 665
-90.5 665
-90.3 666
-90.1 648
-89.9 658
-89.7 658
-89.5 647
-89.3 669
-89.1 675
-88.9 684
-88.7 677
-88.5 646
-88.3 729
-88.1 649
-87.9 664
-87.7 728
-87.5 629
-87.3 678
-87.1 670
-86.9 655
-86.7 630
-86.5 667
-86.3 673
-86.1 709
-85.9 630
-85.7 670
-85.5 671
-85.3 639
-85.1 684
-84.9 695
-84.7 641
-84.5 668
-84.3 641
-84.1 638
-83.9 711
-83.7 659
-83.5 686
-83.3 652
-83.1 638
-82.9 689
-82.7 733
-82.5 664
-82.3 670
-82.1 657
-81.9 679
-81.7 654
-81.5 626
-81.3 686
-81.1 694
-80.9 623
-80.7 696
-80.5 702
-80.3 699
-80.1 679
-79.9 678
-79.7 688
-79.5 652
-79.3 681
-79.1 681
-78.9 655
-78.7 634
-78.5 664
-78.3 706
-78.1 710
-77.9 652
-77.7 666
-77.5 694
-77.3 625
-77.1 689
-76.9 699
-76.7 659
-76.5 620
-76.3 653
-76.1 682
-75.9 717
-75.7 688
-75.5 675
-75.3 666
-75.1 694
-74.9 685
-74.7 659
-74.5 668
-74.3 651
-74.1 685
-73.9 657
-73.7 671
-73.5 679
-73.3 693
-73.1 673
-72.9 659
-72.7 720
-72.5 622
-72.3 672
-72.1 668
-71.9 640
-71.7 619
-71.5 661
-71.3 689
-71.1 684
-70.9 615
-70.7 647
-70.5 632
-70.3 657
-70.1 687
-69.9 676
-69.7 644
-69.5 629
-69.3 640
-69.1 708
-68.9 699
-68.7 641
-68.5 721
-68.3 650
-68.1 673
-67.9 651
-67.7 627
-67.5 692
-67.3 673
-67.1 704
-66.9 631
-66.7 684
-66.5 690
-66.3 680
-66.1 608
-65.9 660
-65.7 676
-65.5 694
-65.3 677
-65.1 669
-64.9 694
-64.7 664
-64.5 660
-64.3 689
-64.1 641
-63.9 677
-63.7 722
-63.5 702
-63.3 625
-63.1 606
-62.9 644
-62.7 662
-62.5 696
-62.3 646
-62.1 659
-61.9 663
-61.7 691
-61.5 703
-61.3 660
-61.1 643
-60.9 694
-60.7 663
-60.5 638
-60.3 631
-60.1 701
-59.9 692
-59.7 674
-59.5 673
-59.3 671
-59.1 638
-58.9 703
-58.7 670
-58.5 672
-58.3 741
-58.1 662
-57.9 660
-57.7 702
-57.5 696
-57.3 643
-57.1 670
-56.9 682
-56.7 628
-56.5 618
-56.3 699
-56.1 686
-55.9 668
-55.7 700
-55.5 695
-55.3 710
-55.1 672
-54.9 680
-54.7 667
-54.5 692
-54.3 686
-54.1 670
-53.9 645
-53.7 690
-53.5 674
-53.3 674
-53.1 686
-52.9 644
-52.7 676
-52.5 667
-52.3 691
-52.1 645
-51.9 649
-51.7 635
-51.5 668
-51.3 647
-51.1 638
-50.9 653
-50.7 676
-50.5 671
-50.3 686
-50.1 690
-49.9 602
-49.7 644
-49.5 645
-49.3 633
-49.1 635
-48.9 689
-48.7 669
-48.5 696
-48.3 668
-48.1 706
-47.9 653
-47.7 663
-47.5 635
-47.3 626
-47.1 623
-46.9 647
-46.7 702
-46.5 638
-46.3 739
-46.1 589
-45.9 639
-45.7 679
-45.5 650
-45.3 692
-45.1 649
-44.9 663
-44.7 686
-44.5 646
-44.3 666
-44.1 695
-43.9 652
-43.7 661
-43.5 674
-43.3 641
-43.1 634
-42.9 644
-42.7 660
-42.5 657
-42.3 664
-42.1 660
-41.9 651
-41.7 677
-41.5 678
-41.3 712
-41.1 649
-40.9 655
-40.7 663
-40.5 653
-40.3 675
-40.1 690
-39.9 660
-39.7 690
-39.5 643
-39.3 635
-39.1 623
-38.9 635
-38.7 615
-38.5 615
-38.3 680
-38.1 674
-37.9 682
-37.7 663
-37.5 666
-37.3 610
-37.1 683
-36.9 668
-36.7 663
-36.5 668
-36.3 622
-36.1 666
-35.9 665
-35.7 661
-35.5 661
-35.3 638
-35.1 638
-34.9 644
-34.7 673
-34.5 617
-34.3 624
-34.1 694
-33.9 637
-33.7 680
-33.5 610
-33.3 709
-33.1 648
-32.9 663
-32.7 659
-32.5 698
-32.3 654
-32.1 642
-31.9 651
-31.7 662
-31.5 688
-31.3 684
-31.1 606
-30.9 644
-30.7 721
-30.5 651
-30.3 648
-30.1 660
-29.9 653
-29.7 630
-29.5 669
-29.3 684
-29.1 689
-28.9 665
-28.7 655
-28.5 654
-28.3 623
-28.1 636
-27.9 659
-27.7 657
-27.5 661
-27.3 700
-27.1 688
-26.9 714
-26.7 634
-26.5 660
-26.3 617
-26.1 666
-25.9 646
-25.7 698
-25.5 633
-25.3 691
-25.1 648
-24.9 630
-24.7 645
-24.5 630
-24.3 662
-24.1 663
-23.9 711
-23.7 702
-23.5 673
-23.3 691
-23.1 658
-22.9 655
-22.7 678
-22.5 602
-22.3 662
-22.1 671
-21.9 636
-21.7 713
-21.5 646
-21.3 664
-21.1 666
-20.9 654
-20.7 672
-20.5 660
-20.3 591
-20.1 604
-19.9 647
-19.7 655
-19.5 673
-19.3 701
-19.1 640
-18.9 665
-18.7 684
-18.5 653
-18.3 658
-18.1 711
-17.9 676
-17.7 649
-17.5 591
-17.3 674
-17.1 660
-16.9 657
-16.7 649
-16.5 703
-16.3 629
-16.1 676
-15.9 603
-15.7 668
-15.5 664
-15.3 674
-15.1 656
-14.9 683
-14.7 653
-14.5 627
-14.3 649
-14.1 665
-13.9 687
-13.7 650
-13.5 676
-13.3 702
-13.1 655
-12.9 659
-12.7 646
-12.5 643
-12.3 657
-12.1 667
-11.9 650
-11.7 644
-11.5 675
-11.3 669
-11.1 680
-10.9 692
-10.7 662
-10.5 632
-10.3 655
-10.1 696
-9.9 674
-9.7 653
-9.5 670
-9.3 675
-9.1 663
-8.9 652
-8.7 658
-8.5 662
-8.3 616
-8.1 708
-7.9 720
-7.7 630
-7.5 661
-7.3 684
-7.1 640
-6.9 650
-6.7 659
-6.5 675
-6.3 618
-6.1 687
-5.9 654
-5.7 664
-5.5 684
-5.3 639
-5.1 610
-4.9 680
-4.7 662
-4.5 649
-4.3 640
-4.1 647
-3.9 670
-3.7 676
-3.5 668
-3.3 616
-3.1 638
-2.9 646
-2.7 682
-2.5 679
-2.3 635
-2.1 692
-1.9 659
-1.7 670
-1.5 685
-1.3 672
-1.1 672
-0.9 694
-0.7 646
-0.5 634
-0.3 590
-0.1 683
0.1 661
0.3 670
0.5 641
0.7 671
0.9 660
1.1 664
1.3 727
1.5 642
1.7 618
1.9 673
2.1 635
2.3 646
2.5 648
2.7 706
2.9 618
3.1 649
3.3 653
3.5 639
3.7 664
3.9 669
4.1 631
4.3 666
4.5 712
4.7 605
4.9 652
5.1 615
5.3 704
5.5 650
5.7 654
5.9 655
6.1 657
6.3 659
6.5 669
6.7 674
6.9 661
7.1 645
7.3 675
7.5 663
7.7 690
7.9 668
8.1 644
8.3 616
8.5 635
8.7 606
8.9 635
9.1 654
9.3 604
9.5 662
9.7 639
9.9 629
10.1 608
10.3 645
10.5 635
10.7 605
10.9 619
11.1 616
11.3 596
11.5 572
11.7 565
11.9 632
12.1 570
12.3 566
12.5 548
12.7 631
12.9 565
13.1 531
13.3 573
13.5 521
13.7 527
13.9 515
14.1 538
14.3 534
14.5 509
14.7 541
14.9 474
15.1 494
15.3 509
15.5 493
15.7 502
15.9 495
16.1 503
16.3 447
16.5 444
16.7 458
16.9 397
17.1 408
17.3 432
17.5 424
17.7 428
17.9 418
18.1 394
18.3 401
18.5 423
18.7 421
18.9 374
19.1 354
19.3 358
19.5 356
19.7 350
19.9 330
20.1 332
20.3 337
20.5 315
20.7 307
20.9 295
21.1 302
21.3 298
21.5 272
21.7 265
21.9 279
22.1 277
22.3 239
22.5 239
22.7 251
22.9 237
23.1 215
23.3 205
23.5 226
23.7 220
23.9 236
24.1 186
24.3 209
24.5 182
24.7 186
24.9 164
25.1 187
25.3 184
25.5 172
25.7 164
25.9 143
26.1 136
26.3 129
26.5 124
26.7 134
26.9 125
27.1 92
27.3 102
27.5 110
27.7 94
27.9 108
28.1 87
28.3 90
28.5 89
28.7 104
28.9 92
29.1 77
29.3 80
29.5 83
29.7 70
29.9 64
30.1 67
30.3 51
30.5 64
30.7 62
30.9 50
31.1 54
31.3 41
31.5 50
31.7 47
31.9 39
32.1 27
32.3 43
32.5 36
32.7 31
32.9 27
33.1 29
33.3 20
33.5 21
33.7 28
33.9 28
34.1 32
34.3 18
34.5 17
34.7 26
34.9 17
