-1599.9 0
-1599.7 1
-1599.5 2
-1599.3 1
-1599.1 2
-1598.9 0
-1598.7 0
-1598.5 1
-1598.3 0
-1598.1 1
-1597.9 2
-1597.7 4
-1597.5 1
-1597.3 0
-1597.1 1
-1596.9 1
-1596.7 3
-1596.5 2
-1596.3 2
-1596.1 4
-1595.9 0
-1595.7 0
-1595.5 4
-1595.3 1
-1595.1 0
-1594.9 1
-1594.7 2
-1594.5 0
-1594.3 1
-1594.1 1
-1593.9 3
-1593.7 0
-1593.5 3
-1593.3 0
-1593.1 2
-1592.9 0
-1592.7 3
-1592.5 1
-1592.3 0
-1592.1 1
-1591.9 4
-1591.7 3
-1591.5 1
-1591.3 1
-1591.1 0
-1590.9 2
-1590.7 0
-1590.5 0
-1590.3 1
-1590.1 0
-1589.9 1
-1589.7 1
-1589.5 2
-1589.3 1
-1589.1 0
-1588.9 3
-1588.7 0
-1588.5 0
-1588.3 0
-1588.1 0
-1587.9 1
-1587.7 0
-1587.5 0
-1587.3 0
-1587.1 3
-1586.9 2
-1586.7 1
-1586.5 0
-1586.3 0
-1586.1 0
-1585.9 1
-1585.7 1
-1585.5 3
-1585.3 1
-1585.1 1
-1584.9 1
-1584.7 2
-1584.5 0
-1584.3 0
-1584.1 1
-1583.9 0
-1583.7 1
-1583.5 1
-1583.3 1
-1583.1 2
-1582.9 2
-1582.7 2
-1582.5 2
-1582.3 3
-1582.1 4
-1581.9 2
-1581.7 6
-1581.5 4
-1581.3 2
-1581.1 9
-1580.9 4
-1580.7 11
-1580.5 7
-1580.3 11
-1580.1 18
-1579.9 23
-1579.7 19
-1579.5 28
-1579.3 25
-1579.1 30
-1578.9 34
-1578.7 34
-1578.5 34
-1578.3 39
-1578.1 60
-1577.9 50
-1577.7 37
-1577.5 47
-1577.3 53
-1577.1 48
-1576.9 61
-1576.7 73
-1576.5 65
-1576.3 80
-1576.1 93
-1575.9 85
-1575.7 103
-1575.5 112
-1575.3 116
-1575.1 108
-1574.9 102
-1574.7 126
-1574.5 123
-1574.3 144
-1574.1 137
-1573.9 125
-1573.7 152
-1573.5 155
-1573.3 162
-1573.1 189
-1572.9 207
-1572.7 204
-1572.5 203
-1572.3 220
-1572.1 206
-1571.9 265
-1571.7 231
-1571.5 278
-1571.3 280
-1571.1 266
-1570.9 303
-1570.7 280
-1570.5 332
-1570.3 376
-1570.1 310
-1569.9 355
-1569.7 336
-1569.5 390
-1569.3 369
-1569.1 408
-1568.9 411
-1568.7 387
-1568.5 393
-1568.3 436
-1568.1 373
-1567.9 462
-1567.7 476
-1567.5 448
-1567.3 425
-1567.1 449
-1566.9 470
-1566.7 476
-1566.5 442
-1566.3 484
-1566.1 458
-1565.9 486
-1565.7 461
-1565.5 462
-1565.3 509
-1565.1 466
-1564.9 493
-1564.7 490
-1564.5 472
-1564.3 473
-1564.1 488
-1563.9 469
-1563.7 512
-1563.5 492
-1563.3 499
-1563.1 517
-1562.9 503
-1562.7 498
-1562.5 497
-1562.3 500
-1562.1 468
-1561.9 502
-1561.7 499
-1561.5 481
-1561.3 499
-1561.1 478
-1560.9 445
-1560.7 452
-1560.5 512
-1560.3 460
-1560.1 400
-1559.9 468
-1559.7 454
-1559.5 465
-1559.3 406
-1559.1 424
-1558.9 394
-1558.7 465
-1558.5 438
-1558.3 442
-1558.1 414
-1557.9 429
-1557.7 416
-1557.5 425
-1557.3 461
-1557.1 456
-1556.9 432
-1556.7 407
-1556.5 406
-1556.3 398
-1556.1 393
-1555.9 422
-1555.7 406
-1555.5 384
-1555.3 437
-1555.1 377
-1554.9 391
-1554.7 394
-1554.5 378
-1554.3 392
-1554.1 383
-1553.9 394
-1553.7 398
-1553.5 367
-1553.3 418
-1553.1 375
-1552.9 382
-1552.7 362
-1552.5 363
-1552.3 381
-1552.1 377
-1551.9 384
-1551.7 368
-1551.5 365
-1551.3 383
-1551.1 358
-1550.9 343
-1550.7 372
-1550.5 391
-1550.3 380
-1550.1 363
-1549.9 368
-1549.7 359
-1549.5 362
-1549.3 359
-1549.1 355
-1548.9 371
-1548.7 344
-1548.5 368
-1548.3 354
-1548.1 353
-1547.9 360
-1547.7 376
-1547.5 358
-1547.3 356
-1547.1 362
-1546.9 362
-1546.7 329
-1546.5 359
-1546.3 348
-1546.1 334
-1545.9 355
-1545.7 343
-1545.5 356
-1545.3 328
-1545.1 338
-1544.9 334
-1544.7 331
-1544.5 367
-1544.3 353
-1544.1 361
-1543.9 356
-1543.7 334
-1543.5 331
-1543.3 340
-1543.1 371
-1542.9 373
-1542.7 346
-1542.5 332
-1542.3 325
-1542.1 328
-1541.9 325
-1541.7 350
-1541.5 330
-1541.3 333
-1541.1 304
-1540.9 347
-1540.7 344
-1540.5 355
-1540.3 337
-1540.1 325
-1539.9 343
-1539.7 348
-1539.5 316
-1539.3 361
-1539.1 327
-1538.9 307
-1538.7 342
-1538.5 327
-1538.3 348
-1538.1 327
-1537.9 334
-1537.7 312
-1537.5 316
-1537.3 344
-1537.1 330
-1536.9 332
-1536.7 369
-1536.5 380
-1536.3 301
-1536.1 289
-1535.9 338
-1535.7 346
-1535.5 308
-1535.3 313
-1535.1 309
-1534.9 341
-1534.7 356
-1534.5 377
-1534.3 319
-1534.1 336
-1533.9 329
-1533.7 349
-1533.5 309
-1533.3 325
-1533.1 324
-1532.9 355
-1532.7 342
-1532.5 307
-1532.3 341
-1532.1 311
-1531.9 310
-1531.7 298
-1531.5 324
-1531.3 329
-1531.1 326
-1530.9 311
-1530.7 356
-1530.5 341
-1530.3 331
-1530.1 317
-1529.9 367
-1529.7 346
-1529.5 342
-1529.3 310
-1529.1 323
-1528.9 322
-1528.7 325
-1528.5 332
-1528.3 332
-1528.1 304
-1527.9 360
-1527.7 291
-1527.5 312
-1527.3 355
-1527.1 341
-1526.9 322
-1526.7 344
-1526.5 307
-1526.3 326
-1526.1 334
-1525.9 326
-1525.7 288
-1525.5 313
-1525.3 300
-1525.1 366
-1524.9 327
-1524.7 342
-1524.5 316
-1524.3 325
-1524.1 329
-1523.9 301
-1523.7 343
-1523.5 340
-1523.3 372
-1523.1 324
-1522.9 339
-1522.7 299
-1522.5 324
-1522.3 324
-1522.1 314
-1521.9 307
-1521.7 332
-1521.5 319
-1521.3 321
-1521.1 310
-1520.9 326
-1520.7 328
-1520.5 337
-1520.3 298
-1520.1 312
-1519.9 318
-1519.7 330
-1519.5 329
-1519.3 330
-1519.1 316
-1518.9 307
-1518.7 337
-1518.5 316
-1518.3 336
-1518.1 327
-1517.9 344
-1517.7 331
-1517.5 321
-1517.3 327
-1517.1 333
-1516.9 340
-1516.7 344
-1516.5 322
-1516.3 324
-1516.1 311
-1515.9 311
-1515.7 330
-1515.5 326
-1515.3 320
-1515.1 335
-1514.9 335
-1514.7 331
-1514.5 342
-1514.3 327
-1514.1 331
-1513.9 304
-1513.7 326
-1513.5 337
-1513.3 316
-1513.1 320
-1512.9 327
-1512.7 315
-1512.5 354
-1512.3 338
-1512.1 284
-1511.9 320
-1511.7 308
-1511.5 331
-1511.3 354
-1511.1 316
-1510.9 310
-1510.7 351
-1510.5 335
-1510.3 326
-1510.1 322
-1509.9 368
-1509.7 360
-1509.5 357
-1509.3 344
-1509.1 326
-1508.9 367
-1508.7 343
-1508.5 300
-1508.3 349
-1508.1 316
-1507.9 317
-1507.7 321
-1507.5 356
-1507.3 349
-1507.1 369
-1506.9 325
-1506.7 326
-1506.5 328
-1506.3 302
-1506.1 318
-1505.9 317
-1505.7 362
-1505.5 354
-1505.3 340
-1505.1 343
-1504.9 351
-1504.7 330
-1504.5 335
-1504.3 344
-1504.1 317
-1503.9 327
-1503.7 356
-1503.5 291
-1503.3 342
-1503.1 301
-1502.9 329
-1502.7 319
-1502.5 341
-1502.3 320
-1502.1 335
-1501.9 318
-1501.7 321
-1501.5 319
-1501.3 344
-1501.1 320
-1500.9 291
-1500.7 366
-1500.5 347
-1500.3 313
-1500.1 342
-1499.9 326
-1499.7 317
-1499.5 381
-1499.3 328
-1499.1 331
-1498.9 318
-1498.7 365
-1498.5 386
-1498.3 299
-1498.1 357
-1497.9 337
-1497.7 356
-1497.5 376
-1497.3 369
-1497.1 337
-1496.9 336
-1496.7 331
-1496.5 327
-1496.3 305
-1496.1 334
-1495.9 349
-1495.7 340
-1495.5 337
-1495.3 345
-1495.1 334
-1494.9 357
-1494.7 344
-1494.5 350
-1494.3 332
-1494.1 285
-1493.9 350
-1493.7 336
-1493.5 351
-1493.3 313
-1493.1 314
-1492.9 357
-1492.7 374
-1492.5 328
-1492.3 341
-1492.1 324
-1491.9 333
-1491.7 366
-1491.5 338
-1491.3 328
-1491.1 322
-1490.9 354
-1490.7 348
-1490.5 337
-1490.3 325
-1490.1 351
-1489.9 337
-1489.7 329
-1489.5 345
-1489.3 300
-1489.1 323
-1488.9 353
-1488.7 334
-1488.5 328
-1488.3 365
-1488.1 365
-1487.9 359
-1487.7 289
-1487.5 358
-1487.3 352
-1487.1 328
-1486.9 326
-1486.7 366
-1486.5 338
-1486.3 296
-1486.1 324
-1485.9 319
-1485.7 310
-1485.5 374
-1485.3 336
-1485.1 335
-1484.9 340
-1484.7 327
-1484.5 373
-1484.3 337
-1484.1 315
-1483.9 300
-1483.7 336
-1483.5 301
-1483.3 347
-1483.1 385
-1482.9 358
-1482.7 334
-1482.5 316
-1482.3 364
-1482.1 366
-1481.9 343
-1481.7 342
-1481.5 342
-1481.3 361
-1481.1 309
-1480.9 371
-1480.7 296
-1480.5 346
-1480.3 354
-1480.1 287
-1479.9 319
-1479.7 343
-1479.5 363
-1479.3 338
-1479.1 311
-1478.9 355
-1478.7 360
-1478.5 316
-1478.3 343
-1478.1 354
-1477.9 321
-1477.7 340
-1477.5 312
-1477.3 367
-1477.1 301
-1476.9 324
-1476.7 348
-1476.5 300
-1476.3 306
-1476.1 339
-1475.9 330
-1475.7 301
-1475.5 329
-1475.3 336
-1475.1 325
-1474.9 322
-1474.7 307
-1474.5 321
-1474.3 328
-1474.1 361
-1473.9 324
-1473.7 337
-1473.5 365
-1473.3 354
-1473.1 322
-1472.9 307
-1472.7 321
-1472.5 312
-1472.3 338
-1472.1 312
-1471.9 320
-1471.7 327
-1471.5 334
-1471.3 329
-1471.1 352
-1470.9 350
-1470.7 325
-1470.5 321
-1470.3 314
-1470.1 343
-1469.9 341
-1469.7 354
-1469.5 340
-1469.3 333
-1469.1 350
-1468.9 330
-1468.7 312
-1468.5 339
-1468.3 349
-1468.1 317
-1467.9 299
-1467.7 336
-1467.5 340
-1467.3 312
-1467.1 342
-1466.9 299
-1466.7 343
-1466.5 325
-1466.3 322
-1466.1 349
-1465.9 333
-1465.7 355
-1465.5 295
-1465.3 359
-1465.1 312
-1464.9 342
-1464.7 329
-1464.5 327
-1464.3 295
-1464.1 351
-1463.9 295
-1463.7 342
-1463.5 301
-1463.3 328
-1463.1 339
-1462.9 346
-1462.7 339
-1462.5 319
-1462.3 339
-1462.1 319
-1461.9 349
-1461.7 344
-1461.5 321
-1461.3 321
-1461.1 342
-1460.9 338
-1460.7 320
-1460.5 337
-1460.3 306
-1460.1 329
-1459.9 316
-1459.7 333
-1459.5 319
-1459.3 339
-1459.1 326
-1458.9 287
-1458.7 327
-1458.5 341
-1458.3 327
-1458.1 328
-1457.9 310
-1457.7 360
-1457.5 315
-1457.3 343
-1457.1 357
-1456.9 312
-1456.7 348
-1456.5 320
-1456.3 307
-1456.1 313
-1455.9 320
-1455.7 319
-1455.5 301
-1455.3 364
-1455.1 317
-1454.9 322
-1454.7 329
-1454.5 305
-1454.3 284
-1454.1 340
-1453.9 334
-1453.7 332
-1453.5 342
-1453.3 306
-1453.1 317
-1452.9 333
-1452.7 351
-1452.5 355
-1452.3 313
-1452.1 328
-1451.9 325
-1451.7 372
-1451.5 364
-1451.3 371
-1451.1 318
-1450.9 337
-1450.7 337
-1450.5 346
-1450.3 360
-1450.1 302
-1449.9 354
-1449.7 358
-1449.5 324
-1449.3 331
-1449.1 329
-1448.9 349
-1448.7 313
-1448.5 335
-1448.3 295
-1448.1 356
-1447.9 368
-1447.7 288
-1447.5 346
-1447.3 323
-1447.1 320
-1446.9 347
-1446.7 331
-1446.5 334
-1446.3 339
-1446.1 316
-1445.9 359
-1445.7 336
-1445.5 341
-1445.3 321
-1445.1 314
-1444.9 311
-1444.7 296
-1444.5 342
-1444.3 334
-1444.1 333
-1443.9 350
-1443.7 322
-1443.5 338
-1443.3 334
-1443.1 305
-1442.9 321
-1442.7 335
-1442.5 350
-1442.3 304
-1442.1 300
-1441.9 316
-1441.7 351
-1441.5 352
-1441.3 318
-1441.1 332
-1440.9 318
-1440.7 306
-1440.5 331
-1440.3 299
-1440.1 343
-1439.9 345
-1439.7 346
-1439.5 345
-1439.3 337
-1439.1 357
-1438.9 310
-1438.7 322
-1438.5 322
-1438.3 313
-1438.1 324
-1437.9 341
-1437.7 323
-1437.5 328
-1437.3 368
-1437.1 346
-1436.9 352
-1436.7 330
-1436.5 336
-1436.3 354
-1436.1 310
-1435.9 346
-1435.7 302
-1435.5 308
-1435.3 315
-1435.1 341
-1434.9 321
-1434.7 306
-1434.5 325
-1434.3 340
-1434.1 339
-1433.9 315
-1433.7 334
-1433.5 320
-1433.3 327
-1433.1 316
-1432.9 344
-1432.7 352
-1432.5 330
-1432.3 323
-1432.1 340
-1431.9 347
-1431.7 317
-1431.5 300
-1431.3 319
-1431.1 345
-1430.9 342
-1430.7 319
-1430.5 341
-1430.3 345
-1430.1 363
-1429.9 314
-1429.7 290
-1429.5 317
-1429.3 362
-1429.1 305
-1428.9 321
-1428.7 302
-1428.5 311
-1428.3 323
-1428.1 311
-1427.9 327
-1427.7 332
-1427.5 345
-1427.3 335
-1427.1 312
-1426.9 321
-1426.7 308
-1426.5 315
-1426.3 331
-1426.1 312
-1425.9 350
-1425.7 338
-1425.5 327
-1425.3 344
-1425.1 362
-1424.9 344
-1424.7 328
-1424.5 332
-1424.3 357
-1424.1 331
-1423.9 344
-1423.7 350
-1423.5 332
-1423.3 328
-1423.1 336
-1422.9 347
-1422.7 299
-1422.5 331
-1422.3 312
-1422.1 349
-1421.9 328
-1421.7 373
-1421.5 360
-1421.3 311
-1421.1 339
-1420.9 349
-1420.7 344
-1420.5 335
-1420.3 312
-1420.1 277
-1419.9 308
-1419.7 303
-1419.5 355
-1419.3 345
-1419.1 331
-1418.9 345
-1418.7 340
-1418.5 310
-1418.3 316
-1418.1 326
-1417.9 288
-1417.7 319
-1417.5 316
-1417.3 295
-1417.1 312
-1416.9 358
-1416.7 309
-1416.5 310
-1416.3 328
-1416.1 323
-1415.9 326
-1415.7 348
-1415.5 325
-1415.3 319
-1415.1 341
-1414.9 332
-1414.7 301
-1414.5 286
-1414.3 355
-1414.1 338
-1413.9 304
-1413.7 336
-1413.5 356
-1413.3 327
-1413.1 344
-1412.9 325
-1412.7 356
-1412.5 321
-1412.3 309
-1412.1 342
-1411.9 307
-1411.7 319
-1411.5 342
-1411.3 319
-1411.1 314
-1410.9 347
-1410.7 347
-1410.5 338
-1410.3 361
-1410.1 349
-1409.9 352
-1409.7 346
-1409.5 311
-1409.3 339
-1409.1 305
-1408.9 324
-1408.7 361
-1408.5 339
-1408.3 335
-1408.1 365
-1407.9 319
-1407.7 361
-1407.5 332
-1407.3 309
-1407.1 350
-1406.9 333
-1406.7 319
-1406.5 373
-1406.3 309
-1406.1 324
-1405.9 305
-1405.7 312
-1405.5 349
-1405.3 333
-1405.1 326
-1404.9 283
-1404.7 317
-1404.5 333
-1404.3 291
-1404.1 360
-1403.9 300
-1403.7 318
-1403.5 309
-1403.3 322
-1403.1 340
-1402.9 323
-1402.7 321
-1402.5 354
-1402.3 328
-1402.1 339
-1401.9 307
-1401.7 330
-1401.5 339
-1401.3 348
-1401.1 318
-1400.9 306
-1400.7 335
-1400.5 299
-1400.3 329
-1400.1 352
-1399.9 297
-1399.7 328
-1399.5 313
-1399.3 307
-1399.1 300
-1398.9 334
-1398.7 326
-1398.5 312
-1398.3 360
-1398.1 323
-1397.9 361
-1397.7 344
-1397.5 324
-1397.3 348
-1397.1 326
-1396.9 307
-1396.7 311
-1396.5 314
-1396.3 324
-1396.1 324
-1395.9 304
-1395.7 339
-1395.5 314
-1395.3 294
-1395.1 332
-1394.9 363
-1394.7 336
-1394.5 324
-1394.3 320
-1394.1 294
-1393.9 334
-1393.7 331
-1393.5 339
-1393.3 337
-1393.1 334
-1392.9 314
-1392.7 331
-1392.5 344
-1392.3 347
-1392.1 319
-1391.9 330
-1391.7 299
-1391.5 327
-1391.3 321
-1391.1 330
-1390.9 370
-1390.7 342
-1390.5 299
-1390.3 331
-1390.1 319
-1389.9 343
-1389.7 313
-1389.5 296
-1389.3 357
-1389.1 329
-1388.9 328
-1388.7 346
-1388.5 322
-1388.3 340
-1388.1 373
-1387.9 308
-1387.7 304
-1387.5 367
-1387.3 333
-1387.1 326
-1386.9 295
-1386.7 325
-1386.5 295
-1386.3 325
-1386.1 344
-1385.9 331
-1385.7 328
-1385.5 320
-1385.3 323
-1385.1 298
-1384.9 342
-1384.7 342
-1384.5 323
-1384.3 324
-1384.1 315
-1383.9 325
-1383.7 311
-1383.5 319
-1383.3 357
-1383.1 323
-1382.9 358
-1382.7 342
-1382.5 320
-1382.3 306
-1382.1 301
-1381.9 342
-1381.7 324
-1381.5 305
-1381.3 318
-1381.1 337
-1380.9 313
-1380.7 301
-1380.5 336
-1380.3 313
-1380.1 298
-1379.9 321
-1379.7 336
-1379.5 362
-1379.3 331
-1379.1 326
-1378.9 335
-1378.7 331
-1378.5 305
-1378.3 344
-1378.1 317
-1377.9 315
-1377.7 336
-1377.5 327
-1377.3 331
-1377.1 333
-1376.9 334
-1376.7 339
-1376.5 355
-1376.3 342
-1376.1 321
-1375.9 337
-1375.7 322
-1375.5 339
-1375.3 313
-1375.1 300
-1374.9 332
-1374.7 327
-1374.5 295
-1374.3 300
-1374.1 312
-1373.9 313
-1373.7 290
-1373.5 335
-1373.3 290
-1373.1 305
-1372.9 340
-1372.7 320
-1372.5 326
-1372.3 310
-1372.1 317
-1371.9 325
-1371.7 314
-1371.5 328
-1371.3 349
-1371.1 328
-1370.9 328
-1370.7 318
-1370.5 331
-1370.3 310
-1370.1 344
-1369.9 324
-1369.7 312
-1369.5 310
-1369.3 309
-1369.1 311
-1368.9 282
-1368.7 317
-1368.5 280
-1368.3 252
-1368.1 318
-1367.9 269
-1367.7 302
-1367.5 300
-1367.3 314
-1367.1 272
-1366.9 266
-1366.7 281
-1366.5 267
-1366.3 276
-1366.1 252
-1365.9 232
-1365.7 255
-1365.5 267
-1365.3 270
-1365.1 269
-1364.9 244
-1364.7 228
-1364.5 242
-1364.3 247
-1364.1 230
-1363.9 257
-1363.7 232
-1363.5 214
-1363.3 228
-1363.1 235
-1362.9 243
-1362.7 246
-1362.5 246
-1362.3 222
-1362.1 201
-1361.9 215
-1361.7 206
-1361.5 237
-1361.3 205
-1361.1 201
-1360.9 183
-1360.7 213
-1360.5 215
-1360.3 179
-1360.1 222
-1359.9 180
-1359.7 190
-1359.5 183
-1359.3 178
-1359.1 200
-1358.9 170
-1358.7 172
-1358.5 190
-1358.3 158
-1358.1 173
-1357.9 158
-1357.7 147
-1357.5 172
-1357.3 142
-1357.1 121
-1356.9 130
-1356.7 148
-1356.5 114
-1356.3 139
-1356.1 174
-1355.9 131
-1355.7 109
-1355.5 131
-1355.3 129
-1355.1 129
-1354.9 109
-1354.7 128
-1354.5 123
-1354.3 94
-1354.1 111
-1353.9 114
-1353.7 106
-1353.5 115
-1353.3 107
-1353.1 97
-1352.9 106
-1352.7 102
-1352.5 115
-1352.3 105
-1352.1 98
-1351.9 89
-1351.7 95
-1351.5 121
-1351.3 93
-1351.1 77
-1350.9 87
-1350.7 86
-1350.5 92
-1350.3 86
-1350.1 81
-1349.9 70
-1349.7 79
-1349.5 78
-1349.3 75
-1349.1 72
-1348.9 72
-1348.7 58
-1348.5 80
-1348.3 71
-1348.1 67
-1347.9 59
-1347.7 68
-1347.5 61
-1347.3 80
-1347.1 59
-1346.9 65
-1346.7 67
-1346.5 57
-1346.3 65
-1346.1 62
-1345.9 63
-1345.7 52
-1345.5 62
-1345.3 63
-1345.1 56
-1344.9 34
-1344.7 46
-1344.5 59
-1344.3 44
-1344.1 49
-1343.9 52
-1343.7 45
-1343.5 51
-1343.3 35
-1343.1 54
-1342.9 39
-1342.7 45
-1342.5 45
-1342.3 44
-1342.1 52
-1341.9 45
-1341.7 25
-1341.5 30
-1341.3 30
-1341.1 27
-1340.9 33
-1340.7 40
-1340.5 19
-1340.3 31
-1340.1 28
-1339.9 24
-1339.7 31
-1339.5 29
-1339.3 20
-1339.1 30
-1338.9 22
-1338.7 27
-1338.5 17
-1338.3 22
-1338.1 25
-1337.9 19
-1337.7 16
-1337.5 22
-1337.3 21
-1337.1 39
-1336.9 22
-1336.7 24
-1336.5 18
-1336.3 23
-1336.1 16
-1335.9 23
-1335.7 12
-1335.5 17
-1335.3 22
-1335.1 23
-1334.9 16
-1334.7 20
-1334.5 21
-1334.3 13
-1334.1 20
-1333.9 25
-1333.7 16
-1333.5 16
-1333.3 14
-1333.1 11
-1332.9 11
-1332.7 13
-1332.5 9
-1332.3 19
-1332.1 10
-1331.9 18
-1331.7 5
-1331.5 14
-1331.3 11
-1331.1 13
-1330.9 12
-1330.7 9
-1330.5 15
-1330.3 8
-1330.1 11
-1329.9 15
-1329.7 12
-1329.5 9
-1329.3 11
-1329.1 15
-1328.9 5
-1328.7 11
-1328.5 10
-1328.3 8
-1328.1 13
-1327.9 6
-1327.7 5
-1327.5 8
-1327.3 12
-1327.1 7
-1326.9 10
-1326.7 5
-1326.5 3
-1326.3 7
-1326.1 7
-1325.9 9
-1325.7 8
-1325.5 12
-1325.3 6
-1325.1 5
-1324.9 10
-1324.7 10
-1324.5 7
-1324.3 7
-1324.1 8
-1323.9 10
-1323.7 3
-1323.5 7
-1323.3 9
-1323.1 5
-1322.9 10
-1322.7 9
-1322.5 8
-1322.3 4
-1322.1 5
-1321.9 9
-1321.7 6
-1321.5 8
-1321.3 9
-1321.1 6
-1320.9 7
-1320.7 8
-1320.5 4
-1320.3 8
-1320.1 13
-1319.9 5
-1319.7 5
-1319.5 2
-1319.3 4
-1319.1 7
-1318.9 7
-1318.7 9
-1318.5 11
-1318.3 4
-1318.1 9
-1317.9 8
-1317.7 5
-1317.5 5
-1317.3 5
-1317.1 7
-1316.9 6
-1316.7 8
-1316.5 3
-1316.3 7
-1316.1 5
-1315.9 6
-1315.7 5
-1315.5 11
-1315.3 5
-1315.1 6
-1314.9 5
-1314.7 5
-1314.5 6
-1314.3 4
-1314.1 11
-1313.9 10
-1313.7 8
-1313.5 10
-1313.3 8
-1313.1 5
-1312.9 7
-1312.7 6
-1312.5 1
-1312.3 9
-1312.1 4
-1311.9 9
-1311.7 9
-1311.5 5
-1311.3 7
-1311.1 8
-1310.9 9
-1310.7 6
-1310.5 6
-1310.3 10
-1310.1 8
-1309.9 9
-1309.7 3
-1309.5 9
-1309.3 8
-1309.1 9
-1308.9 8
-1308.7 10
-1308.5 6
-1308.3 10
-1308.1 9
-1307.9 11
-1307.7 6
-1307.5 9
-1307.3 7
-1307.1 8
-1306.9 6
-1306.7 1
-1306.5 11
-1306.3 4
-1306.1 11
-1305.9 7
-1305.7 4
-1305.5 7
-1305.3 9
-1305.1 10
-1304.9 10
-1304.7 8
-1304.5 7
-1304.3 9
-1304.1 6
-1303.9 11
-1303.7 9
-1303.5 11
-1303.3 6
-1303.1 8
-1302.9 13
-1302.7 8
-1302.5 12
-1302.3 8
-1302.1 8
-1301.9 6
-1301.7 11
-1301.5 8
-1301.3 8
-1301.1 6
-1300.9 5
-1300.7 10
-1300.5 8
-1300.3 8
-1300.1 10
