-209.9 0
-209.7 2
-209.5 2
-209.3 0
-209.1 1
-208.9 0
-208.7 1
-208.5 0
-208.3 1
-208.1 1
-207.9 0
-207.7 1
-207.5 2
-207.3 1
-207.1 2
-206.9 4
-206.7 1
-206.5 2
-206.3 5
-206.1 3
-205.9 0
-205.7 2
-205.5 1
-205.3 0
-205.1 1
-204.9 3
-204.7 1
-204.5 1
-204.3 2
-204.1 0
-203.9 2
-203.7 1
-203.5 4
-203.3 0
-203.1 2
-202.9 3
-202.7 3
-202.5 2
-202.3 4
-202.1 1
-201.9 5
-201.7 7
-201.5 7
-201.3 13
-201.1 17
-200.9 24
-200.7 40
-200.5 39
-200.3 57
-200.1 59
-199.9 94
-199.7 104
-199.5 131
-199.3 165
-199.1 237
-198.9 276
-198.7 397
-198.5 558
-198.3 663
-198.1 866
-197.9 1089
-197.7 1346
-197.5 1615
-197.3 2048
-197.1 2464
-196.9 2853
-196.7 3530
-196.5 4182
-196.3 4859
-196.1 5454
-195.9 6210
-195.7 6895
-195.5 7571
-195.3 8143
-195.1 8785
-194.9 9091
-194.7 9503
-194.5 9758
-194.3 10131
-194.1 10334
-193.9 10057
-193.7 10242
-193.5 10225
-193.3 10034
-193.1 9997
-192.9 9940
-192.7 9762
-192.5 9652
-192.3 9491
-192.1 9434
-191.9 9322
-191.7 9019
-191.5 9116
-191.3 8805
-191.1 8971
-190.9 8642
-190.7 8507
-190.5 8506
-190.3 8523
-190.1 8445
-189.9 8232
-189.7 8048
-189.5 7978
-189.3 8073
-189.1 8070
-188.9 7899
-188.7 7930
-188.5 7971
-188.3 7895
-188.1 7953
-187.9 7721
-187.7 7723
-187.5 7571
-187.3 7709
-187.1 7686
-186.9 7692
-186.7 7357
-186.5 7572
-186.3 7354
-186.1 7195
-185.9 7469
-185.7 7314
-185.5 7134
-185.3 7275
-185.1 7188
-184.9 7250
-184.7 7167
-184.5 7026
-184.3 7107
-184.1 7157
-183.9 6813
-183.7 6964
-183.5 6908
-183.3 6807
-183.1 6688
-182.9 6608
-182.7 6512
-182.5 6570
-182.3 6366
-182.1 6416
-181.9 6407
-181.7 6215
-181.5 6196
-181.3 6069
-181.1 6047
-180.9 5900
-180.7 5726
-180.5 5740
-180.3 5704
-180.1 5636
-179.9 5701
-179.7 5437
-179.5 5425
-179.3 5311
-179.1 5222
-178.9 5239
-178.7 5069
-178.5 5071
-178.3 5100
-178.1 5086
-177.9 4918
-177.7 4914
-177.5 4981
-177.3 4932
-177.1 4786
-176.9 4858
-176.7 4672
-176.5 4857
-176.3 4647
-176.1 4664
-175.9 4617
-175.7 4618
-175.5 4621
-175.3 4518
-175.1 4476
-174.9 4609
-174.7 4449
-174.5 4397
-174.3 4549
-174.1 4463
-173.9 4500
-173.7 4510
-173.5 4425
-173.3 4408
-173.1 4383
-172.9 4333
-172.7 4385
-172.5 4300
-172.3 4283
-172.1 4404
-171.9 4295
-171.7 4329
-171.5 4217
-171.3 4177
-171.1 4199
-170.9 4252
-170.7 4123
-170.5 4148
-170.3 4108
-170.1 4103
-169.9 4160
-169.7 4147
-169.5 4168
-169.3 4009
-169.1 4113
-168.9 4166
-168.7 3996
-168.5 4001
-168.3 4056
-168.1 4055
-167.9 4110
-167.7 4105
-167.5 4105
-167.3 4120
-167.1 4060
-166.9 4034
-166.7 4054
-166.5 4128
-166.3 3979
-166.1 4097
-165.9 4051
-165.7 3936
-165.5 4046
-165.3 4097
-165.1 4017
-164.9 4075
-164.7 3975
-164.5 3941
-164.3 3974
-164.1 3909
-163.9 4014
-163.7 3970
-163.5 3895
-163.3 3988
-163.1 4014
-162.9 4007
-162.7 4036
-162.5 4037
-162.3 3840
-162.1 4008
-161.9 3939
-161.7 3933
-161.5 4017
-161.3 3957
-161.1 3993
-160.9 4041
-160.7 3914
-160.5 3985
-160.3 3981
-160.1 3961
-159.9 3945
-159.7 3952
-159.5 3865
-159.3 3856
-159.1 3987
-158.9 3901
-158.7 3951
-158.5 3930
-158.3 3884
-158.1 3897
-157.9 3742
-157.7 3870
-157.5 3877
-157.3 3830
-157.1 3845
-156.9 3880
-156.7 3701
-156.5 3719
-156.3 3806
-156.1 3696
-155.9 3734
-155.7 3829
-155.5 3718
-155.3 3709
-155.1 3660
-154.9 3671
-154.7 3650
-154.5 3707
-154.3 3640
-154.1 3628
-153.9 3566
-153.7 3636
-153.5 3611
-153.3 3668
-153.1 3631
-152.9 3561
-152.7 3588
-152.5 3480
-152.3 3629
-152.1 3377
-151.9 3476
-151.7 3456
-151.5 3529
-151.3 3544
-151.1 3467
-150.9 3575
-150.7 3523
-150.5 3387
-150.3 3524
-150.1 3552
-149.9 3524
-149.7 3436
-149.5 3418
-149.3 3468
-149.1 3526
-148.9 3495
-148.7 3592
-148.5 3472
-148.3 3531
-148.1 3526
-147.9 3590
-147.7 3636
-147.5 3720
-147.3 3718
-147.1 3592
-146.9 3530
-146.7 3681
-146.5 3623
-146.3 3684
-146.1 3719
-145.9 3610
-145.7 3666
-145.5 3795
-145.3 3772
-145.1 3817
-144.9 3831
-144.7 3814
-144.5 3729
-144.3 3786
-144.1 3784
-143.9 3948
-143.7 3851
-143.5 3911
-143.3 3924
-143.1 3788
-142.9 3920
-142.7 3836
-142.5 3991
-142.3 3872
-142.1 3973
-141.9 3908
-141.7 3943
-141.5 4009
-141.3 3837
-141.1 4038
-140.9 4049
-140.7 3978
-140.5 4032
-140.3 4011
-140.1 3957
-139.9 4009
-139.7 4092
-139.5 4045
-139.3 4071
-139.1 3972
-138.9 4001
-138.7 4009
-138.5 4010
-138.3 4046
-138.1 4224
-137.9 3866
-137.7 4086
-137.5 4048
-137.3 3936
-137.1 3994
-136.9 3947
-136.7 4154
-136.5 4080
-136.3 4111
-136.1 4161
-135.9 4106
-135.7 4063
-135.5 4051
-135.3 4114
-135.1 4013
-134.9 4064
-134.7 3995
-134.5 4081
-134.3 4102
-134.1 4142
-133.9 4144
-133.7 4112
-133.5 3998
-133.3 4092
-133.1 4018
-132.9 4126
-132.7 4032
-132.5 4104
-132.3 3934
-132.1 3980
-131.9 4136
-131.7 4031
-131.5 4059
-131.3 3986
-131.1 4101
-130.9 4027
-130.7 4149
-130.5 4145
-130.3 4048
-130.1 4049
-129.9 4007
-129.7 4131
-129.5 3871
-129.3 4067
-129.1 3949
-128.9 3902
-128.7 3982
-128.5 4017
-128.3 3918
-128.1 3988
-127.9 4033
-127.7 4192
-127.5 3925
-127.3 4045
-127.1 3958
-126.9 3931
-126.7 3912
-126.5 3941
-126.3 3909
-126.1 3926
-125.9 3890
-125.7 3874
-125.5 3969
-125.3 3866
-125.1 3894
-124.9 3983
-124.7 3808
-124.5 3940
-124.3 4001
-124.1 3979
-123.9 3872
-123.7 3868
-123.5 3855
-123.3 3840
-123.1 3994
-122.9 4020
-122.7 4013
-122.5 3877
-122.3 3916
-122.1 3874
-121.9 3792
-121.7 3928
-121.5 3881
-121.3 3873
-121.1 3849
-120.9 3866
-120.7 3865
-120.5 3906
-120.3 3780
-120.1 4024
-119.9 3982
-119.7 3918
-119.5 3867
-119.3 3871
-119.1 3974
-118.9 3791
-118.7 3851
-118.5 3889
-118.3 3913
-118.1 3900
-117.9 3905
-117.7 3785
-117.5 3865
-117.3 3779
-117.1 3876
-116.9 3868
-116.7 3925
-116.5 3906
-116.3 3795
-116.1 3933
-115.9 3862
-115.7 3915
-115.5 3910
-115.3 3830
-115.1 3781
-114.9 3762
-114.7 3934
-114.5 3804
-114.3 3858
-114.1 3955
-113.9 3997
-113.7 3870
-113.5 3808
-113.3 3763
-113.1 3938
-112.9 3822
-112.7 3946
-112.5 3826
-112.3 3796
-112.1 3845
-111.9 3668
-111.7 3817
-111.5 3788
-111.3 3828
-111.1 3862
-110.9 3914
-110.7 3801
-110.5 3785
-110.3 3869
-110.1 3710
-109.9 3843
-109.7 3733
-109.5 3828
-109.3 3749
-109.1 3702
-108.9 3812
-108.7 3749
-108.5 3741
-108.3 3689
-108.1 3629
-107.9 3681
-107.7 3788
-107.5 3744
-107.3 3715
-107.1 3797
-106.9 3646
-106.7 3738
-106.5 3714
-106.3 3624
-106.1 3659
-105.9 3783
-105.7 3684
-105.5 3736
-105.3 3629
-105.1 3673
-104.9 3823
-104.7 3861
-104.5 3720
-104.3 3700
-104.1 3713
-103.9 3596
-103.7 3742
-103.5 3848
-103.3 3582
-103.1 3718
-102.9 3743
-102.7 3750
-102.5 3838
-102.3 3740
-102.1 3549
-101.9 3686
-101.7 3756
-101.5 3694
-101.3 3612
-101.1 3726
-100.9 3672
-100.7 3807
-100.5 3647
-100.3 3804
-100.1 3706
-99.9 3678
-99.7 3725
-99.5 3651
-99.3 3672
-99.1 3790
-98.9 3783
-98.7 3751
-98.5 3763
-98.3 3744
-98.1 3659
-97.9 3772
-97.7 3704
-97.5 3719
-97.3 3662
-97.1 3639
-96.9 3718
-96.7 3830
-96.5 3670
-96.3 3763
-96.1 3719
-95.9 3806
-95.7 3665
-95.5 3655
-95.3 3733
-95.1 3750
-94.9 3749
-94.7 3647
-94.5 3559
-94.3 3658
-94.1 3671
-93.9 3727
-93.7 3586
-93.5 3637
-93.3 3712
-93.1 3686
-92.9 3592
-92.7 3666
-92.5 3658
-92.3 3643
-92.1 3788
-91.9 3679
-91.7 3598
-91.5 3706
-91.3 3707
-91.1 3671
-90.9 3585
-90.7 3765
-90.5 3570
-90.3 3885
-90.1 3644
-89.9 3745
-89.7 3649
-89.5 3747
-89.3 3748
-89.1 3686
-88.9 3658
-88.7 3663
-88.5 3778
-88.3 3715
-88.1 3658
-87.9 3524
-87.7 3616
-87.5 3663
-87.3 3617
-87.1 3695
-86.9 3584
-86.7 3648
-86.5 3728
-86.3 3794
-86.1 3645
-85.9 3654
-85.7 3754
-85.5 3687
-85.3 3696
-85.1 3652
-84.9 3780
-84.7 3683
-84.5 3732
-84.3 3805
-84.1 3555
-83.9 3700
-83.7 3687
-83.5 3682
-83.3 3660
-83.1 3707
-82.9 3650
-82.7 3845
-82.5 3763
-82.3 3660
-82.1 3771
-81.9 3678
-81.7 3781
-81.5 3704
-81.3 3774
-81.1 3768
-80.9 3739
-80.7 3868
-80.5 3638
-80.3 3752
-80.1 3789
-79.9 3871
-79.7 3794
-79.5 3776
-79.3 3702
-79.1 3783
-78.9 3728
-78.7 3743
-78.5 3742
-78.3 3811
-78.1 3780
-77.9 3741
-77.7 3736
-77.5 3847
-77.3 3834
-77.1 3799
-76.9 3755
-76.7 3826
-76.5 3749
-76.3 3762
-76.1 3782
-75.9 3777
-75.7 3805
-75.5 3729
-75.3 3844
-75.1 3677
-74.9 3816
-74.7 3820
-74.5 3831
-74.3 3904
-74.1 3758
-73.9 3801
-73.7 3796
-73.5 3763
-73.3 3722
-73.1 3890
-72.9 3817
-72.7 3730
-72.5 3780
-72.3 3845
-72.1 3668
-71.9 3874
-71.7 3682
-71.5 3766
-71.3 3876
-71.1 3807
-70.9 3767
-70.7 3786
-70.5 3787
-70.3 3875
-70.1 3864
-69.9 3806
-69.7 3718
-69.5 3783
-69.3 3823
-69.1 3785
-68.9 3752
-68.7 3988
-68.5 3914
-68.3 3794
-68.1 3772
-67.9 3811
-67.7 3834
-67.5 3726
-67.3 3908
-67.1 3803
-66.9 3847
-66.7 3743
-66.5 3861
-66.3 3851
-66.1 3769
-65.9 3782
-65.7 3817
-65.5 3796
-65.3 3839
-65.1 3643
-64.9 3651
-64.7 3757
-64.5 3839
-64.3 3777
-64.1 3861
-63.9 3793
-63.7 3850
-63.5 3782
-63.3 3809
-63.1 3857
-62.9 3783
-62.7 3845
-62.5 3729
-62.3 3705
-62.1 3806
-61.9 3900
-61.7 3877
-61.5 3755
-61.3 3741
-61.1 3835
-60.9 3809
-60.7 3811
-60.5 3756
-60.3 3750
-60.1 3786
-59.9 3867
-59.7 3695
-59.5 3725
-59.3 3738
-59.1 3727
-58.9 3853
-58.7 3768
-58.5 3766
-58.3 3757
-58.1 3728
-57.9 3794
-57.7 3759
-57.5 3722
-57.3 3739
-57.1 3626
-56.9 3790
-56.7 3781
-56.5 3761
-56.3 3791
-56.1 3768
-55.9 3802
-55.7 3846
-55.5 3743
-55.3 3745
-55.1 3762
-54.9 3846
-54.7 3791
-54.5 3800
-54.3 3726
-54.1 3749
-53.9 3808
-53.7 3675
-53.5 3803
-53.3 3727
-53.1 3831
-52.9 3769
-52.7 3681
-52.5 3676
-52.3 3683
-52.1 3830
-51.9 3857
-51.7 3853
-51.5 3761
-51.3 3790
-51.1 3865
-50.9 3706
-50.7 3759
-50.5 3724
-50.3 3714
-50.1 3807
-49.9 3839
-49.7 3751
-49.5 3749
-49.3 3732
-49.1 3805
-48.9 3789
-48.7 3850
-48.5 3789
-48.3 3672
-48.1 3897
-47.9 3799
-47.7 3822
-47.5 3817
-47.3 3648
-47.1 3766
-46.9 3726
-46.7 3659
-46.5 3696
-46.3 3824
-46.1 3698
-45.9 3841
-45.7 3746
-45.5 3690
-45.3 3699
-45.1 3717
-44.9 3796
-44.7 3775
-44.5 3828
-44.3 3691
-44.1 3693
-43.9 3760
-43.7 3758
-43.5 3803
-43.3 3724
-43.1 3682
-42.9 3716
-42.7 3805
-42.5 3739
-42.3 3703
-42.1 3670
-41.9 3809
-41.7 3679
-41.5 3769
-41.3 3773
-41.1 3706
-40.9 3690
-40.7 3784
-40.5 3907
-40.3 3729
-40.1 3660
-39.9 3728
-39.7 3647
-39.5 3918
-39.3 3740
-39.1 3798
-38.9 3780
-38.7 3704
-38.5 3769
-38.3 3783
-38.1 3771
-37.9 3818
-37.7 3682
-37.5 3757
-37.3 3714
-37.1 3723
-36.9 3704
-36.7 3780
-36.5 3748
-36.3 3745
-36.1 3637
-35.9 3724
-35.7 3814
-35.5 3701
-35.3 3725
-35.1 3799
-34.9 3724
-34.7 3843
-34.5 3607
-34.3 3784
-34.1 3841
-33.9 3704
-33.7 3692
-33.5 3601
-33.3 3717
-33.1 3718
-32.9 3754
-32.7 3783
-32.5 3689
-32.3 3568
-32.1 3760
-31.9 3758
-31.7 3749
-31.5 3809
-31.3 3783
-31.1 3815
-30.9 3723
-30.7 3636
-30.5 3694
-30.3 3744
-30.1 3737
-29.9 3613
-29.7 3757
-29.5 3654
-29.3 3685
-29.1 3777
-28.9 3651
-28.7 3713
-28.5 3644
-28.3 3572
-28.1 3674
-27.9 3770
-27.7 3760
-27.5 3728
-27.3 3681
-27.1 3685
-26.9 3773
-26.7 3769
-26.5 3802
-26.3 3550
-26.1 3573
-25.9 3642
-25.7 3644
-25.5 3687
-25.3 3722
-25.1 3698
-24.9 3759
-24.7 3739
-24.5 3719
-24.3 3683
-24.1 3758
-23.9 3765
-23.7 3632
-23.5 3735
-23.3 3649
-23.1 3686
-22.9 3749
-22.7 3881
-22.5 3726
-22.3 3620
-22.1 3659
-21.9 3611
-21.7 3668
-21.5 3676
-21.3 3650
-21.1 3788
-20.9 3697
-20.7 3671
-20.5 3775
-20.3 3766
-20.1 3791
-19.9 3729
-19.7 3676
-19.5 3762
-19.3 3608
-19.1 3706
-18.9 3653
-18.7 3583
-18.5 3747
-18.3 3665
-18.1 3842
-17.9 3774
-17.7 3790
-17.5 3742
-17.3 3746
-17.1 3674
-16.9 3670
-16.7 3702
-16.5 3680
-16.3 3674
-16.1 3744
-15.9 3662
-15.7 3725
-15.5 3747
-15.3 3686
-15.1 3616
-14.9 3831
-14.7 3848
-14.5 3761
-14.3 3755
-14.1 3753
-13.9 3775
-13.7 3683
-13.5 3698
-13.3 3641
-13.1 3782
-12.9 3721
-12.7 3637
-12.5 3654
-12.3 3828
-12.1 3777
-11.9 3738
-11.7 3695
-11.5 3758
-11.3 3705
-11.1 3775
-10.9 3652
-10.7 3645
-10.5 3805
-10.3 3741
-10.1 3735
-9.9 3739
-9.7 3682
-9.5 3776
-9.3 3671
-9.1 3771
-8.9 3653
-8.7 3729
-8.5 3693
-8.3 3729
-8.1 3686
-7.9 3680
-7.7 3612
-7.5 3632
-7.3 3792
-7.1 3771
-6.9 3803
-6.7 3688
-6.5 3761
-6.3 3616
-6.1 3732
-5.9 3790
-5.7 3727
-5.5 3804
-5.3 3799
-5.1 3769
-4.9 3768
-4.7 3700
-4.5 3649
-4.3 3808
-4.1 3751
-3.9 3715
-3.7 3714
-3.5 3675
-3.3 3711
-3.1 3795
-2.9 3638
-2.7 3660
-2.5 3769
-2.3 3747
-2.1 3700
-1.9 3647
-1.7 3770
-1.5 3674
-1.3 3757
-1.1 3763
-0.9 3752
-0.7 3692
-0.5 3708
-0.3 3739
-0.1 3676
0.1 3648
0.3 3767
0.5 3702
0.7 3710
0.9 3776
1.1 3780
1.3 3728
1.5 3677
1.7 3871
1.9 3716
2.1 3672
2.3 3676
2.5 3691
2.7 3747
2.9 3609
3.1 3704
3.3 3712
3.5 3697
3.7 3784
3.9 3686
4.1 3714
4.3 3709
4.5 3727
4.7 3714
4.9 3560
5.1 3613
5.3 3731
5.5 3791
5.7 3720
5.9 3720
6.1 3657
6.3 3638
6.5 3721
6.7 3683
6.9 3651
7.1 3599
7.3 3663
7.5 3728
7.7 3647
7.9 3669
8.1 3705
8.3 3585
8.5 3657
8.7 3628
8.9 3580
9.1 3557
9.3 3626
9.5 3681
9.7 3609
9.9 3629
10.1 3428
10.3 3555
10.5 3397
10.7 3647
10.9 3544
11.1 3483
11.3 3498
11.5 3502
11.7 3512
11.9 3354
12.1 3488
12.3 3494
12.5 3379
12.7 3422
12.9 3406
13.1 3257
13.3 3481
13.5 3327
13.7 3169
13.9 3238
14.1 3210
14.3 3144
14.5 3208
14.7 3083
14.9 3187
15.1 3104
15.3 3164
15.5 3153
15.7 3003
15.9 3085
16.1 2997
16.3 2920
16.5 2868
16.7 2908
16.9 2817
17.1 2785
17.3 2779
17.5 2773
17.7 2775
17.9 2654
18.1 2628
18.3 2662
18.5 2559
18.7 2571
18.9 2442
19.1 2393
19.3 2374
19.5 2335
19.7 2292
19.9 2233
20.1 2233
20.3 2243
20.5 2157
20.7 2117
20.9 2135
21.1 2025
21.3 2018
21.5 1954
21.7 1910
21.9 1889
22.1 1870
22.3 1793
22.5 1715
22.7 1696
22.9 1655
23.1 1590
23.3 1534
23.5 1495
23.7 1492
23.9 1475
24.1 1385
24.3 1395
24.5 1370
24.7 1272
24.9 1289
25.1 1253
25.3 1150
25.5 1140
25.7 1091
25.9 1075
26.1 993
26.3 950
26.5 919
26.7 934
26.9 909
27.1 862
27.3 845
27.5 798
27.7 790
27.9 736
28.1 676
28.3 681
28.5 656
28.7 606
28.9 638
29.1 542
29.3 564
29.5 587
29.7 495
29.9 488
30.1 467
30.3 457
30.5 464
30.7 390
30.9 397
31.1 328
31.3 317
31.5 339
31.7 348
31.9 331
32.1 263
32.3 252
32.5 245
32.7 216
32.9 233
33.1 210
33.3 191
33.5 204
33.7 178
33.9 154
34.1 149
34.3 138
34.5 124
34.7 114
34.9 100
35.1 98
35.3 105
35.5 82
35.7 86
35.9 72
36.1 71
36.3 70
36.5 65
36.7 67
36.9 50
37.1 35
37.3 53
37.5 42
37.7 45
37.9 49
38.1 40
38.3 45
38.5 32
38.7 31
38.9 36
39.1 28
39.3 26
39.5 30
39.7 22
39.9 17
40.1 25
40.3 18
40.5 21
40.7 7
40.9 16
41.1 18
41.3 9
41.5 20
41.7 9
41.9 13
42.1 17
42.3 11
42.5 8
42.7 14
42.9 10
43.1 19
43.3 16
43.5 12
43.7 12
43.9 10
44.1 17
44.3 14
44.5 12
44.7 5
44.9 14
45.1 11
45.3 11
45.5 12
45.7 19
45.9 11
46.1 6
46.3 13
46.5 14
46.7 13
46.9 9
47.1 4
47.3 12
47.5 9
47.7 11
47.9 10
48.1 6
48.3 6
48.5 8
48.7 17
48.9 7
49.1 10
49.3 12
49.5 13
49.7 18
49.9 14
