1416
-1582.9 2.34093e-06
-1582.7 2.34093e-06
-1582.5 2.34093e-06
-1582.3 2.34093e-06
-1582.1 2.34093e-06
-1581.9 2.34093e-06
-1581.7 2.34093e-06
-1581.5 2.34093e-06
-1581.3 2.34093e-06
-1581.1 2.34093e-06
-1580.9 2.34093e-06
-1580.7 2.34093e-06
-1580.5 2.34093e-06
-1580.3 2.34093e-06
-1580.1 2.34093e-06
-1579.9 2.34093e-06
-1579.7 2.34093e-06
-1579.5 2.34093e-06
-1579.3 2.34093e-06
-1579.1 2.34093e-06
-1578.9 2.34093e-06
-1578.7 2.34093e-06
-1578.5 2.34093e-06
-1578.3 2.34093e-06
-1578.1 2.34093e-06
-1577.9 4.68187e-06
-1577.7 4.68187e-06
-1577.5 4.68187e-06
-1577.3 4.68187e-06
-1577.1 4.68187e-06
-1576.9 4.68187e-06
-1576.7 4.68187e-06
-1576.5 4.68187e-06
-1576.3 4.68187e-06
-1576.1 4.68187e-06
-1575.9 4.68187e-06
-1575.7 4.68187e-06
-1575.5 4.68187e-06
-1575.3 4.68187e-06
-1575.1 4.68187e-06
-1574.9 4.68187e-06
-1574.7 4.68187e-06
-1574.5 4.68187e-06
-1574.3 4.68187e-06
-1574.1 4.68187e-06
-1573.9 4.68187e-06
-1573.7 4.68187e-06
-1573.5 4.68187e-06
-1573.3 4.68187e-06
-1573.1 4.68187e-06
-1572.9 4.68187e-06
-1572.7 4.68187e-06
-1572.5 4.68187e-06
-1572.3 7.0228e-06
-1572.1 7.0228e-06
-1571.9 7.0228e-06
-1571.7 7.0228e-06
-1571.5 7.0228e-06
-1571.3 7.0228e-06
-1571.1 7.0228e-06
-1570.9 7.0228e-06
-1570.7 7.0228e-06
-1570.5 7.0228e-06
-1570.3 7.0228e-06
-1570.1 9.36373e-06
-1569.9 9.36373e-06
-1569.7 9.36373e-06
-1569.5 1.17047e-05
-1569.3 1.63865e-05
-1569.1 1.63865e-05
-1568.9 2.10684e-05
-1568.7 2.57503e-05
-1568.5 3.27731e-05
-1568.3 3.97959e-05
-1568.1 4.68187e-05
-1567.9 7.25689e-05
-1567.7 9.83192e-05
-1567.5 0.000124069
-1567.3 0.000152161
-1567.1 0.000184934
-1566.9 0.00022473
-1566.7 0.000259844
-1566.5 0.000332413
-1566.3 0.000407322
-1566.1 0.000468187
-1565.9 0.000561824
-1565.7 0.000641416
-1565.5 0.000739735
-1565.3 0.000807622
-1565.1 0.00092701
-1564.9 0.00103469
-1564.7 0.0011611
-1564.5 0.0012922
-1564.3 0.00141626
-1564.1 0.00154268
-1563.9 0.00165036
-1563.7 0.00178847
-1563.5 0.00194063
-1563.3 0.00214195
-1563.1 0.00232689
-1562.9 0.00251416
-1562.7 0.00269676
-1562.5 0.00288871
-1562.3 0.00311578
-1562.1 0.00331944
-1561.9 0.00355588
-1561.7 0.00380636
-1561.5 0.00403577
-1561.3 0.00428391
-1561.1 0.00451098
-1560.9 0.00478253
-1560.7 0.00504471
-1560.5 0.00531626
-1560.3 0.00559483
-1560.1 0.00590383
-1559.9 0.0062222
-1559.7 0.00654759
-1559.5 0.00691044
-1559.3 0.00728264
-1559.1 0.00762676
-1558.9 0.00800599
-1558.7 0.00838288
-1558.5 0.00876914
-1558.3 0.00923966
-1558.1 0.00968912
-1557.9 0.010155
-1557.7 0.0106232
-1557.5 0.0111335
-1557.3 0.0116742
-1557.1 0.0122009
-1556.9 0.0127557
-1556.7 0.0133199
-1556.5 0.0139145
-1556.3 0.0145302
-1556.1 0.0151622
-1555.9 0.0158013
-1555.7 0.0165762
-1555.5 0.017337
-1555.3 0.0180346
-1555.1 0.0188352
-1554.9 0.0196077
-1554.7 0.0203825
-1554.5 0.0211316
-1554.3 0.0219018
-1554.1 0.0227843
-1553.9 0.0236856
-1553.7 0.0245166
-1553.5 0.0255068
-1553.3 0.02649
-1553.1 0.0274428
-1552.9 0.0284634
-1552.7 0.0294466
-1552.5 0.0305445
-1552.3 0.0316494
-1552.1 0.0326724
-1551.9 0.0337118
-1551.7 0.0348518
-1551.5 0.0359708
-1551.3 0.0372817
-1551.1 0.0384241
-1550.9 0.0395337
-1550.7 0.0406644
-1550.5 0.0417974
-1550.3 0.0430474
-1550.1 0.0442273
-1549.9 0.045372
-1549.7 0.0466735
-1549.5 0.0478674
-1549.3 0.0491971
-1549.1 0.0504846
-1548.9 0.0516504
-1548.7 0.0527998
-1548.5 0.054017
-1548.3 0.0552952
-1548.1 0.0565008
-1547.9 0.0577976
-1547.7 0.0590735
-1547.5 0.0604148
-1547.3 0.0616555
-1547.1 0.0628143
-1546.9 0.0640901
-1546.7 0.0653518
-1546.5 0.0665902
-1546.3 0.0678192
-1546.1 0.0690856
-1545.9 0.0704644
-1545.7 0.0717988
-1545.5 0.0730207
-1545.3 0.0743153
-1545.1 0.0755653
-1544.9 0.0767686
-1544.7 0.077918
-1544.5 0.0791891
-1544.3 0.0803549
-1544.1 0.0815651
-1543.9 0.0827403
-1543.7 0.0839787
-1543.5 0.0852568
-1543.3 0.0864928
-1543.1 0.0875977
-1542.9 0.0887214
-1542.7 0.0898895
-1542.5 0.0910576
-1542.3 0.0921508
-1542.1 0.0932792
-1541.9 0.0945292
-1541.7 0.095681
-1541.5 0.0967742
-1541.3 0.0978019
-1541.1 0.0989232
-1540.9 0.0999883
-1540.7 0.101082
-1540.5 0.10221
-1540.3 0.10328
-1540.1 0.10434
-1539.9 0.105419
-1539.7 0.106491
-1539.5 0.107547
-1539.3 0.108626
-1539.1 0.109773
-1538.9 0.110806
-1538.7 0.111883
-1538.5 0.112913
-1538.3 0.113961
-1538.1 0.114973
-1537.9 0.116
-1537.7 0.117035
-1537.5 0.118093
-1537.3 0.119186
-1537.1 0.120181
-1536.9 0.121171
-1536.7 0.122176
-1536.5 0.12326
-1536.3 0.124285
-1536.1 0.125373
-1535.9 0.126434
-1535.7 0.127335
-1535.5 0.128386
-1535.3 0.12929
-1535.1 0.130257
-1534.9 0.13127
-1534.7 0.132242
-1534.5 0.133204
-1534.3 0.134119
-1534.1 0.13503
-1533.9 0.135985
-1533.7 0.136898
-1533.5 0.137874
-1533.3 0.138836
-1533.1 0.13973
-1532.9 0.140674
-1532.7 0.141617
-1532.5 0.142507
-1532.3 0.143459
-1532.1 0.144344
-1531.9 0.145239
-1531.7 0.146194
-1531.5 0.147149
-1531.3 0.148036
-1531.1 0.148989
-1530.9 0.149916
-1530.7 0.150864
-1530.5 0.151826
-1530.3 0.152781
-1530.1 0.153652
-1529.9 0.154621
-1529.7 0.15563
-1529.5 0.156505
-1529.3 0.157421
-1529.1 0.158296
-1528.9 0.159169
-1528.7 0.160127
-1528.5 0.161115
-1528.3 0.162096
-1528.1 0.163032
-1527.9 0.163919
-1527.7 0.164888
-1527.5 0.165762
-1527.3 0.166696
-1527.1 0.167627
-1526.9 0.168624
-1526.7 0.169598
-1526.5 0.170497
-1526.3 0.171448
-1526.1 0.172445
-1525.9 0.173365
-1525.7 0.174357
-1525.5 0.175336
-1525.3 0.176254
-1525.1 0.177089
-1524.9 0.178002
-1524.7 0.178859
-1524.5 0.179763
-1524.3 0.180701
-1524.1 0.181769
-1523.9 0.182686
-1523.7 0.183667
-1523.5 0.184606
-1523.3 0.185617
-1523.1 0.18649
-1522.9 0.187317
-1522.7 0.188309
-1522.5 0.18926
-1522.3 0.190133
-1522.1 0.191086
-1521.9 0.192006
-1521.7 0.192937
-1521.5 0.193907
-1521.3 0.194824
-1521.1 0.195735
-1520.9 0.196596
-1520.7 0.19753
-1520.5 0.198422
-1520.3 0.199338
-1520.1 0.20025
-1519.9 0.201067
-1519.7 0.20198
-1519.5 0.202826
-1519.3 0.203694
-1519.1 0.20453
-1518.9 0.205386
-1518.7 0.206253
-1518.5 0.207074
-1518.3 0.207931
-1518.1 0.208781
-1517.9 0.209691
-1517.7 0.210501
-1517.5 0.211328
-1517.3 0.212159
-1517.1 0.213083
-1516.9 0.213961
-1516.7 0.214813
-1516.5 0.215616
-1516.3 0.216459
-1516.1 0.217342
-1515.9 0.218243
-1515.7 0.219069
-1515.5 0.219893
-1515.3 0.220776
-1515.1 0.221602
-1514.9 0.222372
-1514.7 0.223208
-1514.5 0.224037
-1514.3 0.224849
-1514.1 0.225645
-1513.9 0.226492
-1513.7 0.227405
-1513.5 0.228143
-1513.3 0.229009
-1513.1 0.229859
-1512.9 0.230746
-1512.7 0.231553
-1512.5 0.232459
-1512.3 0.233239
-1512.1 0.234054
-1511.9 0.234915
-1511.7 0.235683
-1511.5 0.236528
-1511.3 0.237389
-1511.1 0.23822
-1510.9 0.239
-1510.7 0.239798
-1510.5 0.240613
-1510.3 0.241486
-1510.1 0.242303
-1509.9 0.243176
-1509.7 0.244101
-1509.5 0.244981
-1509.3 0.245826
-1509.1 0.246638
-1508.9 0.247476
-1508.7 0.248359
-1508.5 0.249274
-1508.3 0.250145
-1508.1 0.251058
-1507.9 0.251948
-1507.7 0.252835
-1507.5 0.253706
-1507.3 0.254595
-1507.1 0.255541
-1506.9 0.256391
-1506.7 0.257365
-1506.5 0.258336
-1506.3 0.259329
-1506.1 0.260345
-1505.9 0.261234
-1505.7 0.262327
-1505.5 0.263297
-1505.3 0.264338
-1505.1 0.265399
-1504.9 0.266417
-1504.7 0.267353
-1504.5 0.268327
-1504.3 0.269299
-1504.1 0.270277
-1503.9 0.271209
-1503.7 0.272108
-1503.5 0.273058
-1503.3 0.273969
-1503.1 0.274868
-1502.9 0.275863
-1502.7 0.276869
-1502.5 0.277789
-1502.3 0.278737
-1502.1 0.279582
-1501.9 0.280425
-1501.7 0.281329
-1501.5 0.282188
-1501.3 0.283033
-1501.1 0.28396
-1500.9 0.284763
-1500.7 0.285685
-1500.5 0.286537
-1500.3 0.287417
-1500.1 0.288209
-1499.9 0.289089
-1499.7 0.289913
-1499.5 0.29073
-1499.3 0.291514
-1499.1 0.292319
-1498.9 0.293122
-1498.7 0.293939
-1498.5 0.294777
-1498.3 0.295622
-1498.1 0.296425
-1497.9 0.2972
-1497.7 0.29802
-1497.5 0.298841
-1497.3 0.2996
-1497.1 0.300349
-1496.9 0.301117
-1496.7 0.301894
-1496.5 0.302725
-1496.3 0.303511
-1496.1 0.304324
-1495.9 0.305265
-1495.7 0.30604
-1495.5 0.306908
-1495.3 0.307767
-1495.1 0.308645
-1494.9 0.309516
-1494.7 0.310363
-1494.5 0.311199
-1494.3 0.312025
-1494.1 0.312803
-1493.9 0.313631
-1493.7 0.314467
-1493.5 0.315431
-1493.3 0.316361
-1493.1 0.317204
-1492.9 0.318013
-1492.7 0.318887
-1492.5 0.319694
-1492.3 0.320509
-1492.1 0.32131
-1491.9 0.322213
-1491.7 0.323098
-1491.5 0.323983
-1491.3 0.324812
-1491.1 0.325673
-1490.9 0.326532
-1490.7 0.327415
-1490.5 0.328243
-1490.3 0.329121
-1490.1 0.32998
-1489.9 0.330875
-1489.7 0.331701
-1489.5 0.332558
-1489.3 0.33344
-1489.1 0.334306
-1488.9 0.335156
-1488.7 0.336083
-1488.5 0.336914
-1488.3 0.337769
-1488.1 0.338679
-1487.9 0.339566
-1487.7 0.340435
-1487.5 0.341259
-1487.3 0.342083
-1487.1 0.34293
-1486.9 0.343827
-1486.7 0.344717
-1486.5 0.345615
-1486.3 0.346524
-1486.1 0.347423
-1485.9 0.348382
-1485.7 0.349213
-1485.5 0.350199
-1485.3 0.351063
-1485.1 0.352009
-1484.9 0.352802
-1484.7 0.353748
-1484.5 0.354595
-1484.3 0.355431
-1484.1 0.356278
-1483.9 0.357116
-1483.7 0.357933
-1483.5 0.358807
-1483.3 0.359731
-1483.1 0.360623
-1482.9 0.361494
-1482.7 0.36232
-1482.5 0.363168
-1482.3 0.364027
-1482.1 0.364947
-1481.9 0.365785
-1481.7 0.36671
-1481.5 0.367632
-1481.3 0.368559
-1481.1 0.369411
-1480.9 0.370301
-1480.7 0.371043
-1480.5 0.371902
-1480.3 0.372721
-1480.1 0.373585
-1479.9 0.37446
-1479.7 0.375338
-1479.5 0.376127
-1479.3 0.376972
-1479.1 0.377789
-1478.9 0.378611
-1478.7 0.379416
-1478.5 0.380172
-1478.3 0.380975
-1478.1 0.381717
-1477.9 0.382546
-1477.7 0.383321
-1477.5 0.384208
-1477.3 0.385013
-1477.1 0.385856
-1476.9 0.386661
-1476.7 0.387481
-1476.5 0.388284
-1476.3 0.389131
-1476.1 0.38995
-1475.9 0.390798
-1475.7 0.391575
-1475.5 0.392357
-1475.3 0.393127
-1475.1 0.393935
-1474.9 0.394728
-1474.7 0.395541
-1474.5 0.396308
-1474.3 0.397088
-1474.1 0.397999
-1473.9 0.398769
-1473.7 0.399663
-1473.5 0.400562
-1473.3 0.401475
-1473.1 0.402285
-1472.9 0.403167
-1472.7 0.404059
-1472.5 0.404951
-1472.3 0.405873
-1472.1 0.406728
-1471.9 0.407638
-1471.7 0.408446
-1471.5 0.409289
-1471.3 0.410213
-1471.1 0.411073
-1470.9 0.411925
-1470.7 0.412784
-1470.5 0.413634
-1470.3 0.414483
-1470.1 0.415429
-1469.9 0.416375
-1469.7 0.417288
-1469.5 0.418208
-1469.3 0.419146
-1469.1 0.420148
-1468.9 0.421043
-1468.7 0.422035
-1468.5 0.423023
-1468.3 0.423952
-1468.1 0.424961
-1467.9 0.425916
-1467.7 0.4269
-1467.5 0.427857
-1467.3 0.428803
-1467.1 0.429751
-1466.9 0.430645
-1466.7 0.431591
-1466.5 0.432555
-1466.3 0.433485
-1466.1 0.434498
-1465.9 0.435479
-1465.7 0.436394
-1465.5 0.437357
-1465.3 0.438335
-1465.1 0.439276
-1464.9 0.440175
-1464.7 0.441198
-1464.5 0.442137
-1464.3 0.442975
-1464.1 0.443862
-1463.9 0.444754
-1463.7 0.445662
-1463.5 0.446655
-1463.3 0.44753
-1463.1 0.448373
-1462.9 0.449272
-1462.7 0.45011
-1462.5 0.450941
-1462.3 0.451751
-1462.1 0.452566
-1461.9 0.453352
-1461.7 0.454155
-1461.5 0.454996
-1461.3 0.455789
-1461.1 0.45659
-1460.9 0.457346
-1460.7 0.458191
-1460.5 0.458933
-1460.3 0.459715
-1460.1 0.460532
-1459.9 0.461325
-1459.7 0.462156
-1459.5 0.462927
-1459.3 0.463636
-1459.1 0.464413
-1458.9 0.465202
-1458.7 0.465993
-1458.5 0.466735
-1458.3 0.467545
-1458.1 0.468416
-1457.9 0.469242
-1457.7 0.470095
-1457.5 0.470919
-1457.3 0.471717
-1457.1 0.472564
-1456.9 0.473353
-1456.7 0.474217
-1456.5 0.475027
-1456.3 0.475916
-1456.1 0.476696
-1455.9 0.47748
-1455.7 0.478356
-1455.5 0.479163
-1455.3 0.480051
-1455.1 0.480989
-1454.9 0.481792
-1454.7 0.482724
-1454.5 0.483635
-1454.3 0.484512
-1454.1 0.485458
-1453.9 0.486441
-1453.7 0.487408
-1453.5 0.488328
-1453.3 0.489241
-1453.1 0.490224
-1452.9 0.491193
-1452.7 0.492174
-1452.5 0.493216
-1452.3 0.494141
-1452.1 0.495201
-1451.9 0.496203
-1451.7 0.49717
-1451.5 0.498242
-1451.3 0.499249
-1451.1 0.500206
-1450.9 0.501154
-1450.7 0.502041
-1450.5 0.502954
-1450.3 0.503937
-1450.1 0.504956
-1449.9 0.50596
-1449.7 0.506913
-1449.5 0.507765
-1449.3 0.508706
-1449.1 0.509682
-1448.9 0.510588
-1448.7 0.511454
-1448.5 0.512348
-1448.3 0.513275
-1448.1 0.514167
-1447.9 0.515024
-1447.7 0.515846
-1447.5 0.516719
-1447.3 0.517576
-1447.1 0.518465
-1446.9 0.519252
-1446.7 0.520078
-1446.5 0.520926
-1446.3 0.521818
-1446.1 0.522684
-1445.9 0.523533
-1445.7 0.524308
-1445.5 0.525188
-1445.3 0.526015
-1445.1 0.526745
-1444.9 0.527564
-1444.7 0.528412
-1444.5 0.52925
-1444.3 0.530041
-1444.1 0.530772
-1443.9 0.531532
-1443.7 0.532384
-1443.5 0.53318
-1443.3 0.533969
-1443.1 0.534868
-1442.9 0.535631
-1442.7 0.536458
-1442.5 0.537242
-1442.3 0.538019
-1442.1 0.538794
-1441.9 0.539585
-1441.7 0.540428
-1441.5 0.541245
-1441.3 0.542048
-1441.1 0.542951
-1440.9 0.543787
-1440.7 0.544649
-1440.5 0.545585
-1440.3 0.546409
-1440.1 0.547294
-1439.9 0.548153
-1439.7 0.549
-1439.5 0.549855
-1439.3 0.550737
-1439.1 0.551501
-1438.9 0.552308
-1438.7 0.553165
-1438.5 0.554057
-1438.3 0.554935
-1438.1 0.55593
-1437.9 0.55688
-1437.7 0.557786
-1437.5 0.558547
-1437.3 0.559432
-1437.1 0.560352
-1436.9 0.561206
-1436.7 0.5621
-1436.5 0.562959
-1436.3 0.563769
-1436.1 0.56461
-1435.9 0.565551
-1435.7 0.56637
-1435.5 0.567271
-1435.3 0.568081
-1435.1 0.568952
-1434.9 0.569797
-1434.7 0.570626
-1434.5 0.571492
-1434.3 0.572302
-1434.1 0.573199
-1433.9 0.57406
-1433.7 0.57487
-1433.5 0.575722
-1433.3 0.576642
-1433.1 0.577522
-1432.9 0.578391
-1432.7 0.579205
-1432.5 0.580058
-1432.3 0.580839
-1432.1 0.581633
-1431.9 0.582572
-1431.7 0.583368
-1431.5 0.584267
-1431.3 0.585151
-1431.1 0.585945
-1430.9 0.586746
-1430.7 0.587605
-1430.5 0.588462
-1430.3 0.589295
-1430.1 0.590154
-1429.9 0.591093
-1429.7 0.59195
-1429.5 0.592813
-1429.3 0.593679
-1429.1 0.594518
-1428.9 0.595414
-1428.7 0.596255
-1428.5 0.597118
-1428.3 0.597977
-1428.1 0.59879
-1427.9 0.599642
-1427.7 0.600438
-1427.5 0.601304
-1427.3 0.60225
-1427.1 0.60312
-1426.9 0.604029
-1426.7 0.604907
-1426.5 0.605789
-1426.3 0.606615
-1426.1 0.607498
-1425.9 0.608348
-1425.7 0.60923
-1425.5 0.610073
-1425.3 0.610956
-1425.1 0.61188
-1424.9 0.612798
-1424.7 0.613725
-1424.5 0.614593
-1424.3 0.615406
-1424.1 0.616213
-1423.9 0.617054
-1423.7 0.61796
-1423.5 0.618786
-1423.3 0.619701
-1423.1 0.620521
-1422.9 0.621373
-1422.7 0.622208
-1422.5 0.623119
-1422.3 0.623945
-1422.1 0.62484
-1421.9 0.625652
-1421.7 0.626558
-1421.5 0.627387
-1421.3 0.628239
-1421.1 0.62903
-1420.9 0.629875
-1420.7 0.630718
-1420.5 0.631614
-1420.3 0.632438
-1420.1 0.63318
-1419.9 0.633958
-1419.7 0.634751
-1419.5 0.635702
-1419.3 0.636502
-1419.1 0.63724
-1418.9 0.638007
-1418.7 0.638764
-1418.5 0.639604
-1418.3 0.640412
-1418.1 0.641217
-1417.9 0.642106
-1417.7 0.642935
-1417.5 0.643768
-1417.3 0.644569
-1417.1 0.64543
-1416.9 0.646198
-1416.7 0.647036
-1416.5 0.647966
-1416.3 0.648797
-1416.1 0.649642
-1415.9 0.650515
-1415.7 0.651391
-1415.5 0.652191
-1415.3 0.653132
-1415.1 0.654005
-1414.9 0.654864
-1414.7 0.655726
-1414.5 0.656604
-1414.3 0.657402
-1414.1 0.658299
-1413.9 0.659183
-1413.7 0.660071
-1413.5 0.660953
-1413.3 0.661897
-1413.1 0.662767
-1412.9 0.66369
-1412.7 0.664427
-1412.5 0.665364
-1412.3 0.666218
-1412.1 0.66711
-1411.9 0.668067
-1411.7 0.669001
-1411.5 0.66991
-1411.3 0.670823
-1411.1 0.671733
-1410.9 0.672627
-1410.7 0.673531
-1410.5 0.67447
-1410.3 0.675362
-1410.1 0.676258
-1409.9 0.677122
-1409.7 0.678023
-1409.5 0.678939
-1409.3 0.679798
-1409.1 0.680795
-1408.9 0.681635
-1408.7 0.682572
-1408.5 0.683457
-1408.3 0.684341
-1408.1 0.685269
-1407.9 0.686153
-1407.7 0.687055
-1407.5 0.687935
-1407.3 0.688803
-1407.1 0.689751
-1406.9 0.690629
-1406.7 0.691587
-1406.5 0.692441
-1406.3 0.693244
-1406.1 0.694052
-1405.9 0.694923
-1405.7 0.69573
-1405.5 0.696599
-1405.3 0.697437
-1405.1 0.698305
-1404.9 0.699153
-1404.7 0.699998
-1404.5 0.700894
-1404.3 0.701716
-1404.1 0.702463
-1403.9 0.703305
-1403.7 0.704136
-1403.5 0.704881
-1403.3 0.7057
-1403.1 0.706615
-1402.9 0.70739
-1402.7 0.708149
-1402.5 0.708977
-1402.3 0.709897
-1402.1 0.710808
-1401.9 0.711529
-1401.7 0.712398
-1401.5 0.713257
-1401.3 0.714132
-1401.1 0.715012
-1400.9 0.715827
-1400.7 0.716696
-1400.5 0.717487
-1400.3 0.71832
-1400.1 0.719146
-1399.9 0.720045
-1399.7 0.720895
-1399.5 0.721717
-1399.3 0.72262
-1399.1 0.723433
-1398.9 0.724329
-1398.7 0.725146
-1398.5 0.726001
-1398.3 0.726876
-1398.1 0.727866
-1397.9 0.72874
-1397.7 0.729653
-1397.5 0.730516
-1397.3 0.731432
-1397.1 0.732277
-1396.9 0.733176
-1396.7 0.733976
-1396.5 0.734864
-1396.3 0.735732
-1396.1 0.736591
-1395.9 0.737441
-1395.7 0.73838
-1395.5 0.739248
-1395.3 0.74021
-1395.1 0.741074
-1394.9 0.742038
-1394.7 0.742916
-1394.5 0.743801
-1394.3 0.744653
-1394.1 0.745541
-1393.9 0.746465
-1393.7 0.747282
-1393.5 0.748125
-1393.3 0.748984
-1393.1 0.749827
-1392.9 0.750686
-1392.7 0.751496
-1392.5 0.75239
-1392.3 0.753247
-1392.1 0.754101
-1391.9 0.754897
-1391.7 0.75577
-1391.5 0.756627
-1391.3 0.757496
-1391.1 0.758334
-1390.9 0.759139
-1390.7 0.760005
-1390.5 0.760871
-1390.3 0.761707
-1390.1 0.762545
-1389.9 0.763385
-1389.7 0.764224
-1389.5 0.765122
-1389.3 0.765923
-1389.1 0.76671
-1388.9 0.767477
-1388.7 0.768341
-1388.5 0.769193
-1388.3 0.769975
-1388.1 0.770818
-1387.9 0.771729
-1387.7 0.772503
-1387.5 0.773316
-1387.3 0.774154
-1387.1 0.775008
-1386.9 0.775776
-1386.7 0.776598
-1386.5 0.777499
-1386.3 0.778346
-1386.1 0.779234
-1385.9 0.780039
-1385.7 0.780832
-1385.5 0.781682
-1385.3 0.782602
-1385.1 0.783452
-1384.9 0.78433
-1384.7 0.785177
-1384.5 0.785973
-1384.3 0.786797
-1384.1 0.787703
-1383.9 0.78859
-1383.7 0.789367
-1383.5 0.790299
-1383.3 0.791156
-1383.1 0.791907
-1382.9 0.792724
-1382.7 0.793541
-1382.5 0.794363
-1382.3 0.79521
-1382.1 0.796063
-1381.9 0.796922
-1381.7 0.797776
-1381.5 0.798682
-1381.3 0.799567
-1381.1 0.800464
-1380.9 0.801358
-1380.7 0.802252
-1380.5 0.803163
-1380.3 0.804052
-1380.1 0.804867
-1379.9 0.805658
-1379.7 0.806519
-1379.5 0.807353
-1379.3 0.808219
-1379.1 0.809034
-1378.9 0.809776
-1378.7 0.810628
-1378.5 0.81144
-1378.3 0.812194
-1378.1 0.813034
-1377.9 0.813847
-1377.7 0.814657
-1377.5 0.815577
-1377.3 0.816419
-1377.1 0.817222
-1376.9 0.81803
-1376.7 0.818877
-1376.5 0.819708
-1376.3 0.8206
-1376.1 0.821459
-1375.9 0.822274
-1375.7 0.823168
-1375.5 0.824065
-1375.3 0.824891
-1375.1 0.825799
-1374.9 0.826666
-1374.7 0.827494
-1374.5 0.828353
-1374.3 0.829114
-1374.1 0.829976
-1373.9 0.830844
-1373.7 0.831713
-1373.5 0.832534
-1373.3 0.833403
-1373.1 0.834264
-1372.9 0.835154
-1372.7 0.836034
-1372.5 0.836975
-1372.3 0.837888
-1372.1 0.838759
-1371.9 0.839625
-1371.7 0.840489
-1371.5 0.841353
-1371.3 0.842193
-1371.1 0.843064
-1370.9 0.844005
-1370.7 0.844901
-1370.5 0.845749
-1370.3 0.846601
-1370.1 0.847488
-1369.9 0.848336
-1369.7 0.849197
-1369.5 0.850068
-1369.3 0.850927
-1369.1 0.851777
-1368.9 0.85268
-1368.7 0.853542
-1368.5 0.854429
-1368.3 0.855312
-1368.1 0.856154
-1367.9 0.857023
-1367.7 0.857859
-1367.5 0.858746
-1367.3 0.859579
-1367.1 0.860431
-1366.9 0.8613
-1366.7 0.862185
-1366.5 0.863034
-1366.3 0.863889
-1366.1 0.864774
-1365.9 0.865567
-1365.7 0.866403
-1365.5 0.867222
-1365.3 0.868067
-1365.1 0.868971
-1364.9 0.869725
-1364.7 0.870474
-1364.5 0.871352
-1364.3 0.872141
-1364.1 0.872939
-1363.9 0.873702
-1363.7 0.874526
-1363.5 0.875348
-1363.3 0.876174
-1363.1 0.877005
-1362.9 0.87785
-1362.7 0.87869
-1362.5 0.87951
-1362.3 0.880404
-1362.1 0.881226
-1361.9 0.881994
-1361.7 0.882825
-1361.5 0.883707
-1361.3 0.884447
-1361.1 0.885301
-1360.9 0.886179
-1360.7 0.887085
-1360.5 0.887902
-1360.3 0.888686
-1360.1 0.889494
-1359.9 0.890341
-1359.7 0.891102
-1359.5 0.891872
-1359.3 0.892724
-1359.1 0.893509
-1358.9 0.894319
-1358.7 0.895114
-1358.5 0.895955
-1358.3 0.896795
-1358.1 0.897579
-1357.9 0.898403
-1357.7 0.899286
-1357.5 0.900087
-1357.3 0.901025
-1357.1 0.901891
-1356.9 0.902699
-1356.7 0.903486
-1356.5 0.904277
-1356.3 0.905068
-1356.1 0.905941
-1355.9 0.906742
-1355.7 0.907594
-1355.5 0.908467
-1355.3 0.909284
-1355.1 0.910211
-1354.9 0.911059
-1354.7 0.911892
-1354.5 0.912756
-1354.3 0.913606
-1354.1 0.91443
-1353.9 0.915221
-1353.7 0.916052
-1353.5 0.91692
-1353.3 0.917756
-1353.1 0.918641
-1352.9 0.919472
-1352.7 0.92035
-1352.5 0.921106
-1352.3 0.921993
-1352.1 0.922815
-1351.9 0.923594
-1351.7 0.924353
-1351.5 0.925228
-1351.3 0.926034
-1351.1 0.926851
-1350.9 0.927635
-1350.7 0.928611
-1350.5 0.929423
-1350.3 0.930317
-1350.1 0.931249
-1349.9 0.932087
-1349.7 0.932881
-1349.5 0.933663
-1349.3 0.934552
-1349.1 0.935444
-1348.9 0.936291
-1348.7 0.937094
-1348.5 0.937829
-1348.3 0.938586
-1348.1 0.939442
-1347.9 0.940227
-1347.7 0.94106
-1347.5 0.941769
-1347.3 0.942607
-1347.1 0.943408
-1346.9 0.944178
-1346.7 0.945004
-1346.5 0.945875
-1346.3 0.946641
-1346.1 0.947458
-1345.9 0.948256
-1345.7 0.949066
-1345.5 0.949806
-1345.3 0.950606
-1345.1 0.951362
-1344.9 0.952109
-1344.7 0.952889
-1344.5 0.953626
-1344.3 0.954342
-1344.1 0.955117
-1343.9 0.955885
-1343.7 0.956625
-1343.5 0.957374
-1343.3 0.958043
-1343.1 0.958781
-1342.9 0.959455
-1342.7 0.960148
-1342.5 0.960853
-1342.3 0.96156
-1342.1 0.962299
-1341.9 0.963051
-1341.7 0.963718
-1341.5 0.964432
-1341.3 0.96509
-1341.1 0.965745
-1340.9 0.966384
-1340.7 0.967044
-1340.5 0.967674
-1340.3 0.968299
-1340.1 0.968891
-1339.9 0.969484
-1339.7 0.970064
-1339.5 0.970675
-1339.3 0.971244
-1339.1 0.971839
-1338.9 0.972445
-1338.7 0.973025
-1338.5 0.973552
-1338.3 0.974084
-1338.1 0.974547
-1337.9 0.975085
-1337.7 0.9756
-1337.5 0.976122
-1337.3 0.976527
-1337.1 0.977061
-1336.9 0.977504
-1336.7 0.977925
-1336.5 0.978428
-1336.3 0.978913
-1336.1 0.979381
-1335.9 0.979852
-1335.7 0.980254
-1335.5 0.980715
-1335.3 0.981165
-1335.1 0.981612
-1334.9 0.982059
-1334.7 0.982466
-1334.5 0.982843
-1334.3 0.983286
-1334.1 0.983672
-1333.9 0.984079
-1333.7 0.984426
-1333.5 0.984828
-1333.3 0.985198
-1333.1 0.985603
-1332.9 0.985924
-1332.7 0.986254
-1332.5 0.986631
-1332.3 0.987001
-1332.1 0.987345
-1331.9 0.987666
-1331.7 0.988021
-1331.5 0.988288
-1331.3 0.988583
-1331.1 0.988897
-1330.9 0.989147
-1330.7 0.989466
-1330.5 0.989747
-1330.3 0.990035
-1330.1 0.990341
-1329.9 0.990632
-1329.7 0.990866
-1329.5 0.991163
-1329.3 0.991362
-1329.1 0.991631
-1328.9 0.991865
-1328.7 0.992106
-1328.5 0.992336
-1328.3 0.992572
-1328.1 0.992748
-1327.9 0.992961
-1327.7 0.993167
-1327.5 0.993387
-1327.3 0.993579
-1327.1 0.993771
-1326.9 0.993946
-1326.7 0.994108
-1326.5 0.994309
-1326.3 0.994515
-1326.1 0.994635
-1325.9 0.994794
-1325.7 0.994934
-1325.5 0.995107
-1325.3 0.995271
-1325.1 0.995421
-1324.9 0.995562
-1324.7 0.995674
-1324.5 0.995786
-1324.3 0.995896
-1324.1 0.996002
-1323.9 0.996126
-1323.7 0.996245
-1323.5 0.99636
-1323.3 0.996456
-1323.1 0.996542
-1322.9 0.996667
-1322.7 0.996795
-1322.5 0.996889
-1322.3 0.996999
-1322.1 0.997109
-1321.9 0.997198
-1321.7 0.997282
-1321.5 0.997376
-1321.3 0.997448
-1321.1 0.997563
-1320.9 0.997647
-1320.7 0.997732
-1320.5 0.997797
-1320.3 0.997856
-1320.1 0.997935
-1319.9 0.997987
-1319.7 0.998045
-1319.5 0.998111
-1319.3 0.998181
-1319.1 0.998249
-1318.9 0.9983
-1318.7 0.998371
-1318.5 0.99845
-1318.3 0.998504
-1318.1 0.99856
-1317.9 0.998609
-1317.7 0.998659
-1317.5 0.998727
-1317.3 0.998769
-1317.1 0.998804
-1316.9 0.998844
-1316.7 0.998902
-1316.5 0.998944
-1316.3 0.998979
-1316.1 0.999005
-1315.9 0.999031
-1315.7 0.999061
-1315.5 0.999082
-1315.3 0.999132
-1315.1 0.999169
-1314.9 0.99919
-1314.7 0.999216
-1314.5 0.999258
-1314.3 0.999286
-1314.1 0.999307
-1313.9 0.999328
-1313.7 0.999352
-1313.5 0.999375
-1313.3 0.999403
-1313.1 0.999419
-1312.9 0.999441
-1312.7 0.999455
-1312.5 0.999473
-1312.3 0.999485
-1312.1 0.999506
-1311.9 0.999529
-1311.7 0.999541
-1311.5 0.999551
-1311.3 0.999558
-1311.1 0.999576
-1310.9 0.999588
-1310.7 0.999604
-1310.5 0.999618
-1310.3 0.999632
-1310.1 0.999639
-1309.9 0.999647
-1309.7 0.999658
-1309.5 0.999668
-1309.3 0.999682
-1309.1 0.999689
-1308.9 0.999693
-1308.7 0.9997
-1308.5 0.999705
-1308.3 0.999714
-1308.1 0.999724
-1307.9 0.99974
-1307.7 0.999747
-1307.5 0.999754
-1307.3 0.999764
-1307.1 0.999768
-1306.9 0.999773
-1306.7 0.99978
-1306.5 0.999792
-1306.3 0.999808
-1306.1 0.999817
-1305.9 0.99982
-1305.7 0.999831
-1305.5 0.999836
-1305.3 0.999848
-1305.1 0.999855
-1304.9 0.999864
-1304.7 0.999874
-1304.5 0.999885
-1304.3 0.999892
-1304.1 0.999892
-1303.9 0.999895
-1303.7 0.999899
-1303.5 0.999902
-1303.3 0.999909
-1303.1 0.999916
-1302.9 0.999923
-1302.7 0.99993
-1302.5 0.999934
-1302.3 0.999934
-1302.1 0.999939
-1301.9 0.999939
-1301.7 0.999941
-1301.5 0.999953
-1301.3 0.999958
-1301.1 0.99996
-1300.9 0.999974
-1300.7 0.999979
-1300.5 0.999988
-1300.3 0.999991
-1300.1 0.999993
-1299.9 1
