1500
-1599.7 1.25531e-06
-1599.5 3.76593e-06
-1599.3 5.02125e-06
-1599.1 6.27656e-06
-1598.9 6.27656e-06
-1598.7 6.27656e-06
-1598.5 6.27656e-06
-1598.3 6.27656e-06
-1598.1 6.27656e-06
-1597.9 7.53187e-06
-1597.7 8.78718e-06
-1597.5 1.00425e-05
-1597.3 1.25531e-05
-1597.1 1.50637e-05
-1596.9 1.50637e-05
-1596.7 1.6319e-05
-1596.5 1.6319e-05
-1596.3 1.6319e-05
-1596.1 1.6319e-05
-1595.9 1.6319e-05
-1595.7 1.6319e-05
-1595.5 1.6319e-05
-1595.3 1.6319e-05
-1595.1 1.6319e-05
-1594.9 1.6319e-05
-1594.7 1.6319e-05
-1594.5 1.6319e-05
-1594.3 1.75744e-05
-1594.1 1.75744e-05
-1593.9 1.75744e-05
-1593.7 1.75744e-05
-1593.5 1.88297e-05
-1593.3 2.0085e-05
-1593.1 2.0085e-05
-1592.9 2.13403e-05
-1592.7 2.25956e-05
-1592.5 2.25956e-05
-1592.3 2.25956e-05
-1592.1 2.25956e-05
-1591.9 2.25956e-05
-1591.7 2.25956e-05
-1591.5 2.25956e-05
-1591.3 2.25956e-05
-1591.1 2.25956e-05
-1590.9 2.51062e-05
-1590.7 2.63615e-05
-1590.5 2.63615e-05
-1590.3 2.63615e-05
-1590.1 2.63615e-05
-1589.9 2.63615e-05
-1589.7 2.88722e-05
-1589.5 2.88722e-05
-1589.3 2.88722e-05
-1589.1 2.88722e-05
-1588.9 2.88722e-05
-1588.7 3.01275e-05
-1588.5 3.13828e-05
-1588.3 3.13828e-05
-1588.1 3.13828e-05
-1587.9 3.13828e-05
-1587.7 3.13828e-05
-1587.5 3.13828e-05
-1587.3 3.13828e-05
-1587.1 3.13828e-05
-1586.9 3.13828e-05
-1586.7 3.13828e-05
-1586.5 3.13828e-05
-1586.3 3.26381e-05
-1586.1 3.26381e-05
-1585.9 3.26381e-05
-1585.7 3.26381e-05
-1585.5 3.26381e-05
-1585.3 3.26381e-05
-1585.1 3.38934e-05
-1584.9 3.51487e-05
-1584.7 3.51487e-05
-1584.5 3.6404e-05
-1584.3 3.89147e-05
-1584.1 4.017e-05
-1583.9 4.017e-05
-1583.7 4.017e-05
-1583.5 4.017e-05
-1583.3 4.017e-05
-1583.1 4.017e-05
-1582.9 4.017e-05
-1582.7 4.017e-05
-1582.5 4.017e-05
-1582.3 4.14253e-05
-1582.1 4.14253e-05
-1581.9 4.14253e-05
-1581.7 4.14253e-05
-1581.5 4.14253e-05
-1581.3 4.14253e-05
-1581.1 4.26806e-05
-1580.9 4.26806e-05
-1580.7 4.26806e-05
-1580.5 4.26806e-05
-1580.3 4.26806e-05
-1580.1 4.26806e-05
-1579.9 4.39359e-05
-1579.7 4.64465e-05
-1579.5 4.64465e-05
-1579.3 4.64465e-05
-1579.1 4.77018e-05
-1578.9 4.77018e-05
-1578.7 4.77018e-05
-1578.5 4.89571e-05
-1578.3 4.89571e-05
-1578.1 4.89571e-05
-1577.9 4.89571e-05
-1577.7 5.02125e-05
-1577.5 5.02125e-05
-1577.3 5.02125e-05
-1577.1 5.14678e-05
-1576.9 5.39784e-05
-1576.7 5.39784e-05
-1576.5 5.52337e-05
-1576.3 5.52337e-05
-1576.1 5.6489e-05
-1575.9 5.6489e-05
-1575.7 5.6489e-05
-1575.5 5.6489e-05
-1575.3 5.77443e-05
-1575.1 5.77443e-05
-1574.9 5.77443e-05
-1574.7 5.89996e-05
-1574.5 5.89996e-05
-1574.3 5.89996e-05
-1574.1 6.0255e-05
-1573.9 6.27656e-05
-1573.7 6.27656e-05
-1573.5 6.40209e-05
-1573.3 6.40209e-05
-1573.1 6.40209e-05
-1572.9 6.40209e-05
-1572.7 6.40209e-05
-1572.5 6.40209e-05
-1572.3 6.52762e-05
-1572.1 6.65315e-05
-1571.9 6.65315e-05
-1571.7 6.65315e-05
-1571.5 6.65315e-05
-1571.3 6.77868e-05
-1571.1 6.77868e-05
-1570.9 6.77868e-05
-1570.7 6.77868e-05
-1570.5 6.77868e-05
-1570.3 6.77868e-05
-1570.1 6.77868e-05
-1569.9 6.90421e-05
-1569.7 7.02974e-05
-1569.5 7.15528e-05
-1569.3 7.15528e-05
-1569.1 7.28081e-05
-1568.9 7.40634e-05
-1568.7 7.40634e-05
-1568.5 7.6574e-05
-1568.3 7.78293e-05
-1568.1 8.41059e-05
-1567.9 9.28931e-05
-1567.7 0.000100425
-1567.5 0.000105446
-1567.3 0.000111723
-1567.1 0.000116744
-1566.9 0.000133063
-1566.7 0.000150637
-1566.5 0.000178254
-1566.3 0.00022219
-1566.1 0.000247296
-1565.9 0.000288722
-1565.7 0.00032387
-1565.5 0.000394168
-1565.3 0.000450657
-1565.1 0.00052221
-1564.9 0.000598784
-1564.7 0.000691677
-1564.5 0.000770761
-1564.3 0.000879973
-1564.1 0.00098793
-1563.9 0.0011097
-1563.7 0.00122895
-1563.5 0.00132937
-1563.3 0.00146244
-1563.1 0.00161935
-1562.9 0.00177124
-1562.7 0.00192816
-1562.5 0.00208131
-1562.3 0.00225956
-1562.1 0.0024692
-1561.9 0.00266754
-1561.7 0.00284077
-1561.5 0.00303158
-1561.3 0.00325251
-1561.1 0.00350232
-1560.9 0.0037107
-1560.7 0.00394795
-1560.5 0.00421408
-1560.3 0.00448899
-1560.1 0.00475261
-1559.9 0.00501622
-1559.7 0.00531248
-1559.5 0.00560497
-1559.3 0.00591754
-1559.1 0.00624266
-1558.9 0.00656402
-1558.7 0.00690798
-1558.5 0.0072444
-1558.3 0.00763104
-1558.1 0.00805157
-1557.9 0.00847335
-1557.7 0.00889263
-1557.5 0.00930186
-1557.3 0.00968975
-1557.1 0.0101404
-1556.9 0.0106036
-1556.7 0.0111635
-1556.5 0.0116832
-1556.3 0.0122443
-1556.1 0.0127929
-1555.9 0.0133553
-1555.7 0.0139817
-1555.5 0.0145704
-1555.3 0.0152006
-1555.1 0.0158634
-1554.9 0.0165626
-1554.7 0.0172317
-1554.5 0.0180125
-1554.3 0.0187732
-1554.1 0.019549
-1553.9 0.0204038
-1553.7 0.0212574
-1553.5 0.0220784
-1553.3 0.0229634
-1553.1 0.0238296
-1552.9 0.0248213
-1552.7 0.0257577
-1552.5 0.0267293
-1552.3 0.0278077
-1552.1 0.0288006
-1551.9 0.0298224
-1551.7 0.0309058
-1551.5 0.0320468
-1551.3 0.0331402
-1551.1 0.0342085
-1550.9 0.0353772
-1550.7 0.0365358
-1550.5 0.0376631
-1550.3 0.0388444
-1550.1 0.0400808
-1549.9 0.0412621
-1549.7 0.0425425
-1549.5 0.0438242
-1549.3 0.0451197
-1549.1 0.0463963
-1548.9 0.0476629
-1548.7 0.0489772
-1548.5 0.0502602
-1548.3 0.0515933
-1548.1 0.0529403
-1547.9 0.0542295
-1547.7 0.0554948
-1547.5 0.0568254
-1547.3 0.0581636
-1547.1 0.0593762
-1546.9 0.0606541
-1546.7 0.0619647
-1546.5 0.0632953
-1546.3 0.0646034
-1546.1 0.0658913
-1545.9 0.0671177
-1545.7 0.0683856
-1545.5 0.069725
-1545.3 0.0710305
-1545.1 0.0722771
-1544.9 0.0735387
-1544.7 0.0747864
-1544.5 0.076102
-1544.3 0.0773611
-1544.1 0.0786679
-1543.9 0.079942
-1543.7 0.0812124
-1543.5 0.0824702
-1543.3 0.0837017
-1543.1 0.0849771
-1542.9 0.0862098
-1542.7 0.0874086
-1542.5 0.0886526
-1542.3 0.0898238
-1542.1 0.091044
-1541.9 0.0922177
-1541.7 0.0933814
-1541.5 0.0945162
-1541.3 0.0956711
-1541.1 0.0967858
-1540.9 0.0979607
-1540.7 0.0991483
-1540.5 0.100252
-1540.3 0.101417
-1540.1 0.10258
-1539.9 0.103721
-1539.7 0.10485
-1539.5 0.105899
-1539.3 0.10695
-1539.1 0.108025
-1538.9 0.109131
-1538.7 0.110219
-1538.5 0.111365
-1538.3 0.112414
-1538.1 0.113504
-1537.9 0.114558
-1537.7 0.115593
-1537.5 0.116682
-1537.3 0.117791
-1537.1 0.118843
-1536.9 0.119825
-1536.7 0.120859
-1536.5 0.121918
-1536.3 0.122954
-1536.1 0.123972
-1535.9 0.125057
-1535.7 0.126052
-1535.5 0.127068
-1535.3 0.128161
-1535.1 0.129205
-1534.9 0.130177
-1534.7 0.131174
-1534.5 0.13215
-1534.3 0.133151
-1534.1 0.13412
-1533.9 0.135143
-1533.7 0.13615
-1533.5 0.137103
-1533.3 0.138074
-1533.1 0.138983
-1532.9 0.139921
-1532.7 0.140805
-1532.5 0.14175
-1532.3 0.142645
-1532.1 0.14358
-1531.9 0.144485
-1531.7 0.145438
-1531.5 0.146394
-1531.3 0.1473
-1531.1 0.148245
-1530.9 0.149174
-1530.7 0.150134
-1530.5 0.151086
-1530.3 0.152033
-1530.1 0.152958
-1529.9 0.15386
-1529.7 0.154746
-1529.5 0.155651
-1529.3 0.156545
-1529.1 0.157421
-1528.9 0.158291
-1528.7 0.159185
-1528.5 0.160124
-1528.3 0.161055
-1528.1 0.161987
-1527.9 0.162774
-1527.7 0.16371
-1527.5 0.16463
-1527.3 0.165525
-1527.1 0.16641
-1526.9 0.167249
-1526.7 0.168153
-1526.5 0.169021
-1526.3 0.169891
-1526.1 0.170811
-1525.9 0.171644
-1525.7 0.172497
-1525.5 0.173376
-1525.3 0.174275
-1525.1 0.175182
-1524.9 0.176124
-1524.7 0.176971
-1524.5 0.177861
-1524.3 0.178812
-1524.1 0.179719
-1523.9 0.180638
-1523.7 0.181572
-1523.5 0.18247
-1523.3 0.183382
-1523.1 0.184245
-1522.9 0.185166
-1522.7 0.186042
-1522.5 0.186964
-1522.3 0.187859
-1522.1 0.188855
-1521.9 0.189723
-1521.7 0.19062
-1521.5 0.191481
-1521.3 0.192392
-1521.1 0.193357
-1520.9 0.194312
-1520.7 0.195212
-1520.5 0.1962
-1520.3 0.197135
-1520.1 0.198083
-1519.9 0.199026
-1519.7 0.200023
-1519.5 0.200997
-1519.3 0.201965
-1519.1 0.202924
-1518.9 0.20386
-1518.7 0.204803
-1518.5 0.205786
-1518.3 0.206712
-1518.1 0.207677
-1517.9 0.208594
-1517.7 0.209484
-1517.5 0.21044
-1517.3 0.211333
-1517.1 0.212228
-1516.9 0.213117
-1516.7 0.214039
-1516.5 0.214883
-1516.3 0.215774
-1516.1 0.216697
-1515.9 0.217586
-1515.7 0.218418
-1515.5 0.219312
-1515.3 0.220205
-1515.1 0.221082
-1514.9 0.22196
-1514.7 0.22283
-1514.5 0.223669
-1514.3 0.224544
-1514.1 0.225423
-1513.9 0.22627
-1513.7 0.227086
-1513.5 0.227853
-1513.3 0.228685
-1513.1 0.229501
-1512.9 0.230303
-1512.7 0.231095
-1512.5 0.231866
-1512.3 0.232608
-1512.1 0.233406
-1511.9 0.234192
-1511.7 0.234987
-1511.5 0.235788
-1511.3 0.236616
-1511.1 0.237388
-1510.9 0.238192
-1510.7 0.23899
-1510.5 0.23981
-1510.3 0.240643
-1510.1 0.241443
-1509.9 0.242325
-1509.7 0.243146
-1509.5 0.243942
-1509.3 0.244784
-1509.1 0.245587
-1508.9 0.24644
-1508.7 0.24725
-1508.5 0.248031
-1508.3 0.248855
-1508.1 0.249698
-1507.9 0.250556
-1507.7 0.251401
-1507.5 0.252255
-1507.3 0.253065
-1507.1 0.253933
-1506.9 0.254782
-1506.7 0.255674
-1506.5 0.256533
-1506.3 0.257413
-1506.1 0.258255
-1505.9 0.259093
-1505.7 0.259988
-1505.5 0.260896
-1505.3 0.261869
-1505.1 0.262806
-1504.9 0.263731
-1504.7 0.264597
-1504.5 0.265523
-1504.3 0.266459
-1504.1 0.267409
-1503.9 0.268335
-1503.7 0.269291
-1503.5 0.270184
-1503.3 0.271102
-1503.1 0.27199
-1502.9 0.272908
-1502.7 0.273799
-1502.5 0.274687
-1502.3 0.275601
-1502.1 0.276543
-1501.9 0.277424
-1501.7 0.278245
-1501.5 0.279179
-1501.3 0.280101
-1501.1 0.28103
-1500.9 0.281982
-1500.7 0.282902
-1500.5 0.28381
-1500.3 0.284663
-1500.1 0.285524
-1499.9 0.286419
-1499.7 0.287347
-1499.5 0.28825
-1499.3 0.289167
-1499.1 0.290046
-1498.9 0.290864
-1498.7 0.291808
-1498.5 0.292685
-1498.3 0.293556
-1498.1 0.294425
-1497.9 0.295348
-1497.7 0.296241
-1497.5 0.297102
-1497.3 0.29798
-1497.1 0.298837
-1496.9 0.299706
-1496.7 0.300557
-1496.5 0.301361
-1496.3 0.302214
-1496.1 0.303036
-1495.9 0.303798
-1495.7 0.304624
-1495.5 0.305417
-1495.3 0.306246
-1495.1 0.307024
-1494.9 0.307804
-1494.7 0.308625
-1494.5 0.309414
-1494.3 0.310213
-1494.1 0.311055
-1493.9 0.311826
-1493.7 0.312576
-1493.5 0.313358
-1493.3 0.314196
-1493.1 0.314982
-1492.9 0.315743
-1492.7 0.316551
-1492.5 0.317349
-1492.3 0.318144
-1492.1 0.318896
-1491.9 0.319712
-1491.7 0.320501
-1491.5 0.321379
-1491.3 0.322172
-1491.1 0.323007
-1490.9 0.323865
-1490.7 0.324759
-1490.5 0.325617
-1490.3 0.326461
-1490.1 0.327388
-1489.9 0.32824
-1489.7 0.32913
-1489.5 0.330041
-1489.3 0.330954
-1489.1 0.331816
-1488.9 0.332737
-1488.7 0.333691
-1488.5 0.334598
-1488.3 0.335515
-1488.1 0.336406
-1487.9 0.337331
-1487.7 0.33821
-1487.5 0.339117
-1487.3 0.340108
-1487.1 0.341007
-1486.9 0.341883
-1486.7 0.342816
-1486.5 0.343701
-1486.3 0.344598
-1486.1 0.345541
-1485.9 0.346514
-1485.7 0.347361
-1485.5 0.348309
-1485.3 0.349154
-1485.1 0.350096
-1484.9 0.351045
-1484.7 0.351928
-1484.5 0.35272
-1484.3 0.353572
-1484.1 0.354391
-1483.9 0.355277
-1483.7 0.356159
-1483.5 0.357008
-1483.3 0.357916
-1483.1 0.358737
-1482.9 0.359566
-1482.7 0.360369
-1482.5 0.361221
-1482.3 0.362012
-1482.1 0.36281
-1481.9 0.363597
-1481.7 0.364409
-1481.5 0.365178
-1481.3 0.366024
-1481.1 0.366826
-1480.9 0.367641
-1480.7 0.368489
-1480.5 0.369325
-1480.3 0.370206
-1480.1 0.371016
-1479.9 0.371827
-1479.7 0.372664
-1479.5 0.373529
-1479.3 0.37438
-1479.1 0.375249
-1478.9 0.376128
-1478.7 0.376985
-1478.5 0.377854
-1478.3 0.378779
-1478.1 0.379649
-1477.9 0.380497
-1477.7 0.38138
-1477.5 0.382345
-1477.3 0.38324
-1477.1 0.384157
-1476.9 0.38504
-1476.7 0.385895
-1476.5 0.386744
-1476.3 0.387638
-1476.1 0.388513
-1475.9 0.389386
-1475.7 0.390283
-1475.5 0.391176
-1475.3 0.392055
-1475.1 0.392924
-1474.9 0.393831
-1474.7 0.394745
-1474.5 0.395669
-1474.3 0.39653
-1474.1 0.397413
-1473.9 0.398307
-1473.7 0.399185
-1473.5 0.40006
-1473.3 0.400977
-1473.1 0.401884
-1472.9 0.402767
-1472.7 0.403642
-1472.5 0.404554
-1472.3 0.405434
-1472.1 0.406294
-1471.9 0.407183
-1471.7 0.408063
-1471.5 0.409012
-1471.3 0.409921
-1471.1 0.410879
-1470.9 0.411746
-1470.7 0.412655
-1470.5 0.413515
-1470.3 0.414397
-1470.1 0.415263
-1469.9 0.416121
-1469.7 0.416988
-1469.5 0.417938
-1469.3 0.418795
-1469.1 0.419705
-1468.9 0.420568
-1468.7 0.421404
-1468.5 0.422287
-1468.3 0.423135
-1468.1 0.424025
-1467.9 0.424903
-1467.7 0.425774
-1467.5 0.426609
-1467.3 0.427454
-1467.1 0.428346
-1466.9 0.42921
-1466.7 0.430055
-1466.5 0.430883
-1466.3 0.431731
-1466.1 0.432617
-1465.9 0.43345
-1465.7 0.434269
-1465.5 0.435115
-1465.3 0.436002
-1465.1 0.436872
-1464.9 0.43776
-1464.7 0.438635
-1464.5 0.439498
-1464.3 0.440346
-1464.1 0.441207
-1463.9 0.44204
-1463.7 0.442856
-1463.5 0.44375
-1463.3 0.444594
-1463.1 0.445521
-1462.9 0.446369
-1462.7 0.447167
-1462.5 0.447957
-1462.3 0.448886
-1462.1 0.449764
-1461.9 0.450743
-1461.7 0.451635
-1461.5 0.452515
-1461.3 0.453434
-1461.1 0.45428
-1460.9 0.455201
-1460.7 0.45615
-1460.5 0.456975
-1460.3 0.457877
-1460.1 0.458767
-1459.9 0.459693
-1459.7 0.460564
-1459.5 0.461429
-1459.3 0.462319
-1459.1 0.463251
-1458.9 0.46411
-1458.7 0.465035
-1458.5 0.465909
-1458.3 0.466855
-1458.1 0.467737
-1457.9 0.468589
-1457.7 0.469474
-1457.5 0.470384
-1457.3 0.47126
-1457.1 0.472158
-1456.9 0.47297
-1456.7 0.473859
-1456.5 0.474702
-1456.3 0.475599
-1456.1 0.47646
-1455.9 0.477342
-1455.7 0.478193
-1455.5 0.479051
-1455.3 0.479908
-1455.1 0.480742
-1454.9 0.481597
-1454.7 0.482465
-1454.5 0.48335
-1454.3 0.484195
-1454.1 0.485021
-1453.9 0.485897
-1453.7 0.486714
-1453.5 0.487498
-1453.3 0.488338
-1453.1 0.489177
-1452.9 0.490035
-1452.7 0.490873
-1452.5 0.491708
-1452.3 0.492528
-1452.1 0.493437
-1451.9 0.494258
-1451.7 0.495129
-1451.5 0.496021
-1451.3 0.496847
-1451.1 0.497682
-1450.9 0.498527
-1450.7 0.499381
-1450.5 0.500203
-1450.3 0.50108
-1450.1 0.501988
-1449.9 0.50284
-1449.7 0.503716
-1449.5 0.504565
-1449.3 0.505434
-1449.1 0.506329
-1448.9 0.507195
-1448.7 0.508081
-1448.5 0.50898
-1448.3 0.509894
-1448.1 0.510823
-1447.9 0.511645
-1447.7 0.512522
-1447.5 0.513361
-1447.3 0.514289
-1447.1 0.515209
-1446.9 0.516085
-1446.7 0.516955
-1446.5 0.517891
-1446.3 0.518754
-1446.1 0.51967
-1445.9 0.52055
-1445.7 0.521478
-1445.5 0.522353
-1445.3 0.523229
-1445.1 0.524164
-1444.9 0.525045
-1444.7 0.525919
-1444.5 0.526827
-1444.3 0.527707
-1444.1 0.528548
-1443.9 0.529426
-1443.7 0.530328
-1443.5 0.531208
-1443.3 0.532075
-1443.1 0.532979
-1442.9 0.533861
-1442.7 0.534707
-1442.5 0.535604
-1442.3 0.536501
-1442.1 0.53735
-1441.9 0.53818
-1441.7 0.539078
-1441.5 0.539921
-1441.3 0.540782
-1441.1 0.541637
-1440.9 0.542516
-1440.7 0.543355
-1440.5 0.544185
-1440.3 0.54506
-1440.1 0.545857
-1439.9 0.546716
-1439.7 0.547536
-1439.5 0.548367
-1439.3 0.549235
-1439.1 0.550047
-1438.9 0.550882
-1438.7 0.551679
-1438.5 0.552563
-1438.3 0.553366
-1438.1 0.554145
-1437.9 0.555011
-1437.7 0.555942
-1437.5 0.556793
-1437.3 0.55767
-1437.1 0.558471
-1436.9 0.559318
-1436.7 0.560176
-1436.5 0.561059
-1436.3 0.56193
-1436.1 0.562725
-1435.9 0.563624
-1435.7 0.56445
-1435.5 0.565357
-1435.3 0.566194
-1435.1 0.567081
-1434.9 0.567944
-1434.7 0.568823
-1434.5 0.569706
-1434.3 0.570535
-1434.1 0.571462
-1433.9 0.572344
-1433.7 0.573257
-1433.5 0.574176
-1433.3 0.575051
-1433.1 0.575983
-1432.9 0.576867
-1432.7 0.577692
-1432.5 0.578545
-1432.3 0.579433
-1432.1 0.580326
-1431.9 0.581205
-1431.7 0.582065
-1431.5 0.582943
-1431.3 0.583839
-1431.1 0.584768
-1430.9 0.585635
-1430.7 0.58648
-1430.5 0.587493
-1430.3 0.588323
-1430.1 0.589197
-1429.9 0.590079
-1429.7 0.590968
-1429.5 0.591892
-1429.3 0.592759
-1429.1 0.593568
-1428.9 0.594414
-1428.7 0.595285
-1428.5 0.596104
-1428.3 0.597001
-1428.1 0.597871
-1427.9 0.598712
-1427.7 0.599524
-1427.5 0.600429
-1427.3 0.601311
-1427.1 0.602168
-1426.9 0.602947
-1426.7 0.603757
-1426.5 0.604572
-1426.3 0.605402
-1426.1 0.606278
-1425.9 0.607139
-1425.7 0.608006
-1425.5 0.608836
-1425.3 0.609704
-1425.1 0.610532
-1424.9 0.611337
-1424.7 0.612126
-1424.5 0.612927
-1424.3 0.613727
-1424.1 0.614553
-1423.9 0.615375
-1423.7 0.616211
-1423.5 0.617101
-1423.3 0.617916
-1423.1 0.618738
-1422.9 0.619614
-1422.7 0.620468
-1422.5 0.621372
-1422.3 0.62221
-1422.1 0.623109
-1421.9 0.623974
-1421.7 0.624878
-1421.5 0.62577
-1421.3 0.626594
-1421.1 0.627451
-1420.9 0.628276
-1420.7 0.629205
-1420.5 0.630057
-1420.3 0.630956
-1420.1 0.631828
-1419.9 0.632676
-1419.7 0.633538
-1419.5 0.634451
-1419.3 0.635351
-1419.1 0.636227
-1418.9 0.637072
-1418.7 0.637957
-1418.5 0.638808
-1418.3 0.639682
-1418.1 0.640549
-1417.9 0.641403
-1417.7 0.64232
-1417.5 0.643193
-1417.3 0.644055
-1417.1 0.64495
-1416.9 0.645835
-1416.7 0.646666
-1416.5 0.647542
-1416.3 0.648307
-1416.1 0.649201
-1415.9 0.650069
-1415.7 0.650897
-1415.5 0.651834
-1415.3 0.652694
-1415.1 0.653469
-1414.9 0.65433
-1414.7 0.655192
-1414.5 0.656042
-1414.3 0.656892
-1414.1 0.657756
-1413.9 0.658572
-1413.7 0.659425
-1413.5 0.660332
-1413.3 0.661179
-1413.1 0.662021
-1412.9 0.662879
-1412.7 0.663716
-1412.5 0.664554
-1412.3 0.665398
-1412.1 0.666242
-1411.9 0.667137
-1411.7 0.66798
-1411.5 0.668807
-1411.3 0.669631
-1411.1 0.670508
-1410.9 0.671344
-1410.7 0.672183
-1410.5 0.673067
-1410.3 0.673922
-1410.1 0.674727
-1409.9 0.67558
-1409.7 0.67648
-1409.5 0.677392
-1409.3 0.678249
-1409.1 0.679068
-1408.9 0.679943
-1408.7 0.680758
-1408.5 0.681603
-1408.3 0.68251
-1408.1 0.683295
-1407.9 0.684198
-1407.7 0.685065
-1407.5 0.685967
-1407.3 0.686819
-1407.1 0.687704
-1406.9 0.688619
-1406.7 0.689524
-1406.5 0.69042
-1406.3 0.691309
-1406.1 0.692208
-1405.9 0.693132
-1405.7 0.694082
-1405.5 0.694949
-1405.3 0.695815
-1405.1 0.696709
-1404.9 0.697605
-1404.7 0.698517
-1404.5 0.699393
-1404.3 0.700258
-1404.1 0.701163
-1403.9 0.702034
-1403.7 0.702985
-1403.5 0.70381
-1403.3 0.704707
-1403.1 0.705623
-1402.9 0.706502
-1402.7 0.70733
-1402.5 0.708207
-1402.3 0.709029
-1402.1 0.709926
-1401.9 0.710858
-1401.7 0.711783
-1401.5 0.712628
-1401.3 0.713473
-1401.1 0.714376
-1400.9 0.715269
-1400.7 0.71607
-1400.5 0.716964
-1400.3 0.717825
-1400.1 0.718661
-1399.9 0.719532
-1399.7 0.720399
-1399.5 0.721204
-1399.3 0.72205
-1399.1 0.72286
-1398.9 0.723722
-1398.7 0.724573
-1398.5 0.725447
-1398.3 0.726279
-1398.1 0.727129
-1397.9 0.727935
-1397.7 0.728794
-1397.5 0.72958
-1397.3 0.730365
-1397.1 0.73121
-1396.9 0.732014
-1396.7 0.732801
-1396.5 0.733585
-1396.3 0.734399
-1396.1 0.735242
-1395.9 0.736083
-1395.7 0.736862
-1395.5 0.737691
-1395.3 0.738506
-1395.1 0.739317
-1394.9 0.740164
-1394.7 0.74099
-1394.5 0.74174
-1394.3 0.742571
-1394.1 0.743432
-1393.9 0.74424
-1393.7 0.745042
-1393.5 0.745901
-1393.3 0.746736
-1393.1 0.747556
-1392.9 0.74839
-1392.7 0.749221
-1392.5 0.750054
-1392.3 0.750946
-1392.1 0.751785
-1391.9 0.75263
-1391.7 0.753473
-1391.5 0.754351
-1391.3 0.755213
-1391.1 0.756095
-1390.9 0.756999
-1390.7 0.757881
-1390.5 0.758783
-1390.3 0.759605
-1390.1 0.760484
-1389.9 0.76135
-1389.7 0.76217
-1389.5 0.763047
-1389.3 0.763905
-1389.1 0.764773
-1388.9 0.765668
-1388.7 0.766503
-1388.5 0.767447
-1388.3 0.768351
-1388.1 0.769247
-1387.9 0.770107
-1387.7 0.770962
-1387.5 0.771802
-1387.3 0.772738
-1387.1 0.773588
-1386.9 0.774409
-1386.7 0.775294
-1386.5 0.776202
-1386.3 0.777033
-1386.1 0.777859
-1385.9 0.778746
-1385.7 0.77961
-1385.5 0.780449
-1385.3 0.781292
-1385.1 0.782156
-1384.9 0.783067
-1384.7 0.783914
-1384.5 0.784757
-1384.3 0.7856
-1384.1 0.786415
-1383.9 0.787217
-1383.7 0.788033
-1383.5 0.78889
-1383.3 0.789768
-1383.1 0.790673
-1382.9 0.791525
-1382.7 0.792371
-1382.5 0.79328
-1382.3 0.794152
-1382.1 0.795016
-1381.9 0.79587
-1381.7 0.796673
-1381.5 0.797521
-1381.3 0.798422
-1381.1 0.799288
-1380.9 0.80022
-1380.7 0.801077
-1380.5 0.801933
-1380.3 0.802783
-1380.1 0.803709
-1379.9 0.804566
-1379.7 0.805501
-1379.5 0.806349
-1379.3 0.807195
-1379.1 0.808123
-1378.9 0.808996
-1378.7 0.809904
-1378.5 0.810832
-1378.3 0.811649
-1378.1 0.812509
-1377.9 0.813423
-1377.7 0.814278
-1377.5 0.815158
-1377.3 0.816042
-1377.1 0.816849
-1376.9 0.817707
-1376.7 0.818555
-1376.5 0.819474
-1376.3 0.820286
-1376.1 0.821123
-1375.9 0.821959
-1375.7 0.822842
-1375.5 0.823703
-1375.3 0.82452
-1375.1 0.825335
-1374.9 0.826161
-1374.7 0.826936
-1374.5 0.827767
-1374.3 0.828626
-1374.1 0.829458
-1373.9 0.83034
-1373.7 0.831152
-1373.5 0.831999
-1373.3 0.832882
-1373.1 0.833739
-1372.9 0.834573
-1372.7 0.835412
-1372.5 0.836284
-1372.3 0.837194
-1372.1 0.838055
-1371.9 0.838944
-1371.7 0.839845
-1371.5 0.840621
-1371.3 0.841427
-1371.1 0.842284
-1370.9 0.843135
-1370.7 0.843906
-1370.5 0.844751
-1370.3 0.845622
-1370.1 0.84649
-1369.9 0.847375
-1369.7 0.848191
-1369.5 0.848991
-1369.3 0.849762
-1369.1 0.850624
-1368.9 0.851429
-1368.7 0.852227
-1368.5 0.853067
-1368.3 0.853863
-1368.1 0.854701
-1367.9 0.855596
-1367.7 0.856395
-1367.5 0.857248
-1367.3 0.858026
-1367.1 0.858898
-1366.9 0.859807
-1366.7 0.860665
-1366.5 0.861463
-1366.3 0.862279
-1366.1 0.863111
-1365.9 0.863977
-1365.7 0.864872
-1365.5 0.865679
-1365.3 0.866515
-1365.1 0.867391
-1364.9 0.868217
-1364.7 0.8691
-1364.5 0.869953
-1364.3 0.870871
-1364.1 0.871705
-1363.9 0.872572
-1363.7 0.873408
-1363.5 0.874248
-1363.3 0.875142
-1363.1 0.875997
-1362.9 0.876851
-1362.7 0.877736
-1362.5 0.878531
-1362.3 0.879356
-1362.1 0.880208
-1361.9 0.881099
-1361.7 0.881919
-1361.5 0.882735
-1361.3 0.883613
-1361.1 0.884375
-1360.9 0.88517
-1360.7 0.886
-1360.5 0.886796
-1360.3 0.887701
-1360.1 0.888517
-1359.9 0.889279
-1359.7 0.890089
-1359.5 0.890908
-1359.3 0.891703
-1359.1 0.892574
-1358.9 0.893455
-1358.7 0.89423
-1358.5 0.895042
-1358.3 0.895879
-1358.1 0.896679
-1357.9 0.89745
-1357.7 0.898285
-1357.5 0.899067
-1357.3 0.899933
-1357.1 0.900796
-1356.9 0.901612
-1356.7 0.902462
-1356.5 0.903312
-1356.3 0.904152
-1356.1 0.904944
-1355.9 0.905814
-1355.7 0.906675
-1355.5 0.907451
-1355.3 0.908286
-1355.1 0.909107
-1354.9 0.909968
-1354.7 0.910803
-1354.5 0.91164
-1354.3 0.912486
-1354.1 0.913327
-1353.9 0.914135
-1353.7 0.915002
-1353.5 0.915885
-1353.3 0.916698
-1353.1 0.917532
-1352.9 0.918338
-1352.7 0.919189
-1352.5 0.920066
-1352.3 0.920905
-1352.1 0.92172
-1351.9 0.922555
-1351.7 0.923429
-1351.5 0.924231
-1351.3 0.92507
-1351.1 0.925952
-1350.9 0.926761
-1350.7 0.927581
-1350.5 0.928388
-1350.3 0.929259
-1350.1 0.930074
-1349.9 0.930903
-1349.7 0.931791
-1349.5 0.932616
-1349.3 0.933388
-1349.1 0.934247
-1348.9 0.93507
-1348.7 0.935895
-1348.5 0.936732
-1348.3 0.937587
-1348.1 0.938397
-1347.9 0.939208
-1347.7 0.94001
-1347.5 0.940857
-1347.3 0.941686
-1347.1 0.942423
-1346.9 0.94327
-1346.7 0.94406
-1346.5 0.944862
-1346.3 0.94564
-1346.1 0.946415
-1345.9 0.947217
-1345.7 0.947972
-1345.5 0.948717
-1345.3 0.94946
-1345.1 0.950281
-1344.9 0.951108
-1344.7 0.95189
-1344.5 0.952663
-1344.3 0.953417
-1344.1 0.954126
-1343.9 0.954877
-1343.7 0.955582
-1343.5 0.956305
-1343.3 0.956999
-1343.1 0.95768
-1342.9 0.958417
-1342.7 0.959153
-1342.5 0.959821
-1342.3 0.960485
-1342.1 0.961168
-1341.9 0.96189
-1341.7 0.962614
-1341.5 0.963335
-1341.3 0.96401
-1341.1 0.964683
-1340.9 0.965365
-1340.7 0.966022
-1340.5 0.9667
-1340.3 0.9673
-1340.1 0.967907
-1339.9 0.968541
-1339.7 0.969118
-1339.5 0.969763
-1339.3 0.970409
-1339.1 0.971015
-1338.9 0.971643
-1338.7 0.97223
-1338.5 0.97283
-1338.3 0.973423
-1338.1 0.973937
-1337.9 0.974441
-1337.7 0.974946
-1337.5 0.975533
-1337.3 0.976084
-1337.1 0.976598
-1336.9 0.977123
-1336.7 0.977596
-1336.5 0.978102
-1336.3 0.978594
-1336.1 0.979065
-1335.9 0.979538
-1335.7 0.979994
-1335.5 0.980482
-1335.3 0.980926
-1335.1 0.98131
-1334.9 0.981716
-1334.7 0.982147
-1334.5 0.982505
-1334.3 0.98287
-1334.1 0.983269
-1333.9 0.983675
-1333.7 0.984051
-1333.5 0.984428
-1333.3 0.984791
-1333.1 0.985131
-1332.9 0.98549
-1332.7 0.985801
-1332.5 0.986144
-1332.3 0.986525
-1332.1 0.986861
-1331.9 0.987142
-1331.7 0.987459
-1331.5 0.987802
-1331.3 0.988107
-1331.1 0.988437
-1330.9 0.98872
-1330.7 0.988997
-1330.5 0.989281
-1330.3 0.989557
-1330.1 0.989804
-1329.9 0.990084
-1329.7 0.990358
-1329.5 0.990598
-1329.3 0.990836
-1329.1 0.991061
-1328.9 0.991268
-1328.7 0.991485
-1328.5 0.991705
-1328.3 0.991901
-1328.1 0.992129
-1327.9 0.992326
-1327.7 0.99254
-1327.5 0.992766
-1327.3 0.992978
-1327.1 0.993172
-1326.9 0.993371
-1326.7 0.993583
-1326.5 0.993761
-1326.3 0.993933
-1326.1 0.994104
-1325.9 0.994283
-1325.7 0.994457
-1325.5 0.99461
-1325.3 0.99476
-1325.1 0.994902
-1324.9 0.995057
-1324.7 0.9952
-1324.5 0.995365
-1324.3 0.995477
-1324.1 0.9956
-1323.9 0.995738
-1323.7 0.995862
-1323.5 0.995984
-1323.3 0.996085
-1323.1 0.996175
-1322.9 0.996313
-1322.7 0.996436
-1322.5 0.996548
-1322.3 0.996642
-1322.1 0.996739
-1321.9 0.996837
-1321.7 0.996932
-1321.5 0.997011
-1321.3 0.997098
-1321.1 0.997177
-1320.9 0.997263
-1320.7 0.997365
-1320.5 0.997439
-1320.3 0.997506
-1320.1 0.997587
-1319.9 0.997658
-1319.7 0.997732
-1319.5 0.997811
-1319.3 0.99786
-1319.1 0.997934
-1318.9 0.99799
-1318.7 0.998048
-1318.5 0.998108
-1318.3 0.998167
-1318.1 0.998225
-1317.9 0.998265
-1317.7 0.998319
-1317.5 0.998377
-1317.3 0.99842
-1317.1 0.998472
-1316.9 0.998497
-1316.7 0.998538
-1316.5 0.998579
-1316.3 0.998619
-1316.1 0.998668
-1315.9 0.998702
-1315.7 0.998737
-1315.5 0.998774
-1315.3 0.998809
-1315.1 0.998849
-1314.9 0.998882
-1314.7 0.998915
-1314.5 0.998951
-1314.3 0.998987
-1314.1 0.999017
-1313.9 0.999046
-1313.7 0.999079
-1313.5 0.9991
-1313.3 0.999128
-1313.1 0.999161
-1312.9 0.999178
-1312.7 0.999203
-1312.5 0.999242
-1312.3 0.999263
-1312.1 0.999283
-1311.9 0.999312
-1311.7 0.999336
-1311.5 0.999362
-1311.3 0.999386
-1311.1 0.999399
-1310.9 0.999424
-1310.7 0.999441
-1310.5 0.999466
-1310.3 0.999484
-1310.1 0.999497
-1309.9 0.999517
-1309.7 0.999532
-1309.5 0.999543
-1309.3 0.999558
-1309.1 0.999573
-1308.9 0.999595
-1308.7 0.999605
-1308.5 0.999612
-1308.3 0.999623
-1308.1 0.999636
-1307.9 0.999646
-1307.7 0.999656
-1307.5 0.999669
-1307.3 0.999681
-1307.1 0.999696
-1306.9 0.999704
-1306.7 0.999713
-1306.5 0.999721
-1306.3 0.999733
-1306.1 0.999749
-1305.9 0.99976
-1305.7 0.999778
-1305.5 0.99978
-1305.3 0.999793
-1305.1 0.999798
-1304.9 0.999805
-1304.7 0.999812
-1304.5 0.999822
-1304.3 0.999829
-1304.1 0.999834
-1303.9 0.999851
-1303.7 0.999863
-1303.5 0.999873
-1303.3 0.999881
-1303.1 0.999892
-1302.9 0.999897
-1302.7 0.99991
-1302.5 0.999921
-1302.3 0.999925
-1302.1 0.99993
-1301.9 0.999936
-1301.7 0.999946
-1301.5 0.999955
-1301.3 0.999957
-1301.1 0.999962
-1300.9 0.99997
-1300.7 0.999976
-1300.5 0.99998
-1300.3 0.99999
-1300.1 0.999995
-1299.9 1
