1424
-1584.5 2.37097e-06
-1584.3 4.74193e-06
-1584.1 4.74193e-06
-1583.9 4.74193e-06
-1583.7 4.74193e-06
-1583.5 9.48386e-06
-1583.3 9.48386e-06
-1583.1 1.18548e-05
-1582.9 1.18548e-05
-1582.7 1.18548e-05
-1582.5 1.18548e-05
-1582.3 1.18548e-05
-1582.1 1.18548e-05
-1581.9 1.18548e-05
-1581.7 1.65968e-05
-1581.5 1.65968e-05
-1581.3 2.37097e-05
-1581.1 2.84516e-05
-1580.9 3.08226e-05
-1580.7 3.55645e-05
-1580.5 4.74193e-05
-1580.3 5.69032e-05
-1580.1 7.34999e-05
-1579.9 8.06128e-05
-1579.7 9.48386e-05
-1579.5 0.000113806
-1579.3 0.000149371
-1579.1 0.000165968
-1578.9 0.000189677
-1578.7 0.000222871
-1578.5 0.000260806
-1578.3 0.000296371
-1578.1 0.00034379
-1577.9 0.000400693
-1577.7 0.000459967
-1577.5 0.000533467
-1577.3 0.000618822
-1577.1 0.000694693
-1576.9 0.000780048
-1576.7 0.00088437
-1576.5 0.000993435
-1576.3 0.00109776
-1576.1 0.00120682
-1575.9 0.00133485
-1575.7 0.00147474
-1575.5 0.00160989
-1575.3 0.00175451
-1575.1 0.00188492
-1574.9 0.0020414
-1574.7 0.00222634
-1574.5 0.00239942
-1574.3 0.0025725
-1574.1 0.00274795
-1573.9 0.00295185
-1573.7 0.00317947
-1573.5 0.00340234
-1573.3 0.00362284
-1573.1 0.0038054
-1572.9 0.0040259
-1572.7 0.004263
-1572.5 0.00447164
-1572.3 0.00469925
-1572.1 0.00497903
-1571.9 0.00524221
-1571.7 0.00550064
-1571.5 0.00577093
-1571.3 0.00607204
-1571.1 0.00638738
-1570.9 0.00668375
-1570.7 0.00698012
-1570.5 0.00727412
-1570.3 0.00764399
-1570.1 0.00799253
-1569.9 0.00840507
-1569.7 0.00874412
-1569.5 0.0091543
-1569.3 0.00950283
-1569.1 0.00995806
-1568.9 0.0103303
-1568.7 0.0107926
-1568.5 0.0112194
-1568.3 0.0117007
-1568.1 0.0121583
-1567.9 0.0126372
-1567.7 0.0131707
-1567.5 0.0136449
-1567.3 0.0142068
-1567.1 0.0147261
-1566.9 0.0153046
-1566.7 0.0158499
-1566.5 0.0164474
-1566.3 0.0170615
-1566.1 0.0177206
-1565.9 0.0183655
-1565.7 0.0190602
-1565.5 0.0197312
-1565.3 0.0204211
-1565.1 0.0211158
-1564.9 0.0218603
-1564.7 0.0226356
-1564.5 0.0233872
-1564.3 0.0242289
-1564.1 0.0249781
-1563.9 0.0258412
-1563.7 0.0265809
-1563.5 0.0274653
-1563.3 0.0282572
-1563.1 0.0291771
-1562.9 0.0301018
-1562.7 0.0309601
-1562.5 0.0318492
-1562.3 0.0328047
-1562.1 0.0337507
-1561.9 0.0347299
-1561.7 0.0357399
-1561.5 0.0367002
-1561.3 0.0376652
-1561.1 0.038661
-1560.9 0.0396165
-1560.7 0.0407285
-1560.5 0.0418286
-1560.3 0.042886
-1560.1 0.0439221
-1559.9 0.0449701
-1559.7 0.0460845
-1559.5 0.0472036
-1559.3 0.0482397
-1559.1 0.0493564
-1558.9 0.0504731
-1558.7 0.0515282
-1558.5 0.052671
-1558.3 0.0538873
-1558.1 0.0550799
-1557.9 0.0563033
-1557.7 0.057477
-1557.5 0.058717
-1557.3 0.0598313
-1557.1 0.0610097
-1556.9 0.0622213
-1556.7 0.0633617
-1556.5 0.0644689
-1556.3 0.0656023
-1556.1 0.0668968
-1555.9 0.068061
-1555.7 0.069282
-1555.5 0.0704746
-1555.3 0.0717312
-1555.1 0.0729546
-1554.9 0.0741946
-1554.7 0.0754157
-1554.5 0.0765229
-1554.3 0.0777416
-1554.1 0.0789461
-1553.9 0.0801718
-1553.7 0.0813123
-1553.5 0.0825286
-1553.3 0.0836904
-1553.1 0.0849114
-1552.9 0.0860803
-1552.7 0.0871875
-1552.5 0.0883493
-1552.3 0.0894897
-1552.1 0.0905377
-1551.9 0.091735
-1551.7 0.0929727
-1551.5 0.0941368
-1551.3 0.0953057
-1551.1 0.0964699
-1550.9 0.0977146
-1550.7 0.0988219
-1550.5 0.099941
-1550.3 0.101105
-1550.1 0.102305
-1549.9 0.103422
-1549.7 0.104583
-1549.5 0.105809
-1549.3 0.106914
-1549.1 0.108116
-1548.9 0.10924
-1548.7 0.110285
-1548.5 0.111355
-1548.3 0.112457
-1548.1 0.113565
-1547.9 0.114674
-1547.7 0.115855
-1547.5 0.116993
-1547.3 0.11819
-1547.1 0.119354
-1546.9 0.120381
-1546.7 0.121476
-1546.5 0.122629
-1546.3 0.123686
-1546.1 0.124682
-1545.9 0.125837
-1545.7 0.126994
-1545.5 0.128115
-1545.3 0.129218
-1545.1 0.130289
-1544.9 0.131399
-1544.7 0.13249
-1544.5 0.133632
-1544.3 0.134676
-1544.1 0.135759
-1543.9 0.136783
-1543.7 0.137834
-1543.5 0.138844
-1543.3 0.139913
-1543.1 0.140921
-1542.9 0.142083
-1542.7 0.143104
-1542.5 0.144129
-1542.3 0.145186
-1542.1 0.146312
-1541.9 0.147375
-1541.7 0.148342
-1541.5 0.149395
-1541.3 0.150421
-1541.1 0.151464
-1540.9 0.152548
-1540.7 0.153582
-1540.5 0.154679
-1540.3 0.155711
-1540.1 0.156749
-1539.9 0.157788
-1539.7 0.158826
-1539.5 0.159903
-1539.3 0.160979
-1539.1 0.162091
-1538.9 0.163184
-1538.7 0.164268
-1538.5 0.165304
-1538.3 0.166302
-1538.1 0.167366
-1537.9 0.168343
-1537.7 0.169384
-1537.5 0.170399
-1537.3 0.171333
-1537.1 0.172421
-1536.9 0.17346
-1536.7 0.174389
-1536.5 0.175425
-1536.3 0.176395
-1536.1 0.177519
-1535.9 0.178501
-1535.7 0.179492
-1535.5 0.180442
-1535.3 0.18146
-1535.1 0.182496
-1534.9 0.183399
-1534.7 0.184428
-1534.5 0.185417
-1534.3 0.186436
-1534.1 0.18743
-1533.9 0.188378
-1533.7 0.189357
-1533.5 0.190303
-1533.3 0.191252
-1533.1 0.192269
-1532.9 0.193248
-1532.7 0.194256
-1532.5 0.195292
-1532.3 0.19628
-1532.1 0.197148
-1531.9 0.198092
-1531.7 0.199064
-1531.5 0.200029
-1531.3 0.201013
-1531.1 0.201926
-1530.9 0.202867
-1530.7 0.203841
-1530.5 0.204716
-1530.3 0.205715
-1530.1 0.206589
-1529.9 0.207493
-1529.7 0.208531
-1529.5 0.209451
-1529.3 0.210456
-1529.1 0.211455
-1528.9 0.212405
-1528.7 0.213332
-1528.5 0.21429
-1528.3 0.215303
-1528.1 0.216251
-1527.9 0.217192
-1527.7 0.218155
-1527.5 0.219044
-1527.3 0.219971
-1527.1 0.22095
-1526.9 0.221892
-1526.7 0.222861
-1526.5 0.223791
-1526.3 0.224775
-1526.1 0.225735
-1525.9 0.226683
-1525.7 0.227644
-1525.5 0.228609
-1525.3 0.22955
-1525.1 0.230541
-1524.9 0.231572
-1524.7 0.232533
-1524.5 0.233495
-1524.3 0.234408
-1524.1 0.235344
-1523.9 0.236272
-1523.7 0.237241
-1523.5 0.238277
-1523.3 0.239195
-1523.1 0.240008
-1522.9 0.240911
-1522.7 0.241786
-1522.5 0.242664
-1522.3 0.243527
-1522.1 0.244435
-1521.9 0.24534
-1521.7 0.246258
-1521.5 0.247247
-1521.3 0.248179
-1521.1 0.249091
-1520.9 0.249997
-1520.7 0.250905
-1520.5 0.251813
-1520.3 0.252771
-1520.1 0.253719
-1519.9 0.254571
-1519.7 0.255455
-1519.5 0.256316
-1519.3 0.257243
-1519.1 0.258141
-1518.9 0.259128
-1518.7 0.260036
-1518.5 0.260903
-1518.3 0.26188
-1518.1 0.262772
-1517.9 0.263682
-1517.7 0.26459
-1517.5 0.265548
-1517.3 0.266416
-1517.1 0.267274
-1516.9 0.268199
-1516.7 0.269117
-1516.5 0.269991
-1516.3 0.270864
-1516.1 0.271689
-1515.9 0.272571
-1515.7 0.273534
-1515.5 0.274461
-1515.3 0.275442
-1515.1 0.27635
-1514.9 0.277294
-1514.7 0.278335
-1514.5 0.279271
-1514.3 0.28022
-1514.1 0.281211
-1513.9 0.282074
-1513.7 0.283053
-1513.5 0.283902
-1513.3 0.284819
-1513.1 0.285711
-1512.9 0.286638
-1512.7 0.287503
-1512.5 0.288478
-1512.3 0.289369
-1512.1 0.290315
-1511.9 0.291297
-1511.7 0.292188
-1511.5 0.293106
-1511.3 0.293997
-1511.1 0.294917
-1510.9 0.295844
-1510.7 0.296769
-1510.5 0.297601
-1510.3 0.298538
-1510.1 0.299493
-1509.9 0.30048
-1509.7 0.301428
-1509.5 0.302388
-1509.3 0.303398
-1509.1 0.304302
-1508.9 0.305205
-1508.7 0.306151
-1508.5 0.307133
-1508.3 0.308055
-1508.1 0.308965
-1507.9 0.309883
-1507.7 0.310857
-1507.5 0.31178
-1507.3 0.312714
-1507.1 0.313669
-1506.9 0.314599
-1506.7 0.315542
-1506.5 0.316517
-1506.3 0.317484
-1506.1 0.318388
-1505.9 0.319345
-1505.7 0.320268
-1505.5 0.321271
-1505.3 0.32225
-1505.1 0.323148
-1504.9 0.324116
-1504.7 0.325097
-1504.5 0.326058
-1504.3 0.32693
-1504.1 0.327914
-1503.9 0.328924
-1503.7 0.329837
-1503.5 0.330747
-1503.3 0.331587
-1503.1 0.332476
-1502.9 0.333344
-1502.7 0.334226
-1502.5 0.335096
-1502.3 0.336011
-1502.1 0.336917
-1501.9 0.337858
-1501.7 0.338849
-1501.5 0.339914
-1501.3 0.340805
-1501.1 0.341697
-1500.9 0.342576
-1500.7 0.343496
-1500.5 0.344428
-1500.3 0.345336
-1500.1 0.346308
-1499.9 0.34728
-1499.7 0.348179
-1499.5 0.349215
-1499.3 0.350149
-1499.1 0.351014
-1498.9 0.351956
-1498.7 0.352861
-1498.5 0.353886
-1498.3 0.354768
-1498.1 0.35569
-1497.9 0.356664
-1497.7 0.357615
-1497.5 0.358542
-1497.3 0.35945
-1497.1 0.360335
-1496.9 0.36124
-1496.7 0.362182
-1496.5 0.36322
-1496.3 0.364183
-1496.1 0.365103
-1495.9 0.366049
-1495.7 0.366943
-1495.5 0.367813
-1495.3 0.368747
-1495.1 0.369757
-1494.9 0.370821
-1494.7 0.371784
-1494.5 0.372742
-1494.3 0.373724
-1494.1 0.374629
-1493.9 0.375578
-1493.7 0.376517
-1493.5 0.377429
-1493.3 0.37839
-1493.1 0.379362
-1492.9 0.38031
-1492.7 0.381296
-1492.5 0.382271
-1492.3 0.38325
-1492.1 0.384142
-1491.9 0.385064
-1491.7 0.386008
-1491.5 0.38697
-1491.3 0.387921
-1491.1 0.388964
-1490.9 0.389901
-1490.7 0.390899
-1490.5 0.391859
-1490.3 0.392864
-1490.1 0.393886
-1489.9 0.394846
-1489.7 0.395771
-1489.5 0.396746
-1489.3 0.397767
-1489.1 0.398654
-1488.9 0.399626
-1488.7 0.400622
-1488.5 0.401521
-1488.3 0.402514
-1488.1 0.403434
-1487.9 0.404385
-1487.7 0.405333
-1487.5 0.406322
-1487.3 0.407261
-1487.1 0.408276
-1486.9 0.409198
-1486.7 0.41007
-1486.5 0.41099
-1486.3 0.411898
-1486.1 0.412804
-1485.9 0.413748
-1485.7 0.414691
-1485.5 0.415654
-1485.3 0.416536
-1485.1 0.417539
-1484.9 0.418447
-1484.7 0.419431
-1484.5 0.420387
-1484.3 0.42134
-1484.1 0.422262
-1483.9 0.423229
-1483.7 0.424178
-1483.5 0.42515
-1483.3 0.426134
-1483.1 0.426937
-1482.9 0.427929
-1482.7 0.428825
-1482.5 0.429754
-1482.3 0.430757
-1482.1 0.43171
-1481.9 0.432668
-1481.7 0.433598
-1481.5 0.434506
-1481.3 0.43544
-1481.1 0.436341
-1480.9 0.437296
-1480.7 0.438121
-1480.5 0.439074
-1480.3 0.440025
-1480.1 0.44095
-1479.9 0.442005
-1479.7 0.442894
-1479.5 0.443812
-1479.3 0.444753
-1479.1 0.445668
-1478.9 0.44659
-1478.7 0.447525
-1478.5 0.448561
-1478.3 0.449428
-1478.1 0.450415
-1477.9 0.451387
-1477.7 0.452316
-1477.5 0.453296
-1477.3 0.45427
-1477.1 0.455221
-1476.9 0.456138
-1476.7 0.457039
-1476.5 0.457938
-1476.3 0.45886
-1476.1 0.459842
-1475.9 0.460821
-1475.7 0.461803
-1475.5 0.462794
-1475.3 0.463702
-1475.1 0.464624
-1474.9 0.465568
-1474.7 0.466473
-1474.5 0.467431
-1474.3 0.468408
-1474.1 0.469371
-1473.9 0.470402
-1473.7 0.471312
-1473.5 0.472242
-1473.3 0.473114
-1473.1 0.474146
-1472.9 0.475059
-1472.7 0.476026
-1472.5 0.476981
-1472.3 0.477899
-1472.1 0.47899
-1471.9 0.479955
-1471.7 0.480808
-1471.5 0.481707
-1471.3 0.482696
-1471.1 0.483696
-1470.9 0.484706
-1470.7 0.485612
-1470.5 0.486629
-1470.3 0.487589
-1470.1 0.488549
-1469.9 0.489526
-1469.7 0.490501
-1469.5 0.491499
-1469.3 0.492412
-1469.1 0.493389
-1468.9 0.494261
-1468.7 0.495245
-1468.5 0.496191
-1468.3 0.497225
-1468.1 0.498164
-1467.9 0.499143
-1467.7 0.500101
-1467.5 0.501123
-1467.3 0.502097
-1467.1 0.503076
-1466.9 0.504101
-1466.7 0.505077
-1466.5 0.50604
-1466.3 0.507029
-1466.1 0.507989
-1465.9 0.508899
-1465.7 0.509824
-1465.5 0.510777
-1465.3 0.511733
-1465.1 0.512636
-1464.9 0.513549
-1464.7 0.514523
-1464.5 0.515512
-1464.3 0.516482
-1464.1 0.517463
-1463.9 0.518459
-1463.7 0.519479
-1463.5 0.520456
-1463.3 0.521416
-1463.1 0.52235
-1462.9 0.523346
-1462.7 0.524332
-1462.5 0.52534
-1462.3 0.526343
-1462.1 0.527253
-1461.9 0.528206
-1461.7 0.529181
-1461.5 0.53011
-1461.3 0.53103
-1461.1 0.532026
-1460.9 0.532977
-1460.7 0.53387
-1460.5 0.534793
-1460.3 0.535765
-1460.1 0.536682
-1459.9 0.537586
-1459.7 0.538546
-1459.5 0.539395
-1459.3 0.540298
-1459.1 0.541249
-1458.9 0.54214
-1458.7 0.543011
-1458.5 0.543957
-1458.3 0.544891
-1458.1 0.545896
-1457.9 0.546849
-1457.7 0.547838
-1457.5 0.548701
-1457.3 0.549626
-1457.1 0.550605
-1456.9 0.551563
-1456.7 0.552535
-1456.5 0.553379
-1456.3 0.554237
-1456.1 0.5551
-1455.9 0.556003
-1455.7 0.556902
-1455.5 0.557798
-1455.3 0.558661
-1455.1 0.559576
-1454.9 0.560534
-1454.7 0.561466
-1454.5 0.562322
-1454.3 0.563249
-1454.1 0.564114
-1453.9 0.565008
-1453.7 0.565957
-1453.5 0.56696
-1453.3 0.567963
-1453.1 0.568882
-1452.9 0.569805
-1452.7 0.570623
-1452.5 0.571517
-1452.3 0.572401
-1452.1 0.573309
-1451.9 0.57421
-1451.7 0.575158
-1451.5 0.576095
-1451.3 0.577015
-1451.1 0.57794
-1450.9 0.57885
-1450.7 0.579765
-1450.5 0.580624
-1450.3 0.581501
-1450.1 0.58253
-1449.9 0.583471
-1449.7 0.584446
-1449.5 0.585418
-1449.3 0.586304
-1449.1 0.587265
-1448.9 0.588208
-1448.7 0.589123
-1448.5 0.590129
-1448.3 0.59107
-1448.1 0.59199
-1447.9 0.592931
-1447.7 0.593925
-1447.5 0.594826
-1447.3 0.595715
-1447.1 0.596568
-1446.9 0.597467
-1446.7 0.598465
-1446.5 0.599454
-1446.3 0.600305
-1446.1 0.601249
-1445.9 0.602166
-1445.7 0.603058
-1445.5 0.603997
-1445.3 0.60489
-1445.1 0.605787
-1444.9 0.606756
-1444.7 0.6077
-1444.5 0.608627
-1444.3 0.609585
-1444.1 0.610574
-1443.9 0.611607
-1443.7 0.612594
-1443.5 0.613566
-1443.3 0.614533
-1443.1 0.615415
-1442.9 0.616344
-1442.7 0.617338
-1442.5 0.618312
-1442.3 0.61937
-1442.1 0.62029
-1441.9 0.621179
-1441.7 0.622044
-1441.5 0.623064
-1441.3 0.623998
-1441.1 0.624897
-1440.9 0.62584
-1440.7 0.626815
-1440.5 0.627765
-1440.3 0.628645
-1440.1 0.629629
-1439.9 0.63063
-1439.7 0.631481
-1439.5 0.632436
-1439.3 0.63343
-1439.1 0.634404
-1438.9 0.635334
-1438.7 0.636332
-1438.5 0.637342
-1438.3 0.638283
-1438.1 0.639255
-1437.9 0.640142
-1437.7 0.64115
-1437.5 0.642055
-1437.3 0.64302
-1437.1 0.643997
-1436.9 0.644976
-1436.7 0.645989
-1436.5 0.646868
-1436.3 0.647757
-1436.1 0.648725
-1435.9 0.64963
-1435.7 0.650593
-1435.5 0.65148
-1435.3 0.65248
-1435.1 0.653441
-1434.9 0.654415
-1434.7 0.655375
-1434.5 0.656307
-1434.3 0.657203
-1434.1 0.658213
-1433.9 0.659145
-1433.7 0.6602
-1433.5 0.661134
-1433.3 0.662159
-1433.1 0.663081
-1432.9 0.664074
-1432.7 0.66498
-1432.5 0.665929
-1432.3 0.666891
-1432.1 0.667937
-1431.9 0.668904
-1431.7 0.669852
-1431.5 0.670872
-1431.3 0.67188
-1431.1 0.672788
-1430.9 0.673665
-1430.7 0.674599
-1430.5 0.675514
-1430.3 0.676453
-1430.1 0.677461
-1429.9 0.678423
-1429.7 0.679384
-1429.5 0.68033
-1429.3 0.681231
-1429.1 0.682219
-1428.9 0.683165
-1428.7 0.684102
-1428.5 0.685031
-1428.3 0.685902
-1428.1 0.686838
-1427.9 0.68782
-1427.7 0.688775
-1427.5 0.689612
-1427.3 0.69057
-1427.1 0.691571
-1426.9 0.692479
-1426.7 0.693465
-1426.5 0.694378
-1426.3 0.695255
-1426.1 0.696241
-1425.9 0.697221
-1425.7 0.698136
-1425.5 0.699091
-1425.3 0.700002
-1425.1 0.700981
-1424.9 0.701932
-1424.7 0.702799
-1424.5 0.703741
-1424.3 0.704675
-1424.1 0.705524
-1423.9 0.706453
-1423.7 0.70738
-1423.5 0.708288
-1423.3 0.709253
-1423.1 0.710204
-1422.9 0.711129
-1422.7 0.712174
-1422.5 0.713144
-1422.3 0.714088
-1422.1 0.714996
-1421.9 0.715861
-1421.7 0.716764
-1421.5 0.71767
-1421.3 0.718578
-1421.1 0.719557
-1420.9 0.720575
-1420.7 0.721466
-1420.5 0.722403
-1420.3 0.723313
-1420.1 0.7242
-1419.9 0.725153
-1419.7 0.726061
-1419.5 0.727009
-1419.3 0.727927
-1419.1 0.728818
-1418.9 0.729724
-1418.7 0.730556
-1418.5 0.731512
-1418.3 0.732458
-1418.1 0.733371
-1417.9 0.734374
-1417.7 0.735296
-1417.5 0.736168
-1417.3 0.737048
-1417.1 0.737883
-1416.9 0.738843
-1416.7 0.739675
-1416.5 0.740616
-1416.3 0.741498
-1416.1 0.742371
-1415.9 0.743319
-1415.7 0.744208
-1415.5 0.74515
-1415.3 0.746084
-1415.1 0.747018
-1414.9 0.747905
-1414.7 0.748896
-1414.5 0.749759
-1414.3 0.750643
-1414.1 0.751497
-1413.9 0.752343
-1413.7 0.753258
-1413.5 0.754048
-1413.3 0.755037
-1413.1 0.75593
-1412.9 0.756803
-1412.7 0.757718
-1412.5 0.758764
-1412.3 0.75971
-1412.1 0.760653
-1411.9 0.761602
-1411.7 0.762552
-1411.5 0.763465
-1411.3 0.764366
-1411.1 0.765277
-1410.9 0.76623
-1410.7 0.76719
-1410.5 0.768077
-1410.3 0.768983
-1410.1 0.769933
-1409.9 0.770822
-1409.7 0.771754
-1409.5 0.772767
-1409.3 0.773717
-1409.1 0.774668
-1408.9 0.775669
-1408.7 0.776619
-1408.5 0.777556
-1408.3 0.778528
-1408.1 0.779453
-1407.9 0.780342
-1407.7 0.781326
-1407.5 0.782277
-1407.3 0.783261
-1407.1 0.784304
-1406.9 0.785259
-1406.7 0.786253
-1406.5 0.787246
-1406.3 0.788232
-1406.1 0.78919
-1405.9 0.790172
-1405.7 0.791016
-1405.5 0.791903
-1405.3 0.792789
-1405.1 0.793641
-1404.9 0.794544
-1404.7 0.79549
-1404.5 0.796517
-1404.3 0.797463
-1404.1 0.798364
-1403.9 0.799371
-1403.7 0.80032
-1403.5 0.801275
-1403.3 0.802233
-1403.1 0.803148
-1402.9 0.80408
-1402.7 0.805005
-1402.5 0.805853
-1402.3 0.806845
-1402.1 0.807802
-1401.9 0.808791
-1401.7 0.809649
-1401.5 0.810588
-1401.3 0.811492
-1401.1 0.812433
-1400.9 0.81335
-1400.7 0.814273
-1400.5 0.815219
-1400.3 0.816167
-1400.1 0.817134
-1399.9 0.818009
-1399.7 0.818894
-1399.5 0.819712
-1399.3 0.820662
-1399.1 0.821656
-1398.9 0.822675
-1398.7 0.823598
-1398.5 0.824499
-1398.3 0.82534
-1398.1 0.826211
-1397.9 0.827126
-1397.7 0.828031
-1397.5 0.828949
-1397.3 0.829864
-1397.1 0.830853
-1396.9 0.831865
-1396.7 0.832776
-1396.5 0.833736
-1396.3 0.834646
-1396.1 0.835571
-1395.9 0.836548
-1395.7 0.83756
-1395.5 0.838523
-1395.3 0.839507
-1395.1 0.840389
-1394.9 0.841368
-1394.7 0.842437
-1394.5 0.843445
-1394.3 0.844303
-1394.1 0.845174
-1393.9 0.846167
-1393.7 0.847042
-1393.5 0.848028
-1393.3 0.848974
-1393.1 0.849975
-1392.9 0.850971
-1392.7 0.851936
-1392.5 0.852846
-1392.3 0.853813
-1392.1 0.854698
-1391.9 0.855656
-1391.7 0.856618
-1391.5 0.857522
-1391.3 0.858463
-1391.1 0.859442
-1390.9 0.860338
-1390.7 0.861239
-1390.5 0.862235
-1390.3 0.86316
-1390.1 0.864046
-1389.9 0.864947
-1389.7 0.865782
-1389.5 0.866726
-1389.3 0.867608
-1389.1 0.868456
-1388.9 0.869343
-1388.7 0.870287
-1388.5 0.871254
-1388.3 0.872044
-1388.1 0.872973
-1387.9 0.873914
-1387.7 0.874804
-1387.5 0.87574
-1387.3 0.87662
-1387.1 0.877573
-1386.9 0.87855
-1386.7 0.879529
-1386.5 0.880494
-1386.3 0.881421
-1386.1 0.882374
-1385.9 0.883294
-1385.7 0.884204
-1385.5 0.885093
-1385.3 0.885985
-1385.1 0.887007
-1384.9 0.887865
-1384.7 0.888809
-1384.5 0.889788
-1384.3 0.890717
-1384.1 0.891595
-1383.9 0.892538
-1383.7 0.893375
-1383.5 0.894255
-1383.3 0.895265
-1383.1 0.896325
-1382.9 0.897287
-1382.7 0.898143
-1382.5 0.899054
-1382.3 0.900033
-1382.1 0.900967
-1381.9 0.90188
-1381.7 0.902816
-1381.5 0.903793
-1381.3 0.904713
-1381.1 0.905719
-1380.9 0.906688
-1380.7 0.907644
-1380.5 0.908592
-1380.3 0.909517
-1380.1 0.910453
-1379.9 0.911454
-1379.7 0.912405
-1379.5 0.913251
-1379.3 0.914154
-1379.1 0.915008
-1378.9 0.915937
-1378.7 0.916862
-1378.5 0.917853
-1378.3 0.918695
-1378.1 0.919589
-1377.9 0.920542
-1377.7 0.921419
-1377.5 0.922256
-1377.3 0.923223
-1377.1 0.924158
-1376.9 0.925082
-1376.7 0.925941
-1376.5 0.926872
-1376.3 0.927863
-1376.1 0.928824
-1375.9 0.929706
-1375.7 0.930531
-1375.5 0.931406
-1375.3 0.932271
-1375.1 0.933132
-1374.9 0.934106
-1374.7 0.934945
-1374.5 0.935884
-1374.3 0.936762
-1374.1 0.937689
-1373.9 0.938601
-1373.7 0.939431
-1373.5 0.940311
-1373.3 0.941198
-1373.1 0.942013
-1372.9 0.942874
-1372.7 0.943711
-1372.5 0.944626
-1372.3 0.945439
-1372.1 0.946231
-1371.9 0.947099
-1371.7 0.947972
-1371.5 0.948804
-1371.3 0.949681
-1371.1 0.950532
-1370.9 0.951371
-1370.7 0.952104
-1370.5 0.952882
-1370.3 0.953712
-1370.1 0.954473
-1369.9 0.955338
-1369.7 0.956163
-1369.5 0.956955
-1369.3 0.957719
-1369.1 0.95851
-1368.9 0.959257
-1368.7 0.960042
-1368.5 0.960775
-1368.3 0.961491
-1368.1 0.962287
-1367.9 0.963022
-1367.7 0.963772
-1367.5 0.964488
-1367.3 0.965206
-1367.1 0.965981
-1366.9 0.966721
-1366.7 0.967361
-1366.5 0.967985
-1366.3 0.968715
-1366.1 0.969405
-1365.9 0.97001
-1365.7 0.970619
-1365.5 0.971202
-1365.3 0.971821
-1365.1 0.97239
-1364.9 0.972938
-1364.7 0.973531
-1364.5 0.974109
-1364.3 0.974721
-1364.1 0.975228
-1363.9 0.975757
-1363.7 0.976283
-1363.5 0.976852
-1363.3 0.9774
-1363.1 0.977938
-1362.9 0.978438
-1362.7 0.978929
-1362.5 0.979411
-1362.3 0.979897
-1362.1 0.980385
-1361.9 0.98089
-1361.7 0.981314
-1361.5 0.981767
-1361.3 0.982199
-1361.1 0.982614
-1360.9 0.983064
-1360.7 0.983446
-1360.5 0.98388
-1360.3 0.984285
-1360.1 0.984596
-1359.9 0.984999
-1359.7 0.98535
-1359.5 0.985781
-1359.3 0.986161
-1359.1 0.986502
-1358.9 0.986889
-1358.7 0.987225
-1358.5 0.987512
-1358.3 0.987785
-1358.1 0.988102
-1357.9 0.988394
-1357.7 0.988695
-1357.5 0.988996
-1357.3 0.989286
-1357.1 0.98957
-1356.9 0.989817
-1356.7 0.99013
-1356.5 0.990428
-1356.3 0.990684
-1356.1 0.990936
-1355.9 0.991168
-1355.7 0.991424
-1355.5 0.991614
-1355.3 0.991825
-1355.1 0.992053
-1354.9 0.992278
-1354.7 0.992482
-1354.5 0.992707
-1354.3 0.992882
-1354.1 0.993098
-1353.9 0.993266
-1353.7 0.993459
-1353.5 0.993624
-1353.3 0.993776
-1353.1 0.993945
-1352.9 0.994096
-1352.7 0.994262
-1352.5 0.994466
-1352.3 0.994623
-1352.1 0.994763
-1351.9 0.994902
-1351.7 0.995014
-1351.5 0.995147
-1351.3 0.995265
-1351.1 0.995386
-1350.9 0.995509
-1350.7 0.995602
-1350.5 0.995713
-1350.3 0.995832
-1350.1 0.995958
-1349.9 0.996067
-1349.7 0.996169
-1349.5 0.996261
-1349.3 0.996337
-1349.1 0.996444
-1348.9 0.996529
-1348.7 0.996593
-1348.5 0.996681
-1348.3 0.996749
-1348.1 0.996821
-1347.9 0.996877
-1347.7 0.996949
-1347.5 0.99702
-1347.3 0.997117
-1347.1 0.997198
-1346.9 0.997266
-1346.7 0.997314
-1346.5 0.997375
-1346.3 0.997437
-1346.1 0.997482
-1345.9 0.997532
-1345.7 0.997593
-1345.5 0.997653
-1345.3 0.9977
-1345.1 0.997745
-1344.9 0.997774
-1344.7 0.9978
-1344.5 0.997838
-1344.3 0.997859
-1344.1 0.99789
-1343.9 0.997937
-1343.7 0.997968
-1343.5 0.99802
-1343.3 0.998056
-1343.1 0.998089
-1342.9 0.998122
-1342.7 0.998153
-1342.5 0.998189
-1342.3 0.998224
-1342.1 0.998253
-1341.9 0.998291
-1341.7 0.998305
-1341.5 0.998333
-1341.3 0.998352
-1341.1 0.998376
-1340.9 0.998392
-1340.7 0.998419
-1340.5 0.99844
-1340.3 0.998457
-1340.1 0.998475
-1339.9 0.998487
-1339.7 0.998509
-1339.5 0.998544
-1339.3 0.998566
-1339.1 0.998577
-1338.9 0.998606
-1338.7 0.99862
-1338.5 0.998641
-1338.3 0.998651
-1338.1 0.998668
-1337.9 0.998679
-1337.7 0.998691
-1337.5 0.998705
-1337.3 0.998724
-1337.1 0.998736
-1336.9 0.998743
-1336.7 0.998751
-1336.5 0.998755
-1336.3 0.998767
-1336.1 0.998779
-1335.9 0.998786
-1335.7 0.998793
-1335.5 0.998798
-1335.3 0.998812
-1335.1 0.998819
-1334.9 0.998826
-1334.7 0.998838
-1334.5 0.99885
-1334.3 0.998852
-1334.1 0.998862
-1333.9 0.998864
-1333.7 0.998874
-1333.5 0.998881
-1333.3 0.998883
-1333.1 0.998893
-1332.9 0.9989
-1332.7 0.998912
-1332.5 0.998916
-1332.3 0.998926
-1332.1 0.998933
-1331.9 0.998943
-1331.7 0.998945
-1331.5 0.998959
-1331.3 0.998962
-1331.1 0.998973
-1330.9 0.998978
-1330.7 0.998985
-1330.5 0.998995
-1330.3 0.998999
-1330.1 0.999007
-1329.9 0.999023
-1329.7 0.999033
-1329.5 0.999045
-1329.3 0.999056
-1329.1 0.999075
-1328.9 0.999075
-1328.7 0.99908
-1328.5 0.99909
-1328.3 0.999097
-1328.1 0.999097
-1327.9 0.999104
-1327.7 0.999109
-1327.5 0.999113
-1327.3 0.99912
-1327.1 0.999127
-1326.9 0.999132
-1326.7 0.999137
-1326.5 0.999139
-1326.3 0.999142
-1326.1 0.999146
-1325.9 0.999149
-1325.7 0.999154
-1325.5 0.999156
-1325.3 0.999156
-1325.1 0.999163
-1324.9 0.999182
-1324.7 0.999184
-1324.5 0.999187
-1324.3 0.999192
-1324.1 0.999194
-1323.9 0.999194
-1323.7 0.999203
-1323.5 0.999213
-1323.3 0.999218
-1323.1 0.999225
-1322.9 0.999229
-1322.7 0.999234
-1322.5 0.999244
-1322.3 0.999256
-1322.1 0.999263
-1321.9 0.999265
-1321.7 0.999272
-1321.5 0.999279
-1321.3 0.999279
-1321.1 0.999282
-1320.9 0.999289
-1320.7 0.999298
-1320.5 0.999298
-1320.3 0.999308
-1320.1 0.99931
-1319.9 0.999322
-1319.7 0.999331
-1319.5 0.999341
-1319.3 0.999346
-1319.1 0.99935
-1318.9 0.999355
-1318.7 0.999357
-1318.5 0.999365
-1318.3 0.999374
-1318.1 0.999384
-1317.9 0.999393
-1317.7 0.999398
-1317.5 0.9994
-1317.3 0.999407
-1317.1 0.999407
-1316.9 0.999414
-1316.7 0.999419
-1316.5 0.999426
-1316.3 0.999433
-1316.1 0.99944
-1315.9 0.999448
-1315.7 0.999462
-1315.5 0.999469
-1315.3 0.999469
-1315.1 0.999476
-1314.9 0.999481
-1314.7 0.999481
-1314.5 0.99949
-1314.3 0.999504
-1314.1 0.999516
-1313.9 0.999526
-1313.7 0.999533
-1313.5 0.99954
-1313.3 0.99955
-1313.1 0.999561
-1312.9 0.999573
-1312.7 0.99959
-1312.5 0.999606
-1312.3 0.999614
-1312.1 0.999621
-1311.9 0.999625
-1311.7 0.999628
-1311.5 0.999647
-1311.3 0.999654
-1311.1 0.999663
-1310.9 0.99967
-1310.7 0.999675
-1310.5 0.999687
-1310.3 0.999689
-1310.1 0.999692
-1309.9 0.999699
-1309.7 0.999704
-1309.5 0.999713
-1309.3 0.999723
-1309.1 0.999737
-1308.9 0.999739
-1308.7 0.999753
-1308.5 0.999758
-1308.3 0.999761
-1308.1 0.99977
-1307.9 0.999772
-1307.7 0.99978
-1307.5 0.999789
-1307.3 0.999791
-1307.1 0.999791
-1306.9 0.999796
-1306.7 0.999803
-1306.5 0.999806
-1306.3 0.999813
-1306.1 0.99982
-1305.9 0.999832
-1305.7 0.999846
-1305.5 0.999851
-1305.3 0.999858
-1305.1 0.999865
-1304.9 0.999874
-1304.7 0.999879
-1304.5 0.999884
-1304.3 0.999886
-1304.1 0.999886
-1303.9 0.999889
-1303.7 0.999898
-1303.5 0.999903
-1303.3 0.999905
-1303.1 0.999917
-1302.9 0.999917
-1302.7 0.999922
-1302.5 0.999929
-1302.3 0.999936
-1302.1 0.999941
-1301.9 0.999945
-1301.7 0.999948
-1301.5 0.999953
-1301.3 0.999957
-1301.1 0.999964
-1300.9 0.999969
-1300.7 0.999976
-1300.5 0.999979
-1300.3 0.999986
-1300.1 0.999993
-1299.9 1
