1423
-1584.5 2.1056e-06
-1584.3 2.1056e-06
-1584.1 6.31681e-06
-1583.9 8.42242e-06
-1583.7 1.0528e-05
-1583.5 1.47392e-05
-1583.3 2.1056e-05
-1583.1 2.1056e-05
-1582.9 3.15841e-05
-1582.7 4.42177e-05
-1582.5 6.94849e-05
-1582.3 9.0541e-05
-1582.1 0.000113703
-1581.9 0.000153709
-1581.7 0.000181082
-1581.5 0.000212666
-1581.3 0.000258989
-1581.1 0.000292679
-1580.9 0.000355847
-1580.7 0.000419015
-1580.5 0.000496923
-1580.3 0.000579041
-1580.1 0.000686427
-1579.9 0.000783285
-1579.7 0.000859087
-1579.5 0.000964367
-1579.3 0.0010886
-1579.1 0.00120019
-1578.9 0.0013139
-1578.7 0.00146971
-1578.5 0.00160026
-1578.3 0.00173923
-1578.1 0.0019161
-1577.9 0.00208244
-1577.7 0.00224457
-1577.5 0.00242776
-1577.3 0.00258358
-1577.1 0.00277729
-1576.9 0.00298154
-1576.7 0.00318578
-1576.5 0.00337528
-1576.3 0.00356479
-1576.1 0.00375219
-1575.9 0.0039459
-1575.7 0.0041712
-1575.5 0.0043944
-1575.3 0.00463865
-1575.1 0.00487447
-1574.9 0.00515663
-1574.7 0.00545352
-1574.5 0.00577567
-1574.3 0.00608941
-1574.1 0.00642209
-1573.9 0.00679479
-1573.7 0.00715063
-1573.5 0.00748121
-1573.3 0.00785812
-1573.1 0.00825186
-1572.9 0.00866456
-1572.7 0.00904357
-1572.5 0.00939521
-1572.3 0.00979317
-1572.1 0.0102122
-1571.9 0.0106565
-1571.7 0.0111365
-1571.5 0.0115956
-1571.3 0.0120904
-1571.1 0.0126463
-1570.9 0.0131663
-1570.7 0.0137517
-1570.5 0.0143371
-1570.3 0.0149245
-1570.1 0.0155709
-1569.9 0.01615
-1569.7 0.0167585
-1569.5 0.017487
-1569.3 0.0181903
-1569.1 0.018921
-1568.9 0.0196895
-1568.7 0.0203991
-1568.5 0.0211129
-1568.3 0.0218667
-1568.1 0.0226437
-1567.9 0.023448
-1567.7 0.0242818
-1567.5 0.0251346
-1567.3 0.0260547
-1567.1 0.0269854
-1566.9 0.0278508
-1566.7 0.0287605
-1566.5 0.0297038
-1566.3 0.0306955
-1566.1 0.0316788
-1565.9 0.0326874
-1565.7 0.0336728
-1565.5 0.0348099
-1565.3 0.0358942
-1565.1 0.0370481
-1564.9 0.0381262
-1564.7 0.0391221
-1564.5 0.0402486
-1564.3 0.0413688
-1564.1 0.0424932
-1563.9 0.0436534
-1563.7 0.0447904
-1563.5 0.0459885
-1563.3 0.0471971
-1563.1 0.0484205
-1562.9 0.0496059
-1562.7 0.0508209
-1562.5 0.0520147
-1562.3 0.0532023
-1562.1 0.0544151
-1561.9 0.055689
-1561.7 0.0569271
-1561.5 0.0581189
-1561.3 0.0592791
-1561.1 0.0605298
-1560.9 0.0617405
-1560.7 0.0629849
-1560.5 0.0642504
-1560.3 0.0654106
-1560.1 0.0666445
-1559.9 0.0679184
-1559.7 0.0691375
-1559.5 0.070243
-1559.3 0.0715042
-1559.1 0.0726434
-1558.9 0.0737951
-1558.7 0.0749679
-1558.5 0.076086
-1558.3 0.0773768
-1558.1 0.0785791
-1557.9 0.079775
-1557.7 0.0808678
-1557.5 0.0819733
-1557.3 0.0831714
-1557.1 0.0843842
-1556.9 0.0855275
-1556.7 0.086753
-1556.5 0.0879027
-1556.3 0.0890334
-1556.1 0.0901641
-1555.9 0.0913137
-1555.7 0.092396
-1555.5 0.0935183
-1555.3 0.0946469
-1555.1 0.0957545
-1554.9 0.0969526
-1554.7 0.0981254
-1554.5 0.0992161
-1554.3 0.100357
-1554.1 0.101431
-1553.9 0.102482
-1553.7 0.103619
-1553.5 0.104625
-1553.3 0.105672
-1553.1 0.106729
-1552.9 0.107765
-1552.7 0.108824
-1552.5 0.109946
-1552.3 0.110942
-1552.1 0.11205
-1551.9 0.113067
-1551.7 0.114044
-1551.5 0.115038
-1551.3 0.116111
-1551.1 0.117164
-1550.9 0.118129
-1550.7 0.119202
-1550.5 0.120232
-1550.3 0.121272
-1550.1 0.122283
-1549.9 0.123325
-1549.7 0.1243
-1549.5 0.125347
-1549.3 0.126311
-1549.1 0.127269
-1548.9 0.12821
-1548.7 0.129191
-1548.5 0.130179
-1548.3 0.131192
-1548.1 0.13207
-1547.9 0.133057
-1547.7 0.133999
-1547.5 0.134919
-1547.3 0.135942
-1547.1 0.136976
-1546.9 0.13794
-1546.7 0.138964
-1546.5 0.139941
-1546.3 0.140922
-1546.1 0.141783
-1545.9 0.142745
-1545.7 0.14368
-1545.5 0.144636
-1545.3 0.145603
-1545.1 0.146512
-1544.9 0.147443
-1544.7 0.148401
-1544.5 0.149416
-1544.3 0.150346
-1544.1 0.151271
-1543.9 0.152183
-1543.7 0.153197
-1543.5 0.154134
-1543.3 0.155162
-1543.1 0.156164
-1542.9 0.157181
-1542.7 0.158129
-1542.5 0.159066
-1542.3 0.159982
-1542.1 0.160931
-1541.9 0.161913
-1541.7 0.162906
-1541.5 0.163835
-1541.3 0.16473
-1541.1 0.165602
-1540.9 0.166496
-1540.7 0.167417
-1540.5 0.168484
-1540.3 0.169337
-1540.1 0.170209
-1539.9 0.171207
-1539.7 0.17211
-1539.5 0.17298
-1539.3 0.173917
-1539.1 0.174824
-1538.9 0.175744
-1538.7 0.176658
-1538.5 0.177606
-1538.3 0.178448
-1538.1 0.179347
-1537.9 0.180267
-1537.7 0.181069
-1537.5 0.181981
-1537.3 0.182783
-1537.1 0.183697
-1536.9 0.184552
-1536.7 0.185438
-1536.5 0.186319
-1536.3 0.187201
-1536.1 0.188169
-1535.9 0.189052
-1535.7 0.18994
-1535.5 0.190801
-1535.3 0.191625
-1535.1 0.19244
-1534.9 0.193248
-1534.7 0.194042
-1534.5 0.194983
-1534.3 0.195832
-1534.1 0.196638
-1533.9 0.197554
-1533.7 0.198512
-1533.5 0.199354
-1533.3 0.200188
-1533.1 0.20103
-1532.9 0.201871
-1532.7 0.202751
-1532.5 0.203625
-1532.3 0.204511
-1532.1 0.205412
-1531.9 0.20624
-1531.7 0.207063
-1531.5 0.207945
-1531.3 0.208846
-1531.1 0.209689
-1530.9 0.210626
-1530.7 0.211533
-1530.5 0.212479
-1530.3 0.213416
-1530.1 0.214334
-1529.9 0.215269
-1529.7 0.216182
-1529.5 0.217058
-1529.3 0.217964
-1529.1 0.218939
-1528.9 0.219834
-1528.7 0.22076
-1528.5 0.221659
-1528.3 0.222552
-1528.1 0.223466
-1527.9 0.224457
-1527.7 0.225354
-1527.5 0.226268
-1527.3 0.227209
-1527.1 0.228111
-1526.9 0.229033
-1526.7 0.229873
-1526.5 0.230749
-1526.3 0.23165
-1526.1 0.232604
-1525.9 0.233472
-1525.7 0.234356
-1525.5 0.235242
-1525.3 0.236095
-1525.1 0.23699
-1524.9 0.237841
-1524.7 0.238769
-1524.5 0.239666
-1524.3 0.240502
-1524.1 0.241395
-1523.9 0.242174
-1523.7 0.24305
-1523.5 0.243823
-1523.3 0.244667
-1523.1 0.245526
-1522.9 0.246312
-1522.7 0.247139
-1522.5 0.247931
-1522.3 0.248668
-1522.1 0.249443
-1521.9 0.250222
-1521.7 0.250992
-1521.5 0.251742
-1521.3 0.25251
-1521.1 0.253241
-1520.9 0.253976
-1520.7 0.254696
-1520.5 0.255446
-1520.3 0.256229
-1520.1 0.256955
-1519.9 0.25769
-1519.7 0.258478
-1519.5 0.259244
-1519.3 0.25992
-1519.1 0.26072
-1518.9 0.261539
-1518.7 0.262318
-1518.5 0.263112
-1518.3 0.26394
-1518.1 0.264738
-1517.9 0.265538
-1517.7 0.266342
-1517.5 0.26714
-1517.3 0.267995
-1517.1 0.268835
-1516.9 0.269589
-1516.7 0.270381
-1516.5 0.271273
-1516.3 0.272076
-1516.1 0.272926
-1515.9 0.273823
-1515.7 0.27479
-1515.5 0.275664
-1515.3 0.276592
-1515.1 0.277506
-1514.9 0.278369
-1514.7 0.279327
-1514.5 0.280262
-1514.3 0.281102
-1514.1 0.282012
-1513.9 0.282941
-1513.7 0.28389
-1513.5 0.284947
-1513.3 0.285983
-1513.1 0.286948
-1512.9 0.287891
-1512.7 0.288872
-1512.5 0.28987
-1512.3 0.29094
-1512.1 0.291934
-1511.9 0.292877
-1511.7 0.293843
-1511.5 0.294816
-1511.3 0.295749
-1511.1 0.296711
-1510.9 0.297789
-1510.7 0.298867
-1510.5 0.299889
-1510.3 0.300756
-1510.1 0.301767
-1509.9 0.302792
-1509.7 0.30371
-1509.5 0.304717
-1509.3 0.305612
-1509.1 0.306591
-1508.9 0.307486
-1508.7 0.308458
-1508.5 0.309296
-1508.3 0.310223
-1508.1 0.311029
-1507.9 0.311975
-1507.7 0.312834
-1507.5 0.313666
-1507.3 0.314544
-1507.1 0.315352
-1506.9 0.316232
-1506.7 0.317056
-1506.5 0.317957
-1506.3 0.318816
-1506.1 0.319641
-1505.9 0.320488
-1505.7 0.321288
-1505.5 0.322105
-1505.3 0.322833
-1505.1 0.323568
-1504.9 0.324293
-1504.7 0.325063
-1504.5 0.325821
-1504.3 0.32652
-1504.1 0.327346
-1503.9 0.328116
-1503.7 0.328872
-1503.5 0.329616
-1503.3 0.33039
-1503.1 0.331066
-1502.9 0.33189
-1502.7 0.332664
-1502.5 0.333361
-1502.3 0.334132
-1502.1 0.334907
-1501.9 0.335661
-1501.7 0.336415
-1501.5 0.337151
-1501.3 0.337916
-1501.1 0.338611
-1500.9 0.339423
-1500.7 0.340192
-1500.5 0.341005
-1500.3 0.341773
-1500.1 0.342637
-1499.9 0.343411
-1499.7 0.34422
-1499.5 0.345031
-1499.3 0.345898
-1499.1 0.34674
-1498.9 0.347595
-1498.7 0.348404
-1498.5 0.349227
-1498.3 0.350006
-1498.1 0.350848
-1497.9 0.351676
-1497.7 0.35256
-1497.5 0.353413
-1497.3 0.354394
-1497.1 0.355325
-1496.9 0.356272
-1496.7 0.357201
-1496.5 0.358193
-1496.3 0.35913
-1496.1 0.360079
-1495.9 0.361002
-1495.7 0.361947
-1495.5 0.362842
-1495.3 0.363777
-1495.1 0.364712
-1494.9 0.365716
-1494.7 0.366657
-1494.5 0.36758
-1494.3 0.368563
-1494.1 0.369576
-1493.9 0.370496
-1493.7 0.371483
-1493.5 0.372427
-1493.3 0.373416
-1493.1 0.374419
-1492.9 0.375353
-1492.7 0.376234
-1492.5 0.377122
-1492.3 0.378076
-1492.1 0.378998
-1491.9 0.379937
-1491.7 0.380843
-1491.5 0.381715
-1491.3 0.382656
-1491.1 0.383576
-1490.9 0.384418
-1490.7 0.385345
-1490.5 0.386239
-1490.3 0.387157
-1490.1 0.387991
-1489.9 0.388893
-1489.7 0.389775
-1489.5 0.39071
-1489.3 0.391609
-1489.1 0.392424
-1488.9 0.393306
-1488.7 0.394249
-1488.5 0.395112
-1488.3 0.396022
-1488.1 0.396805
-1487.9 0.397679
-1487.7 0.398511
-1487.5 0.399311
-1487.3 0.400143
-1487.1 0.40097
-1486.9 0.401855
-1486.7 0.402714
-1486.5 0.403537
-1486.3 0.404413
-1486.1 0.405297
-1485.9 0.406213
-1485.7 0.407037
-1485.5 0.407883
-1485.3 0.408725
-1485.1 0.409614
-1484.9 0.410498
-1484.7 0.411401
-1484.5 0.412218
-1484.3 0.412991
-1484.1 0.413823
-1483.9 0.414726
-1483.7 0.415488
-1483.5 0.416341
-1483.3 0.417297
-1483.1 0.418089
-1482.9 0.418916
-1482.7 0.419763
-1482.5 0.420628
-1482.3 0.421439
-1482.1 0.422287
-1481.9 0.423096
-1481.7 0.423923
-1481.5 0.424852
-1481.3 0.425701
-1481.1 0.426593
-1480.9 0.427385
-1480.7 0.428158
-1480.5 0.429055
-1480.3 0.429943
-1480.1 0.430798
-1479.9 0.431822
-1479.7 0.432636
-1479.5 0.433489
-1479.3 0.434445
-1479.1 0.435313
-1478.9 0.436216
-1478.7 0.437128
-1478.5 0.437959
-1478.3 0.438823
-1478.1 0.43969
-1477.9 0.440587
-1477.7 0.441535
-1477.5 0.442438
-1477.3 0.443346
-1477.1 0.44424
-1476.9 0.445144
-1476.7 0.446117
-1476.5 0.446952
-1476.3 0.447833
-1476.1 0.448692
-1475.9 0.449551
-1475.7 0.450366
-1475.5 0.451269
-1475.3 0.452225
-1475.1 0.453095
-1474.9 0.454
-1474.7 0.454867
-1474.5 0.455887
-1474.3 0.4568
-1474.1 0.457714
-1473.9 0.458643
-1473.7 0.459517
-1473.5 0.46047
-1473.3 0.46142
-1473.1 0.462334
-1472.9 0.463212
-1472.7 0.464166
-1472.5 0.465067
-1472.3 0.466084
-1472.1 0.466962
-1471.9 0.467865
-1471.7 0.468855
-1471.5 0.469737
-1471.3 0.470586
-1471.1 0.47147
-1470.9 0.472346
-1470.7 0.473239
-1470.5 0.474205
-1470.3 0.475121
-1470.1 0.476048
-1469.9 0.476959
-1469.7 0.477812
-1469.5 0.478625
-1469.3 0.479537
-1469.1 0.480417
-1468.9 0.481242
-1468.7 0.482127
-1468.5 0.482965
-1468.3 0.483847
-1468.1 0.48466
-1467.9 0.485496
-1467.7 0.48638
-1467.5 0.48718
-1467.3 0.488008
-1467.1 0.488831
-1466.9 0.489641
-1466.7 0.490444
-1466.5 0.491307
-1466.3 0.492088
-1466.1 0.492869
-1465.9 0.493714
-1465.7 0.494508
-1465.5 0.495282
-1465.3 0.496101
-1465.1 0.496887
-1464.9 0.497702
-1464.7 0.498548
-1464.5 0.499334
-1464.3 0.500121
-1464.1 0.500909
-1463.9 0.501738
-1463.7 0.502564
-1463.5 0.503418
-1463.3 0.50433
-1463.1 0.505217
-1462.9 0.50608
-1462.7 0.506954
-1462.5 0.507779
-1462.3 0.508636
-1462.1 0.509499
-1461.9 0.51039
-1461.7 0.51126
-1461.5 0.512119
-1461.3 0.512974
-1461.1 0.513864
-1460.9 0.514734
-1460.7 0.515608
-1460.5 0.516637
-1460.3 0.517459
-1460.1 0.518311
-1459.9 0.519229
-1459.7 0.520137
-1459.5 0.521097
-1459.3 0.52199
-1459.1 0.522916
-1458.9 0.523843
-1458.7 0.524809
-1458.5 0.525713
-1458.3 0.526645
-1458.1 0.527547
-1457.9 0.528507
-1457.7 0.529393
-1457.5 0.530349
-1457.3 0.531215
-1457.1 0.532158
-1456.9 0.533042
-1456.7 0.533954
-1456.5 0.534872
-1456.3 0.535807
-1456.1 0.536702
-1455.9 0.537563
-1455.7 0.538492
-1455.5 0.539435
-1455.3 0.540315
-1455.1 0.541233
-1454.9 0.542157
-1454.7 0.543004
-1454.5 0.543888
-1454.3 0.544813
-1454.1 0.545735
-1453.9 0.546609
-1453.7 0.54751
-1453.5 0.548344
-1453.3 0.54923
-1453.1 0.550011
-1452.9 0.550896
-1452.7 0.551757
-1452.5 0.552633
-1452.3 0.553452
-1452.1 0.554382
-1451.9 0.555174
-1451.7 0.555985
-1451.5 0.556804
-1451.3 0.557589
-1451.1 0.558482
-1450.9 0.559303
-1450.7 0.560091
-1450.5 0.561068
-1450.3 0.561857
-1450.1 0.562666
-1449.9 0.563584
-1449.7 0.564445
-1449.5 0.565311
-1449.3 0.566168
-1449.1 0.567046
-1448.9 0.567951
-1448.7 0.568827
-1448.5 0.569686
-1448.3 0.570551
-1448.1 0.571429
-1447.9 0.572261
-1447.7 0.573171
-1447.5 0.574049
-1447.3 0.574891
-1447.1 0.575754
-1446.9 0.576639
-1446.7 0.577502
-1446.5 0.578338
-1446.3 0.579155
-1446.1 0.579945
-1445.9 0.580751
-1445.7 0.581616
-1445.5 0.582421
-1445.3 0.58332
-1445.1 0.584202
-1444.9 0.585061
-1444.7 0.585908
-1444.5 0.586838
-1444.3 0.587779
-1444.1 0.588676
-1443.9 0.589552
-1443.7 0.590422
-1443.5 0.59134
-1443.3 0.592231
-1443.1 0.593153
-1442.9 0.594094
-1442.7 0.595029
-1442.5 0.595928
-1442.3 0.596827
-1442.1 0.59779
-1441.9 0.598674
-1441.7 0.599602
-1441.5 0.600575
-1441.3 0.601453
-1441.1 0.602382
-1440.9 0.603283
-1440.7 0.604157
-1440.5 0.605083
-1440.3 0.605974
-1440.1 0.606905
-1439.9 0.60788
-1439.7 0.60877
-1439.5 0.609659
-1439.3 0.610545
-1439.1 0.611486
-1438.9 0.612449
-1438.7 0.613369
-1438.5 0.614249
-1438.3 0.615119
-1438.1 0.61602
-1437.9 0.616883
-1437.7 0.617833
-1437.5 0.618658
-1437.3 0.619551
-1437.1 0.620423
-1436.9 0.621292
-1436.7 0.622153
-1436.5 0.62296
-1436.3 0.62388
-1436.1 0.624764
-1435.9 0.625645
-1435.7 0.626481
-1435.5 0.62731
-1435.3 0.628138
-1435.1 0.62903
-1434.9 0.629809
-1434.7 0.630688
-1434.5 0.6315
-1434.3 0.632364
-1434.1 0.633176
-1433.9 0.634092
-1433.7 0.634996
-1433.5 0.635878
-1433.3 0.636714
-1433.1 0.637531
-1432.9 0.638371
-1432.7 0.639175
-1432.5 0.639992
-1432.3 0.640866
-1432.1 0.641681
-1431.9 0.642544
-1431.7 0.64334
-1431.5 0.644165
-1431.3 0.644991
-1431.1 0.645877
-1430.9 0.646682
-1430.7 0.647524
-1430.5 0.648366
-1430.3 0.649229
-1430.1 0.650143
-1429.9 0.651091
-1429.7 0.651948
-1429.5 0.652706
-1429.3 0.653535
-1429.1 0.654401
-1428.9 0.65526
-1428.7 0.656176
-1428.5 0.657069
-1428.3 0.657928
-1428.1 0.658804
-1427.9 0.659633
-1427.7 0.660543
-1427.5 0.661375
-1427.3 0.662217
-1427.1 0.663044
-1426.9 0.663861
-1426.7 0.66475
-1426.5 0.665628
-1426.3 0.666521
-1426.1 0.667367
-1425.9 0.668209
-1425.7 0.669062
-1425.5 0.669928
-1425.3 0.670747
-1425.1 0.671644
-1424.9 0.672517
-1424.7 0.673417
-1424.5 0.674292
-1424.3 0.675173
-1424.1 0.676103
-1423.9 0.676929
-1423.7 0.677807
-1423.5 0.678693
-1423.3 0.679535
-1423.1 0.680439
-1422.9 0.681315
-1422.7 0.682182
-1422.5 0.682995
-1422.3 0.683898
-1422.1 0.684776
-1421.9 0.685589
-1421.7 0.686494
-1421.5 0.687358
-1421.3 0.688261
-1421.1 0.689135
-1420.9 0.689986
-1420.7 0.69083
-1420.5 0.691697
-1420.3 0.692556
-1420.1 0.693416
-1419.9 0.694235
-1419.7 0.69514
-1419.5 0.695995
-1419.3 0.696888
-1419.1 0.697726
-1418.9 0.6986
-1418.7 0.69949
-1418.5 0.700345
-1418.3 0.701259
-1418.1 0.702145
-1417.9 0.703017
-1417.7 0.703946
-1417.5 0.704824
-1417.3 0.7057
-1417.1 0.70662
-1416.9 0.707515
-1416.7 0.708462
-1416.5 0.709384
-1416.3 0.710231
-1416.1 0.711105
-1415.9 0.711934
-1415.7 0.712844
-1415.5 0.713722
-1415.3 0.714581
-1415.1 0.715461
-1414.9 0.71636
-1414.7 0.717209
-1414.5 0.718045
-1414.3 0.718883
-1414.1 0.719757
-1413.9 0.720626
-1413.7 0.721515
-1413.5 0.722427
-1413.3 0.723387
-1413.1 0.724263
-1412.9 0.72516
-1412.7 0.726061
-1412.5 0.726907
-1412.3 0.727779
-1412.1 0.728613
-1411.9 0.729447
-1411.7 0.730327
-1411.5 0.731123
-1411.3 0.73195
-1411.1 0.732881
-1410.9 0.733624
-1410.7 0.73445
-1410.5 0.735302
-1410.3 0.736124
-1410.1 0.736911
-1409.9 0.737715
-1409.7 0.738541
-1409.5 0.739314
-1409.3 0.740128
-1409.1 0.740941
-1408.9 0.741828
-1408.7 0.742708
-1408.5 0.743521
-1408.3 0.744335
-1408.1 0.745136
-1407.9 0.745963
-1407.7 0.746788
-1407.5 0.747578
-1407.3 0.748481
-1407.1 0.749383
-1406.9 0.75017
-1406.7 0.751067
-1406.5 0.751977
-1406.3 0.752768
-1406.1 0.753587
-1405.9 0.754379
-1405.7 0.755285
-1405.5 0.756186
-1405.3 0.757011
-1405.1 0.75787
-1404.9 0.758759
-1404.7 0.759616
-1404.5 0.760527
-1404.3 0.761387
-1404.1 0.762216
-1403.9 0.763088
-1403.7 0.763983
-1403.5 0.764804
-1403.3 0.765663
-1403.1 0.766552
-1402.9 0.767369
-1402.7 0.768249
-1402.5 0.769106
-1402.3 0.76999
-1402.1 0.770841
-1401.9 0.77167
-1401.7 0.772618
-1401.5 0.773525
-1401.3 0.774344
-1401.1 0.775147
-1400.9 0.775949
-1400.7 0.776821
-1400.5 0.777684
-1400.3 0.778543
-1400.1 0.779385
-1399.9 0.78023
-1399.7 0.781169
-1399.5 0.782038
-1399.3 0.782868
-1399.1 0.783864
-1398.9 0.784734
-1398.7 0.785542
-1398.5 0.786376
-1398.3 0.787189
-1398.1 0.788037
-1397.9 0.788898
-1397.7 0.789774
-1397.5 0.790614
-1397.3 0.791528
-1397.1 0.792484
-1396.9 0.793339
-1396.7 0.794257
-1396.5 0.795139
-1396.3 0.795988
-1396.1 0.796818
-1395.9 0.797696
-1395.7 0.798605
-1395.5 0.79954
-1395.3 0.800433
-1395.1 0.80126
-1394.9 0.802242
-1394.7 0.80316
-1394.5 0.804031
-1394.3 0.804966
-1394.1 0.805809
-1393.9 0.806764
-1393.7 0.807602
-1393.5 0.808489
-1393.3 0.809354
-1393.1 0.810211
-1392.9 0.811003
-1392.7 0.811902
-1392.5 0.812759
-1392.3 0.813545
-1392.1 0.814423
-1391.9 0.815322
-1391.7 0.816187
-1391.5 0.817114
-1391.3 0.817998
-1391.1 0.818865
-1390.9 0.81972
-1390.7 0.820651
-1390.5 0.821554
-1390.3 0.822476
-1390.1 0.823319
-1389.9 0.8241
-1389.7 0.824906
-1389.5 0.82577
-1389.3 0.826625
-1389.1 0.827524
-1388.9 0.828427
-1388.7 0.829315
-1388.5 0.830191
-1388.3 0.831099
-1388.1 0.831952
-1387.9 0.832859
-1387.7 0.833704
-1387.5 0.834622
-1387.3 0.835468
-1387.1 0.836262
-1386.9 0.837176
-1386.7 0.838066
-1386.5 0.83893
-1386.3 0.839745
-1386.1 0.840642
-1385.9 0.841528
-1385.7 0.842402
-1385.5 0.843309
-1385.3 0.844202
-1385.1 0.845091
-1384.9 0.845965
-1384.7 0.846834
-1384.5 0.847662
-1384.3 0.848449
-1384.1 0.849371
-1383.9 0.850178
-1383.7 0.85102
-1383.5 0.85194
-1383.3 0.852785
-1383.1 0.853559
-1382.9 0.85441
-1382.7 0.855248
-1382.5 0.856055
-1382.3 0.856912
-1382.1 0.85775
-1381.9 0.858602
-1381.7 0.859447
-1381.5 0.860245
-1381.3 0.861108
-1381.1 0.861889
-1380.9 0.862797
-1380.7 0.863647
-1380.5 0.864513
-1380.3 0.865376
-1380.1 0.866229
-1379.9 0.867027
-1379.7 0.867823
-1379.5 0.868688
-1379.3 0.869549
-1379.1 0.87031
-1378.9 0.871181
-1378.7 0.872045
-1378.5 0.873005
-1378.3 0.873826
-1378.1 0.874729
-1377.9 0.875563
-1377.7 0.876397
-1377.5 0.877287
-1377.3 0.878109
-1377.1 0.878976
-1376.9 0.87993
-1376.7 0.880842
-1376.5 0.881713
-1376.3 0.882653
-1376.1 0.883491
-1375.9 0.884352
-1375.7 0.885202
-1375.5 0.886036
-1375.3 0.88686
-1375.1 0.887725
-1374.9 0.888531
-1374.7 0.889376
-1374.5 0.890186
-1374.3 0.891003
-1374.1 0.891818
-1373.9 0.892635
-1373.7 0.893488
-1373.5 0.894349
-1373.3 0.895191
-1373.1 0.895975
-1372.9 0.896817
-1372.7 0.897672
-1372.5 0.898527
-1372.3 0.899337
-1372.1 0.900218
-1371.9 0.901072
-1371.7 0.901875
-1371.5 0.902689
-1371.3 0.903498
-1371.1 0.904326
-1370.9 0.905185
-1370.7 0.906046
-1370.5 0.906871
-1370.3 0.907756
-1370.1 0.908577
-1369.9 0.909415
-1369.7 0.910272
-1369.5 0.91108
-1369.3 0.911935
-1369.1 0.912847
-1368.9 0.913731
-1368.7 0.914527
-1368.5 0.915382
-1368.3 0.916176
-1368.1 0.91706
-1367.9 0.917867
-1367.7 0.918751
-1367.5 0.919602
-1367.3 0.92049
-1367.1 0.92136
-1366.9 0.922217
-1366.7 0.923036
-1366.5 0.923939
-1366.3 0.924821
-1366.1 0.92567
-1365.9 0.926561
-1365.7 0.927392
-1365.5 0.928247
-1365.3 0.929111
-1365.1 0.929991
-1364.9 0.930808
-1364.7 0.931595
-1364.5 0.932482
-1364.3 0.93333
-1364.1 0.934124
-1363.9 0.934964
-1363.7 0.935872
-1363.5 0.936729
-1363.3 0.937632
-1363.1 0.938451
-1362.9 0.939281
-1362.7 0.940138
-1362.5 0.94098
-1362.3 0.94182
-1362.1 0.942648
-1361.9 0.943513
-1361.7 0.944408
-1361.5 0.945254
-1361.3 0.94601
-1361.1 0.946859
-1360.9 0.947625
-1360.7 0.948427
-1360.5 0.949196
-1360.3 0.950019
-1360.1 0.950853
-1359.9 0.951662
-1359.7 0.952502
-1359.5 0.953192
-1359.3 0.953971
-1359.1 0.954692
-1358.9 0.95541
-1358.7 0.956142
-1358.5 0.9569
-1358.3 0.957637
-1358.1 0.958343
-1357.9 0.959004
-1357.7 0.959722
-1357.5 0.960442
-1357.3 0.961128
-1357.1 0.961756
-1356.9 0.962444
-1356.7 0.963148
-1356.5 0.963828
-1356.3 0.964546
-1356.1 0.965186
-1355.9 0.965883
-1355.7 0.966555
-1355.5 0.967235
-1355.3 0.967873
-1355.1 0.968549
-1354.9 0.969159
-1354.7 0.969768
-1354.5 0.97041
-1354.3 0.97101
-1354.1 0.971608
-1353.9 0.972143
-1353.7 0.97273
-1353.5 0.973305
-1353.3 0.973834
-1353.1 0.974368
-1352.9 0.974859
-1352.7 0.975385
-1352.5 0.97592
-1352.3 0.976424
-1352.1 0.97695
-1351.9 0.977487
-1351.7 0.977986
-1351.5 0.978519
-1351.3 0.97906
-1351.1 0.97951
-1350.9 0.979976
-1350.7 0.980424
-1350.5 0.980873
-1350.3 0.981323
-1350.1 0.981787
-1349.9 0.982231
-1349.7 0.982732
-1349.5 0.983136
-1349.3 0.983498
-1349.1 0.983861
-1348.9 0.984301
-1348.7 0.984694
-1348.5 0.985054
-1348.3 0.985452
-1348.1 0.985789
-1347.9 0.986124
-1347.7 0.986495
-1347.5 0.986836
-1347.3 0.987141
-1347.1 0.987512
-1346.9 0.987834
-1346.7 0.988126
-1346.5 0.988499
-1346.3 0.988823
-1346.1 0.989144
-1345.9 0.989417
-1345.7 0.989689
-1345.5 0.990017
-1345.3 0.990259
-1345.1 0.990544
-1344.9 0.99079
-1344.7 0.991055
-1344.5 0.991325
-1344.3 0.99158
-1344.1 0.991794
-1343.9 0.992034
-1343.7 0.992251
-1343.5 0.992468
-1343.3 0.992651
-1343.1 0.992862
-1342.9 0.993068
-1342.7 0.993252
-1342.5 0.993407
-1342.3 0.993586
-1342.1 0.993818
-1341.9 0.993963
-1341.7 0.99413
-1341.5 0.994304
-1341.3 0.994481
-1341.1 0.994652
-1340.9 0.994833
-1340.7 0.994982
-1340.5 0.995128
-1340.3 0.995264
-1340.1 0.995427
-1339.9 0.995568
-1339.7 0.995673
-1339.5 0.995804
-1339.3 0.995955
-1339.1 0.996073
-1338.9 0.996204
-1338.7 0.996273
-1338.5 0.996368
-1338.3 0.996454
-1338.1 0.996562
-1337.9 0.996665
-1337.7 0.996751
-1337.5 0.996856
-1337.3 0.996941
-1337.1 0.997035
-1336.9 0.997115
-1336.7 0.997185
-1336.5 0.997288
-1336.3 0.997366
-1336.1 0.997444
-1335.9 0.997507
-1335.7 0.997564
-1335.5 0.997642
-1335.3 0.997705
-1335.1 0.997766
-1334.9 0.997825
-1334.7 0.997869
-1334.5 0.99792
-1334.3 0.99797
-1334.1 0.998019
-1333.9 0.998071
-1333.7 0.998143
-1333.5 0.998193
-1333.3 0.998248
-1333.1 0.99829
-1332.9 0.998326
-1332.7 0.998364
-1332.5 0.9984
-1332.3 0.998448
-1332.1 0.99849
-1331.9 0.998516
-1331.7 0.998549
-1331.5 0.998575
-1331.3 0.998606
-1331.1 0.998625
-1330.9 0.998652
-1330.7 0.998682
-1330.5 0.998709
-1330.3 0.998718
-1330.1 0.998739
-1329.9 0.998768
-1329.7 0.998806
-1329.5 0.998831
-1329.3 0.998857
-1329.1 0.998882
-1328.9 0.998909
-1328.7 0.99893
-1328.5 0.998951
-1328.3 0.998991
-1328.1 0.999002
-1327.9 0.999017
-1327.7 0.999038
-1327.5 0.999048
-1327.3 0.999065
-1327.1 0.999084
-1326.9 0.999095
-1326.7 0.999103
-1326.5 0.999122
-1326.3 0.999149
-1326.1 0.999164
-1325.9 0.999175
-1325.7 0.999187
-1325.5 0.999208
-1325.3 0.999215
-1325.1 0.999236
-1324.9 0.999242
-1324.7 0.999246
-1324.5 0.999259
-1324.3 0.999271
-1324.1 0.999284
-1323.9 0.99929
-1323.7 0.999293
-1323.5 0.999305
-1323.3 0.999314
-1323.1 0.999316
-1322.9 0.99932
-1322.7 0.999328
-1322.5 0.999333
-1322.3 0.999341
-1322.1 0.999356
-1321.9 0.999362
-1321.7 0.999373
-1321.5 0.999381
-1321.3 0.999387
-1321.1 0.999396
-1320.9 0.9994
-1320.7 0.999402
-1320.5 0.99941
-1320.3 0.999417
-1320.1 0.999419
-1319.9 0.999427
-1319.7 0.999431
-1319.5 0.999442
-1319.3 0.999442
-1319.1 0.999448
-1318.9 0.999459
-1318.7 0.999469
-1318.5 0.999476
-1318.3 0.999486
-1318.1 0.999493
-1317.9 0.999497
-1317.7 0.999503
-1317.5 0.999505
-1317.3 0.999514
-1317.1 0.999522
-1316.9 0.99953
-1316.7 0.999539
-1316.5 0.999541
-1316.3 0.999545
-1316.1 0.99956
-1315.9 0.999564
-1315.7 0.999566
-1315.5 0.999581
-1315.3 0.999583
-1315.1 0.999594
-1314.9 0.999604
-1314.7 0.999608
-1314.5 0.999608
-1314.3 0.999608
-1314.1 0.999608
-1313.9 0.999617
-1313.7 0.999623
-1313.5 0.999623
-1313.3 0.999629
-1313.1 0.999638
-1312.9 0.999646
-1312.7 0.999648
-1312.5 0.999657
-1312.3 0.999663
-1312.1 0.999669
-1311.9 0.999674
-1311.7 0.999682
-1311.5 0.999684
-1311.3 0.99969
-1311.1 0.999695
-1310.9 0.999697
-1310.7 0.999701
-1310.5 0.999714
-1310.3 0.999716
-1310.1 0.999718
-1309.9 0.999718
-1309.7 0.999728
-1309.5 0.999733
-1309.3 0.999743
-1309.1 0.999754
-1308.9 0.999758
-1308.7 0.999758
-1308.5 0.99976
-1308.3 0.999762
-1308.1 0.99977
-1307.9 0.999777
-1307.7 0.999787
-1307.5 0.999794
-1307.3 0.999798
-1307.1 0.999808
-1306.9 0.999821
-1306.7 0.999823
-1306.5 0.999825
-1306.3 0.999825
-1306.1 0.999827
-1305.9 0.999829
-1305.7 0.999832
-1305.5 0.999834
-1305.3 0.999838
-1305.1 0.999846
-1304.9 0.999855
-1304.7 0.999859
-1304.5 0.999863
-1304.3 0.999876
-1304.1 0.999884
-1303.9 0.999895
-1303.7 0.999897
-1303.5 0.999903
-1303.3 0.999907
-1303.1 0.999914
-1302.9 0.999918
-1302.7 0.99992
-1302.5 0.999924
-1302.3 0.999928
-1302.1 0.999933
-1301.9 0.999943
-1301.7 0.999943
-1301.5 0.999954
-1301.3 0.999964
-1301.1 0.999968
-1300.9 0.999971
-1300.7 0.999975
-1300.5 0.999987
-1300.3 0.999992
-1300.1 1
