-1599.9 0
-1599.7 0
-1599.5 0
-1599.3 0
-1599.1 0
-1598.9 0
-1598.7 0
-1598.5 0
-1598.3 0
-1598.1 0
-1597.9 0
-1597.7 0
-1597.5 0
-1597.3 0
-1597.1 0
-1596.9 0
-1596.7 0
-1596.5 0
-1596.3 1
-1596.1 0
-1595.9 0
-1595.7 0
-1595.5 0
-1595.3 0
-1595.1 0
-1594.9 0
-1594.7 0
-1594.5 0
-1594.3 0
-1594.1 0
-1593.9 0
-1593.7 0
-1593.5 0
-1593.3 1
-1593.1 0
-1592.9 0
-1592.7 0
-1592.5 1
-1592.3 0
-1592.1 0
-1591.9 0
-1591.7 1
-1591.5 0
-1591.3 1
-1591.1 1
-1590.9 1
-1590.7 0
-1590.5 0
-1590.3 2
-1590.1 2
-1589.9 0
-1589.7 3
-1589.5 0
-1589.3 1
-1589.1 0
-1588.9 2
-1588.7 3
-1588.5 0
-1588.3 2
-1588.1 1
-1587.9 1
-1587.7 5
-1587.5 3
-1587.3 2
-1587.1 2
-1586.9 2
-1586.7 6
-1586.5 3
-1586.3 2
-1586.1 6
-1585.9 5
-1585.7 1
-1585.5 8
-1585.3 7
-1585.1 4
-1584.9 8
-1584.7 10
-1584.5 9
-1584.3 4
-1584.1 3
-1583.9 5
-1583.7 7
-1583.5 5
-1583.3 11
-1583.1 5
-1582.9 11
-1582.7 14
-1582.5 12
-1582.3 12
-1582.1 11
-1581.9 8
-1581.7 10
-1581.5 12
-1581.3 9
-1581.1 11
-1580.9 25
-1580.7 19
-1580.5 17
-1580.3 14
-1580.1 12
-1579.9 12
-1579.7 18
-1579.5 24
-1579.3 20
-1579.1 22
-1578.9 21
-1578.7 26
-1578.5 22
-1578.3 26
-1578.1 27
-1577.9 27
-1577.7 23
-1577.5 42
-1577.3 38
-1577.1 42
-1576.9 33
-1576.7 37
-1576.5 51
-1576.3 43
-1576.1 38
-1575.9 45
-1575.7 49
-1575.5 47
-1575.3 47
-1575.1 50
-1574.9 59
-1574.7 59
-1574.5 71
-1574.3 63
-1574.1 58
-1573.9 71
-1573.7 75
-1573.5 82
-1573.3 75
-1573.1 91
-1572.9 80
-1572.7 79
-1572.5 81
-1572.3 88
-1572.1 85
-1571.9 110
-1571.7 111
-1571.5 119
-1571.3 109
-1571.1 94
-1570.9 113
-1570.7 109
-1570.5 114
-1570.3 119
-1570.1 106
-1569.9 125
-1569.7 122
-1569.5 122
-1569.3 140
-1569.1 156
-1568.9 140
-1568.7 130
-1568.5 150
-1568.3 134
-1568.1 141
-1567.9 157
-1567.7 162
-1567.5 159
-1567.3 148
-1567.1 147
-1566.9 152
-1566.7 148
-1566.5 163
-1566.3 156
-1566.1 172
-1565.9 152
-1565.7 180
-1565.5 145
-1565.3 129
-1565.1 152
-1564.9 128
-1564.7 158
-1564.5 151
-1564.3 162
-1564.1 137
-1563.9 157
-1563.7 168
-1563.5 164
-1563.3 160
-1563.1 165
-1562.9 164
-1562.7 167
-1562.5 142
-1562.3 167
-1562.1 145
-1561.9 155
-1561.7 165
-1561.5 155
-1561.3 124
-1561.1 160
-1560.9 127
-1560.7 147
-1560.5 165
-1560.3 141
-1560.1 167
-1559.9 153
-1559.7 145
-1559.5 151
-1559.3 155
-1559.1 159
-1558.9 137
-1558.7 159
-1558.5 158
-1558.3 165
-1558.1 120
-1557.9 159
-1557.7 139
-1557.5 159
-1557.3 158
-1557.1 157
-1556.9 143
-1556.7 150
-1556.5 149
-1556.3 147
-1556.1 142
-1555.9 168
-1555.7 172
-1555.5 145
-1555.3 157
-1555.1 145
-1554.9 139
-1554.7 172
-1554.5 169
-1554.3 144
-1554.1 157
-1553.9 140
-1553.7 138
-1553.5 128
-1553.3 158
-1553.1 157
-1552.9 148
-1552.7 155
-1552.5 160
-1552.3 174
-1552.1 161
-1551.9 168
-1551.7 160
-1551.5 154
-1551.3 159
-1551.1 149
-1550.9 171
-1550.7 147
-1550.5 159
-1550.3 165
-1550.1 169
-1549.9 163
-1549.7 149
-1549.5 146
-1549.3 174
-1549.1 131
-1548.9 164
-1548.7 145
-1548.5 161
-1548.3 143
-1548.1 174
-1547.9 131
-1547.7 151
-1547.5 169
-1547.3 151
-1547.1 142
-1546.9 139
-1546.7 135
-1546.5 134
-1546.3 156
-1546.1 145
-1545.9 155
-1545.7 137
-1545.5 155
-1545.3 152
-1545.1 139
-1544.9 155
-1544.7 160
-1544.5 138
-1544.3 153
-1544.1 141
-1543.9 147
-1543.7 149
-1543.5 154
-1543.3 148
-1543.1 148
-1542.9 160
-1542.7 144
-1542.5 159
-1542.3 145
-1542.1 161
-1541.9 157
-1541.7 169
-1541.5 157
-1541.3 152
-1541.1 129
-1540.9 156
-1540.7 137
-1540.5 154
-1540.3 135
-1540.1 175
-1539.9 156
-1539.7 129
-1539.5 141
-1539.3 149
-1539.1 160
-1538.9 133
-1538.7 154
-1538.5 151
-1538.3 167
-1538.1 138
-1537.9 142
-1537.7 154
-1537.5 132
-1537.3 157
-1537.1 152
-1536.9 148
-1536.7 143
-1536.5 130
-1536.3 136
-1536.1 166
-1535.9 136
-1535.7 129
-1535.5 144
-1535.3 138
-1535.1 146
-1534.9 122
-1534.7 135
-1534.5 138
-1534.3 140
-1534.1 122
-1533.9 125
-1533.7 166
-1533.5 152
-1533.3 161
-1533.1 148
-1532.9 158
-1532.7 139
-1532.5 125
-1532.3 148
-1532.1 149
-1531.9 154
-1531.7 125
-1531.5 143
-1531.3 142
-1531.1 138
-1530.9 139
-1530.7 150
-1530.5 145
-1530.3 145
-1530.1 139
-1529.9 139
-1529.7 122
-1529.5 164
-1529.3 131
-1529.1 145
-1528.9 140
-1528.7 151
-1528.5 138
-1528.3 125
-1528.1 130
-1527.9 155
-1527.7 118
-1527.5 124
-1527.3 131
-1527.1 123
-1526.9 127
-1526.7 141
-1526.5 139
-1526.3 136
-1526.1 124
-1525.9 140
-1525.7 152
-1525.5 155
-1525.3 142
-1525.1 138
-1524.9 132
-1524.7 135
-1524.5 160
-1524.3 146
-1524.1 149
-1523.9 138
-1523.7 158
-1523.5 132
-1523.3 153
-1523.1 134
-1522.9 135
-1522.7 144
-1522.5 135
-1522.3 135
-1522.1 127
-1521.9 136
-1521.7 148
-1521.5 133
-1521.3 140
-1521.1 130
-1520.9 128
-1520.7 169
-1520.5 139
-1520.3 125
-1520.1 125
-1519.9 130
-1519.7 129
-1519.5 127
-1519.3 152
-1519.1 123
-1518.9 145
-1518.7 161
-1518.5 138
-1518.3 139
-1518.1 146
-1517.9 141
-1517.7 138
-1517.5 128
-1517.3 115
-1517.1 123
-1516.9 146
-1516.7 130
-1516.5 110
-1516.3 125
-1516.1 139
-1515.9 129
-1515.7 123
-1515.5 127
-1515.3 138
-1515.1 133
-1514.9 131
-1514.7 122
-1514.5 104
-1514.3 133
-1514.1 121
-1513.9 120
-1513.7 117
-1513.5 126
-1513.3 122
-1513.1 118
-1512.9 124
-1512.7 118
-1512.5 139
-1512.3 136
-1512.1 112
-1511.9 124
-1511.7 125
-1511.5 139
-1511.3 135
-1511.1 123
-1510.9 150
-1510.7 137
-1510.5 135
-1510.3 120
-1510.1 134
-1509.9 134
-1509.7 134
-1509.5 126
-1509.3 144
-1509.1 116
-1508.9 138
-1508.7 116
-1508.5 124
-1508.3 138
-1508.1 146
-1507.9 122
-1507.7 139
-1507.5 131
-1507.3 127
-1507.1 135
-1506.9 135
-1506.7 152
-1506.5 150
-1506.3 117
-1506.1 143
-1505.9 155
-1505.7 135
-1505.5 134
-1505.3 133
-1505.1 117
-1504.9 160
-1504.7 117
-1504.5 132
-1504.3 141
-1504.1 132
-1503.9 116
-1503.7 142
-1503.5 141
-1503.3 132
-1503.1 154
-1502.9 132
-1502.7 146
-1502.5 138
-1502.3 131
-1502.1 130
-1501.9 155
-1501.7 138
-1501.5 139
-1501.3 147
-1501.1 137
-1500.9 135
-1500.7 154
-1500.5 149
-1500.3 119
-1500.1 135
-1499.9 136
-1499.7 133
-1499.5 122
-1499.3 158
-1499.1 133
-1498.9 130
-1498.7 132
-1498.5 146
-1498.3 164
-1498.1 135
-1497.9 138
-1497.7 138
-1497.5 149
-1497.3 121
-1497.1 149
-1496.9 129
-1496.7 134
-1496.5 138
-1496.3 137
-1496.1 144
-1495.9 138
-1495.7 111
-1495.5 130
-1495.3 121
-1495.1 148
-1494.9 124
-1494.7 138
-1494.5 114
-1494.3 128
-1494.1 141
-1493.9 144
-1493.7 127
-1493.5 131
-1493.3 147
-1493.1 113
-1492.9 151
-1492.7 133
-1492.5 132
-1492.3 147
-1492.1 146
-1491.9 159
-1491.7 152
-1491.5 143
-1491.3 144
-1491.1 150
-1490.9 141
-1490.7 138
-1490.5 132
-1490.3 148
-1490.1 138
-1489.9 145
-1489.7 133
-1489.5 123
-1489.3 123
-1489.1 137
-1488.9 152
-1488.7 140
-1488.5 125
-1488.3 160
-1488.1 144
-1487.9 146
-1487.7 132
-1487.5 131
-1487.3 123
-1487.1 119
-1486.9 130
-1486.7 133
-1486.5 121
-1486.3 134
-1486.1 123
-1485.9 142
-1485.7 142
-1485.5 132
-1485.3 134
-1485.1 117
-1484.9 130
-1484.7 137
-1484.5 136
-1484.3 134
-1484.1 136
-1483.9 143
-1483.7 111
-1483.5 120
-1483.3 142
-1483.1 142
-1482.9 123
-1482.7 117
-1482.5 110
-1482.3 119
-1482.1 142
-1481.9 125
-1481.7 123
-1481.5 136
-1481.3 128
-1481.1 128
-1480.9 139
-1480.7 137
-1480.5 140
-1480.3 136
-1480.1 139
-1479.9 117
-1479.7 141
-1479.5 132
-1479.3 141
-1479.1 118
-1478.9 123
-1478.7 137
-1478.5 133
-1478.3 135
-1478.1 148
-1477.9 133
-1477.7 129
-1477.5 131
-1477.3 132
-1477.1 146
-1476.9 155
-1476.7 134
-1476.5 144
-1476.3 137
-1476.1 122
-1475.9 138
-1475.7 154
-1475.5 115
-1475.3 141
-1475.1 146
-1474.9 164
-1474.7 143
-1474.5 129
-1474.3 126
-1474.1 145
-1473.9 108
-1473.7 125
-1473.5 126
-1473.3 125
-1473.1 145
-1472.9 121
-1472.7 150
-1472.5 135
-1472.3 129
-1472.1 146
-1471.9 135
-1471.7 124
-1471.5 116
-1471.3 136
-1471.1 132
-1470.9 131
-1470.7 140
-1470.5 144
-1470.3 117
-1470.1 117
-1469.9 129
-1469.7 122
-1469.5 147
-1469.3 111
-1469.1 125
-1468.9 140
-1468.7 134
-1468.5 131
-1468.3 130
-1468.1 108
-1467.9 132
-1467.7 135
-1467.5 137
-1467.3 118
-1467.1 136
-1466.9 136
-1466.7 138
-1466.5 142
-1466.3 143
-1466.1 142
-1465.9 115
-1465.7 143
-1465.5 135
-1465.3 151
-1465.1 126
-1464.9 137
-1464.7 126
-1464.5 123
-1464.3 115
-1464.1 136
-1463.9 148
-1463.7 149
-1463.5 106
-1463.3 123
-1463.1 121
-1462.9 138
-1462.7 129
-1462.5 125
-1462.3 134
-1462.1 132
-1461.9 150
-1461.7 132
-1461.5 147
-1461.3 121
-1461.1 131
-1460.9 138
-1460.7 155
-1460.5 138
-1460.3 124
-1460.1 135
-1459.9 128
-1459.7 123
-1459.5 151
-1459.3 135
-1459.1 133
-1458.9 137
-1458.7 128
-1458.5 139
-1458.3 151
-1458.1 125
-1457.9 120
-1457.7 139
-1457.5 130
-1457.3 150
-1457.1 134
-1456.9 133
-1456.7 137
-1456.5 120
-1456.3 124
-1456.1 117
-1455.9 132
-1455.7 124
-1455.5 130
-1455.3 132
-1455.1 127
-1454.9 132
-1454.7 151
-1454.5 146
-1454.3 142
-1454.1 120
-1453.9 152
-1453.7 134
-1453.5 141
-1453.3 109
-1453.1 156
-1452.9 134
-1452.7 149
-1452.5 137
-1452.3 153
-1452.1 133
-1451.9 139
-1451.7 147
-1451.5 149
-1451.3 124
-1451.1 130
-1450.9 138
-1450.7 145
-1450.5 143
-1450.3 140
-1450.1 123
-1449.9 128
-1449.7 149
-1449.5 153
-1449.3 117
-1449.1 153
-1448.9 114
-1448.7 119
-1448.5 124
-1448.3 155
-1448.1 121
-1447.9 130
-1447.7 126
-1447.5 126
-1447.3 155
-1447.1 133
-1446.9 123
-1446.7 128
-1446.5 116
-1446.3 122
-1446.1 122
-1445.9 130
-1445.7 140
-1445.5 128
-1445.3 124
-1445.1 149
-1444.9 133
-1444.7 129
-1444.5 145
-1444.3 136
-1444.1 120
-1443.9 110
-1443.7 148
-1443.5 133
-1443.3 131
-1443.1 136
-1442.9 120
-1442.7 132
-1442.5 131
-1442.3 121
-1442.1 118
-1441.9 147
-1441.7 115
-1441.5 122
-1441.3 141
-1441.1 141
-1440.9 125
-1440.7 136
-1440.5 120
-1440.3 141
-1440.1 117
-1439.9 115
-1439.7 119
-1439.5 121
-1439.3 128
-1439.1 125
-1438.9 139
-1438.7 103
-1438.5 141
-1438.3 133
-1438.1 113
-1437.9 128
-1437.7 138
-1437.5 139
-1437.3 146
-1437.1 114
-1436.9 121
-1436.7 123
-1436.5 131
-1436.3 121
-1436.1 118
-1435.9 121
-1435.7 135
-1435.5 135
-1435.3 135
-1435.1 126
-1434.9 121
-1434.7 111
-1434.5 126
-1434.3 152
-1434.1 133
-1433.9 129
-1433.7 136
-1433.5 112
-1433.3 137
-1433.1 120
-1432.9 122
-1432.7 133
-1432.5 143
-1432.3 141
-1432.1 125
-1431.9 131
-1431.7 120
-1431.5 156
-1431.3 123
-1431.1 131
-1430.9 125
-1430.7 148
-1430.5 117
-1430.3 145
-1430.1 123
-1429.9 146
-1429.7 141
-1429.5 128
-1429.3 133
-1429.1 137
-1428.9 138
-1428.7 141
-1428.5 114
-1428.3 131
-1428.1 113
-1427.9 122
-1427.7 118
-1427.5 134
-1427.3 124
-1427.1 126
-1426.9 146
-1426.7 150
-1426.5 140
-1426.3 137
-1426.1 126
-1425.9 150
-1425.7 126
-1425.5 121
-1425.3 123
-1425.1 135
-1424.9 137
-1424.7 129
-1424.5 133
-1424.3 122
-1424.1 124
-1423.9 130
-1423.7 113
-1423.5 102
-1423.3 123
-1423.1 134
-1422.9 133
-1422.7 126
-1422.5 122
-1422.3 144
-1422.1 105
-1421.9 121
-1421.7 120
-1421.5 126
-1421.3 137
-1421.1 127
-1420.9 116
-1420.7 130
-1420.5 140
-1420.3 120
-1420.1 136
-1419.9 148
-1419.7 126
-1419.5 133
-1419.3 111
-1419.1 106
-1418.9 150
-1418.7 147
-1418.5 135
-1418.3 119
-1418.1 138
-1417.9 135
-1417.7 106
-1417.5 111
-1417.3 128
-1417.1 138
-1416.9 123
-1416.7 137
-1416.5 138
-1416.3 124
-1416.1 107
-1415.9 109
-1415.7 125
-1415.5 128
-1415.3 123
-1415.1 148
-1414.9 128
-1414.7 128
-1414.5 126
-1414.3 143
-1414.1 135
-1413.9 130
-1413.7 124
-1413.5 116
-1413.3 143
-1413.1 147
-1412.9 129
-1412.7 114
-1412.5 128
-1412.3 133
-1412.1 146
-1411.9 120
-1411.7 113
-1411.5 140
-1411.3 123
-1411.1 127
-1410.9 128
-1410.7 137
-1410.5 112
-1410.3 147
-1410.1 133
-1409.9 119
-1409.7 113
-1409.5 146
-1409.3 136
-1409.1 120
-1408.9 140
-1408.7 125
-1408.5 139
-1408.3 137
-1408.1 136
-1407.9 128
-1407.7 131
-1407.5 124
-1407.3 130
-1407.1 131
-1406.9 112
-1406.7 121
-1406.5 146
-1406.3 128
-1406.1 115
-1405.9 113
-1405.7 140
-1405.5 128
-1405.3 132
-1405.1 129
-1404.9 110
-1404.7 112
-1404.5 120
-1404.3 130
-1404.1 136
-1403.9 106
-1403.7 136
-1403.5 134
-1403.3 132
-1403.1 136
-1402.9 121
-1402.7 136
-1402.5 124
-1402.3 121
-1402.1 99
-1401.9 146
-1401.7 126
-1401.5 137
-1401.3 118
-1401.1 145
-1400.9 150
-1400.7 113
-1400.5 104
-1400.3 143
-1400.1 132
-1399.9 102
-1399.7 137
-1399.5 116
-1399.3 120
-1399.1 125
-1398.9 117
-1398.7 134
-1398.5 159
-1398.3 125
-1398.1 131
-1397.9 123
-1397.7 135
-1397.5 143
-1397.3 142
-1397.1 131
-1396.9 118
-1396.7 124
-1396.5 138
-1396.3 135
-1396.1 113
-1395.9 142
-1395.7 132
-1395.5 131
-1395.3 125
-1395.1 133
-1394.9 139
-1394.7 132
-1394.5 139
-1394.3 147
-1394.1 137
-1393.9 110
-1393.7 148
-1393.5 109
-1393.3 148
-1393.1 132
-1392.9 119
-1392.7 130
-1392.5 138
-1392.3 127
-1392.1 148
-1391.9 130
-1391.7 137
-1391.5 142
-1391.3 118
-1391.1 134
-1390.9 142
-1390.7 123
-1390.5 125
-1390.3 131
-1390.1 128
-1389.9 122
-1389.7 115
-1389.5 149
-1389.3 142
-1389.1 130
-1388.9 129
-1388.7 130
-1388.5 117
-1388.3 143
-1388.1 119
-1387.9 137
-1387.7 104
-1387.5 142
-1387.3 124
-1387.1 119
-1386.9 131
-1386.7 142
-1386.5 150
-1386.3 116
-1386.1 114
-1385.9 142
-1385.7 137
-1385.5 113
-1385.3 121
-1385.1 117
-1384.9 131
-1384.7 118
-1384.5 125
-1384.3 139
-1384.1 131
-1383.9 124
-1383.7 119
-1383.5 124
-1383.3 125
-1383.1 133
-1382.9 127
-1382.7 134
-1382.5 113
-1382.3 138
-1382.1 115
-1381.9 121
-1381.7 111
-1381.5 118
-1381.3 144
-1381.1 115
-1380.9 156
-1380.7 121
-1380.5 119
-1380.3 142
-1380.1 117
-1379.9 123
-1379.7 99
-1379.5 106
-1379.3 145
-1379.1 136
-1378.9 136
-1378.7 121
-1378.5 112
-1378.3 139
-1378.1 122
-1377.9 126
-1377.7 131
-1377.5 134
-1377.3 117
-1377.1 142
-1376.9 121
-1376.7 135
-1376.5 148
-1376.3 128
-1376.1 137
-1375.9 137
-1375.7 130
-1375.5 140
-1375.3 110
-1375.1 119
-1374.9 125
-1374.7 126
-1374.5 130
-1374.3 134
-1374.1 127
-1373.9 119
-1373.7 122
-1373.5 114
-1373.3 124
-1373.1 113
-1372.9 100
-1372.7 139
-1372.5 121
-1372.3 120
-1372.1 100
-1371.9 129
-1371.7 134
-1371.5 124
-1371.3 145
-1371.1 107
-1370.9 110
-1370.7 111
-1370.5 137
-1370.3 120
-1370.1 109
-1369.9 104
-1369.7 108
-1369.5 111
-1369.3 110
-1369.1 118
-1368.9 109
-1368.7 99
-1368.5 125
-1368.3 130
-1368.1 109
-1367.9 116
-1367.7 105
-1367.5 86
-1367.3 97
-1367.1 94
-1366.9 115
-1366.7 105
-1366.5 120
-1366.3 106
-1366.1 90
-1365.9 112
-1365.7 100
-1365.5 113
-1365.3 82
-1365.1 85
-1364.9 97
-1364.7 91
-1364.5 93
-1364.3 92
-1364.1 103
-1363.9 92
-1363.7 88
-1363.5 82
-1363.3 84
-1363.1 98
-1362.9 100
-1362.7 108
-1362.5 73
-1362.3 93
-1362.1 88
-1361.9 100
-1361.7 79
-1361.5 89
-1361.3 83
-1361.1 88
-1360.9 83
-1360.7 88
-1360.5 69
-1360.3 78
-1360.1 86
-1359.9 85
-1359.7 81
-1359.5 87
-1359.3 70
-1359.1 79
-1358.9 78
-1358.7 73
-1358.5 59
-1358.3 78
-1358.1 74
-1357.9 59
-1357.7 63
-1357.5 74
-1357.3 70
-1357.1 67
-1356.9 70
-1356.7 62
-1356.5 68
-1356.3 68
-1356.1 68
-1355.9 53
-1355.7 57
-1355.5 48
-1355.3 47
-1355.1 60
-1354.9 59
-1354.7 79
-1354.5 50
-1354.3 45
-1354.1 44
-1353.9 42
-1353.7 39
-1353.5 35
-1353.3 43
-1353.1 42
-1352.9 42
-1352.7 41
-1352.5 34
-1352.3 44
-1352.1 40
-1351.9 33
-1351.7 54
-1351.5 47
-1351.3 47
-1351.1 42
-1350.9 30
-1350.7 35
-1350.5 23
-1350.3 32
-1350.1 24
-1349.9 30
-1349.7 37
-1349.5 38
-1349.3 27
-1349.1 23
-1348.9 35
-1348.7 27
-1348.5 27
-1348.3 30
-1348.1 27
-1347.9 23
-1347.7 24
-1347.5 30
-1347.3 21
-1347.1 20
-1346.9 25
-1346.7 16
-1346.5 22
-1346.3 33
-1346.1 29
-1345.9 26
-1345.7 20
-1345.5 21
-1345.3 13
-1345.1 18
-1344.9 23
-1344.7 18
-1344.5 20
-1344.3 16
-1344.1 19
-1343.9 19
-1343.7 18
-1343.5 10
-1343.3 16
-1343.1 12
-1342.9 19
-1342.7 6
-1342.5 16
-1342.3 14
-1342.1 8
-1341.9 9
-1341.7 7
-1341.5 7
-1341.3 8
-1341.1 3
-1340.9 6
-1340.7 11
-1340.5 8
-1340.3 5
-1340.1 5
-1339.9 9
-1339.7 6
-1339.5 3
-1339.3 2
-1339.1 5
-1338.9 5
-1338.7 5
-1338.5 7
-1338.3 5
-1338.1 11
-1337.9 6
-1337.7 6
-1337.5 2
-1337.3 9
-1337.1 6
-1336.9 5
-1336.7 5
-1336.5 2
-1336.3 4
-1336.1 1
-1335.9 2
-1335.7 5
-1335.5 1
-1335.3 3
-1335.1 1
-1334.9 3
-1334.7 0
-1334.5 3
-1334.3 3
-1334.1 3
-1333.9 0
-1333.7 3
-1333.5 1
-1333.3 2
-1333.1 2
-1332.9 1
-1332.7 4
-1332.5 1
-1332.3 1
-1332.1 1
-1331.9 2
-1331.7 2
-1331.5 0
-1331.3 2
-1331.1 1
-1330.9 3
-1330.7 0
-1330.5 0
-1330.3 3
-1330.1 0
-1329.9 2
-1329.7 0
-1329.5 0
-1329.3 0
-1329.1 2
-1328.9 2
-1328.7 1
-1328.5 1
-1328.3 1
-1328.1 1
-1327.9 0
-1327.7 0
-1327.5 0
-1327.3 0
-1327.1 0
-1326.9 0
-1326.7 0
-1326.5 2
-1326.3 1
-1326.1 0
-1325.9 1
-1325.7 0
-1325.5 0
-1325.3 0
-1325.1 0
-1324.9 0
-1324.7 1
-1324.5 0
-1324.3 0
-1324.1 0
-1323.9 0
-1323.7 1
-1323.5 0
-1323.3 1
-1323.1 0
-1322.9 0
-1322.7 0
-1322.5 0
-1322.3 0
-1322.1 0
-1321.9 0
-1321.7 0
-1321.5 0
-1321.3 0
-1321.1 0
-1320.9 1
-1320.7 1
-1320.5 0
-1320.3 0
-1320.1 0
-1319.9 0
-1319.7 0
-1319.5 0
-1319.3 0
-1319.1 0
-1318.9 1
-1318.7 0
-1318.5 1
-1318.3 0
-1318.1 1
-1317.9 0
-1317.7 0
-1317.5 0
-1317.3 0
-1317.1 0
-1316.9 0
-1316.7 1
-1316.5 1
-1316.3 0
-1316.1 1
-1315.9 0
-1315.7 0
-1315.5 0
-1315.3 0
-1315.1 0
-1314.9 0
-1314.7 0
-1314.5 0
-1314.3 0
-1314.1 0
-1313.9 0
-1313.7 0
-1313.5 0
-1313.3 1
-1313.1 0
-1312.9 0
-1312.7 0
-1312.5 0
-1312.3 0
-1312.1 0
-1311.9 0
-1311.7 0
-1311.5 0
-1311.3 0
-1311.1 0
-1310.9 0
-1310.7 0
-1310.5 0
-1310.3 0
-1310.1 0
-1309.9 0
-1309.7 0
-1309.5 0
-1309.3 0
-1309.1 0
-1308.9 0
-1308.7 0
-1308.5 0
-1308.3 0
-1308.1 0
-1307.9 0
-1307.7 0
-1307.5 0
-1307.3 0
-1307.1 0
-1306.9 1
-1306.7 0
-1306.5 1
-1306.3 0
-1306.1 0
-1305.9 1
-1305.7 1
-1305.5 1
-1305.3 0
-1305.1 0
-1304.9 2
-1304.7 0
-1304.5 1
-1304.3 0
-1304.1 0
-1303.9 0
-1303.7 1
-1303.5 0
-1303.3 0
-1303.1 0
-1302.9 0
-1302.7 0
-1302.5 0
-1302.3 1
-1302.1 0
-1301.9 0
-1301.7 0
-1301.5 0
-1301.3 0
-1301.1 0
-1300.9 0
-1300.7 0
-1300.5 0
-1300.3 0
-1300.1 1
