-359.9 0
-359.7 0
-359.5 0
-359.3 0
-359.1 0
-358.9 0
-358.7 0
-358.5 0
-358.3 0
-358.1 0
-357.9 0
-357.7 0
-357.5 0
-357.3 0
-357.1 0
-356.9 0
-356.7 0
-356.5 0
-356.3 0
-356.1 0
-355.9 0
-355.7 0
-355.5 0
-355.3 0
-355.1 0
-354.9 0
-354.7 0
-354.5 0
-354.3 0
-354.1 0
-353.9 0
-353.7 0
-353.5 0
-353.3 0
-353.1 0
-352.9 0
-352.7 1
-352.5 0
-352.3 0
-352.1 0
-351.9 0
-351.7 1
-351.5 0
-351.3 0
-351.1 0
-350.9 0
-350.7 0
-350.5 0
-350.3 0
-350.1 0
-349.9 0
-349.7 0
-349.5 0
-349.3 0
-349.1 0
-348.9 0
-348.7 0
-348.5 0
-348.3 0
-348.1 0
-347.9 0
-347.7 0
-347.5 0
-347.3 0
-347.1 0
-346.9 0
-346.7 0
-346.5 0
-346.3 0
-346.1 0
-345.9 0
-345.7 1
-345.5 0
-345.3 0
-345.1 0
-344.9 1
-344.7 0
-344.5 0
-344.3 0
-344.1 0
-343.9 0
-343.7 0
-343.5 0
-343.3 0
-343.1 0
-342.9 0
-342.7 0
-342.5 0
-342.3 0
-342.1 1
-341.9 0
-341.7 0
-341.5 0
-341.3 0
-341.1 0
-340.9 0
-340.7 0
-340.5 0
-340.3 0
-340.1 0
-339.9 1
-339.7 1
-339.5 1
-339.3 0
-339.1 0
-338.9 0
-338.7 0
-338.5 0
-338.3 0
-338.1 1
-337.9 1
-337.7 0
-337.5 1
-337.3 0
-337.1 3
-336.9 5
-336.7 13
-336.5 6
-336.3 10
-336.1 21
-335.9 35
-335.7 54
-335.5 58
-335.3 34
-335.1 75
-334.9 85
-334.7 183
-334.5 163
-334.3 73
-334.1 216
-333.9 282
-333.7 616
-333.5 551
-333.3 341
-333.1 754
-332.9 863
-332.7 1559
-332.5 1114
-332.3 572
-332.1 1133
-331.9 1050
-331.7 1481
-331.5 939
-331.3 439
-331.1 867
-330.9 802
-330.7 1181
-330.5 761
-330.3 370
-330.1 744
-329.9 655
-329.7 1018
-329.5 694
-329.3 349
-329.1 672
-328.9 657
-328.7 1007
-328.5 637
-328.3 362
-328.1 647
-327.9 699
-327.7 1009
-327.5 620
-327.3 353
-327.1 627
-326.9 675
-326.7 1037
-326.5 702
-326.3 343
-326.1 638
-325.9 618
-325.7 952
-325.5 628
-325.3 319
-325.1 628
-324.9 634
-324.7 936
-324.5 640
-324.3 302
-324.1 626
-323.9 642
-323.7 953
-323.5 575
-323.3 301
-323.1 626
-322.9 630
-322.7 941
-322.5 605
-322.3 321
-322.1 637
-321.9 610
-321.7 910
-321.5 612
-321.3 335
-321.1 635
-320.9 630
-320.7 902
-320.5 572
-320.3 313
-320.1 588
-319.9 591
-319.7 901
-319.5 564
-319.3 308
-319.1 565
-318.9 557
-318.7 851
-318.5 584
-318.3 293
-318.1 593
-317.9 538
-317.7 822
-317.5 548
-317.3 255
-317.1 569
-316.9 502
-316.7 762
-316.5 532
-316.3 252
-316.1 473
-315.9 469
-315.7 756
-315.5 452
-315.3 251
-315.1 448
-314.9 483
-314.7 709
-314.5 447
-314.3 231
-314.1 457
-313.9 450
-313.7 695
-313.5 430
-313.3 233
-313.1 441
-312.9 394
-312.7 669
-312.5 434
-312.3 218
-312.1 404
-311.9 414
-311.7 607
-311.5 418
-311.3 197
-311.1 413
-310.9 422
-310.7 647
-310.5 412
-310.3 190
-310.1 396
-309.9 387
-309.7 561
-309.5 419
-309.3 221
-309.1 378
-308.9 400
-308.7 551
-308.5 388
-308.3 202
-308.1 345
-307.9 396
-307.7 585
-307.5 383
-307.3 181
-307.1 370
-306.9 381
-306.7 557
-306.5 393
-306.3 211
-306.1 360
-305.9 362
-305.7 537
-305.5 382
-305.3 166
-305.1 372
-304.9 385
-304.7 566
-304.5 381
-304.3 199
-304.1 371
-303.9 400
-303.7 533
-303.5 411
-303.3 183
-303.1 384
-302.9 404
-302.7 519
-302.5 378
-302.3 155
-302.1 363
-301.9 349
-301.7 547
-301.5 367
-301.3 166
-301.1 360
-300.9 325
-300.7 520
-300.5 360
-300.3 156
-300.1 349
-299.9 349
-299.7 556
-299.5 319
-299.3 184
-299.1 349
-298.9 326
-298.7 537
-298.5 320
-298.3 178
-298.1 312
-297.9 355
-297.7 541
-297.5 383
-297.3 198
-297.1 337
-296.9 327
-296.7 530
-296.5 312
-296.3 168
-296.1 302
-295.9 354
-295.7 547
-295.5 315
-295.3 143
-295.1 328
-294.9 327
-294.7 471
-294.5 307
-294.3 151
-294.1 324
-293.9 337
-293.7 545
-293.5 332
-293.3 172
-293.1 338
-292.9 360
-292.7 484
-292.5 325
-292.3 144
-292.1 316
-291.9 295
-291.7 442
-291.5 335
-291.3 177
-291.1 302
-290.9 279
-290.7 483
-290.5 328
-290.3 138
-290.1 283
-289.9 294
-289.7 413
-289.5 275
-289.3 167
-289.1 300
-288.9 307
-288.7 420
-288.5 314
-288.3 130
-288.1 286
-287.9 276
-287.7 437
-287.5 283
-287.3 132
-287.1 279
-286.9 278
-286.7 443
-286.5 307
-286.3 142
-286.1 309
-285.9 263
-285.7 458
-285.5 290
-285.3 157
-285.1 284
-284.9 286
-284.7 470
-284.5 297
-284.3 151
-284.1 301
-283.9 308
-283.7 414
-283.5 311
-283.3 147
-283.1 298
-282.9 327
-282.7 429
-282.5 314
-282.3 177
-282.1 326
-281.9 333
-281.7 454
-281.5 316
-281.3 185
-281.1 319
-280.9 334
-280.7 513
-280.5 303
-280.3 156
-280.1 349
-279.9 303
-279.7 513
-279.5 327
-279.3 170
-279.1 338
-278.9 346
-278.7 516
-278.5 346
-278.3 156
-278.1 338
-277.9 294
-277.7 468
-277.5 373
-277.3 158
-277.1 354
-276.9 334
-276.7 500
-276.5 313
-276.3 170
-276.1 343
-275.9 347
-275.7 506
-275.5 337
-275.3 175
-275.1 356
-274.9 351
-274.7 502
-274.5 378
-274.3 152
-274.1 353
-273.9 330
-273.7 498
-273.5 355
-273.3 192
-273.1 342
-272.9 368
-272.7 523
-272.5 358
-272.3 187
-272.1 358
-271.9 368
-271.7 527
-271.5 337
-271.3 174
-271.1 370
-270.9 371
-270.7 537
-270.5 324
-270.3 166
-270.1 350
-269.9 355
-269.7 532
-269.5 340
-269.3 196
-269.1 344
-268.9 346
-268.7 555
-268.5 381
-268.3 146
-268.1 317
-267.9 387
-267.7 491
-267.5 382
-267.3 152
-267.1 384
-266.9 370
-266.7 486
-266.5 335
-266.3 185
-266.1 356
-265.9 328
-265.7 500
-265.5 334
-265.3 164
-265.1 385
-264.9 343
-264.7 527
-264.5 361
-264.3 180
-264.1 350
-263.9 338
-263.7 540
-263.5 354
-263.3 187
-263.1 344
-262.9 379
-262.7 529
-262.5 344
-262.3 194
-262.1 363
-261.9 355
-261.7 485
-261.5 312
-261.3 158
-261.1 342
-260.9 337
-260.7 479
-260.5 338
-260.3 157
-260.1 328
-259.9 360
-259.7 522
-259.5 346
-259.3 146
-259.1 348
-258.9 321
-258.7 493
-258.5 324
-258.3 179
-258.1 347
-257.9 332
-257.7 476
-257.5 320
-257.3 192
-257.1 360
-256.9 332
-256.7 527
-256.5 308
-256.3 168
-256.1 328
-255.9 351
-255.7 512
-255.5 191
-255.3 330
-255.1 314
-254.9 388
-254.7 498
-254.5 168
-254.3 361
-254.1 333
-253.9 358
-253.7 486
-253.5 163
-253.3 342
-253.1 292
-252.9 330
-252.7 486
-252.5 144
-252.3 348
-252.1 334
-251.9 329
-251.7 459
-251.5 169
-251.3 347
-251.1 344
-250.9 307
-250.7 496
-250.5 159
-250.3 332
-250.1 351
-249.9 330
-249.7 483
-249.5 182
-249.3 319
-249.1 313
-248.9 339
-248.7 482
-248.5 181
-248.3 325
-248.1 334
-247.9 351
-247.7 539
-247.5 179
-247.3 319
-247.1 320
-246.9 299
-246.7 490
-246.5 146
-246.3 285
-246.1 342
-245.9 304
-245.7 468
-245.5 141
-245.3 312
-245.1 308
-244.9 323
-244.7 487
-244.5 167
-244.3 333
-244.1 350
-243.9 347
-243.7 482
-243.5 185
-243.3 339
-243.1 335
-242.9 311
-242.7 446
-242.5 155
-242.3 330
-242.1 335
-241.9 336
-241.7 483
-241.5 162
-241.3 352
-241.1 328
-240.9 334
-240.7 494
-240.5 171
-240.3 299
-240.1 323
-239.9 322
-239.7 495
-239.5 168
-239.3 329
-239.1 331
-238.9 322
-238.7 459
-238.5 152
-238.3 305
-238.1 355
-237.9 315
-237.7 496
-237.5 157
-237.3 297
-237.1 316
-236.9 319
-236.7 455
-236.5 169
-236.3 336
-236.1 325
-235.9 328
-235.7 472
-235.5 157
-235.3 316
-235.1 308
-234.9 314
-234.7 457
-234.5 177
-234.3 319
-234.1 327
-233.9 334
-233.7 490
-233.5 179
-233.3 351
-233.1 336
-232.9 312
-232.7 482
-232.5 182
-232.3 310
-232.1 326
-231.9 290
-231.7 481
-231.5 158
-231.3 306
-231.1 289
-230.9 320
-230.7 507
-230.5 169
-230.3 315
-230.1 331
-229.9 290
-229.7 474
-229.5 147
-229.3 313
-229.1 338
-228.9 336
-228.7 483
-228.5 158
-228.3 314
-228.1 281
-227.9 317
-227.7 442
-227.5 153
-227.3 332
-227.1 304
-226.9 288
-226.7 497
-226.5 181
-226.3 322
-226.1 324
-225.9 316
-225.7 433
-225.5 154
-225.3 310
-225.1 298
-224.9 288
-224.7 483
-224.5 158
-224.3 326
-224.1 307
-223.9 308
-223.7 465
-223.5 169
-223.3 325
-223.1 339
-222.9 324
-222.7 482
-222.5 149
-222.3 336
-222.1 309
-221.9 304
-221.7 453
-221.5 170
-221.3 311
-221.1 305
-220.9 339
-220.7 461
-220.5 154
-220.3 320
-220.1 339
-219.9 296
-219.7 503
-219.5 155
-219.3 332
-219.1 314
-218.9 330
-218.7 478
-218.5 179
-218.3 357
-218.1 308
-217.9 293
-217.7 483
-217.5 149
-217.3 321
-217.1 309
-216.9 313
-216.7 502
-216.5 147
-216.3 334
-216.1 310
-215.9 330
-215.7 442
-215.5 158
-215.3 292
-215.1 288
-214.9 294
-214.7 488
-214.5 157
-214.3 330
-214.1 357
-213.9 311
-213.7 447
-213.5 171
-213.3 352
-213.1 329
-212.9 344
-212.7 474
-212.5 163
-212.3 351
-212.1 308
-211.9 309
-211.7 487
-211.5 159
-211.3 342
-211.1 351
-210.9 322
-210.7 501
-210.5 178
-210.3 322
-210.1 317
-209.9 379
-209.7 494
-209.5 173
-209.3 352
-209.1 311
-208.9 294
-208.7 474
-208.5 169
-208.3 333
-208.1 311
-207.9 338
-207.7 520
-207.5 144
-207.3 324
-207.1 310
-206.9 315
-206.7 458
-206.5 151
-206.3 345
-206.1 327
-205.9 309
-205.7 506
-205.5 159
-205.3 316
-205.1 322
-204.9 336
-204.7 540
-204.5 156
-204.3 341
-204.1 293
-203.9 320
-203.7 493
-203.5 143
-203.3 330
-203.1 337
-202.9 326
-202.7 463
-202.5 155
-202.3 335
-202.1 337
-201.9 335
-201.7 468
-201.5 184
-201.3 324
-201.1 347
-200.9 282
-200.7 475
-200.5 157
-200.3 338
-200.1 321
-199.9 339
-199.7 531
-199.5 162
-199.3 298
-199.1 326
-198.9 339
-198.7 500
-198.5 175
-198.3 326
-198.1 339
-197.9 332
-197.7 506
-197.5 167
-197.3 324
-197.1 318
-196.9 343
-196.7 503
-196.5 169
-196.3 351
-196.1 305
-195.9 317
-195.7 514
-195.5 169
-195.3 319
-195.1 296
-194.9 293
-194.7 495
-194.5 151
-194.3 318
-194.1 308
-193.9 305
-193.7 486
-193.5 153
-193.3 344
-193.1 312
-192.9 338
-192.7 469
-192.5 168
-192.3 348
-192.1 331
-191.9 299
-191.7 472
-191.5 154
-191.3 319
-191.1 361
-190.9 313
-190.7 476
-190.5 172
-190.3 320
-190.1 325
-189.9 335
-189.7 468
-189.5 161
-189.3 367
-189.1 295
-188.9 334
-188.7 476
-188.5 165
-188.3 334
-188.1 343
-187.9 343
-187.7 486
-187.5 141
-187.3 307
-187.1 355
-186.9 325
-186.7 534
-186.5 164
-186.3 319
-186.1 307
-185.9 351
-185.7 473
-185.5 162
-185.3 328
-185.1 324
-184.9 343
-184.7 533
-184.5 177
-184.3 311
-184.1 329
-183.9 320
-183.7 463
-183.5 154
-183.3 305
-183.1 307
-182.9 340
-182.7 455
-182.5 157
-182.3 297
-182.1 323
-181.9 311
-181.7 443
-181.5 144
-181.3 364
-181.1 311
-180.9 330
-180.7 512
-180.5 151
-180.3 320
-180.1 304
-179.9 352
-179.7 460
-179.5 160
-179.3 370
-179.1 314
-178.9 350
-178.7 479
-178.5 163
-178.3 308
-178.1 321
-177.9 322
-177.7 502
-177.5 152
-177.3 288
-177.1 338
-176.9 326
-176.7 462
-176.5 162
-176.3 334
-176.1 312
-175.9 291
-175.7 497
-175.5 139
-175.3 284
-175.1 335
-174.9 357
-174.7 498
-174.5 155
-174.3 317
-174.1 321
-173.9 336
-173.7 438
-173.5 145
-173.3 314
-173.1 336
-172.9 316
-172.7 493
-172.5 187
-172.3 285
-172.1 312
-171.9 311
-171.7 344
-171.5 289
-171.3 306
-171.1 301
-170.9 290
-170.7 340
-170.5 337
-170.3 334
-170.1 305
-169.9 339
-169.7 331
-169.5 307
-169.3 332
-169.1 323
-168.9 306
-168.7 325
-168.5 318
-168.3 322
-168.1 329
-167.9 352
-167.7 328
-167.5 333
-167.3 350
-167.1 316
-166.9 313
-166.7 340
-166.5 338
-166.3 320
-166.1 309
-165.9 309
-165.7 346
-165.5 297
-165.3 355
-165.1 297
-164.9 296
-164.7 307
-164.5 327
-164.3 326
-164.1 341
-163.9 333
-163.7 338
-163.5 350
-163.3 306
-163.1 333
-162.9 343
-162.7 322
-162.5 316
-162.3 328
-162.1 311
-161.9 313
-161.7 322
-161.5 298
-161.3 333
-161.1 335
-160.9 317
-160.7 325
-160.5 314
-160.3 279
-160.1 311
-159.9 293
-159.7 318
-159.5 290
-159.3 304
-159.1 346
-158.9 283
-158.7 294
-158.5 308
-158.3 306
-158.1 319
-157.9 330
-157.7 332
-157.5 323
-157.3 310
-157.1 316
-156.9 308
-156.7 327
-156.5 299
-156.3 303
-156.1 311
-155.9 308
-155.7 321
-155.5 309
-155.3 300
-155.1 314
-154.9 294
-154.7 318
-154.5 317
-154.3 332
-154.1 282
-153.9 322
-153.7 319
-153.5 306
-153.3 321
-153.1 301
-152.9 350
-152.7 324
-152.5 322
-152.3 323
-152.1 329
-151.9 343
-151.7 298
-151.5 324
-151.3 321
-151.1 318
-150.9 302
-150.7 338
-150.5 315
-150.3 315
-150.1 317
-149.9 290
-149.7 313
-149.5 337
-149.3 310
-149.1 333
-148.9 280
-148.7 317
-148.5 299
-148.3 344
-148.1 313
-147.9 345
-147.7 312
-147.5 342
-147.3 324
-147.1 310
-146.9 324
-146.7 303
-146.5 289
-146.3 301
-146.1 309
-145.9 313
-145.7 318
-145.5 315
-145.3 341
-145.1 278
-144.9 308
-144.7 335
-144.5 293
-144.3 326
-144.1 287
-143.9 312
-143.7 285
-143.5 311
-143.3 327
-143.1 327
-142.9 345
-142.7 302
-142.5 299
-142.3 348
-142.1 339
-141.9 318
-141.7 346
-141.5 344
-141.3 333
-141.1 325
-140.9 334
-140.7 322
-140.5 341
-140.3 354
-140.1 280
-139.9 305
-139.7 285
-139.5 337
-139.3 356
-139.1 334
-138.9 334
-138.7 300
-138.5 323
-138.3 311
-138.1 322
-137.9 322
-137.7 316
-137.5 311
-137.3 299
-137.1 322
-136.9 318
-136.7 347
-136.5 342
-136.3 303
-136.1 325
-135.9 307
-135.7 348
-135.5 311
-135.3 339
-135.1 326
-134.9 308
-134.7 335
-134.5 305
-134.3 313
-134.1 308
-133.9 312
-133.7 296
-133.5 294
-133.3 335
-133.1 318
-132.9 333
-132.7 325
-132.5 352
-132.3 303
-132.1 327
-131.9 341
-131.7 285
-131.5 320
-131.3 282
-131.1 297
-130.9 333
-130.7 323
-130.5 346
-130.3 302
-130.1 288
-129.9 304
-129.7 341
-129.5 331
-129.3 347
-129.1 311
-128.9 309
-128.7 332
-128.5 296
-128.3 298
-128.1 320
-127.9 311
-127.7 333
-127.5 305
-127.3 307
-127.1 292
-126.9 291
-126.7 304
-126.5 275
-126.3 317
-126.1 298
-125.9 333
-125.7 317
-125.5 286
-125.3 307
-125.1 323
-124.9 335
-124.7 362
-124.5 315
-124.3 297
-124.1 305
-123.9 298
-123.7 304
-123.5 299
-123.3 326
-123.1 326
-122.9 346
-122.7 320
-122.5 321
-122.3 250
-122.1 293
-121.9 332
-121.7 291
-121.5 300
-121.3 291
-121.1 336
-120.9 303
-120.7 284
-120.5 296
-120.3 316
-120.1 309
-119.9 307
-119.7 296
-119.5 273
-119.3 340
-119.1 307
-118.9 272
-118.7 302
-118.5 289
-118.3 282
-118.1 294
-117.9 273
-117.7 292
-117.5 291
-117.3 287
-117.1 262
-116.9 273
-116.7 269
-116.5 274
-116.3 276
-116.1 275
-115.9 246
-115.7 288
-115.5 253
-115.3 250
-115.1 267
-114.9 255
-114.7 256
-114.5 231
-114.3 225
-114.1 239
-113.9 256
-113.7 248
-113.5 249
-113.3 242
-113.1 231
-112.9 220
-112.7 233
-112.5 212
-112.3 200
-112.1 226
-111.9 230
-111.7 209
-111.5 198
-111.3 184
-111.1 198
-110.9 210
-110.7 213
-110.5 206
-110.3 210
-110.1 174
-109.9 189
-109.7 182
-109.5 163
-109.3 184
-109.1 190
-108.9 158
-108.7 176
-108.5 163
-108.3 174
-108.1 179
-107.9 153
-107.7 165
-107.5 138
-107.3 138
-107.1 114
-106.9 132
-106.7 140
-106.5 150
-106.3 146
-106.1 119
-105.9 138
-105.7 111
-105.5 125
-105.3 122
-105.1 102
-104.9 104
-104.7 119
-104.5 82
-104.3 107
-104.1 91
-103.9 109
-103.7 88
-103.5 130
-103.3 46
-103.1 88
-102.9 82
-102.7 92
-102.5 118
-102.3 33
-102.1 58
-101.9 84
-101.7 79
-101.5 88
-101.3 31
-101.1 49
-100.9 47
-100.7 47
-100.5 74
-100.3 24
-100.1 54
-99.9 44
-99.7 47
-99.5 65
-99.3 23
-99.1 30
-98.9 38
-98.7 29
-98.5 54
-98.3 18
-98.1 30
-97.9 30
-97.7 24
-97.5 34
-97.3 8
-97.1 15
-96.9 26
-96.7 21
-96.5 30
-96.3 13
-96.1 22
-95.9 8
-95.7 16
-95.5 23
-95.3 3
-95.1 17
-94.9 10
-94.7 6
-94.5 15
-94.3 4
-94.1 11
-93.9 8
-93.7 9
-93.5 14
-93.3 3
-93.1 5
-92.9 9
-92.7 6
-92.5 6
-92.3 3
-92.1 7
-91.9 5
-91.7 2
-91.5 4
-91.3 1
-91.1 3
-90.9 2
-90.7 7
-90.5 5
-90.3 0
-90.1 2
-89.9 1
-89.7 1
-89.5 3
-89.3 0
-89.1 0
-88.9 1
-88.7 1
-88.5 0
-88.3 0
-88.1 1
-87.9 2
-87.7 2
-87.5 0
-87.3 1
-87.1 0
-86.9 0
-86.7 0
-86.5 3
-86.3 0
-86.1 1
-85.9 0
-85.7 0
-85.5 0
-85.3 1
-85.1 3
-84.9 1
-84.7 0
-84.5 0
-84.3 0
-84.1 1
-83.9 0
-83.7 1
-83.5 0
-83.3 0
-83.1 1
-82.9 1
-82.7 1
-82.5 0
-82.3 0
-82.1 0
-81.9 0
-81.7 0
-81.5 0
-81.3 0
-81.1 1
-80.9 0
-80.7 1
-80.5 0
-80.3 1
-80.1 0
