-199.9 0
-199.7 3
-199.5 0
-199.3 2
-199.1 1
-198.9 7
-198.7 10
-198.5 7
-198.3 22
-198.1 12
-197.9 24
-197.7 22
-197.5 44
-197.3 42
-197.1 64
-196.9 77
-196.7 70
-196.5 117
-196.3 151
-196.1 139
-195.9 180
-195.7 206
-195.5 253
-195.3 253
-195.1 286
-194.9 327
-194.7 355
-194.5 384
-194.3 393
-194.1 406
-193.9 431
-193.7 448
-193.5 446
-193.3 422
-193.1 459
-192.9 487
-192.7 466
-192.5 496
-192.3 425
-192.1 454
-191.9 464
-191.7 440
-191.5 436
-191.3 457
-191.1 471
-190.9 445
-190.7 442
-190.5 436
-190.3 419
-190.1 419
-189.9 411
-189.7 432
-189.5 384
-189.3 408
-189.1 389
-188.9 376
-188.7 378
-188.5 401
-188.3 370
-188.1 374
-187.9 344
-187.7 397
-187.5 395
-187.3 384
-187.1 386
-186.9 365
-186.7 371
-186.5 367
-186.3 339
-186.1 368
-185.9 378
-185.7 362
-185.5 381
-185.3 368
-185.1 349
-184.9 333
-184.7 342
-184.5 345
-184.3 325
-184.1 368
-183.9 357
-183.7 369
-183.5 327
-183.3 335
-183.1 313
-182.9 332
-182.7 350
-182.5 305
-182.3 363
-182.1 320
-181.9 293
-181.7 285
-181.5 302
-181.3 284
-181.1 326
-180.9 313
-180.7 286
-180.5 281
-180.3 258
-180.1 282
-179.9 232
-179.7 282
-179.5 234
-179.3 269
-179.1 285
-178.9 242
-178.7 226
-178.5 242
-178.3 243
-178.1 272
-177.9 265
-177.7 283
-177.5 214
-177.3 255
-177.1 225
-176.9 242
-176.7 241
-176.5 205
-176.3 198
-176.1 206
-175.9 207
-175.7 196
-175.5 217
-175.3 204
-175.1 212
-174.9 223
-174.7 203
-174.5 227
-174.3 208
-174.1 193
-173.9 207
-173.7 233
-173.5 198
-173.3 207
-173.1 211
-172.9 204
-172.7 197
-172.5 208
-172.3 195
-172.1 188
-171.9 210
-171.7 201
-171.5 197
-171.3 218
-171.1 214
-170.9 195
-170.7 202
-170.5 199
-170.3 179
-170.1 220
-169.9 189
-169.7 208
-169.5 169
-169.3 192
-169.1 162
-168.9 193
-168.7 184
-168.5 166
-168.3 183
-168.1 198
-167.9 205
-167.7 175
-167.5 194
-167.3 194
-167.1 178
-166.9 199
-166.7 206
-166.5 181
-166.3 148
-166.1 179
-165.9 183
-165.7 177
-165.5 191
-165.3 171
-165.1 190
-164.9 197
-164.7 195
-164.5 207
-164.3 195
-164.1 186
-163.9 182
-163.7 201
-163.5 186
-163.3 167
-163.1 176
-162.9 172
-162.7 177
-162.5 187
-162.3 178
-162.1 214
-161.9 169
-161.7 189
-161.5 194
-161.3 203
-161.1 192
-160.9 173
-160.7 188
-160.5 211
-160.3 183
-160.1 190
-159.9 187
-159.7 155
-159.5 191
-159.3 199
-159.1 203
-158.9 179
-158.7 188
-158.5 191
-158.3 167
-158.1 180
-157.9 180
-157.7 154
-157.5 176
-157.3 174
-157.1 211
-156.9 170
-156.7 179
-156.5 157
-156.3 188
-156.1 193
-155.9 175
-155.7 201
-155.5 178
-155.3 182
-155.1 196
-154.9 168
-154.7 193
-154.5 176
-154.3 139
-154.1 189
-153.9 177
-153.7 167
-153.5 168
-153.3 165
-153.1 174
-152.9 167
-152.7 177
-152.5 180
-152.3 163
-152.1 133
-151.9 137
-151.7 177
-151.5 155
-151.3 174
-151.1 158
-150.9 182
-150.7 157
-150.5 152
-150.3 155
-150.1 169
-149.9 151
-149.7 169
-149.5 153
-149.3 141
-149.1 161
-148.9 192
-148.7 168
-148.5 163
-148.3 158
-148.1 170
-147.9 174
-147.7 170
-147.5 168
-147.3 176
-147.1 186
-146.9 176
-146.7 159
-146.5 181
-146.3 151
-146.1 153
-145.9 181
-145.7 195
-145.5 186
-145.3 170
-145.1 190
-144.9 167
-144.7 200
-144.5 180
-144.3 194
-144.1 168
-143.9 194
-143.7 191
-143.5 166
-143.3 163
-143.1 173
-142.9 175
-142.7 179
-142.5 184
-142.3 151
-142.1 181
-141.9 159
-141.7 210
-141.5 189
-141.3 195
-141.1 175
-140.9 188
-140.7 175
-140.5 193
-140.3 185
-140.1 207
-139.9 171
-139.7 180
-139.5 175
-139.3 186
-139.1 198
-138.9 209
-138.7 201
-138.5 183
-138.3 201
-138.1 191
-137.9 182
-137.7 186
-137.5 188
-137.3 192
-137.1 200
-136.9 197
-136.7 192
-136.5 206
-136.3 205
-136.1 208
-135.9 203
-135.7 180
-135.5 159
-135.3 186
-135.1 170
-134.9 208
-134.7 205
-134.5 198
-134.3 210
-134.1 204
-133.9 185
-133.7 217
-133.5 182
-133.3 195
-133.1 188
-132.9 189
-132.7 198
-132.5 180
-132.3 178
-132.1 201
-131.9 192
-131.7 167
-131.5 173
-131.3 183
-131.1 185
-130.9 204
-130.7 194
-130.5 194
-130.3 207
-130.1 209
-129.9 181
-129.7 180
-129.5 170
-129.3 174
-129.1 194
-128.9 195
-128.7 199
-128.5 169
-128.3 171
-128.1 174
-127.9 190
-127.7 172
-127.5 195
-127.3 192
-127.1 163
-126.9 166
-126.7 208
-126.5 178
-126.3 188
-126.1 195
-125.9 176
-125.7 190
-125.5 198
-125.3 183
-125.1 187
-124.9 179
-124.7 183
-124.5 199
-124.3 191
-124.1 174
-123.9 176
-123.7 164
-123.5 167
-123.3 166
-123.1 184
-122.9 192
-122.7 164
-122.5 155
-122.3 190
-122.1 185
-121.9 202
-121.7 189
-121.5 171
-121.3 169
-121.1 184
-120.9 157
-120.7 188
-120.5 203
-120.3 176
-120.1 178
-119.9 183
-119.7 199
-119.5 185
-119.3 197
-119.1 192
-118.9 197
-118.7 190
-118.5 197
-118.3 181
-118.1 191
-117.9 189
-117.7 210
-117.5 176
-117.3 199
-117.1 170
-116.9 177
-116.7 170
-116.5 193
-116.3 172
-116.1 176
-115.9 184
-115.7 180
-115.5 191
-115.3 185
-115.1 161
-114.9 197
-114.7 171
-114.5 201
-114.3 182
-114.1 191
-113.9 191
-113.7 180
-113.5 173
-113.3 175
-113.1 184
-112.9 192
-112.7 165
-112.5 189
-112.3 164
-112.1 172
-111.9 176
-111.7 179
-111.5 172
-111.3 157
-111.1 188
-110.9 179
-110.7 169
-110.5 185
-110.3 173
-110.1 187
-109.9 171
-109.7 163
-109.5 162
-109.3 195
-109.1 184
-108.9 166
-108.7 210
-108.5 172
-108.3 210
-108.1 197
-107.9 166
-107.7 183
-107.5 187
-107.3 186
-107.1 206
-106.9 187
-106.7 175
-106.5 186
-106.3 184
-106.1 175
-105.9 165
-105.7 157
-105.5 187
-105.3 170
-105.1 177
-104.9 174
-104.7 196
-104.5 183
-104.3 188
-104.1 168
-103.9 185
-103.7 169
-103.5 194
-103.3 150
-103.1 174
-102.9 187
-102.7 186
-102.5 181
-102.3 167
-102.1 171
-101.9 175
-101.7 192
-101.5 169
-101.3 174
-101.1 188
-100.9 168
-100.7 174
-100.5 177
-100.3 175
-100.1 170
-99.9 182
-99.7 180
-99.5 177
-99.3 183
-99.1 194
-98.9 187
-98.7 190
-98.5 176
-98.3 209
-98.1 203
-97.9 190
-97.7 162
-97.5 157
-97.3 177
-97.1 161
-96.9 190
-96.7 184
-96.5 185
-96.3 187
-96.1 176
-95.9 159
-95.7 184
-95.5 167
-95.3 210
-95.1 168
-94.9 159
-94.7 188
-94.5 171
-94.3 155
-94.1 159
-93.9 169
-93.7 165
-93.5 170
-93.3 149
-93.1 159
-92.9 180
-92.7 159
-92.5 180
-92.3 186
-92.1 169
-91.9 189
-91.7 169
-91.5 190
-91.3 162
-91.1 199
-90.9 194
-90.7 161
-90.5 172
-90.3 161
-90.1 181
-89.9 155
-89.7 183
-89.5 166
-89.3 174
-89.1 184
-88.9 186
-88.7 170
-88.5 173
-88.3 147
-88.1 179
-87.9 185
-87.7 183
-87.5 177
-87.3 147
-87.1 159
-86.9 163
-86.7 147
-86.5 176
-86.3 169
-86.1 189
-85.9 202
-85.7 183
-85.5 160
-85.3 180
-85.1 171
-84.9 161
-84.7 186
-84.5 199
-84.3 172
-84.1 165
-83.9 184
-83.7 196
-83.5 150
-83.3 172
-83.1 171
-82.9 176
-82.7 166
-82.5 181
-82.3 182
-82.1 184
-81.9 174
-81.7 155
-81.5 185
-81.3 194
-81.1 183
-80.9 200
-80.7 158
-80.5 168
-80.3 188
-80.1 148
-79.9 198
-79.7 194
-79.5 189
-79.3 195
-79.1 170
-78.9 176
-78.7 188
-78.5 199
-78.3 178
-78.1 177
-77.9 198
-77.7 164
-77.5 176
-77.3 189
-77.1 205
-76.9 169
-76.7 179
-76.5 179
-76.3 199
-76.1 187
-75.9 188
-75.7 180
-75.5 189
-75.3 184
-75.1 172
-74.9 167
-74.7 172
-74.5 195
-74.3 193
-74.1 179
-73.9 171
-73.7 194
-73.5 176
-73.3 182
-73.1 172
-72.9 171
-72.7 171
-72.5 178
-72.3 176
-72.1 181
-71.9 176
-71.7 170
-71.5 211
-71.3 176
-71.1 180
-70.9 175
-70.7 199
-70.5 200
-70.3 178
-70.1 202
-69.9 161
-69.7 162
-69.5 172
-69.3 182
-69.1 188
-68.9 190
-68.7 183
-68.5 199
-68.3 167
-68.1 172
-67.9 197
-67.7 179
-67.5 184
-67.3 183
-67.1 186
-66.9 184
-66.7 172
-66.5 186
-66.3 155
-66.1 189
-65.9 182
-65.7 176
-65.5 200
-65.3 179
-65.1 187
-64.9 175
-64.7 184
-64.5 168
-64.3 222
-64.1 162
-63.9 162
-63.7 179
-63.5 186
-63.3 174
-63.1 201
-62.9 183
-62.7 148
-62.5 183
-62.3 148
-62.1 181
-61.9 183
-61.7 181
-61.5 228
-61.3 189
-61.1 168
-60.9 171
-60.7 195
-60.5 177
-60.3 175
-60.1 162
-59.9 171
-59.7 195
-59.5 157
-59.3 171
-59.1 209
-58.9 199
-58.7 168
-58.5 178
-58.3 192
-58.1 180
-57.9 178
-57.7 178
-57.5 193
-57.3 144
-57.1 175
-56.9 196
-56.7 166
-56.5 166
-56.3 179
-56.1 168
-55.9 164
-55.7 156
-55.5 176
-55.3 192
-55.1 193
-54.9 168
-54.7 189
-54.5 184
-54.3 170
-54.1 183
-53.9 161
-53.7 191
-53.5 180
-53.3 172
-53.1 174
-52.9 169
-52.7 188
-52.5 192
-52.3 170
-52.1 176
-51.9 167
-51.7 182
-51.5 214
-51.3 169
-51.1 159
-50.9 181
-50.7 176
-50.5 156
-50.3 166
-50.1 198
-49.9 183
-49.7 184
-49.5 165
-49.3 175
-49.1 172
-48.9 173
-48.7 190
-48.5 233
-48.3 183
-48.1 191
-47.9 160
-47.7 173
-47.5 169
-47.3 170
-47.1 175
-46.9 190
-46.7 190
-46.5 173
-46.3 184
-46.1 165
-45.9 172
-45.7 190
-45.5 185
-45.3 181
-45.1 169
-44.9 175
-44.7 151
-44.5 180
-44.3 167
-44.1 167
-43.9 180
-43.7 170
-43.5 169
-43.3 185
-43.1 175
-42.9 165
-42.7 199
-42.5 185
-42.3 158
-42.1 187
-41.9 164
-41.7 199
-41.5 177
-41.3 192
-41.1 168
-40.9 170
-40.7 175
-40.5 185
-40.3 151
-40.1 176
-39.9 190
-39.7 154
-39.5 191
-39.3 168
-39.1 158
-38.9 177
-38.7 165
-38.5 179
-38.3 179
-38.1 203
-37.9 197
-37.7 165
-37.5 190
-37.3 173
-37.1 174
-36.9 185
-36.7 170
-36.5 159
-36.3 168
-36.1 156
-35.9 165
-35.7 181
-35.5 190
-35.3 165
-35.1 162
-34.9 169
-34.7 159
-34.5 170
-34.3 170
-34.1 173
-33.9 169
-33.7 182
-33.5 193
-33.3 190
-33.1 183
-32.9 184
-32.7 168
-32.5 171
-32.3 166
-32.1 160
-31.9 178
-31.7 196
-31.5 189
-31.3 169
-31.1 199
-30.9 181
-30.7 199
-30.5 186
-30.3 171
-30.1 179
-29.9 174
-29.7 182
-29.5 169
-29.3 183
-29.1 171
-28.9 153
-28.7 154
-28.5 199
-28.3 175
-28.1 193
-27.9 168
-27.7 190
-27.5 166
-27.3 173
-27.1 179
-26.9 162
-26.7 153
-26.5 170
-26.3 168
-26.1 184
-25.9 167
-25.7 165
-25.5 158
-25.3 183
-25.1 174
-24.9 205
-24.7 184
-24.5 201
-24.3 157
-24.1 188
-23.9 185
-23.7 156
-23.5 185
-23.3 187
-23.1 166
-22.9 157
-22.7 176
-22.5 171
-22.3 161
-22.1 178
-21.9 156
-21.7 174
-21.5 149
-21.3 151
-21.1 191
-20.9 192
-20.7 165
-20.5 169
-20.3 174
-20.1 185
-19.9 163
-19.7 171
-19.5 182
-19.3 193
-19.1 194
-18.9 157
-18.7 176
-18.5 179
-18.3 175
-18.1 182
-17.9 168
-17.7 187
-17.5 165
-17.3 183
-17.1 171
-16.9 177
-16.7 198
-16.5 202
-16.3 186
-16.1 169
-15.9 178
-15.7 188
-15.5 169
-15.3 185
-15.1 170
-14.9 181
-14.7 167
-14.5 196
-14.3 192
-14.1 170
-13.9 203
-13.7 165
-13.5 173
-13.3 154
-13.1 144
-12.9 175
-12.7 166
-12.5 189
-12.3 179
-12.1 192
-11.9 186
-11.7 182
-11.5 173
-11.3 189
-11.1 167
-10.9 178
-10.7 159
-10.5 163
-10.3 174
-10.1 187
-9.9 171
-9.7 173
-9.5 163
-9.3 170
-9.1 168
-8.9 185
-8.7 158
-8.5 174
-8.3 188
-8.1 175
-7.9 196
-7.7 185
-7.5 162
-7.3 168
-7.1 180
-6.9 163
-6.7 175
-6.5 172
-6.3 188
-6.1 196
-5.9 164
-5.7 180
-5.5 173
-5.3 173
-5.1 172
-4.9 150
-4.7 172
-4.5 168
-4.3 182
-4.1 174
-3.9 156
-3.7 200
-3.5 180
-3.3 159
-3.1 168
-2.9 180
-2.7 172
-2.5 158
-2.3 178
-2.1 164
-1.9 178
-1.7 168
-1.5 184
-1.3 175
-1.1 166
-0.9 183
-0.7 178
-0.5 164
-0.3 150
-0.1 154
0.1 182
0.3 187
0.5 199
0.7 173
0.9 162
1.1 168
1.3 188
1.5 164
1.7 188
1.9 181
2.1 192
2.3 162
2.5 167
2.7 166
2.9 179
3.1 165
3.3 172
3.5 175
3.7 179
3.9 174
4.1 162
4.3 180
4.5 164
4.7 176
4.9 159
5.1 181
5.3 176
5.5 142
5.7 202
5.9 184
6.1 173
6.3 193
6.5 194
6.7 179
6.9 199
7.1 171
7.3 165
7.5 157
7.7 154
7.9 163
8.1 194
8.3 187
8.5 185
8.7 179
8.9 205
9.1 169
9.3 184
9.5 151
9.7 173
9.9 152
10.1 156
10.3 150
10.5 152
10.7 167
10.9 159
11.1 158
11.3 150
11.5 168
11.7 144
11.9 170
12.1 147
12.3 138
12.5 175
12.7 160
12.9 153
13.1 173
13.3 165
13.5 163
13.7 145
13.9 157
14.1 162
14.3 151
14.5 147
14.7 140
14.9 159
15.1 155
15.3 147
15.5 157
15.7 133
15.9 142
16.1 125
16.3 146
16.5 141
16.7 146
16.9 165
17.1 135
17.3 131
17.5 135
17.7 131
17.9 118
18.1 112
18.3 120
18.5 115
18.7 112
18.9 109
19.1 118
19.3 102
19.5 114
19.7 93
19.9 87
20.1 100
20.3 100
20.5 98
20.7 84
20.9 87
21.1 98
21.3 85
21.5 71
21.7 103
21.9 76
22.1 99
22.3 79
22.5 87
22.7 67
22.9 89
23.1 81
23.3 71
23.5 72
23.7 50
23.9 66
24.1 61
24.3 48
24.5 67
24.7 48
24.9 53
25.1 49
25.3 52
25.5 54
25.7 53
25.9 41
26.1 42
26.3 49
26.5 44
26.7 39
26.9 29
27.1 31
27.3 41
27.5 24
27.7 31
27.9 31
28.1 22
28.3 27
28.5 30
28.7 27
28.9 23
29.1 30
29.3 16
29.5 25
29.7 16
29.9 13
