-199.9 0
-199.7 0
-199.5 0
-199.3 0
-199.1 0
-198.9 0
-198.7 0
-198.5 0
-198.3 0
-198.1 0
-197.9 2
-197.7 1
-197.5 3
-197.3 4
-197.1 8
-196.9 9
-196.7 13
-196.5 21
-196.3 33
-196.1 43
-195.9 57
-195.7 55
-195.5 87
-195.3 110
-195.1 149
-194.9 164
-194.7 214
-194.5 240
-194.3 282
-194.1 303
-193.9 349
-193.7 404
-193.5 393
-193.3 399
-193.1 411
-192.9 426
-192.7 469
-192.5 449
-192.3 432
-192.1 444
-191.9 466
-191.7 439
-191.5 447
-191.3 503
-191.1 422
-190.9 417
-190.7 443
-190.5 400
-190.3 402
-190.1 412
-189.9 358
-189.7 434
-189.5 404
-189.3 432
-189.1 380
-188.9 399
-188.7 356
-188.5 417
-188.3 438
-188.1 395
-187.9 376
-187.7 393
-187.5 388
-187.3 363
-187.1 366
-186.9 343
-186.7 333
-186.5 365
-186.3 379
-186.1 354
-185.9 362
-185.7 386
-185.5 376
-185.3 378
-185.1 351
-184.9 336
-184.7 325
-184.5 361
-184.3 313
-184.1 349
-183.9 352
-183.7 343
-183.5 373
-183.3 328
-183.1 357
-182.9 347
-182.7 319
-182.5 340
-182.3 337
-182.1 336
-181.9 368
-181.7 325
-181.5 303
-181.3 308
-181.1 300
-180.9 316
-180.7 286
-180.5 317
-180.3 340
-180.1 280
-179.9 320
-179.7 332
-179.5 254
-179.3 299
-179.1 294
-178.9 279
-178.7 286
-178.5 257
-178.3 268
-178.1 237
-177.9 229
-177.7 230
-177.5 249
-177.3 226
-177.1 245
-176.9 252
-176.7 231
-176.5 218
-176.3 256
-176.1 212
-175.9 226
-175.7 226
-175.5 233
-175.3 242
-175.1 237
-174.9 249
-174.7 264
-174.5 233
-174.3 212
-174.1 237
-173.9 216
-173.7 234
-173.5 213
-173.3 209
-173.1 228
-172.9 211
-172.7 227
-172.5 236
-172.3 218
-172.1 227
-171.9 206
-171.7 214
-171.5 209
-171.3 212
-171.1 199
-170.9 193
-170.7 242
-170.5 220
-170.3 211
-170.1 229
-169.9 192
-169.7 213
-169.5 201
-169.3 206
-169.1 192
-168.9 206
-168.7 210
-168.5 221
-168.3 191
-168.1 204
-167.9 194
-167.7 180
-167.5 190
-167.3 197
-167.1 180
-166.9 196
-166.7 198
-166.5 187
-166.3 208
-166.1 182
-165.9 205
-165.7 210
-165.5 185
-165.3 196
-165.1 183
-164.9 192
-164.7 192
-164.5 216
-164.3 209
-164.1 215
-163.9 184
-163.7 198
-163.5 194
-163.3 211
-163.1 196
-162.9 168
-162.7 196
-162.5 188
-162.3 182
-162.1 176
-161.9 173
-161.7 178
-161.5 203
-161.3 217
-161.1 192
-160.9 184
-160.7 189
-160.5 174
-160.3 179
-160.1 192
-159.9 165
-159.7 176
-159.5 164
-159.3 179
-159.1 176
-158.9 188
-158.7 177
-158.5 185
-158.3 192
-158.1 181
-157.9 191
-157.7 158
-157.5 163
-157.3 195
-157.1 163
-156.9 173
-156.7 185
-156.5 180
-156.3 179
-156.1 177
-155.9 179
-155.7 202
-155.5 184
-155.3 179
-155.1 193
-154.9 197
-154.7 150
-154.5 179
-154.3 183
-154.1 191
-153.9 182
-153.7 181
-153.5 190
-153.3 190
-153.1 181
-152.9 162
-152.7 191
-152.5 168
-152.3 173
-152.1 185
-151.9 180
-151.7 183
-151.5 164
-151.3 145
-151.1 175
-150.9 173
-150.7 166
-150.5 173
-150.3 173
-150.1 152
-149.9 179
-149.7 181
-149.5 155
-149.3 186
-149.1 190
-148.9 154
-148.7 180
-148.5 162
-148.3 155
-148.1 177
-147.9 176
-147.7 150
-147.5 169
-147.3 147
-147.1 157
-146.9 150
-146.7 137
-146.5 183
-146.3 174
-146.1 186
-145.9 183
-145.7 157
-145.5 173
-145.3 155
-145.1 178
-144.9 178
-144.7 192
-144.5 187
-144.3 155
-144.1 169
-143.9 197
-143.7 158
-143.5 180
-143.3 172
-143.1 162
-142.9 183
-142.7 179
-142.5 192
-142.3 159
-142.1 161
-141.9 196
-141.7 176
-141.5 195
-141.3 187
-141.1 215
-140.9 195
-140.7 168
-140.5 197
-140.3 199
-140.1 202
-139.9 188
-139.7 199
-139.5 187
-139.3 191
-139.1 170
-138.9 203
-138.7 200
-138.5 180
-138.3 176
-138.1 191
-137.9 200
-137.7 180
-137.5 199
-137.3 210
-137.1 174
-136.9 200
-136.7 194
-136.5 202
-136.3 188
-136.1 198
-135.9 191
-135.7 212
-135.5 189
-135.3 182
-135.1 188
-134.9 195
-134.7 186
-134.5 185
-134.3 227
-134.1 189
-133.9 203
-133.7 182
-133.5 170
-133.3 159
-133.1 223
-132.9 204
-132.7 209
-132.5 217
-132.3 216
-132.1 206
-131.9 194
-131.7 195
-131.5 193
-131.3 206
-131.1 176
-130.9 196
-130.7 203
-130.5 203
-130.3 200
-130.1 198
-129.9 207
-129.7 196
-129.5 201
-129.3 178
-129.1 181
-128.9 208
-128.7 198
-128.5 179
-128.3 187
-128.1 199
-127.9 216
-127.7 207
-127.5 188
-127.3 193
-127.1 188
-126.9 202
-126.7 190
-126.5 196
-126.3 181
-126.1 180
-125.9 195
-125.7 202
-125.5 165
-125.3 214
-125.1 180
-124.9 192
-124.7 184
-124.5 191
-124.3 202
-124.1 181
-123.9 212
-123.7 219
-123.5 187
-123.3 182
-123.1 190
-122.9 182
-122.7 171
-122.5 191
-122.3 196
-122.1 182
-121.9 206
-121.7 194
-121.5 167
-121.3 182
-121.1 199
-120.9 205
-120.7 180
-120.5 176
-120.3 188
-120.1 195
-119.9 196
-119.7 183
-119.5 215
-119.3 198
-119.1 189
-118.9 180
-118.7 187
-118.5 160
-118.3 196
-118.1 183
-117.9 176
-117.7 179
-117.5 176
-117.3 193
-117.1 179
-116.9 176
-116.7 174
-116.5 178
-116.3 193
-116.1 172
-115.9 193
-115.7 161
-115.5 165
-115.3 189
-115.1 176
-114.9 184
-114.7 174
-114.5 200
-114.3 172
-114.1 166
-113.9 186
-113.7 171
-113.5 168
-113.3 188
-113.1 173
-112.9 190
-112.7 188
-112.5 178
-112.3 205
-112.1 161
-111.9 164
-111.7 187
-111.5 192
-111.3 150
-111.1 171
-110.9 189
-110.7 161
-110.5 183
-110.3 195
-110.1 171
-109.9 177
-109.7 194
-109.5 192
-109.3 182
-109.1 168
-108.9 177
-108.7 147
-108.5 180
-108.3 171
-108.1 184
-107.9 177
-107.7 194
-107.5 191
-107.3 168
-107.1 166
-106.9 194
-106.7 207
-106.5 165
-106.3 157
-106.1 172
-105.9 188
-105.7 198
-105.5 180
-105.3 170
-105.1 177
-104.9 197
-104.7 183
-104.5 181
-104.3 158
-104.1 167
-103.9 180
-103.7 160
-103.5 160
-103.3 186
-103.1 160
-102.9 187
-102.7 167
-102.5 178
-102.3 161
-102.1 193
-101.9 188
-101.7 167
-101.5 186
-101.3 166
-101.1 163
-100.9 154
-100.7 182
-100.5 155
-100.3 176
-100.1 160
-99.9 175
-99.7 173
-99.5 163
-99.3 163
-99.1 185
-98.9 173
-98.7 175
-98.5 172
-98.3 171
-98.1 188
-97.9 193
-97.7 168
-97.5 180
-97.3 204
-97.1 184
-96.9 163
-96.7 182
-96.5 168
-96.3 173
-96.1 189
-95.9 180
-95.7 190
-95.5 158
-95.3 170
-95.1 178
-94.9 171
-94.7 177
-94.5 185
-94.3 185
-94.1 164
-93.9 172
-93.7 166
-93.5 157
-93.3 173
-93.1 171
-92.9 162
-92.7 166
-92.5 161
-92.3 176
-92.1 183
-91.9 162
-91.7 172
-91.5 174
-91.3 176
-91.1 172
-90.9 168
-90.7 178
-90.5 153
-90.3 172
-90.1 166
-89.9 171
-89.7 163
-89.5 162
-89.3 174
-89.1 158
-88.9 157
-88.7 192
-88.5 190
-88.3 161
-88.1 160
-87.9 181
-87.7 160
-87.5 154
-87.3 165
-87.1 173
-86.9 173
-86.7 175
-86.5 160
-86.3 170
-86.1 185
-85.9 193
-85.7 186
-85.5 178
-85.3 158
-85.1 174
-84.9 158
-84.7 179
-84.5 186
-84.3 164
-84.1 191
-83.9 177
-83.7 176
-83.5 175
-83.3 180
-83.1 177
-82.9 171
-82.7 168
-82.5 164
-82.3 186
-82.1 160
-81.9 192
-81.7 159
-81.5 166
-81.3 157
-81.1 171
-80.9 187
-80.7 163
-80.5 174
-80.3 195
-80.1 173
-79.9 182
-79.7 164
-79.5 173
-79.3 168
-79.1 174
-78.9 168
-78.7 152
-78.5 160
-78.3 178
-78.1 196
-77.9 189
-77.7 159
-77.5 197
-77.3 179
-77.1 179
-76.9 191
-76.7 146
-76.5 170
-76.3 152
-76.1 186
-75.9 183
-75.7 194
-75.5 167
-75.3 179
-75.1 200
-74.9 176
-74.7 160
-74.5 177
-74.3 169
-74.1 160
-73.9 149
-73.7 176
-73.5 161
-73.3 178
-73.1 172
-72.9 189
-72.7 172
-72.5 174
-72.3 183
-72.1 208
-71.9 174
-71.7 185
-71.5 169
-71.3 196
-71.1 183
-70.9 170
-70.7 175
-70.5 176
-70.3 188
-70.1 169
-69.9 186
-69.7 178
-69.5 177
-69.3 174
-69.1 169
-68.9 148
-68.7 168
-68.5 156
-68.3 171
-68.1 147
-67.9 175
-67.7 163
-67.5 170
-67.3 187
-67.1 183
-66.9 171
-66.7 164
-66.5 183
-66.3 181
-66.1 178
-65.9 171
-65.7 167
-65.5 165
-65.3 190
-65.1 135
-64.9 205
-64.7 194
-64.5 184
-64.3 154
-64.1 167
-63.9 201
-63.7 158
-63.5 176
-63.3 183
-63.1 191
-62.9 177
-62.7 192
-62.5 191
-62.3 199
-62.1 191
-61.9 170
-61.7 178
-61.5 191
-61.3 184
-61.1 184
-60.9 156
-60.7 179
-60.5 189
-60.3 189
-60.1 181
-59.9 177
-59.7 175
-59.5 186
-59.3 183
-59.1 180
-58.9 193
-58.7 172
-58.5 186
-58.3 169
-58.1 167
-57.9 173
-57.7 193
-57.5 161
-57.3 196
-57.1 174
-56.9 172
-56.7 192
-56.5 188
-56.3 177
-56.1 188
-55.9 162
-55.7 166
-55.5 178
-55.3 195
-55.1 172
-54.9 166
-54.7 176
-54.5 187
-54.3 188
-54.1 201
-53.9 161
-53.7 178
-53.5 176
-53.3 170
-53.1 173
-52.9 172
-52.7 164
-52.5 176
-52.3 185
-52.1 187
-51.9 177
-51.7 200
-51.5 181
-51.3 174
-51.1 187
-50.9 181
-50.7 174
-50.5 188
-50.3 190
-50.1 159
-49.9 175
-49.7 189
-49.5 183
-49.3 175
-49.1 188
-48.9 192
-48.7 171
-48.5 175
-48.3 166
-48.1 175
-47.9 187
-47.7 197
-47.5 178
-47.3 187
-47.1 150
-46.9 159
-46.7 147
-46.5 185
-46.3 172
-46.1 179
-45.9 178
-45.7 178
-45.5 157
-45.3 193
-45.1 171
-44.9 201
-44.7 170
-44.5 166
-44.3 172
-44.1 164
-43.9 183
-43.7 173
-43.5 184
-43.3 155
-43.1 203
-42.9 171
-42.7 188
-42.5 195
-42.3 174
-42.1 192
-41.9 171
-41.7 176
-41.5 190
-41.3 187
-41.1 207
-40.9 183
-40.7 173
-40.5 183
-40.3 167
-40.1 159
-39.9 166
-39.7 184
-39.5 167
-39.3 185
-39.1 153
-38.9 179
-38.7 179
-38.5 184
-38.3 191
-38.1 188
-37.9 187
-37.7 186
-37.5 190
-37.3 177
-37.1 182
-36.9 186
-36.7 171
-36.5 177
-36.3 193
-36.1 162
-35.9 191
-35.7 199
-35.5 191
-35.3 195
-35.1 172
-34.9 184
-34.7 173
-34.5 181
-34.3 184
-34.1 179
-33.9 197
-33.7 179
-33.5 191
-33.3 166
-33.1 167
-32.9 164
-32.7 196
-32.5 178
-32.3 185
-32.1 175
-31.9 158
-31.7 179
-31.5 177
-31.3 164
-31.1 165
-30.9 157
-30.7 204
-30.5 175
-30.3 163
-30.1 171
-29.9 149
-29.7 202
-29.5 165
-29.3 179
-29.1 152
-28.9 183
-28.7 166
-28.5 194
-28.3 190
-28.1 162
-27.9 195
-27.7 162
-27.5 164
-27.3 171
-27.1 179
-26.9 181
-26.7 175
-26.5 195
-26.3 183
-26.1 155
-25.9 204
-25.7 178
-25.5 161
-25.3 176
-25.1 153
-24.9 181
-24.7 198
-24.5 174
-24.3 168
-24.1 167
-23.9 177
-23.7 197
-23.5 176
-23.3 207
-23.1 186
-22.9 168
-22.7 182
-22.5 170
-22.3 168
-22.1 167
-21.9 196
-21.7 164
-21.5 185
-21.3 189
-21.1 160
-20.9 180
-20.7 148
-20.5 192
-20.3 160
-20.1 185
-19.9 162
-19.7 172
-19.5 192
-19.3 176
-19.1 195
-18.9 164
-18.7 184
-18.5 168
-18.3 168
-18.1 185
-17.9 201
-17.7 209
-17.5 169
-17.3 185
-17.1 167
-16.9 165
-16.7 170
-16.5 157
-16.3 214
-16.1 166
-15.9 177
-15.7 178
-15.5 160
-15.3 167
-15.1 193
-14.9 185
-14.7 174
-14.5 191
-14.3 190
-14.1 173
-13.9 203
-13.7 154
-13.5 177
-13.3 162
-13.1 166
-12.9 173
-12.7 176
-12.5 186
-12.3 185
-12.1 192
-11.9 189
-11.7 169
-11.5 184
-11.3 186
-11.1 190
-10.9 179
-10.7 185
-10.5 167
-10.3 183
-10.1 193
-9.9 155
-9.7 174
-9.5 191
-9.3 190
-9.1 172
-8.9 189
-8.7 171
-8.5 161
-8.3 161
-8.1 171
-7.9 172
-7.7 194
-7.5 184
-7.3 182
-7.1 167
-6.9 182
-6.7 179
-6.5 192
-6.3 177
-6.1 175
-5.9 199
-5.7 178
-5.5 176
-5.3 191
-5.1 183
-4.9 192
-4.7 158
-4.5 189
-4.3 179
-4.1 192
-3.9 167
-3.7 170
-3.5 178
-3.3 169
-3.1 171
-2.9 170
-2.7 191
-2.5 174
-2.3 166
-2.1 168
-1.9 200
-1.7 178
-1.5 199
-1.3 187
-1.1 186
-0.9 177
-0.7 175
-0.5 183
-0.3 170
-0.1 176
0.1 178
0.3 188
0.5 194
0.7 183
0.9 178
1.1 171
1.3 172
1.5 149
1.7 165
1.9 199
2.1 193
2.3 177
2.5 145
2.7 182
2.9 175
3.1 166
3.3 170
3.5 161
3.7 154
3.9 145
4.1 175
4.3 166
4.5 178
4.7 205
4.9 162
5.1 195
5.3 166
5.5 173
5.7 179
5.9 181
6.1 200
6.3 147
6.5 177
6.7 170
6.9 188
7.1 166
7.3 198
7.5 173
7.7 166
7.9 160
8.1 190
8.3 190
8.5 183
8.7 160
8.9 145
9.1 182
9.3 144
9.5 175
9.7 187
9.9 164
10.1 162
10.3 168
10.5 167
10.7 158
10.9 173
11.1 181
11.3 183
11.5 132
11.7 147
11.9 170
12.1 153
12.3 155
12.5 170
12.7 181
12.9 148
13.1 170
13.3 162
13.5 147
13.7 158
13.9 142
14.1 144
14.3 158
14.5 134
14.7 146
14.9 132
15.1 127
15.3 104
15.5 137
15.7 102
15.9 130
16.1 128
16.3 140
16.5 127
16.7 111
16.9 122
17.1 120
17.3 110
17.5 109
17.7 123
17.9 111
18.1 109
18.3 118
18.5 115
18.7 104
18.9 114
19.1 75
19.3 91
19.5 80
19.7 89
19.9 89
20.1 102
20.3 88
20.5 112
20.7 80
20.9 81
21.1 73
21.3 75
21.5 81
21.7 74
21.9 71
22.1 71
22.3 68
22.5 55
22.7 67
22.9 64
23.1 58
23.3 60
23.5 63
23.7 55
23.9 47
24.1 47
24.3 57
24.5 57
24.7 55
24.9 34
25.1 40
25.3 31
25.5 43
25.7 37
25.9 42
26.1 32
26.3 33
26.5 29
26.7 31
26.9 32
27.1 20
27.3 23
27.5 37
27.7 31
27.9 23
28.1 25
28.3 26
28.5 20
28.7 20
28.9 16
29.1 19
29.3 22
29.5 22
29.7 14
29.9 16
