-1579.9 0
-1579.7 0
-1579.5 0
-1579.3 0
-1579.1 0
-1578.9 1
-1578.7 0
-1578.5 0
-1578.3 0
-1578.1 0
-1577.9 0
-1577.7 0
-1577.5 0
-1577.3 0
-1577.1 0
-1576.9 0
-1576.7 0
-1576.5 0
-1576.3 0
-1576.1 0
-1575.9 0
-1575.7 0
-1575.5 0
-1575.3 0
-1575.1 0
-1574.9 0
-1574.7 0
-1574.5 1
-1574.3 0
-1574.1 0
-1573.9 1
-1573.7 0
-1573.5 0
-1573.3 0
-1573.1 1
-1572.9 0
-1572.7 1
-1572.5 0
-1572.3 0
-1572.1 0
-1571.9 0
-1571.7 1
-1571.5 0
-1571.3 0
-1571.1 1
-1570.9 0
-1570.7 2
-1570.5 1
-1570.3 1
-1570.1 0
-1569.9 0
-1569.7 0
-1569.5 0
-1569.3 0
-1569.1 0
-1568.9 1
-1568.7 1
-1568.5 1
-1568.3 3
-1568.1 5
-1567.9 3
-1567.7 2
-1567.5 4
-1567.3 8
-1567.1 5
-1566.9 10
-1566.7 7
-1566.5 12
-1566.3 7
-1566.1 17
-1565.9 19
-1565.7 26
-1565.5 25
-1565.3 34
-1565.1 35
-1564.9 42
-1564.7 38
-1564.5 33
-1564.3 38
-1564.1 60
-1563.9 42
-1563.7 52
-1563.5 41
-1563.3 53
-1563.1 48
-1562.9 60
-1562.7 55
-1562.5 61
-1562.3 58
-1562.1 70
-1561.9 56
-1561.7 74
-1561.5 84
-1561.3 75
-1561.1 71
-1560.9 86
-1560.7 81
-1560.5 99
-1560.3 98
-1560.1 118
-1559.9 117
-1559.7 98
-1559.5 116
-1559.3 110
-1559.1 128
-1558.9 116
-1558.7 121
-1558.5 142
-1558.3 116
-1558.1 140
-1557.9 142
-1557.7 131
-1557.5 174
-1557.3 151
-1557.1 153
-1556.9 168
-1556.7 178
-1556.5 183
-1556.3 173
-1556.1 176
-1555.9 216
-1555.7 230
-1555.5 207
-1555.3 231
-1555.1 212
-1554.9 244
-1554.7 234
-1554.5 219
-1554.3 251
-1554.1 215
-1553.9 266
-1553.7 255
-1553.5 263
-1553.3 281
-1553.1 293
-1552.9 274
-1552.7 307
-1552.5 308
-1552.3 294
-1552.1 350
-1551.9 318
-1551.7 321
-1551.5 357
-1551.3 361
-1551.1 370
-1550.9 365
-1550.7 362
-1550.5 383
-1550.3 423
-1550.1 400
-1549.9 423
-1549.7 409
-1549.5 431
-1549.3 456
-1549.1 472
-1548.9 458
-1548.7 438
-1548.5 450
-1548.3 431
-1548.1 446
-1547.9 520
-1547.7 523
-1547.5 507
-1547.3 500
-1547.1 521
-1546.9 500
-1546.7 497
-1546.5 522
-1546.3 534
-1546.1 531
-1545.9 506
-1545.7 539
-1545.5 564
-1545.3 536
-1545.1 546
-1544.9 571
-1544.7 598
-1544.5 528
-1544.3 570
-1544.1 547
-1543.9 550
-1543.7 544
-1543.5 532
-1543.3 593
-1543.1 595
-1542.9 570
-1542.7 598
-1542.5 582
-1542.3 553
-1542.1 588
-1541.9 598
-1541.7 575
-1541.5 623
-1541.3 586
-1541.1 590
-1540.9 581
-1540.7 620
-1540.5 615
-1540.3 587
-1540.1 598
-1539.9 600
-1539.7 600
-1539.5 601
-1539.3 577
-1539.1 612
-1538.9 621
-1538.7 592
-1538.5 605
-1538.3 641
-1538.1 572
-1537.9 583
-1537.7 593
-1537.5 587
-1537.3 608
-1537.1 612
-1536.9 628
-1536.7 604
-1536.5 607
-1536.3 558
-1536.1 609
-1535.9 592
-1535.7 588
-1535.5 558
-1535.3 575
-1535.1 592
-1534.9 572
-1534.7 546
-1534.5 568
-1534.3 565
-1534.1 566
-1533.9 558
-1533.7 577
-1533.5 581
-1533.3 561
-1533.1 545
-1532.9 562
-1532.7 558
-1532.5 563
-1532.3 594
-1532.1 554
-1531.9 564
-1531.7 569
-1531.5 538
-1531.3 540
-1531.1 549
-1530.9 499
-1530.7 553
-1530.5 548
-1530.3 543
-1530.1 550
-1529.9 526
-1529.7 526
-1529.5 517
-1529.3 515
-1529.1 518
-1528.9 583
-1528.7 531
-1528.5 545
-1528.3 519
-1528.1 560
-1527.9 531
-1527.7 525
-1527.5 503
-1527.3 533
-1527.1 521
-1526.9 520
-1526.7 502
-1526.5 503
-1526.3 482
-1526.1 522
-1525.9 527
-1525.7 529
-1525.5 483
-1525.3 544
-1525.1 545
-1524.9 507
-1524.7 505
-1524.5 516
-1524.3 487
-1524.1 525
-1523.9 538
-1523.7 521
-1523.5 495
-1523.3 501
-1523.1 518
-1522.9 517
-1522.7 514
-1522.5 512
-1522.3 460
-1522.1 543
-1521.9 498
-1521.7 467
-1521.5 500
-1521.3 490
-1521.1 484
-1520.9 523
-1520.7 513
-1520.5 512
-1520.3 492
-1520.1 515
-1519.9 493
-1519.7 467
-1519.5 491
-1519.3 505
-1519.1 492
-1518.9 469
-1518.7 510
-1518.5 529
-1518.3 482
-1518.1 474
-1517.9 500
-1517.7 490
-1517.5 470
-1517.3 502
-1517.1 460
-1516.9 472
-1516.7 441
-1516.5 543
-1516.3 464
-1516.1 499
-1515.9 509
-1515.7 488
-1515.5 485
-1515.3 461
-1515.1 452
-1514.9 470
-1514.7 468
-1514.5 456
-1514.3 456
-1514.1 454
-1513.9 499
-1513.7 490
-1513.5 476
-1513.3 470
-1513.1 461
-1512.9 455
-1512.7 461
-1512.5 458
-1512.3 469
-1512.1 470
-1511.9 464
-1511.7 441
-1511.5 494
-1511.3 467
-1511.1 511
-1510.9 465
-1510.7 424
-1510.5 425
-1510.3 466
-1510.1 451
-1509.9 450
-1509.7 449
-1509.5 444
-1509.3 453
-1509.1 476
-1508.9 452
-1508.7 447
-1508.5 450
-1508.3 471
-1508.1 473
-1507.9 475
-1507.7 462
-1507.5 456
-1507.3 470
-1507.1 473
-1506.9 472
-1506.7 479
-1506.5 463
-1506.3 494
-1506.1 494
-1505.9 494
-1505.7 495
-1505.5 512
-1505.3 502
-1505.1 518
-1504.9 514
-1504.7 527
-1504.5 501
-1504.3 520
-1504.1 474
-1503.9 548
-1503.7 524
-1503.5 515
-1503.3 530
-1503.1 500
-1502.9 495
-1502.7 532
-1502.5 472
-1502.3 495
-1502.1 472
-1501.9 493
-1501.7 507
-1501.5 481
-1501.3 479
-1501.1 492
-1500.9 481
-1500.7 469
-1500.5 465
-1500.3 466
-1500.1 497
-1499.9 463
-1499.7 469
-1499.5 463
-1499.3 447
-1499.1 431
-1498.9 472
-1498.7 475
-1498.5 448
-1498.3 463
-1498.1 467
-1497.9 465
-1497.7 477
-1497.5 493
-1497.3 467
-1497.1 471
-1496.9 462
-1496.7 474
-1496.5 495
-1496.3 503
-1496.1 454
-1495.9 451
-1495.7 448
-1495.5 455
-1495.3 494
-1495.1 466
-1494.9 419
-1494.7 459
-1494.5 411
-1494.3 464
-1494.1 470
-1493.9 478
-1493.7 449
-1493.5 474
-1493.3 465
-1493.1 421
-1492.9 429
-1492.7 456
-1492.5 400
-1492.3 437
-1492.1 489
-1491.9 465
-1491.7 430
-1491.5 435
-1491.3 448
-1491.1 464
-1490.9 416
-1490.7 430
-1490.5 481
-1490.3 466
-1490.1 413
-1489.9 437
-1489.7 451
-1489.5 450
-1489.3 488
-1489.1 431
-1488.9 441
-1488.7 453
-1488.5 443
-1488.3 442
-1488.1 457
-1487.9 464
-1487.7 456
-1487.5 498
-1487.3 459
-1487.1 464
-1486.9 433
-1486.7 490
-1486.5 456
-1486.3 468
-1486.1 474
-1485.9 479
-1485.7 467
-1485.5 475
-1485.3 444
-1485.1 436
-1484.9 499
-1484.7 497
-1484.5 492
-1484.3 426
-1484.1 468
-1483.9 473
-1483.7 443
-1483.5 521
-1483.3 501
-1483.1 500
-1482.9 481
-1482.7 460
-1482.5 474
-1482.3 465
-1482.1 480
-1481.9 489
-1481.7 467
-1481.5 437
-1481.3 454
-1481.1 449
-1480.9 459
-1480.7 457
-1480.5 461
-1480.3 482
-1480.1 448
-1479.9 417
-1479.7 475
-1479.5 467
-1479.3 464
-1479.1 447
-1478.9 488
-1478.7 475
-1478.5 471
-1478.3 494
-1478.1 476
-1477.9 477
-1477.7 438
-1477.5 472
-1477.3 484
-1477.1 435
-1476.9 465
-1476.7 454
-1476.5 452
-1476.3 422
-1476.1 483
-1475.9 451
-1475.7 436
-1475.5 408
-1475.3 454
-1475.1 442
-1474.9 445
-1474.7 431
-1474.5 441
-1474.3 448
-1474.1 460
-1473.9 496
-1473.7 454
-1473.5 437
-1473.3 527
-1473.1 473
-1472.9 435
-1472.7 494
-1472.5 432
-1472.3 487
-1472.1 491
-1471.9 507
-1471.7 498
-1471.5 479
-1471.3 513
-1471.1 467
-1470.9 497
-1470.7 463
-1470.5 519
-1470.3 466
-1470.1 490
-1469.9 488
-1469.7 485
-1469.5 479
-1469.3 495
-1469.1 489
-1468.9 472
-1468.7 436
-1468.5 504
-1468.3 447
-1468.1 494
-1467.9 490
-1467.7 488
-1467.5 470
-1467.3 462
-1467.1 437
-1466.9 476
-1466.7 484
-1466.5 443
-1466.3 464
-1466.1 468
-1465.9 433
-1465.7 482
-1465.5 446
-1465.3 487
-1465.1 423
-1464.9 460
-1464.7 498
-1464.5 452
-1464.3 481
-1464.1 467
-1463.9 519
-1463.7 460
-1463.5 484
-1463.3 500
-1463.1 517
-1462.9 466
-1462.7 492
-1462.5 513
-1462.3 540
-1462.1 496
-1461.9 543
-1461.7 467
-1461.5 502
-1461.3 514
-1461.1 484
-1460.9 501
-1460.7 496
-1460.5 479
-1460.3 499
-1460.1 474
-1459.9 469
-1459.7 484
-1459.5 445
-1459.3 411
-1459.1 464
-1458.9 447
-1458.7 462
-1458.5 491
-1458.3 489
-1458.1 459
-1457.9 441
-1457.7 433
-1457.5 435
-1457.3 479
-1457.1 458
-1456.9 432
-1456.7 478
-1456.5 441
-1456.3 444
-1456.1 440
-1455.9 493
-1455.7 448
-1455.5 445
-1455.3 442
-1455.1 446
-1454.9 420
-1454.7 407
-1454.5 468
-1454.3 501
-1454.1 445
-1453.9 462
-1453.7 419
-1453.5 507
-1453.3 492
-1453.1 455
-1452.9 461
-1452.7 453
-1452.5 476
-1452.3 431
-1452.1 500
-1451.9 417
-1451.7 449
-1451.5 477
-1451.3 511
-1451.1 492
-1450.9 465
-1450.7 462
-1450.5 480
-1450.3 463
-1450.1 450
-1449.9 477
-1449.7 420
-1449.5 467
-1449.3 495
-1449.1 445
-1448.9 415
-1448.7 488
-1448.5 438
-1448.3 437
-1448.1 455
-1447.9 477
-1447.7 483
-1447.5 454
-1447.3 422
-1447.1 487
-1446.9 432
-1446.7 494
-1446.5 484
-1446.3 456
-1446.1 470
-1445.9 477
-1445.7 454
-1445.5 503
-1445.3 463
-1445.1 513
-1444.9 536
-1444.7 484
-1444.5 470
-1444.3 460
-1444.1 490
-1443.9 491
-1443.7 517
-1443.5 486
-1443.3 468
-1443.1 501
-1442.9 474
-1442.7 488
-1442.5 490
-1442.3 473
-1442.1 487
-1441.9 516
-1441.7 508
-1441.5 468
-1441.3 483
-1441.1 515
-1440.9 484
-1440.7 473
-1440.5 460
-1440.3 498
-1440.1 472
-1439.9 456
-1439.7 481
-1439.5 490
-1439.3 493
-1439.1 474
-1438.9 436
-1438.7 474
-1438.5 441
-1438.3 493
-1438.1 438
-1437.9 424
-1437.7 478
-1437.5 444
-1437.3 444
-1437.1 445
-1436.9 469
-1436.7 447
-1436.5 422
-1436.3 454
-1436.1 448
-1435.9 458
-1435.7 441
-1435.5 428
-1435.3 457
-1435.1 461
-1434.9 446
-1434.7 432
-1434.5 466
-1434.3 422
-1434.1 384
-1433.9 444
-1433.7 462
-1433.5 472
-1433.3 447
-1433.1 407
-1432.9 406
-1432.7 463
-1432.5 489
-1432.3 426
-1432.1 457
-1431.9 430
-1431.7 441
-1431.5 428
-1431.3 429
-1431.1 458
-1430.9 441
-1430.7 448
-1430.5 438
-1430.3 440
-1430.1 459
-1429.9 486
-1429.7 484
-1429.5 496
-1429.3 446
-1429.1 465
-1428.9 538
-1428.7 445
-1428.5 447
-1428.3 444
-1428.1 459
-1427.9 515
-1427.7 479
-1427.5 500
-1427.3 474
-1427.1 479
-1426.9 464
-1426.7 488
-1426.5 481
-1426.3 450
-1426.1 523
-1425.9 465
-1425.7 494
-1425.5 464
-1425.3 464
-1425.1 477
-1424.9 445
-1424.7 472
-1424.5 467
-1424.3 481
-1424.1 481
-1423.9 470
-1423.7 486
-1423.5 463
-1423.3 446
-1423.1 505
-1422.9 483
-1422.7 459
-1422.5 480
-1422.3 436
-1422.1 471
-1421.9 485
-1421.7 435
-1421.5 479
-1421.3 461
-1421.1 479
-1420.9 458
-1420.7 450
-1420.5 405
-1420.3 442
-1420.1 448
-1419.9 449
-1419.7 442
-1419.5 422
-1419.3 423
-1419.1 429
-1418.9 420
-1418.7 443
-1418.5 440
-1418.3 426
-1418.1 508
-1417.9 454
-1417.7 455
-1417.5 480
-1417.3 457
-1417.1 457
-1416.9 429
-1416.7 442
-1416.5 432
-1416.3 420
-1416.1 425
-1415.9 414
-1415.7 385
-1415.5 454
-1415.3 452
-1415.1 477
-1414.9 476
-1414.7 466
-1414.5 489
-1414.3 463
-1414.1 502
-1413.9 484
-1413.7 449
-1413.5 465
-1413.3 514
-1413.1 474
-1412.9 475
-1412.7 471
-1412.5 495
-1412.3 507
-1412.1 487
-1411.9 471
-1411.7 499
-1411.5 499
-1411.3 479
-1411.1 515
-1410.9 489
-1410.7 496
-1410.5 451
-1410.3 486
-1410.1 474
-1409.9 465
-1409.7 475
-1409.5 461
-1409.3 495
-1409.1 481
-1408.9 468
-1408.7 495
-1408.5 456
-1408.3 449
-1408.1 469
-1407.9 400
-1407.7 449
-1407.5 474
-1407.3 447
-1407.1 472
-1406.9 486
-1406.7 439
-1406.5 475
-1406.3 392
-1406.1 423
-1405.9 465
-1405.7 450
-1405.5 474
-1405.3 447
-1405.1 419
-1404.9 441
-1404.7 416
-1404.5 466
-1404.3 448
-1404.1 454
-1403.9 423
-1403.7 426
-1403.5 407
-1403.3 430
-1403.1 396
-1402.9 382
-1402.7 435
-1402.5 440
-1402.3 447
-1402.1 463
-1401.9 467
-1401.7 433
-1401.5 447
-1401.3 440
-1401.1 460
-1400.9 472
-1400.7 430
-1400.5 464
-1400.3 418
-1400.1 431
-1399.9 449
-1399.7 419
-1399.5 479
-1399.3 450
-1399.1 450
-1398.9 489
-1398.7 492
-1398.5 457
-1398.3 451
-1398.1 462
-1397.9 506
-1397.7 471
-1397.5 460
-1397.3 442
-1397.1 458
-1396.9 443
-1396.7 458
-1396.5 522
-1396.3 473
-1396.1 517
-1395.9 466
-1395.7 484
-1395.5 429
-1395.3 512
-1395.1 469
-1394.9 462
-1394.7 458
-1394.5 484
-1394.3 467
-1394.1 464
-1393.9 464
-1393.7 490
-1393.5 476
-1393.3 438
-1393.1 465
-1392.9 423
-1392.7 448
-1392.5 460
-1392.3 470
-1392.1 462
-1391.9 443
-1391.7 423
-1391.5 449
-1391.3 426
-1391.1 475
-1390.9 476
-1390.7 460
-1390.5 443
-1390.3 435
-1390.1 448
-1389.9 489
-1389.7 440
-1389.5 426
-1389.3 433
-1389.1 455
-1388.9 422
-1388.7 446
-1388.5 486
-1388.3 451
-1388.1 434
-1387.9 450
-1387.7 423
-1387.5 459
-1387.3 438
-1387.1 434
-1386.9 455
-1386.7 440
-1386.5 450
-1386.3 444
-1386.1 426
-1385.9 483
-1385.7 457
-1385.5 455
-1385.3 453
-1385.1 506
-1384.9 464
-1384.7 447
-1384.5 461
-1384.3 484
-1384.1 474
-1383.9 458
-1383.7 477
-1383.5 478
-1383.3 472
-1383.1 500
-1382.9 478
-1382.7 458
-1382.5 469
-1382.3 462
-1382.1 465
-1381.9 459
-1381.7 470
-1381.5 462
-1381.3 467
-1381.1 475
-1380.9 447
-1380.7 480
-1380.5 475
-1380.3 475
-1380.1 484
-1379.9 430
-1379.7 448
-1379.5 432
-1379.3 464
-1379.1 456
-1378.9 464
-1378.7 426
-1378.5 482
-1378.3 385
-1378.1 431
-1377.9 445
-1377.7 457
-1377.5 462
-1377.3 471
-1377.1 445
-1376.9 466
-1376.7 449
-1376.5 448
-1376.3 439
-1376.1 435
-1375.9 413
-1375.7 468
-1375.5 452
-1375.3 447
-1375.1 446
-1374.9 428
-1374.7 457
-1374.5 469
-1374.3 446
-1374.1 497
-1373.9 438
-1373.7 432
-1373.5 463
-1373.3 478
-1373.1 441
-1372.9 452
-1372.7 422
-1372.5 470
-1372.3 443
-1372.1 445
-1371.9 448
-1371.7 422
-1371.5 484
-1371.3 459
-1371.1 477
-1370.9 493
-1370.7 433
-1370.5 457
-1370.3 460
-1370.1 455
-1369.9 447
-1369.7 468
-1369.5 457
-1369.3 465
-1369.1 466
-1368.9 459
-1368.7 439
-1368.5 478
-1368.3 455
-1368.1 453
-1367.9 434
-1367.7 471
-1367.5 471
-1367.3 441
-1367.1 462
-1366.9 465
-1366.7 457
-1366.5 409
-1366.3 454
-1366.1 442
-1365.9 416
-1365.7 443
-1365.5 485
-1365.3 463
-1365.1 451
-1364.9 446
-1364.7 460
-1364.5 455
-1364.3 414
-1364.1 421
-1363.9 404
-1363.7 468
-1363.5 461
-1363.3 412
-1363.1 459
-1362.9 428
-1362.7 428
-1362.5 454
-1362.3 450
-1362.1 437
-1361.9 460
-1361.7 472
-1361.5 449
-1361.3 456
-1361.1 461
-1360.9 457
-1360.7 462
-1360.5 455
-1360.3 460
-1360.1 468
-1359.9 447
-1359.7 457
-1359.5 457
-1359.3 465
-1359.1 485
-1358.9 431
-1358.7 422
-1358.5 450
-1358.3 459
-1358.1 461
-1357.9 435
-1357.7 463
-1357.5 476
-1357.3 448
-1357.1 463
-1356.9 467
-1356.7 425
-1356.5 425
-1356.3 486
-1356.1 437
-1355.9 481
-1355.7 442
-1355.5 409
-1355.3 442
-1355.1 421
-1354.9 440
-1354.7 438
-1354.5 441
-1354.3 435
-1354.1 441
-1353.9 440
-1353.7 447
-1353.5 426
-1353.3 453
-1353.1 446
-1352.9 459
-1352.7 399
-1352.5 465
-1352.3 432
-1352.1 450
-1351.9 430
-1351.7 450
-1351.5 471
-1351.3 399
-1351.1 479
-1350.9 470
-1350.7 437
-1350.5 483
-1350.3 444
-1350.1 434
-1349.9 446
-1349.7 459
-1349.5 406
-1349.3 442
-1349.1 437
-1348.9 442
-1348.7 447
-1348.5 431
-1348.3 443
-1348.1 479
-1347.9 429
-1347.7 457
-1347.5 451
-1347.3 438
-1347.1 456
-1346.9 430
-1346.7 472
-1346.5 437
-1346.3 420
-1346.1 435
-1345.9 430
-1345.7 444
-1345.5 451
-1345.3 433
-1345.1 434
-1344.9 374
-1344.7 408
-1344.5 460
-1344.3 442
-1344.1 427
-1343.9 405
-1343.7 392
-1343.5 385
-1343.3 445
-1343.1 391
-1342.9 414
-1342.7 405
-1342.5 389
-1342.3 404
-1342.1 382
-1341.9 403
-1341.7 412
-1341.5 373
-1341.3 377
-1341.1 363
-1340.9 411
-1340.7 399
-1340.5 388
-1340.3 336
-1340.1 324
-1339.9 328
-1339.7 382
-1339.5 359
-1339.3 344
-1339.1 318
-1338.9 340
-1338.7 357
-1338.5 341
-1338.3 350
-1338.1 308
-1337.9 278
-1337.7 334
-1337.5 303
-1337.3 298
-1337.1 308
-1336.9 318
-1336.7 309
-1336.5 247
-1336.3 298
-1336.1 266
-1335.9 257
-1335.7 260
-1335.5 275
-1335.3 276
-1335.1 246
-1334.9 264
-1334.7 247
-1334.5 235
-1334.3 241
-1334.1 263
-1333.9 279
-1333.7 236
-1333.5 233
-1333.3 236
-1333.1 225
-1332.9 228
-1332.7 220
-1332.5 214
-1332.3 209
-1332.1 218
-1331.9 205
-1331.7 187
-1331.5 200
-1331.3 172
-1331.1 167
-1330.9 193
-1330.7 151
-1330.5 159
-1330.3 152
-1330.1 171
-1329.9 142
-1329.7 156
-1329.5 157
-1329.3 133
-1329.1 150
-1328.9 138
-1328.7 128
-1328.5 137
-1328.3 122
-1328.1 112
-1327.9 125
-1327.7 117
-1327.5 129
-1327.3 104
-1327.1 104
-1326.9 101
-1326.7 107
-1326.5 101
-1326.3 97
-1326.1 89
-1325.9 82
-1325.7 89
-1325.5 88
-1325.3 80
-1325.1 84
-1324.9 82
-1324.7 85
-1324.5 84
-1324.3 75
-1324.1 82
-1323.9 72
-1323.7 68
-1323.5 60
-1323.3 67
-1323.1 45
-1322.9 54
-1322.7 57
-1322.5 54
-1322.3 58
-1322.1 51
-1321.9 58
-1321.7 55
-1321.5 45
-1321.3 41
-1321.1 53
-1320.9 53
-1320.7 46
-1320.5 41
-1320.3 44
-1320.1 37
-1319.9 32
-1319.7 34
-1319.5 27
-1319.3 46
-1319.1 26
-1318.9 38
-1318.7 32
-1318.5 26
-1318.3 27
-1318.1 24
-1317.9 30
-1317.7 30
-1317.5 24
-1317.3 20
-1317.1 18
-1316.9 28
-1316.7 18
-1316.5 17
-1316.3 18
-1316.1 14
-1315.9 17
-1315.7 18
-1315.5 11
-1315.3 11
-1315.1 17
-1314.9 18
-1314.7 9
-1314.5 13
-1314.3 9
-1314.1 2
-1313.9 9
-1313.7 12
-1313.5 11
-1313.3 13
-1313.1 7
-1312.9 2
-1312.7 4
-1312.5 9
-1312.3 9
-1312.1 10
-1311.9 4
-1311.7 11
-1311.5 5
-1311.3 6
-1311.1 7
-1310.9 5
-1310.7 7
-1310.5 5
-1310.3 6
-1310.1 5
