-1584.9 0
-1584.7 0
-1584.5 0
-1584.3 0
-1584.1 0
-1583.9 1
-1583.7 0
-1583.5 0
-1583.3 0
-1583.1 0
-1582.9 0
-1582.7 0
-1582.5 0
-1582.3 0
-1582.1 0
-1581.9 0
-1581.7 0
-1581.5 1
-1581.3 0
-1581.1 0
-1580.9 0
-1580.7 0
-1580.5 1
-1580.3 0
-1580.1 0
-1579.9 0
-1579.7 0
-1579.5 0
-1579.3 0
-1579.1 0
-1578.9 0
-1578.7 0
-1578.5 0
-1578.3 0
-1578.1 0
-1577.9 0
-1577.7 0
-1577.5 1
-1577.3 1
-1577.1 1
-1576.9 0
-1576.7 0
-1576.5 0
-1576.3 1
-1576.1 0
-1575.9 0
-1575.7 0
-1575.5 0
-1575.3 0
-1575.1 0
-1574.9 0
-1574.7 0
-1574.5 0
-1574.3 0
-1574.1 0
-1573.9 0
-1573.7 0
-1573.5 0
-1573.3 0
-1573.1 0
-1572.9 0
-1572.7 0
-1572.5 0
-1572.3 0
-1572.1 1
-1571.9 0
-1571.7 0
-1571.5 0
-1571.3 0
-1571.1 0
-1570.9 0
-1570.7 0
-1570.5 0
-1570.3 0
-1570.1 0
-1569.9 0
-1569.7 0
-1569.5 0
-1569.3 0
-1569.1 0
-1568.9 0
-1568.7 0
-1568.5 2
-1568.3 3
-1568.1 6
-1567.9 10
-1567.7 6
-1567.5 5
-1567.3 4
-1567.1 11
-1566.9 14
-1566.7 21
-1566.5 15
-1566.3 27
-1566.1 28
-1565.9 21
-1565.7 34
-1565.5 32
-1565.3 44
-1565.1 43
-1564.9 66
-1564.7 76
-1564.5 72
-1564.3 84
-1564.1 102
-1563.9 77
-1563.7 109
-1563.5 88
-1563.3 107
-1563.1 117
-1562.9 114
-1562.7 141
-1562.5 123
-1562.3 120
-1562.1 138
-1561.9 137
-1561.7 146
-1561.5 160
-1561.3 159
-1561.1 148
-1560.9 143
-1560.7 179
-1560.5 170
-1560.3 224
-1560.1 206
-1559.9 219
-1559.7 212
-1559.5 215
-1559.3 228
-1559.1 229
-1558.9 286
-1558.7 266
-1558.5 282
-1558.3 266
-1558.1 278
-1557.9 285
-1557.7 333
-1557.5 323
-1557.3 318
-1557.1 339
-1556.9 362
-1556.7 391
-1556.5 397
-1556.3 379
-1556.1 394
-1555.9 442
-1555.7 438
-1555.5 477
-1555.3 470
-1555.1 490
-1554.9 504
-1554.7 526
-1554.5 511
-1554.3 572
-1554.1 590
-1553.9 585
-1553.7 611
-1553.5 655
-1553.3 632
-1553.1 671
-1552.9 642
-1552.7 679
-1552.5 721
-1552.3 709
-1552.1 712
-1551.9 742
-1551.7 732
-1551.5 755
-1551.3 788
-1551.1 816
-1550.9 825
-1550.7 853
-1550.5 852
-1550.3 859
-1550.1 899
-1549.9 908
-1549.7 868
-1549.5 877
-1549.3 893
-1549.1 950
-1548.9 908
-1548.7 872
-1548.5 951
-1548.3 975
-1548.1 903
-1547.9 875
-1547.7 897
-1547.5 980
-1547.3 951
-1547.1 960
-1546.9 963
-1546.7 863
-1546.5 996
-1546.3 910
-1546.1 873
-1545.9 942
-1545.7 960
-1545.5 927
-1545.3 877
-1545.1 966
-1544.9 891
-1544.7 906
-1544.5 900
-1544.3 921
-1544.1 891
-1543.9 952
-1543.7 843
-1543.5 939
-1543.3 889
-1543.1 824
-1542.9 896
-1542.7 819
-1542.5 878
-1542.3 845
-1542.1 891
-1541.9 854
-1541.7 860
-1541.5 838
-1541.3 818
-1541.1 811
-1540.9 813
-1540.7 807
-1540.5 817
-1540.3 732
-1540.1 763
-1539.9 776
-1539.7 794
-1539.5 780
-1539.3 731
-1539.1 748
-1538.9 812
-1538.7 763
-1538.5 786
-1538.3 760
-1538.1 729
-1537.9 755
-1537.7 801
-1537.5 763
-1537.3 755
-1537.1 782
-1536.9 706
-1536.7 755
-1536.5 750
-1536.3 735
-1536.1 725
-1535.9 722
-1535.7 766
-1535.5 707
-1535.3 736
-1535.1 739
-1534.9 690
-1534.7 756
-1534.5 713
-1534.3 706
-1534.1 723
-1533.9 698
-1533.7 657
-1533.5 718
-1533.3 644
-1533.1 681
-1532.9 680
-1532.7 643
-1532.5 648
-1532.3 681
-1532.1 666
-1531.9 702
-1531.7 695
-1531.5 652
-1531.3 723
-1531.1 633
-1530.9 669
-1530.7 657
-1530.5 655
-1530.3 689
-1530.1 684
-1529.9 621
-1529.7 642
-1529.5 644
-1529.3 599
-1529.1 634
-1528.9 667
-1528.7 595
-1528.5 581
-1528.3 663
-1528.1 632
-1527.9 616
-1527.7 650
-1527.5 596
-1527.3 627
-1527.1 645
-1526.9 649
-1526.7 623
-1526.5 639
-1526.3 612
-1526.1 615
-1525.9 626
-1525.7 635
-1525.5 644
-1525.3 611
-1525.1 626
-1524.9 597
-1524.7 623
-1524.5 688
-1524.3 615
-1524.1 665
-1523.9 671
-1523.7 645
-1523.5 647
-1523.3 691
-1523.1 640
-1522.9 624
-1522.7 652
-1522.5 608
-1522.3 629
-1522.1 673
-1521.9 658
-1521.7 627
-1521.5 669
-1521.3 680
-1521.1 686
-1520.9 688
-1520.7 659
-1520.5 653
-1520.3 686
-1520.1 640
-1519.9 663
-1519.7 668
-1519.5 684
-1519.3 687
-1519.1 667
-1518.9 634
-1518.7 679
-1518.5 696
-1518.3 667
-1518.1 701
-1517.9 671
-1517.7 678
-1517.5 678
-1517.3 660
-1517.1 649
-1516.9 619
-1516.7 623
-1516.5 644
-1516.3 661
-1516.1 636
-1515.9 629
-1515.7 606
-1515.5 613
-1515.3 659
-1515.1 636
-1514.9 636
-1514.7 639
-1514.5 598
-1514.3 567
-1514.1 571
-1513.9 569
-1513.7 608
-1513.5 617
-1513.3 566
-1513.1 604
-1512.9 567
-1512.7 588
-1512.5 595
-1512.3 552
-1512.1 564
-1511.9 552
-1511.7 549
-1511.5 575
-1511.3 529
-1511.1 612
-1510.9 638
-1510.7 586
-1510.5 566
-1510.3 573
-1510.1 594
-1509.9 554
-1509.7 631
-1509.5 616
-1509.3 601
-1509.1 573
-1508.9 579
-1508.7 584
-1508.5 640
-1508.3 598
-1508.1 604
-1507.9 597
-1507.7 627
-1507.5 583
-1507.3 575
-1507.1 645
-1506.9 573
-1506.7 595
-1506.5 641
-1506.3 639
-1506.1 673
-1505.9 639
-1505.7 631
-1505.5 650
-1505.3 627
-1505.1 640
-1504.9 634
-1504.7 616
-1504.5 682
-1504.3 684
-1504.1 657
-1503.9 648
-1503.7 624
-1503.5 607
-1503.3 621
-1503.1 662
-1502.9 632
-1502.7 640
-1502.5 635
-1502.3 672
-1502.1 616
-1501.9 626
-1501.7 631
-1501.5 629
-1501.3 603
-1501.1 641
-1500.9 631
-1500.7 618
-1500.5 675
-1500.3 639
-1500.1 609
-1499.9 620
-1499.7 645
-1499.5 631
-1499.3 626
-1499.1 645
-1498.9 691
-1498.7 652
-1498.5 658
-1498.3 615
-1498.1 631
-1497.9 662
-1497.7 653
-1497.5 611
-1497.3 602
-1497.1 629
-1496.9 615
-1496.7 607
-1496.5 565
-1496.3 585
-1496.1 587
-1495.9 571
-1495.7 575
-1495.5 569
-1495.3 556
-1495.1 575
-1494.9 557
-1494.7 564
-1494.5 552
-1494.3 557
-1494.1 562
-1493.9 564
-1493.7 518
-1493.5 597
-1493.3 546
-1493.1 539
-1492.9 543
-1492.7 541
-1492.5 582
-1492.3 567
-1492.1 608
-1491.9 614
-1491.7 586
-1491.5 567
-1491.3 578
-1491.1 612
-1490.9 616
-1490.7 634
-1490.5 583
-1490.3 616
-1490.1 616
-1489.9 607
-1489.7 657
-1489.5 641
-1489.3 603
-1489.1 654
-1488.9 615
-1488.7 632
-1488.5 657
-1488.3 626
-1488.1 654
-1487.9 637
-1487.7 684
-1487.5 652
-1487.3 602
-1487.1 622
-1486.9 642
-1486.7 654
-1486.5 633
-1486.3 647
-1486.1 621
-1485.9 637
-1485.7 609
-1485.5 655
-1485.3 644
-1485.1 610
-1484.9 592
-1484.7 645
-1484.5 584
-1484.3 620
-1484.1 573
-1483.9 593
-1483.7 601
-1483.5 527
-1483.3 611
-1483.1 570
-1482.9 565
-1482.7 567
-1482.5 597
-1482.3 605
-1482.1 600
-1481.9 574
-1481.7 639
-1481.5 590
-1481.3 592
-1481.1 604
-1480.9 531
-1480.7 625
-1480.5 588
-1480.3 595
-1480.1 606
-1479.9 664
-1479.7 588
-1479.5 600
-1479.3 596
-1479.1 557
-1478.9 642
-1478.7 616
-1478.5 636
-1478.3 614
-1478.1 641
-1477.9 618
-1477.7 606
-1477.5 623
-1477.3 623
-1477.1 665
-1476.9 607
-1476.7 624
-1476.5 629
-1476.3 681
-1476.1 641
-1475.9 590
-1475.7 607
-1475.5 613
-1475.3 641
-1475.1 600
-1474.9 696
-1474.7 624
-1474.5 634
-1474.3 624
-1474.1 643
-1473.9 629
-1473.7 627
-1473.5 634
-1473.3 683
-1473.1 626
-1472.9 637
-1472.7 628
-1472.5 618
-1472.3 610
-1472.1 655
-1471.9 596
-1471.7 599
-1471.5 635
-1471.3 626
-1471.1 663
-1470.9 610
-1470.7 638
-1470.5 628
-1470.3 616
-1470.1 637
-1469.9 609
-1469.7 609
-1469.5 588
-1469.3 634
-1469.1 583
-1468.9 665
-1468.7 609
-1468.5 659
-1468.3 589
-1468.1 652
-1467.9 617
-1467.7 612
-1467.5 612
-1467.3 562
-1467.1 604
-1466.9 585
-1466.7 591
-1466.5 596
-1466.3 619
-1466.1 569
-1465.9 550
-1465.7 620
-1465.5 581
-1465.3 638
-1465.1 596
-1464.9 600
-1464.7 588
-1464.5 606
-1464.3 605
-1464.1 598
-1463.9 616
-1463.7 609
-1463.5 623
-1463.3 585
-1463.1 608
-1462.9 671
-1462.7 598
-1462.5 581
-1462.3 614
-1462.1 684
-1461.9 625
-1461.7 586
-1461.5 669
-1461.3 604
-1461.1 626
-1460.9 639
-1460.7 649
-1460.5 679
-1460.3 608
-1460.1 640
-1459.9 639
-1459.7 646
-1459.5 672
-1459.3 575
-1459.1 634
-1458.9 600
-1458.7 620
-1458.5 646
-1458.3 644
-1458.1 597
-1457.9 642
-1457.7 617
-1457.5 627
-1457.3 622
-1457.1 595
-1456.9 651
-1456.7 635
-1456.5 613
-1456.3 628
-1456.1 621
-1455.9 628
-1455.7 601
-1455.5 608
-1455.3 631
-1455.1 609
-1454.9 607
-1454.7 630
-1454.5 602
-1454.3 651
-1454.1 587
-1453.9 589
-1453.7 640
-1453.5 605
-1453.3 562
-1453.1 588
-1452.9 638
-1452.7 611
-1452.5 630
-1452.3 618
-1452.1 622
-1451.9 567
-1451.7 578
-1451.5 608
-1451.3 599
-1451.1 591
-1450.9 598
-1450.7 628
-1450.5 612
-1450.3 612
-1450.1 619
-1449.9 564
-1449.7 597
-1449.5 601
-1449.3 593
-1449.1 631
-1448.9 570
-1448.7 636
-1448.5 646
-1448.3 594
-1448.1 597
-1447.9 613
-1447.7 588
-1447.5 639
-1447.3 621
-1447.1 620
-1446.9 635
-1446.7 642
-1446.5 637
-1446.3 661
-1446.1 623
-1445.9 639
-1445.7 626
-1445.5 641
-1445.3 678
-1445.1 652
-1444.9 658
-1444.7 647
-1444.5 693
-1444.3 644
-1444.1 628
-1443.9 604
-1443.7 610
-1443.5 639
-1443.3 645
-1443.1 617
-1442.9 666
-1442.7 660
-1442.5 608
-1442.3 647
-1442.1 633
-1441.9 603
-1441.7 652
-1441.5 624
-1441.3 621
-1441.1 600
-1440.9 579
-1440.7 561
-1440.5 601
-1440.3 589
-1440.1 599
-1439.9 580
-1439.7 575
-1439.5 584
-1439.3 575
-1439.1 622
-1438.9 627
-1438.7 598
-1438.5 600
-1438.3 618
-1438.1 573
-1437.9 638
-1437.7 627
-1437.5 596
-1437.3 561
-1437.1 554
-1436.9 611
-1436.7 607
-1436.5 599
-1436.3 647
-1436.1 629
-1435.9 632
-1435.7 618
-1435.5 573
-1435.3 620
-1435.1 629
-1434.9 613
-1434.7 643
-1434.5 627
-1434.3 614
-1434.1 613
-1433.9 602
-1433.7 645
-1433.5 659
-1433.3 606
-1433.1 631
-1432.9 646
-1432.7 600
-1432.5 594
-1432.3 631
-1432.1 585
-1431.9 649
-1431.7 624
-1431.5 614
-1431.3 626
-1431.1 648
-1430.9 654
-1430.7 647
-1430.5 628
-1430.3 625
-1430.1 628
-1429.9 638
-1429.7 644
-1429.5 610
-1429.3 626
-1429.1 608
-1428.9 659
-1428.7 607
-1428.5 580
-1428.3 607
-1428.1 617
-1427.9 628
-1427.7 621
-1427.5 609
-1427.3 571
-1427.1 554
-1426.9 609
-1426.7 577
-1426.5 600
-1426.3 579
-1426.1 607
-1425.9 572
-1425.7 602
-1425.5 635
-1425.3 596
-1425.1 589
-1424.9 596
-1424.7 617
-1424.5 595
-1424.3 611
-1424.1 548
-1423.9 625
-1423.7 589
-1423.5 634
-1423.3 580
-1423.1 578
-1422.9 610
-1422.7 575
-1422.5 565
-1422.3 587
-1422.1 647
-1421.9 641
-1421.7 582
-1421.5 607
-1421.3 595
-1421.1 606
-1420.9 578
-1420.7 643
-1420.5 642
-1420.3 639
-1420.1 615
-1419.9 673
-1419.7 570
-1419.5 645
-1419.3 642
-1419.1 638
-1418.9 652
-1418.7 642
-1418.5 608
-1418.3 628
-1418.1 631
-1417.9 627
-1417.7 654
-1417.5 616
-1417.3 604
-1417.1 627
-1416.9 601
-1416.7 593
-1416.5 642
-1416.3 650
-1416.1 591
-1415.9 597
-1415.7 580
-1415.5 622
-1415.3 594
-1415.1 572
-1414.9 618
-1414.7 618
-1414.5 572
-1414.3 606
-1414.1 613
-1413.9 609
-1413.7 624
-1413.5 612
-1413.3 625
-1413.1 627
-1412.9 601
-1412.7 627
-1412.5 647
-1412.3 614
-1412.1 627
-1411.9 611
-1411.7 653
-1411.5 608
-1411.3 586
-1411.1 597
-1410.9 592
-1410.7 595
-1410.5 597
-1410.3 590
-1410.1 572
-1409.9 613
-1409.7 603
-1409.5 629
-1409.3 615
-1409.1 582
-1408.9 596
-1408.7 642
-1408.5 591
-1408.3 569
-1408.1 618
-1407.9 659
-1407.7 649
-1407.5 599
-1407.3 621
-1407.1 656
-1406.9 623
-1406.7 631
-1406.5 653
-1406.3 641
-1406.1 623
-1405.9 630
-1405.7 653
-1405.5 678
-1405.3 634
-1405.1 667
-1404.9 595
-1404.7 625
-1404.5 633
-1404.3 654
-1404.1 618
-1403.9 652
-1403.7 610
-1403.5 633
-1403.3 664
-1403.1 636
-1402.9 645
-1402.7 653
-1402.5 598
-1402.3 656
-1402.1 611
-1401.9 585
-1401.7 666
-1401.5 615
-1401.3 604
-1401.1 563
-1400.9 605
-1400.7 574
-1400.5 585
-1400.3 652
-1400.1 536
-1399.9 601
-1399.7 608
-1399.5 589
-1399.3 573
-1399.1 621
-1398.9 572
-1398.7 557
-1398.5 575
-1398.3 586
-1398.1 560
-1397.9 584
-1397.7 594
-1397.5 594
-1397.3 627
-1397.1 584
-1396.9 572
-1396.7 568
-1396.5 523
-1396.3 568
-1396.1 608
-1395.9 638
-1395.7 567
-1395.5 590
-1395.3 565
-1395.1 649
-1394.9 608
-1394.7 569
-1394.5 555
-1394.3 603
-1394.1 592
-1393.9 635
-1393.7 560
-1393.5 589
-1393.3 573
-1393.1 589
-1392.9 600
-1392.7 631
-1392.5 643
-1392.3 610
-1392.1 598
-1391.9 581
-1391.7 570
-1391.5 653
-1391.3 618
-1391.1 588
-1390.9 613
-1390.7 573
-1390.5 546
-1390.3 612
-1390.1 608
-1389.9 638
-1389.7 624
-1389.5 606
-1389.3 665
-1389.1 600
-1388.9 588
-1388.7 634
-1388.5 620
-1388.3 599
-1388.1 603
-1387.9 638
-1387.7 616
-1387.5 604
-1387.3 631
-1387.1 596
-1386.9 620
-1386.7 638
-1386.5 576
-1386.3 600
-1386.1 608
-1385.9 595
-1385.7 622
-1385.5 639
-1385.3 617
-1385.1 618
-1384.9 608
-1384.7 625
-1384.5 611
-1384.3 613
-1384.1 622
-1383.9 587
-1383.7 606
-1383.5 583
-1383.3 601
-1383.1 609
-1382.9 583
-1382.7 606
-1382.5 591
-1382.3 634
-1382.1 587
-1381.9 596
-1381.7 583
-1381.5 612
-1381.3 643
-1381.1 623
-1380.9 609
-1380.7 607
-1380.5 632
-1380.3 629
-1380.1 579
-1379.9 616
-1379.7 621
-1379.5 637
-1379.3 543
-1379.1 630
-1378.9 617
-1378.7 606
-1378.5 610
-1378.3 599
-1378.1 627
-1377.9 643
-1377.7 634
-1377.5 585
-1377.3 645
-1377.1 620
-1376.9 595
-1376.7 588
-1376.5 610
-1376.3 630
-1376.1 593
-1375.9 576
-1375.7 605
-1375.5 578
-1375.3 590
-1375.1 608
-1374.9 587
-1374.7 595
-1374.5 579
-1374.3 599
-1374.1 594
-1373.9 586
-1373.7 610
-1373.5 595
-1373.3 597
-1373.1 629
-1372.9 647
-1372.7 577
-1372.5 623
-1372.3 616
-1372.1 581
-1371.9 560
-1371.7 558
-1371.5 597
-1371.3 582
-1371.1 623
-1370.9 617
-1370.7 586
-1370.5 601
-1370.3 581
-1370.1 540
-1369.9 549
-1369.7 599
-1369.5 614
-1369.3 602
-1369.1 630
-1368.9 610
-1368.7 628
-1368.5 613
-1368.3 611
-1368.1 596
-1367.9 589
-1367.7 585
-1367.5 581
-1367.3 581
-1367.1 628
-1366.9 637
-1366.7 611
-1366.5 635
-1366.3 638
-1366.1 603
-1365.9 601
-1365.7 576
-1365.5 568
-1365.3 605
-1365.1 550
-1364.9 567
-1364.7 611
-1364.5 594
-1364.3 577
-1364.1 597
-1363.9 579
-1363.7 631
-1363.5 593
-1363.3 557
-1363.1 635
-1362.9 571
-1362.7 600
-1362.5 671
-1362.3 651
-1362.1 600
-1361.9 572
-1361.7 605
-1361.5 569
-1361.3 582
-1361.1 602
-1360.9 556
-1360.7 569
-1360.5 602
-1360.3 587
-1360.1 579
-1359.9 610
-1359.7 551
-1359.5 555
-1359.3 622
-1359.1 611
-1358.9 535
-1358.7 591
-1358.5 584
-1358.3 581
-1358.1 617
-1357.9 601
-1357.7 576
-1357.5 617
-1357.3 562
-1357.1 618
-1356.9 556
-1356.7 601
-1356.5 593
-1356.3 588
-1356.1 607
-1355.9 583
-1355.7 570
-1355.5 589
-1355.3 580
-1355.1 587
-1354.9 625
-1354.7 619
-1354.5 638
-1354.3 569
-1354.1 610
-1353.9 576
-1353.7 608
-1353.5 592
-1353.3 631
-1353.1 622
-1352.9 605
-1352.7 552
-1352.5 639
-1352.3 605
-1352.1 569
-1351.9 571
-1351.7 572
-1351.5 593
-1351.3 540
-1351.1 574
-1350.9 649
-1350.7 600
-1350.5 596
-1350.3 584
-1350.1 597
-1349.9 579
-1349.7 612
-1349.5 621
-1349.3 605
-1349.1 575
-1348.9 606
-1348.7 601
-1348.5 614
-1348.3 613
-1348.1 538
-1347.9 551
-1347.7 623
-1347.5 539
-1347.3 587
-1347.1 547
-1346.9 533
-1346.7 541
-1346.5 608
-1346.3 572
-1346.1 587
-1345.9 556
-1345.7 598
-1345.5 567
-1345.3 524
-1345.1 545
-1344.9 546
-1344.7 541
-1344.5 555
-1344.3 532
-1344.1 542
-1343.9 570
-1343.7 564
-1343.5 548
-1343.3 569
-1343.1 483
-1342.9 498
-1342.7 499
-1342.5 451
-1342.3 472
-1342.1 533
-1341.9 499
-1341.7 476
-1341.5 487
-1341.3 470
-1341.1 493
-1340.9 458
-1340.7 482
-1340.5 464
-1340.3 475
-1340.1 472
-1339.9 425
-1339.7 428
-1339.5 446
-1339.3 406
-1339.1 411
-1338.9 437
-1338.7 410
-1338.5 382
-1338.3 398
-1338.1 385
-1337.9 330
-1337.7 400
-1337.5 387
-1337.3 390
-1337.1 349
-1336.9 360
-1336.7 348
-1336.5 337
-1336.3 342
-1336.1 339
-1335.9 326
-1335.7 311
-1335.5 305
-1335.3 301
-1335.1 312
-1334.9 306
-1334.7 296
-1334.5 292
-1334.3 282
-1334.1 303
-1333.9 246
-1333.7 271
-1333.5 259
-1333.3 259
-1333.1 255
-1332.9 248
-1332.7 265
-1332.5 222
-1332.3 241
-1332.1 229
-1331.9 238
-1331.7 202
-1331.5 229
-1331.3 212
-1331.1 185
-1330.9 198
-1330.7 210
-1330.5 172
-1330.3 204
-1330.1 169
-1329.9 162
-1329.7 179
-1329.5 161
-1329.3 154
-1329.1 151
-1328.9 152
-1328.7 141
-1328.5 163
-1328.3 158
-1328.1 150
-1327.9 147
-1327.7 131
-1327.5 133
-1327.3 126
-1327.1 127
-1326.9 140
-1326.7 139
-1326.5 119
-1326.3 110
-1326.1 107
-1325.9 110
-1325.7 123
-1325.5 117
-1325.3 105
-1325.1 112
-1324.9 93
-1324.7 121
-1324.5 90
-1324.3 86
-1324.1 95
-1323.9 70
-1323.7 93
-1323.5 86
-1323.3 101
-1323.1 97
-1322.9 63
-1322.7 73
-1322.5 80
-1322.3 68
-1322.1 59
-1321.9 68
-1321.7 67
-1321.5 57
-1321.3 71
-1321.1 47
-1320.9 52
-1320.7 63
-1320.5 53
-1320.3 48
-1320.1 50
-1319.9 49
-1319.7 48
-1319.5 42
-1319.3 47
-1319.1 50
-1318.9 47
-1318.7 39
-1318.5 37
-1318.3 38
-1318.1 22
-1317.9 35
-1317.7 24
-1317.5 31
-1317.3 36
-1317.1 27
-1316.9 26
-1316.7 26
-1316.5 23
-1316.3 28
-1316.1 30
-1315.9 31
-1315.7 26
-1315.5 25
-1315.3 24
-1315.1 20
-1314.9 14
-1314.7 19
-1314.5 19
-1314.3 21
-1314.1 17
-1313.9 11
-1313.7 13
-1313.5 13
-1313.3 10
-1313.1 20
-1312.9 20
-1312.7 7
-1312.5 13
-1312.3 16
-1312.1 10
-1311.9 13
-1311.7 13
-1311.5 10
-1311.3 15
-1311.1 7
-1310.9 8
-1310.7 9
-1310.5 11
-1310.3 7
-1310.1 9
-1309.9 8
-1309.7 9
-1309.5 3
-1309.3 6
-1309.1 6
-1308.9 7
-1308.7 7
-1308.5 5
-1308.3 9
-1308.1 9
-1307.9 3
-1307.7 7
-1307.5 6
-1307.3 5
-1307.1 5
-1306.9 6
-1306.7 3
-1306.5 6
-1306.3 5
-1306.1 8
-1305.9 4
-1305.7 4
-1305.5 3
-1305.3 2
-1305.1 3
-1304.9 3
-1304.7 5
-1304.5 3
-1304.3 7
-1304.1 5
-1303.9 4
-1303.7 5
-1303.5 4
-1303.3 2
-1303.1 4
-1302.9 0
-1302.7 0
-1302.5 3
-1302.3 4
-1302.1 2
-1301.9 4
-1301.7 4
-1301.5 6
-1301.3 4
-1301.1 4
-1300.9 2
-1300.7 4
-1300.5 2
-1300.3 5
-1300.1 4
