-1584.9 0
-1584.7 0
-1584.5 0
-1584.3 0
-1584.1 0
-1583.9 0
-1583.7 0
-1583.5 0
-1583.3 0
-1583.1 0
-1582.9 1
-1582.7 0
-1582.5 1
-1582.3 1
-1582.1 0
-1581.9 0
-1581.7 1
-1581.5 1
-1581.3 6
-1581.1 0
-1580.9 5
-1580.7 3
-1580.5 15
-1580.3 6
-1580.1 10
-1579.9 14
-1579.7 13
-1579.5 11
-1579.3 18
-1579.1 19
-1578.9 18
-1578.7 32
-1578.5 24
-1578.3 33
-1578.1 32
-1577.9 46
-1577.7 56
-1577.5 46
-1577.3 64
-1577.1 70
-1576.9 62
-1576.7 65
-1576.5 70
-1576.3 76
-1576.1 95
-1575.9 105
-1575.7 95
-1575.5 109
-1575.3 105
-1575.1 121
-1574.9 105
-1574.7 118
-1574.5 150
-1574.3 122
-1574.1 135
-1573.9 127
-1573.7 141
-1573.5 167
-1573.3 167
-1573.1 174
-1572.9 166
-1572.7 161
-1572.5 191
-1572.3 199
-1572.1 207
-1571.9 190
-1571.7 207
-1571.5 220
-1571.3 195
-1571.1 247
-1570.9 245
-1570.7 244
-1570.5 252
-1570.3 268
-1570.1 249
-1569.9 259
-1569.7 244
-1569.5 265
-1569.3 298
-1569.1 308
-1568.9 306
-1568.7 269
-1568.5 358
-1568.3 309
-1568.1 341
-1567.9 348
-1567.7 368
-1567.5 373
-1567.3 361
-1567.1 376
-1566.9 381
-1566.7 437
-1566.5 448
-1566.3 415
-1566.1 441
-1565.9 450
-1565.7 453
-1565.5 461
-1565.3 498
-1565.1 456
-1564.9 526
-1564.7 550
-1564.5 559
-1564.3 548
-1564.1 612
-1563.9 568
-1563.7 584
-1563.5 617
-1563.3 620
-1563.1 651
-1562.9 601
-1562.7 651
-1562.5 624
-1562.3 694
-1562.1 718
-1561.9 726
-1561.7 701
-1561.5 665
-1561.3 716
-1561.1 705
-1560.9 780
-1560.7 732
-1560.5 769
-1560.3 701
-1560.1 769
-1559.9 816
-1559.7 776
-1559.5 776
-1559.3 758
-1559.1 791
-1558.9 786
-1558.7 784
-1558.5 819
-1558.3 829
-1558.1 801
-1557.9 816
-1557.7 836
-1557.5 839
-1557.3 833
-1557.1 839
-1556.9 842
-1556.7 827
-1556.5 801
-1556.3 819
-1556.1 849
-1555.9 840
-1555.7 797
-1555.5 818
-1555.3 801
-1555.1 804
-1554.9 784
-1554.7 872
-1554.5 835
-1554.3 798
-1554.1 807
-1553.9 795
-1553.7 808
-1553.5 810
-1553.3 890
-1553.1 821
-1552.9 867
-1552.7 802
-1552.5 827
-1552.3 790
-1552.1 836
-1551.9 818
-1551.7 850
-1551.5 817
-1551.3 786
-1551.1 797
-1550.9 798
-1550.7 798
-1550.5 756
-1550.3 795
-1550.1 817
-1549.9 798
-1549.7 771
-1549.5 806
-1549.3 767
-1549.1 792
-1548.9 826
-1548.7 799
-1548.5 779
-1548.3 823
-1548.1 778
-1547.9 813
-1547.7 784
-1547.5 792
-1547.3 739
-1547.1 800
-1546.9 792
-1546.7 743
-1546.5 748
-1546.3 785
-1546.1 735
-1545.9 756
-1545.7 767
-1545.5 747
-1545.3 774
-1545.1 731
-1544.9 767
-1544.7 809
-1544.5 742
-1544.3 708
-1544.1 686
-1543.9 787
-1543.7 732
-1543.5 739
-1543.3 724
-1543.1 757
-1542.9 734
-1542.7 763
-1542.5 735
-1542.3 785
-1542.1 732
-1541.9 666
-1541.7 664
-1541.5 747
-1541.3 771
-1541.1 739
-1540.9 710
-1540.7 754
-1540.5 740
-1540.3 719
-1540.1 774
-1539.9 706
-1539.7 721
-1539.5 739
-1539.3 693
-1539.1 689
-1538.9 716
-1538.7 684
-1538.5 645
-1538.3 709
-1538.1 716
-1537.9 704
-1537.7 745
-1537.5 734
-1537.3 692
-1537.1 685
-1536.9 691
-1536.7 625
-1536.5 700
-1536.3 682
-1536.1 703
-1535.9 682
-1535.7 731
-1535.5 673
-1535.3 681
-1535.1 680
-1534.9 661
-1534.7 656
-1534.5 645
-1534.3 686
-1534.1 678
-1533.9 654
-1533.7 685
-1533.5 693
-1533.3 622
-1533.1 663
-1532.9 616
-1532.7 705
-1532.5 650
-1532.3 666
-1532.1 672
-1531.9 647
-1531.7 674
-1531.5 653
-1531.3 658
-1531.1 693
-1530.9 669
-1530.7 670
-1530.5 691
-1530.3 684
-1530.1 627
-1529.9 665
-1529.7 672
-1529.5 650
-1529.3 656
-1529.1 676
-1528.9 641
-1528.7 680
-1528.5 683
-1528.3 643
-1528.1 689
-1527.9 700
-1527.7 674
-1527.5 664
-1527.3 661
-1527.1 650
-1526.9 658
-1526.7 723
-1526.5 644
-1526.3 655
-1526.1 650
-1525.9 653
-1525.7 723
-1525.5 720
-1525.3 655
-1525.1 670
-1524.9 698
-1524.7 635
-1524.5 595
-1524.3 614
-1524.1 603
-1523.9 685
-1523.7 675
-1523.5 666
-1523.3 645
-1523.1 624
-1522.9 657
-1522.7 620
-1522.5 631
-1522.3 624
-1522.1 671
-1521.9 646
-1521.7 622
-1521.5 607
-1521.3 629
-1521.1 626
-1520.9 624
-1520.7 636
-1520.5 631
-1520.3 610
-1520.1 682
-1519.9 656
-1519.7 608
-1519.5 654
-1519.3 678
-1519.1 641
-1518.9 610
-1518.7 660
-1518.5 633
-1518.3 629
-1518.1 618
-1517.9 644
-1517.7 603
-1517.5 628
-1517.3 629
-1517.1 652
-1516.9 655
-1516.7 623
-1516.5 690
-1516.3 656
-1516.1 694
-1515.9 653
-1515.7 662
-1515.5 662
-1515.3 613
-1515.1 659
-1514.9 586
-1514.7 683
-1514.5 633
-1514.3 659
-1514.1 623
-1513.9 657
-1513.7 631
-1513.5 642
-1513.3 600
-1513.1 648
-1512.9 666
-1512.7 630
-1512.5 641
-1512.3 651
-1512.1 618
-1511.9 656
-1511.7 648
-1511.5 713
-1511.3 632
-1511.1 626
-1510.9 629
-1510.7 629
-1510.5 645
-1510.3 624
-1510.1 610
-1509.9 665
-1509.7 667
-1509.5 628
-1509.3 653
-1509.1 640
-1508.9 640
-1508.7 629
-1508.5 652
-1508.3 637
-1508.1 625
-1507.9 632
-1507.7 671
-1507.5 667
-1507.3 644
-1507.1 667
-1506.9 674
-1506.7 657
-1506.5 640
-1506.3 645
-1506.1 676
-1505.9 696
-1505.7 678
-1505.5 689
-1505.3 629
-1505.1 634
-1504.9 689
-1504.7 644
-1504.5 621
-1504.3 670
-1504.1 663
-1503.9 678
-1503.7 627
-1503.5 638
-1503.3 641
-1503.1 685
-1502.9 680
-1502.7 628
-1502.5 644
-1502.3 661
-1502.1 661
-1501.9 642
-1501.7 668
-1501.5 631
-1501.3 653
-1501.1 637
-1500.9 715
-1500.7 653
-1500.5 598
-1500.3 628
-1500.1 636
-1499.9 643
-1499.7 656
-1499.5 639
-1499.3 661
-1499.1 689
-1498.9 668
-1498.7 682
-1498.5 675
-1498.3 622
-1498.1 627
-1497.9 610
-1497.7 589
-1497.5 605
-1497.3 657
-1497.1 624
-1496.9 624
-1496.7 666
-1496.5 643
-1496.3 680
-1496.1 599
-1495.9 652
-1495.7 682
-1495.5 696
-1495.3 700
-1495.1 664
-1494.9 625
-1494.7 648
-1494.5 625
-1494.3 652
-1494.1 614
-1493.9 659
-1493.7 646
-1493.5 614
-1493.3 650
-1493.1 670
-1492.9 674
-1492.7 663
-1492.5 694
-1492.3 660
-1492.1 664
-1491.9 632
-1491.7 657
-1491.5 670
-1491.3 695
-1491.1 633
-1490.9 681
-1490.7 626
-1490.5 678
-1490.3 703
-1490.1 676
-1489.9 671
-1489.7 671
-1489.5 636
-1489.3 621
-1489.1 637
-1488.9 655
-1488.7 646
-1488.5 656
-1488.3 667
-1488.1 666
-1487.9 641
-1487.7 651
-1487.5 648
-1487.3 650
-1487.1 674
-1486.9 596
-1486.7 616
-1486.5 676
-1486.3 680
-1486.1 699
-1485.9 637
-1485.7 629
-1485.5 648
-1485.3 634
-1485.1 588
-1484.9 632
-1484.7 632
-1484.5 667
-1484.3 669
-1484.1 697
-1483.9 650
-1483.7 649
-1483.5 629
-1483.3 615
-1483.1 709
-1482.9 668
-1482.7 628
-1482.5 648
-1482.3 634
-1482.1 648
-1481.9 622
-1481.7 617
-1481.5 677
-1481.3 661
-1481.1 619
-1480.9 665
-1480.7 671
-1480.5 625
-1480.3 694
-1480.1 633
-1479.9 679
-1479.7 679
-1479.5 666
-1479.3 665
-1479.1 681
-1478.9 641
-1478.7 656
-1478.5 667
-1478.3 652
-1478.1 682
-1477.9 669
-1477.7 627
-1477.5 650
-1477.3 628
-1477.1 707
-1476.9 617
-1476.7 653
-1476.5 696
-1476.3 642
-1476.1 653
-1475.9 648
-1475.7 621
-1475.5 644
-1475.3 635
-1475.1 629
-1474.9 716
-1474.7 658
-1474.5 675
-1474.3 666
-1474.1 641
-1473.9 656
-1473.7 656
-1473.5 667
-1473.3 651
-1473.1 644
-1472.9 679
-1472.7 700
-1472.5 610
-1472.3 652
-1472.1 648
-1471.9 682
-1471.7 665
-1471.5 705
-1471.3 632
-1471.1 656
-1470.9 700
-1470.7 683
-1470.5 672
-1470.3 647
-1470.1 685
-1469.9 653
-1469.7 631
-1469.5 617
-1469.3 631
-1469.1 643
-1468.9 644
-1468.7 669
-1468.5 662
-1468.3 684
-1468.1 669
-1467.9 631
-1467.7 645
-1467.5 661
-1467.3 632
-1467.1 697
-1466.9 691
-1466.7 630
-1466.5 678
-1466.3 640
-1466.1 671
-1465.9 654
-1465.7 696
-1465.5 662
-1465.3 645
-1465.1 677
-1464.9 631
-1464.7 668
-1464.5 658
-1464.3 717
-1464.1 688
-1463.9 733
-1463.7 673
-1463.5 668
-1463.3 637
-1463.1 685
-1462.9 650
-1462.7 671
-1462.5 678
-1462.3 697
-1462.1 710
-1461.9 676
-1461.7 706
-1461.5 690
-1461.3 674
-1461.1 624
-1460.9 676
-1460.7 623
-1460.5 688
-1460.3 684
-1460.1 641
-1459.9 656
-1459.7 650
-1459.5 691
-1459.3 651
-1459.1 688
-1458.9 618
-1458.7 683
-1458.5 664
-1458.3 677
-1458.1 695
-1457.9 624
-1457.7 626
-1457.5 621
-1457.3 655
-1457.1 655
-1456.9 699
-1456.7 629
-1456.5 639
-1456.3 628
-1456.1 697
-1455.9 655
-1455.7 685
-1455.5 653
-1455.3 684
-1455.1 646
-1454.9 658
-1454.7 686
-1454.5 667
-1454.3 616
-1454.1 617
-1453.9 633
-1453.7 647
-1453.5 591
-1453.3 668
-1453.1 615
-1452.9 618
-1452.7 679
-1452.5 677
-1452.3 602
-1452.1 615
-1451.9 698
-1451.7 644
-1451.5 646
-1451.3 629
-1451.1 692
-1450.9 612
-1450.7 683
-1450.5 668
-1450.3 683
-1450.1 647
-1449.9 650
-1449.7 649
-1449.5 639
-1449.3 638
-1449.1 662
-1448.9 677
-1448.7 650
-1448.5 707
-1448.3 676
-1448.1 658
-1447.9 645
-1447.7 674
-1447.5 651
-1447.3 661
-1447.1 669
-1446.9 643
-1446.7 675
-1446.5 674
-1446.3 648
-1446.1 624
-1445.9 629
-1445.7 682
-1445.5 664
-1445.3 644
-1445.1 678
-1444.9 663
-1444.7 609
-1444.5 680
-1444.3 669
-1444.1 611
-1443.9 661
-1443.7 629
-1443.5 674
-1443.3 613
-1443.1 668
-1442.9 706
-1442.7 673
-1442.5 655
-1442.3 643
-1442.1 666
-1441.9 636
-1441.7 655
-1441.5 663
-1441.3 614
-1441.1 675
-1440.9 651
-1440.7 678
-1440.5 698
-1440.3 690
-1440.1 615
-1439.9 658
-1439.7 633
-1439.5 644
-1439.3 622
-1439.1 703
-1438.9 657
-1438.7 633
-1438.5 678
-1438.3 701
-1438.1 691
-1437.9 633
-1437.7 673
-1437.5 645
-1437.3 656
-1437.1 646
-1436.9 680
-1436.7 675
-1436.5 669
-1436.3 634
-1436.1 637
-1435.9 633
-1435.7 683
-1435.5 673
-1435.3 689
-1435.1 668
-1434.9 661
-1434.7 725
-1434.5 723
-1434.3 651
-1434.1 653
-1433.9 669
-1433.7 643
-1433.5 601
-1433.3 635
-1433.1 661
-1432.9 671
-1432.7 638
-1432.5 660
-1432.3 651
-1432.1 662
-1431.9 676
-1431.7 615
-1431.5 703
-1431.3 598
-1431.1 654
-1430.9 626
-1430.7 667
-1430.5 650
-1430.3 610
-1430.1 592
-1429.9 649
-1429.7 671
-1429.5 670
-1429.3 685
-1429.1 636
-1428.9 612
-1428.7 612
-1428.5 603
-1428.3 654
-1428.1 676
-1427.9 625
-1427.7 657
-1427.5 610
-1427.3 686
-1427.1 672
-1426.9 674
-1426.7 645
-1426.5 593
-1426.3 595
-1426.1 669
-1425.9 656
-1425.7 638
-1425.5 645
-1425.3 651
-1425.1 663
-1424.9 670
-1424.7 634
-1424.5 642
-1424.3 669
-1424.1 656
-1423.9 670
-1423.7 647
-1423.5 608
-1423.3 672
-1423.1 593
-1422.9 655
-1422.7 592
-1422.5 649
-1422.3 622
-1422.1 654
-1421.9 661
-1421.7 670
-1421.5 674
-1421.3 649
-1421.1 656
-1420.9 606
-1420.7 677
-1420.5 631
-1420.3 654
-1420.1 611
-1419.9 618
-1419.7 654
-1419.5 667
-1419.3 655
-1419.1 639
-1418.9 659
-1418.7 675
-1418.5 619
-1418.3 671
-1418.1 623
-1417.9 627
-1417.7 645
-1417.5 678
-1417.3 648
-1417.1 596
-1416.9 625
-1416.7 664
-1416.5 631
-1416.3 668
-1416.1 601
-1415.9 629
-1415.7 623
-1415.5 634
-1415.3 650
-1415.1 564
-1414.9 667
-1414.7 633
-1414.5 659
-1414.3 649
-1414.1 625
-1413.9 599
-1413.7 646
-1413.5 582
-1413.3 661
-1413.1 677
-1412.9 634
-1412.7 621
-1412.5 640
-1412.3 641
-1412.1 659
-1411.9 670
-1411.7 638
-1411.5 668
-1411.3 636
-1411.1 664
-1410.9 687
-1410.7 675
-1410.5 667
-1410.3 663
-1410.1 668
-1409.9 653
-1409.7 665
-1409.5 662
-1409.3 668
-1409.1 660
-1408.9 694
-1408.7 642
-1408.5 660
-1408.3 621
-1408.1 648
-1407.9 701
-1407.7 697
-1407.5 672
-1407.3 684
-1407.1 633
-1406.9 684
-1406.7 685
-1406.5 634
-1406.3 655
-1406.1 607
-1405.9 670
-1405.7 683
-1405.5 613
-1405.3 655
-1405.1 591
-1404.9 659
-1404.7 628
-1404.5 668
-1404.3 598
-1404.1 646
-1403.9 683
-1403.7 620
-1403.5 620
-1403.3 644
-1403.1 606
-1402.9 660
-1402.7 655
-1402.5 648
-1402.3 604
-1402.1 640
-1401.9 645
-1401.7 611
-1401.5 626
-1401.3 657
-1401.1 654
-1400.9 633
-1400.7 640
-1400.5 614
-1400.3 678
-1400.1 663
-1399.9 621
-1399.7 587
-1399.5 694
-1399.3 642
-1399.1 678
-1398.9 642
-1398.7 644
-1398.5 661
-1398.3 702
-1398.1 618
-1397.9 674
-1397.7 645
-1397.5 610
-1397.3 688
-1397.1 662
-1396.9 677
-1396.7 640
-1396.5 668
-1396.3 660
-1396.1 673
-1395.9 634
-1395.7 670
-1395.5 688
-1395.3 663
-1395.1 685
-1394.9 640
-1394.7 665
-1394.5 646
-1394.3 664
-1394.1 687
-1393.9 644
-1393.7 588
-1393.5 604
-1393.3 684
-1393.1 634
-1392.9 649
-1392.7 668
-1392.5 629
-1392.3 649
-1392.1 653
-1391.9 644
-1391.7 659
-1391.5 630
-1391.3 658
-1391.1 625
-1390.9 610
-1390.7 649
-1390.5 617
-1390.3 672
-1390.1 640
-1389.9 565
-1389.7 639
-1389.5 649
-1389.3 622
-1389.1 582
-1388.9 579
-1388.7 653
-1388.5 636
-1388.3 659
-1388.1 552
-1387.9 605
-1387.7 643
-1387.5 630
-1387.3 628
-1387.1 652
-1386.9 645
-1386.7 611
-1386.5 647
-1386.3 609
-1386.1 635
-1385.9 648
-1385.7 637
-1385.5 619
-1385.3 678
-1385.1 576
-1384.9 651
-1384.7 685
-1384.5 639
-1384.3 650
-1384.1 662
-1383.9 675
-1383.7 652
-1383.5 641
-1383.3 661
-1383.1 629
-1382.9 631
-1382.7 575
-1382.5 626
-1382.3 641
-1382.1 599
-1381.9 702
-1381.7 717
-1381.5 667
-1381.3 676
-1381.1 630
-1380.9 636
-1380.7 633
-1380.5 637
-1380.3 612
-1380.1 676
-1379.9 650
-1379.7 649
-1379.5 619
-1379.3 591
-1379.1 703
-1378.9 668
-1378.7 678
-1378.5 612
-1378.3 640
-1378.1 656
-1377.9 634
-1377.7 644
-1377.5 623
-1377.3 621
-1377.1 633
-1376.9 599
-1376.7 682
-1376.5 655
-1376.3 589
-1376.1 594
-1375.9 641
-1375.7 602
-1375.5 615
-1375.3 614
-1375.1 620
-1374.9 630
-1374.7 604
-1374.5 595
-1374.3 587
-1374.1 641
-1373.9 633
-1373.7 569
-1373.5 579
-1373.3 593
-1373.1 602
-1372.9 573
-1372.7 609
-1372.5 575
-1372.3 586
-1372.1 627
-1371.9 563
-1371.7 576
-1371.5 533
-1371.3 570
-1371.1 613
-1370.9 550
-1370.7 543
-1370.5 559
-1370.3 518
-1370.1 564
-1369.9 573
-1369.7 517
-1369.5 541
-1369.3 510
-1369.1 569
-1368.9 553
-1368.7 538
-1368.5 534
-1368.3 486
-1368.1 516
-1367.9 503
-1367.7 460
-1367.5 477
-1367.3 444
-1367.1 493
-1366.9 446
-1366.7 456
-1366.5 422
-1366.3 438
-1366.1 467
-1365.9 425
-1365.7 469
-1365.5 400
-1365.3 396
-1365.1 432
-1364.9 430
-1364.7 408
-1364.5 383
-1364.3 371
-1364.1 385
-1363.9 379
-1363.7 372
-1363.5 375
-1363.3 341
-1363.1 355
-1362.9 332
-1362.7 348
-1362.5 350
-1362.3 302
-1362.1 307
-1361.9 300
-1361.7 301
-1361.5 299
-1361.3 292
-1361.1 323
-1360.9 303
-1360.7 267
-1360.5 287
-1360.3 262
-1360.1 277
-1359.9 237
-1359.7 262
-1359.5 266
-1359.3 254
-1359.1 251
-1358.9 234
-1358.7 195
-1358.5 231
-1358.3 204
-1358.1 231
-1357.9 232
-1357.7 184
-1357.5 193
-1357.3 196
-1357.1 231
-1356.9 197
-1356.7 193
-1356.5 175
-1356.3 179
-1356.1 168
-1355.9 138
-1355.7 155
-1355.5 162
-1355.3 148
-1355.1 134
-1354.9 143
-1354.7 154
-1354.5 139
-1354.3 121
-1354.1 140
-1353.9 126
-1353.7 127
-1353.5 95
-1353.3 109
-1353.1 115
-1352.9 98
-1352.7 106
-1352.5 103
-1352.3 90
-1352.1 96
-1351.9 101
-1351.7 103
-1351.5 84
-1351.3 77
-1351.1 64
-1350.9 80
-1350.7 76
-1350.5 68
-1350.3 76
-1350.1 79
-1349.9 72
-1349.7 58
-1349.5 63
-1349.3 50
-1349.1 59
-1348.9 53
-1348.7 62
-1348.5 53
-1348.3 40
-1348.1 42
-1347.9 50
-1347.7 44
-1347.5 40
-1347.3 42
-1347.1 32
-1346.9 44
-1346.7 38
-1346.5 38
-1346.3 43
-1346.1 42
-1345.9 33
-1345.7 30
-1345.5 27
-1345.3 34
-1345.1 29
-1344.9 35
-1344.7 24
-1344.5 19
-1344.3 32
-1344.1 17
-1343.9 30
-1343.7 24
-1343.5 19
-1343.3 23
-1343.1 32
-1342.9 12
-1342.7 20
-1342.5 23
-1342.3 17
-1342.1 20
-1341.9 12
-1341.7 17
-1341.5 24
-1341.3 15
-1341.1 12
-1340.9 9
-1340.7 17
-1340.5 11
-1340.3 9
-1340.1 14
-1339.9 7
-1339.7 5
-1339.5 12
-1339.3 7
-1339.1 6
-1338.9 10
-1338.7 8
-1338.5 12
-1338.3 5
-1338.1 6
-1337.9 18
-1337.7 8
-1337.5 7
-1337.3 6
-1337.1 5
-1336.9 7
-1336.7 6
-1336.5 4
-1336.3 7
-1336.1 6
-1335.9 6
-1335.7 4
-1335.5 9
-1335.3 7
-1335.1 5
-1334.9 3
-1334.7 4
-1334.5 5
-1334.3 1
-1334.1 6
-1333.9 5
-1333.7 4
-1333.5 3
-1333.3 2
-1333.1 7
-1332.9 7
-1332.7 6
-1332.5 3
-1332.3 6
-1332.1 2
-1331.9 0
-1331.7 3
-1331.5 6
-1331.3 4
-1331.1 2
-1330.9 6
-1330.7 2
-1330.5 3
-1330.3 1
-1330.1 2
-1329.9 0
-1329.7 1
-1329.5 5
-1329.3 2
-1329.1 2
-1328.9 3
-1328.7 2
-1328.5 7
-1328.3 3
-1328.1 8
-1327.9 5
-1327.7 5
-1327.5 3
-1327.3 1
-1327.1 7
-1326.9 4
-1326.7 2
-1326.5 7
-1326.3 2
-1326.1 8
-1325.9 2
-1325.7 6
-1325.5 7
-1325.3 9
-1325.1 4
-1324.9 5
-1324.7 5
-1324.5 2
-1324.3 7
-1324.1 3
-1323.9 5
-1323.7 2
-1323.5 9
-1323.3 4
-1323.1 3
-1322.9 4
-1322.7 5
-1322.5 3
-1322.3 4
-1322.1 0
-1321.9 7
-1321.7 4
-1321.5 6
-1321.3 4
-1321.1 5
-1320.9 3
-1320.7 4
-1320.5 5
-1320.3 5
-1320.1 4
-1319.9 0
-1319.7 5
-1319.5 4
-1319.3 5
-1319.1 7
-1318.9 1
-1318.7 3
-1318.5 4
-1318.3 1
-1318.1 6
-1317.9 1
-1317.7 4
-1317.5 4
-1317.3 4
-1317.1 3
-1316.9 2
-1316.7 4
-1316.5 3
-1316.3 1
-1316.1 1
-1315.9 5
-1315.7 4
-1315.5 5
-1315.3 3
-1315.1 2
-1314.9 5
-1314.7 1
-1314.5 3
-1314.3 1
-1314.1 5
-1313.9 2
-1313.7 2
-1313.5 2
-1313.3 1
-1313.1 2
-1312.9 2
-1312.7 0
-1312.5 5
-1312.3 1
-1312.1 4
-1311.9 2
-1311.7 3
-1311.5 3
-1311.3 3
-1311.1 2
-1310.9 2
-1310.7 2
-1310.5 2
-1310.3 3
-1310.1 0
-1309.9 0
-1309.7 2
-1309.5 2
-1309.3 1
-1309.1 1
-1308.9 4
-1308.7 4
-1308.5 2
-1308.3 1
-1308.1 4
-1307.9 1
-1307.7 2
-1307.5 3
-1307.3 1
-1307.1 2
-1306.9 0
-1306.7 5
-1306.5 2
-1306.3 4
-1306.1 3
-1305.9 1
-1305.7 3
-1305.5 1
-1305.3 5
-1305.1 3
-1304.9 0
-1304.7 2
-1304.5 4
-1304.3 5
-1304.1 4
-1303.9 3
-1303.7 4
-1303.5 4
-1303.3 5
-1303.1 5
-1302.9 1
-1302.7 3
-1302.5 6
-1302.3 3
-1302.1 4
-1301.9 1
-1301.7 1
-1301.5 4
-1301.3 2
-1301.1 7
-1300.9 1
-1300.7 4
-1300.5 3
-1300.3 3
-1300.1 1
