-1584.9 0
-1584.7 3
-1584.5 1
-1584.3 3
-1584.1 2
-1583.9 4
-1583.7 4
-1583.5 5
-1583.3 4
-1583.1 6
-1582.9 8
-1582.7 8
-1582.5 16
-1582.3 23
-1582.1 31
-1581.9 23
-1581.7 32
-1581.5 31
-1581.3 38
-1581.1 47
-1580.9 51
-1580.7 63
-1580.5 59
-1580.3 71
-1580.1 77
-1579.9 75
-1579.7 100
-1579.5 94
-1579.3 116
-1579.1 90
-1578.9 122
-1578.7 128
-1578.5 120
-1578.3 108
-1578.1 119
-1577.9 137
-1577.7 143
-1577.5 129
-1577.3 125
-1577.1 156
-1576.9 161
-1576.7 181
-1576.5 153
-1576.3 171
-1576.1 147
-1575.9 196
-1575.7 188
-1575.5 227
-1575.3 196
-1575.1 240
-1574.9 243
-1574.7 221
-1574.5 247
-1574.3 251
-1574.1 261
-1573.9 252
-1573.7 267
-1573.5 259
-1573.3 254
-1573.1 328
-1572.9 303
-1572.7 315
-1572.5 320
-1572.3 364
-1572.1 361
-1571.9 380
-1571.7 402
-1571.5 405
-1571.3 401
-1571.1 476
-1570.9 456
-1570.7 454
-1570.5 479
-1570.3 468
-1570.1 534
-1569.9 505
-1569.7 542
-1569.5 588
-1569.3 553
-1569.1 582
-1568.9 566
-1568.7 599
-1568.5 606
-1568.3 636
-1568.1 657
-1567.9 673
-1567.7 705
-1567.5 651
-1567.3 683
-1567.1 694
-1566.9 776
-1566.7 767
-1566.5 751
-1566.3 749
-1566.1 785
-1565.9 822
-1565.7 849
-1565.5 792
-1565.3 828
-1565.1 843
-1564.9 874
-1564.7 870
-1564.5 869
-1564.3 945
-1564.1 886
-1563.9 923
-1563.7 854
-1563.5 935
-1563.3 919
-1563.1 891
-1562.9 901
-1562.7 908
-1562.5 954
-1562.3 972
-1562.1 921
-1561.9 901
-1561.7 927
-1561.5 951
-1561.3 916
-1561.1 912
-1560.9 915
-1560.7 998
-1560.5 939
-1560.3 938
-1560.1 930
-1559.9 967
-1559.7 939
-1559.5 956
-1559.3 890
-1559.1 926
-1558.9 980
-1558.7 935
-1558.5 963
-1558.3 960
-1558.1 912
-1557.9 965
-1557.7 922
-1557.5 852
-1557.3 924
-1557.1 912
-1556.9 878
-1556.7 890
-1556.5 893
-1556.3 923
-1556.1 857
-1555.9 931
-1555.7 818
-1555.5 902
-1555.3 844
-1555.1 841
-1554.9 876
-1554.7 880
-1554.5 861
-1554.3 800
-1554.1 901
-1553.9 825
-1553.7 837
-1553.5 874
-1553.3 894
-1553.1 821
-1552.9 827
-1552.7 836
-1552.5 866
-1552.3 845
-1552.1 867
-1551.9 815
-1551.7 831
-1551.5 805
-1551.3 794
-1551.1 804
-1550.9 766
-1550.7 759
-1550.5 788
-1550.3 783
-1550.1 781
-1549.9 812
-1549.7 825
-1549.5 787
-1549.3 735
-1549.1 778
-1548.9 740
-1548.7 823
-1548.5 757
-1548.3 774
-1548.1 806
-1547.9 753
-1547.7 790
-1547.5 758
-1547.3 738
-1547.1 747
-1546.9 708
-1546.7 764
-1546.5 779
-1546.3 739
-1546.1 716
-1545.9 777
-1545.7 775
-1545.5 750
-1545.3 709
-1545.1 757
-1544.9 749
-1544.7 708
-1544.5 731
-1544.3 759
-1544.1 781
-1543.9 796
-1543.7 721
-1543.5 726
-1543.3 727
-1543.1 753
-1542.9 730
-1542.7 703
-1542.5 787
-1542.3 727
-1542.1 722
-1541.9 760
-1541.7 704
-1541.5 716
-1541.3 717
-1541.1 786
-1540.9 729
-1540.7 696
-1540.5 693
-1540.3 657
-1540.1 708
-1539.9 708
-1539.7 685
-1539.5 721
-1539.3 671
-1539.1 681
-1538.9 728
-1538.7 724
-1538.5 710
-1538.3 713
-1538.1 706
-1537.9 678
-1537.7 729
-1537.5 709
-1537.3 641
-1537.1 712
-1536.9 664
-1536.7 705
-1536.5 608
-1536.3 660
-1536.1 677
-1535.9 652
-1535.7 690
-1535.5 691
-1535.3 711
-1535.1 624
-1534.9 645
-1534.7 668
-1534.5 680
-1534.3 664
-1534.1 693
-1533.9 637
-1533.7 643
-1533.5 631
-1533.3 724
-1533.1 645
-1532.9 662
-1532.7 743
-1532.5 673
-1532.3 682
-1532.1 691
-1531.9 681
-1531.7 725
-1531.5 686
-1531.3 673
-1531.1 701
-1530.9 746
-1530.7 705
-1530.5 719
-1530.3 688
-1530.1 702
-1529.9 741
-1529.7 735
-1529.5 700
-1529.3 771
-1529.1 707
-1528.9 731
-1528.7 732
-1528.5 729
-1528.3 700
-1528.1 703
-1527.9 772
-1527.7 737
-1527.5 723
-1527.3 779
-1527.1 679
-1526.9 751
-1526.7 756
-1526.5 699
-1526.3 739
-1526.1 637
-1525.9 689
-1525.7 689
-1525.5 735
-1525.3 728
-1525.1 721
-1524.9 685
-1524.7 667
-1524.5 730
-1524.3 699
-1524.1 634
-1523.9 661
-1523.7 654
-1523.5 638
-1523.3 610
-1523.1 638
-1522.9 620
-1522.7 595
-1522.5 638
-1522.3 620
-1522.1 578
-1521.9 601
-1521.7 574
-1521.5 602
-1521.3 634
-1521.1 574
-1520.9 570
-1520.7 567
-1520.5 637
-1520.3 574
-1520.1 618
-1519.9 616
-1519.7 617
-1519.5 628
-1519.3 577
-1519.1 576
-1518.9 611
-1518.7 599
-1518.5 614
-1518.3 634
-1518.1 572
-1517.9 607
-1517.7 612
-1517.5 644
-1517.3 615
-1517.1 639
-1516.9 716
-1516.7 603
-1516.5 656
-1516.3 685
-1516.1 706
-1515.9 664
-1515.7 674
-1515.5 723
-1515.3 721
-1515.1 694
-1514.9 722
-1514.7 754
-1514.5 748
-1514.3 705
-1514.1 704
-1513.9 780
-1513.7 817
-1513.5 776
-1513.3 801
-1513.1 785
-1512.9 809
-1512.7 771
-1512.5 786
-1512.3 777
-1512.1 785
-1511.9 742
-1511.7 762
-1511.5 766
-1511.3 769
-1511.1 789
-1510.9 798
-1510.7 750
-1510.5 752
-1510.3 761
-1510.1 748
-1509.9 714
-1509.7 776
-1509.5 771
-1509.3 688
-1509.1 689
-1508.9 744
-1508.7 690
-1508.5 712
-1508.3 694
-1508.1 667
-1507.9 675
-1507.7 663
-1507.5 672
-1507.3 654
-1507.1 636
-1506.9 651
-1506.7 640
-1506.5 607
-1506.3 684
-1506.1 593
-1505.9 633
-1505.7 586
-1505.5 558
-1505.3 576
-1505.1 616
-1504.9 609
-1504.7 623
-1504.5 588
-1504.3 589
-1504.1 535
-1503.9 620
-1503.7 591
-1503.5 629
-1503.3 583
-1503.1 585
-1502.9 597
-1502.7 590
-1502.5 617
-1502.3 605
-1502.1 598
-1501.9 608
-1501.7 571
-1501.5 656
-1501.3 599
-1501.1 608
-1500.9 592
-1500.7 625
-1500.5 621
-1500.3 609
-1500.1 653
-1499.9 682
-1499.7 628
-1499.5 637
-1499.3 688
-1499.1 704
-1498.9 694
-1498.7 673
-1498.5 709
-1498.3 667
-1498.1 670
-1497.9 705
-1497.7 715
-1497.5 698
-1497.3 735
-1497.1 702
-1496.9 704
-1496.7 719
-1496.5 767
-1496.3 743
-1496.1 737
-1495.9 770
-1495.7 754
-1495.5 719
-1495.3 790
-1495.1 743
-1494.9 774
-1494.7 748
-1494.5 768
-1494.3 737
-1494.1 785
-1493.9 735
-1493.7 762
-1493.5 777
-1493.3 761
-1493.1 770
-1492.9 730
-1492.7 767
-1492.5 761
-1492.3 722
-1492.1 732
-1491.9 694
-1491.7 717
-1491.5 748
-1491.3 719
-1491.1 757
-1490.9 726
-1490.7 643
-1490.5 632
-1490.3 672
-1490.1 685
-1489.9 648
-1489.7 642
-1489.5 677
-1489.3 704
-1489.1 614
-1488.9 626
-1488.7 644
-1488.5 705
-1488.3 660
-1488.1 643
-1487.9 667
-1487.7 673
-1487.5 662
-1487.3 681
-1487.1 613
-1486.9 685
-1486.7 679
-1486.5 687
-1486.3 668
-1486.1 636
-1485.9 652
-1485.7 694
-1485.5 668
-1485.3 670
-1485.1 599
-1484.9 630
-1484.7 684
-1484.5 667
-1484.3 657
-1484.1 667
-1483.9 664
-1483.7 705
-1483.5 675
-1483.3 684
-1483.1 681
-1482.9 676
-1482.7 640
-1482.5 616
-1482.3 646
-1482.1 698
-1481.9 650
-1481.7 685
-1481.5 709
-1481.3 657
-1481.1 643
-1480.9 656
-1480.7 655
-1480.5 690
-1480.3 703
-1480.1 650
-1479.9 701
-1479.7 728
-1479.5 690
-1479.3 713
-1479.1 647
-1478.9 701
-1478.7 701
-1478.5 682
-1478.3 666
-1478.1 671
-1477.9 715
-1477.7 653
-1477.5 667
-1477.3 671
-1477.1 693
-1476.9 714
-1476.7 703
-1476.5 710
-1476.3 639
-1476.1 724
-1475.9 678
-1475.7 678
-1475.5 700
-1475.3 731
-1475.1 716
-1474.9 768
-1474.7 664
-1474.5 738
-1474.3 755
-1474.1 727
-1473.9 687
-1473.7 703
-1473.5 701
-1473.3 693
-1473.1 739
-1472.9 697
-1472.7 765
-1472.5 724
-1472.3 720
-1472.1 700
-1471.9 712
-1471.7 695
-1471.5 755
-1471.3 713
-1471.1 706
-1470.9 708
-1470.7 702
-1470.5 658
-1470.3 696
-1470.1 751
-1469.9 694
-1469.7 692
-1469.5 642
-1469.3 663
-1469.1 693
-1468.9 670
-1468.7 676
-1468.5 691
-1468.3 666
-1468.1 649
-1467.9 644
-1467.7 640
-1467.5 672
-1467.3 658
-1467.1 642
-1466.9 660
-1466.7 627
-1466.5 657
-1466.3 549
-1466.1 613
-1465.9 622
-1465.7 617
-1465.5 659
-1465.3 637
-1465.1 700
-1464.9 666
-1464.7 622
-1464.5 685
-1464.3 611
-1464.1 679
-1463.9 711
-1463.7 660
-1463.5 689
-1463.3 645
-1463.1 632
-1462.9 635
-1462.7 680
-1462.5 684
-1462.3 597
-1462.1 655
-1461.9 666
-1461.7 673
-1461.5 698
-1461.3 669
-1461.1 649
-1460.9 693
-1460.7 670
-1460.5 747
-1460.3 742
-1460.1 711
-1459.9 679
-1459.7 719
-1459.5 682
-1459.3 708
-1459.1 742
-1458.9 748
-1458.7 742
-1458.5 720
-1458.3 700
-1458.1 773
-1457.9 760
-1457.7 729
-1457.5 753
-1457.3 705
-1457.1 713
-1456.9 704
-1456.7 684
-1456.5 663
-1456.3 703
-1456.1 723
-1455.9 721
-1455.7 752
-1455.5 709
-1455.3 720
-1455.1 705
-1454.9 718
-1454.7 714
-1454.5 701
-1454.3 699
-1454.1 690
-1453.9 733
-1453.7 641
-1453.5 684
-1453.3 658
-1453.1 671
-1452.9 640
-1452.7 653
-1452.5 704
-1452.3 637
-1452.1 685
-1451.9 674
-1451.7 678
-1451.5 682
-1451.3 653
-1451.1 663
-1450.9 668
-1450.7 668
-1450.5 722
-1450.3 645
-1450.1 663
-1449.9 641
-1449.7 672
-1449.5 651
-1449.3 610
-1449.1 727
-1448.9 667
-1448.7 673
-1448.5 680
-1448.3 669
-1448.1 685
-1447.9 656
-1447.7 674
-1447.5 656
-1447.3 641
-1447.1 650
-1446.9 627
-1446.7 685
-1446.5 674
-1446.3 669
-1446.1 657
-1445.9 676
-1445.7 717
-1445.5 672
-1445.3 668
-1445.1 680
-1444.9 699
-1444.7 696
-1444.5 694
-1444.3 652
-1444.1 683
-1443.9 756
-1443.7 679
-1443.5 690
-1443.3 683
-1443.1 725
-1442.9 737
-1442.7 692
-1442.5 655
-1442.3 692
-1442.1 715
-1441.9 682
-1441.7 676
-1441.5 721
-1441.3 674
-1441.1 709
-1440.9 765
-1440.7 722
-1440.5 673
-1440.3 676
-1440.1 697
-1439.9 666
-1439.7 679
-1439.5 718
-1439.3 676
-1439.1 723
-1438.9 674
-1438.7 698
-1438.5 692
-1438.3 681
-1438.1 714
-1437.9 678
-1437.7 679
-1437.5 715
-1437.3 689
-1437.1 667
-1436.9 704
-1436.7 725
-1436.5 668
-1436.3 646
-1436.1 650
-1435.9 642
-1435.7 623
-1435.5 637
-1435.3 652
-1435.1 651
-1434.9 624
-1434.7 707
-1434.5 698
-1434.3 676
-1434.1 646
-1433.9 655
-1433.7 672
-1433.5 663
-1433.3 676
-1433.1 716
-1432.9 635
-1432.7 654
-1432.5 655
-1432.3 709
-1432.1 621
-1431.9 719
-1431.7 651
-1431.5 707
-1431.3 702
-1431.1 639
-1430.9 674
-1430.7 643
-1430.5 659
-1430.3 665
-1430.1 660
-1429.9 690
-1429.7 708
-1429.5 661
-1429.3 698
-1429.1 671
-1428.9 718
-1428.7 698
-1428.5 677
-1428.3 690
-1428.1 701
-1427.9 677
-1427.7 726
-1427.5 649
-1427.3 664
-1427.1 675
-1426.9 701
-1426.7 690
-1426.5 694
-1426.3 671
-1426.1 693
-1425.9 729
-1425.7 741
-1425.5 682
-1425.3 705
-1425.1 667
-1424.9 675
-1424.7 705
-1424.5 667
-1424.3 650
-1424.1 749
-1423.9 670
-1423.7 700
-1423.5 712
-1423.3 714
-1423.1 696
-1422.9 645
-1422.7 687
-1422.5 698
-1422.3 735
-1422.1 679
-1421.9 684
-1421.7 662
-1421.5 715
-1421.3 676
-1421.1 696
-1420.9 688
-1420.7 714
-1420.5 643
-1420.3 667
-1420.1 673
-1419.9 736
-1419.7 650
-1419.5 681
-1419.3 707
-1419.1 687
-1418.9 735
-1418.7 719
-1418.5 723
-1418.3 708
-1418.1 663
-1417.9 689
-1417.7 676
-1417.5 676
-1417.3 707
-1417.1 672
-1416.9 678
-1416.7 680
-1416.5 729
-1416.3 688
-1416.1 723
-1415.9 667
-1415.7 701
-1415.5 681
-1415.3 694
-1415.1 699
-1414.9 702
-1414.7 719
-1414.5 643
-1414.3 714
-1414.1 665
-1413.9 704
-1413.7 714
-1413.5 696
-1413.3 691
-1413.1 663
-1412.9 694
-1412.7 661
-1412.5 623
-1412.3 633
-1412.1 693
-1411.9 677
-1411.7 642
-1411.5 653
-1411.3 692
-1411.1 653
-1410.9 677
-1410.7 659
-1410.5 644
-1410.3 647
-1410.1 656
-1409.9 689
-1409.7 651
-1409.5 665
-1409.3 627
-1409.1 672
-1408.9 652
-1408.7 668
-1408.5 618
-1408.3 659
-1408.1 634
-1407.9 629
-1407.7 670
-1407.5 707
-1407.3 654
-1407.1 662
-1406.9 645
-1406.7 649
-1406.5 679
-1406.3 634
-1406.1 664
-1405.9 691
-1405.7 647
-1405.5 672
-1405.3 667
-1405.1 686
-1404.9 651
-1404.7 632
-1404.5 669
-1404.3 649
-1404.1 649
-1403.9 695
-1403.7 671
-1403.5 669
-1403.3 706
-1403.1 689
-1402.9 677
-1402.7 634
-1402.5 601
-1402.3 668
-1402.1 698
-1401.9 674
-1401.7 689
-1401.5 631
-1401.3 721
-1401.1 676
-1400.9 680
-1400.7 645
-1400.5 703
-1400.3 681
-1400.1 692
-1399.9 661
-1399.7 673
-1399.5 682
-1399.3 688
-1399.1 687
-1398.9 696
-1398.7 689
-1398.5 670
-1398.3 689
-1398.1 656
-1397.9 682
-1397.7 707
-1397.5 657
-1397.3 690
-1397.1 735
-1396.9 703
-1396.7 646
-1396.5 664
-1396.3 680
-1396.1 693
-1395.9 672
-1395.7 697
-1395.5 713
-1395.3 634
-1395.1 695
-1394.9 659
-1394.7 651
-1394.5 671
-1394.3 688
-1394.1 684
-1393.9 707
-1393.7 680
-1393.5 673
-1393.3 678
-1393.1 689
-1392.9 643
-1392.7 702
-1392.5 670
-1392.3 640
-1392.1 697
-1391.9 709
-1391.7 661
-1391.5 646
-1391.3 695
-1391.1 668
-1390.9 655
-1390.7 692
-1390.5 633
-1390.3 681
-1390.1 705
-1389.9 684
-1389.7 692
-1389.5 670
-1389.3 691
-1389.1 688
-1388.9 685
-1388.7 659
-1388.5 607
-1388.3 650
-1388.1 687
-1387.9 682
-1387.7 619
-1387.5 667
-1387.3 654
-1387.1 677
-1386.9 683
-1386.7 686
-1386.5 663
-1386.3 620
-1386.1 695
-1385.9 655
-1385.7 633
-1385.5 681
-1385.3 680
-1385.1 704
-1384.9 658
-1384.7 651
-1384.5 704
-1384.3 658
-1384.1 638
-1383.9 682
-1383.7 668
-1383.5 664
-1383.3 732
-1383.1 635
-1382.9 679
-1382.7 693
-1382.5 642
-1382.3 649
-1382.1 673
-1381.9 676
-1381.7 685
-1381.5 700
-1381.3 702
-1381.1 688
-1380.9 674
-1380.7 667
-1380.5 686
-1380.3 687
-1380.1 648
-1379.9 667
-1379.7 616
-1379.5 642
-1379.3 708
-1379.1 693
-1378.9 683
-1378.7 651
-1378.5 669
-1378.3 677
-1378.1 595
-1377.9 692
-1377.7 658
-1377.5 677
-1377.3 651
-1377.1 653
-1376.9 677
-1376.7 691
-1376.5 666
-1376.3 673
-1376.1 610
-1375.9 609
-1375.7 665
-1375.5 622
-1375.3 663
-1375.1 647
-1374.9 630
-1374.7 677
-1374.5 654
-1374.3 626
-1374.1 636
-1373.9 680
-1373.7 638
-1373.5 615
-1373.3 628
-1373.1 621
-1372.9 678
-1372.7 636
-1372.5 622
-1372.3 681
-1372.1 662
-1371.9 656
-1371.7 660
-1371.5 663
-1371.3 679
-1371.1 605
-1370.9 638
-1370.7 616
-1370.5 612
-1370.3 646
-1370.1 647
-1369.9 634
-1369.7 602
-1369.5 632
-1369.3 648
-1369.1 655
-1368.9 663
-1368.7 663
-1368.5 654
-1368.3 658
-1368.1 684
-1367.9 621
-1367.7 628
-1367.5 677
-1367.3 704
-1367.1 646
-1366.9 732
-1366.7 689
-1366.5 699
-1366.3 699
-1366.1 671
-1365.9 693
-1365.7 652
-1365.5 711
-1365.3 701
-1365.1 644
-1364.9 641
-1364.7 640
-1364.5 713
-1364.3 661
-1364.1 678
-1363.9 653
-1363.7 658
-1363.5 613
-1363.3 624
-1363.1 625
-1362.9 641
-1362.7 637
-1362.5 629
-1362.3 667
-1362.1 659
-1361.9 604
-1361.7 631
-1361.5 690
-1361.3 661
-1361.1 584
-1360.9 637
-1360.7 635
-1360.5 591
-1360.3 607
-1360.1 635
-1359.9 631
-1359.7 638
-1359.5 658
-1359.3 597
-1359.1 535
-1358.9 592
-1358.7 587
-1358.5 584
-1358.3 571
-1358.1 635
-1357.9 568
-1357.7 615
-1357.5 536
-1357.3 516
-1357.1 525
-1356.9 542
-1356.7 511
-1356.5 536
-1356.3 515
-1356.1 501
-1355.9 525
-1355.7 507
-1355.5 532
-1355.3 498
-1355.1 498
-1354.9 509
-1354.7 440
-1354.5 473
-1354.3 433
-1354.1 413
-1353.9 447
-1353.7 457
-1353.5 439
-1353.3 426
-1353.1 436
-1352.9 450
-1352.7 429
-1352.5 414
-1352.3 392
-1352.1 369
-1351.9 406
-1351.7 414
-1351.5 385
-1351.3 402
-1351.1 397
-1350.9 366
-1350.7 368
-1350.5 351
-1350.3 352
-1350.1 355
-1349.9 368
-1349.7 305
-1349.5 304
-1349.3 305
-1349.1 337
-1348.9 353
-1348.7 294
-1348.5 303
-1348.3 258
-1348.1 266
-1347.9 321
-1347.7 265
-1347.5 289
-1347.3 254
-1347.1 270
-1346.9 254
-1346.7 238
-1346.5 208
-1346.3 242
-1346.1 228
-1345.9 222
-1345.7 210
-1345.5 202
-1345.3 208
-1345.1 223
-1344.9 205
-1344.7 168
-1344.5 192
-1344.3 177
-1344.1 202
-1343.9 176
-1343.7 161
-1343.5 149
-1343.3 157
-1343.1 171
-1342.9 163
-1342.7 144
-1342.5 150
-1342.3 140
-1342.1 131
-1341.9 134
-1341.7 126
-1341.5 134
-1341.3 122
-1341.1 97
-1340.9 123
-1340.7 106
-1340.5 113
-1340.3 112
-1340.1 97
-1339.9 118
-1339.7 93
-1339.5 103
-1339.3 96
-1339.1 86
-1338.9 79
-1338.7 72
-1338.5 86
-1338.3 71
-1338.1 68
-1337.9 75
-1337.7 66
-1337.5 70
-1337.3 77
-1337.1 65
-1336.9 48
-1336.7 67
-1336.5 60
-1336.3 56
-1336.1 55
-1335.9 49
-1335.7 53
-1335.5 64
-1335.3 39
-1335.1 55
-1334.9 39
-1334.7 46
-1334.5 54
-1334.3 38
-1334.1 27
-1333.9 36
-1333.7 32
-1333.5 28
-1333.3 42
-1333.1 24
-1332.9 36
-1332.7 30
-1332.5 36
-1332.3 25
-1332.1 24
-1331.9 29
-1331.7 20
-1331.5 21
-1331.3 17
-1331.1 23
-1330.9 21
-1330.7 25
-1330.5 19
-1330.3 28
-1330.1 21
-1329.9 18
-1329.7 19
-1329.5 15
-1329.3 12
-1329.1 20
-1328.9 13
-1328.7 10
-1328.5 21
-1328.3 12
-1328.1 11
-1327.9 15
-1327.7 13
-1327.5 10
-1327.3 17
-1327.1 7
-1326.9 12
-1326.7 9
-1326.5 11
-1326.3 12
-1326.1 6
-1325.9 6
-1325.7 10
-1325.5 9
-1325.3 9
-1325.1 3
-1324.9 8
-1324.7 4
-1324.5 8
-1324.3 5
-1324.1 5
-1323.9 4
-1323.7 5
-1323.5 5
-1323.3 5
-1323.1 5
-1322.9 4
-1322.7 4
-1322.5 7
-1322.3 6
-1322.1 3
-1321.9 1
-1321.7 5
-1321.5 5
-1321.3 7
-1321.1 5
-1320.9 4
-1320.7 7
-1320.5 6
-1320.3 3
-1320.1 4
-1319.9 4
-1319.7 4
-1319.5 3
-1319.3 6
-1319.1 2
-1318.9 3
-1318.7 2
-1318.5 2
-1318.3 3
-1318.1 1
-1317.9 2
-1317.7 1
-1317.5 2
-1317.3 2
-1317.1 3
-1316.9 1
-1316.7 0
-1316.5 5
-1316.3 2
-1316.1 1
-1315.9 3
-1315.7 2
-1315.5 0
-1315.3 1
-1315.1 2
-1314.9 2
-1314.7 4
-1314.5 3
-1314.3 3
-1314.1 3
-1313.9 2
-1313.7 1
-1313.5 2
-1313.3 3
-1313.1 0
-1312.9 2
-1312.7 2
-1312.5 2
-1312.3 2
-1312.1 2
-1311.9 5
-1311.7 9
-1311.5 3
-1311.3 5
-1311.1 1
-1310.9 3
-1310.7 2
-1310.5 2
-1310.3 1
-1310.1 3
-1309.9 1
-1309.7 2
-1309.5 3
-1309.3 2
-1309.1 7
-1308.9 3
-1308.7 1
-1308.5 3
-1308.3 2
-1308.1 2
-1307.9 6
-1307.7 5
-1307.5 1
-1307.3 3
-1307.1 2
-1306.9 4
-1306.7 1
-1306.5 2
-1306.3 5
-1306.1 1
-1305.9 3
-1305.7 2
-1305.5 2
-1305.3 5
-1305.1 2
-1304.9 2
-1304.7 3
-1304.5 1
-1304.3 1
-1304.1 4
-1303.9 1
-1303.7 4
-1303.5 1
-1303.3 4
-1303.1 5
-1302.9 3
-1302.7 2
-1302.5 3
-1302.3 3
-1302.1 3
-1301.9 3
-1301.7 3
-1301.5 3
-1301.3 1
-1301.1 4
-1300.9 3
-1300.7 2
-1300.5 2
-1300.3 0
-1300.1 4
