-1599.9 0
-1599.7 0
-1599.5 1
-1599.3 0
-1599.1 0
-1598.9 0
-1598.7 0
-1598.5 0
-1598.3 0
-1598.1 0
-1597.9 0
-1597.7 0
-1597.5 0
-1597.3 0
-1597.1 0
-1596.9 0
-1596.7 1
-1596.5 0
-1596.3 0
-1596.1 0
-1595.9 1
-1595.7 0
-1595.5 0
-1595.3 0
-1595.1 0
-1594.9 0
-1594.7 0
-1594.5 0
-1594.3 0
-1594.1 0
-1593.9 0
-1593.7 0
-1593.5 0
-1593.3 0
-1593.1 0
-1592.9 0
-1592.7 0
-1592.5 0
-1592.3 0
-1592.1 0
-1591.9 0
-1591.7 0
-1591.5 0
-1591.3 0
-1591.1 0
-1590.9 0
-1590.7 0
-1590.5 0
-1590.3 0
-1590.1 0
-1589.9 1
-1589.7 0
-1589.5 0
-1589.3 1
-1589.1 0
-1588.9 0
-1588.7 0
-1588.5 0
-1588.3 0
-1588.1 0
-1587.9 0
-1587.7 0
-1587.5 0
-1587.3 0
-1587.1 0
-1586.9 0
-1586.7 0
-1586.5 0
-1586.3 0
-1586.1 0
-1585.9 0
-1585.7 0
-1585.5 0
-1585.3 0
-1585.1 0
-1584.9 0
-1584.7 0
-1584.5 0
-1584.3 1
-1584.1 0
-1583.9 0
-1583.7 0
-1583.5 0
-1583.3 0
-1583.1 0
-1582.9 0
-1582.7 0
-1582.5 1
-1582.3 0
-1582.1 0
-1581.9 0
-1581.7 0
-1581.5 0
-1581.3 0
-1581.1 0
-1580.9 0
-1580.7 0
-1580.5 0
-1580.3 0
-1580.1 0
-1579.9 0
-1579.7 0
-1579.5 0
-1579.3 0
-1579.1 0
-1578.9 0
-1578.7 0
-1578.5 0
-1578.3 0
-1578.1 1
-1577.9 0
-1577.7 0
-1577.5 0
-1577.3 0
-1577.1 0
-1576.9 0
-1576.7 0
-1576.5 0
-1576.3 0
-1576.1 0
-1575.9 0
-1575.7 0
-1575.5 0
-1575.3 0
-1575.1 0
-1574.9 0
-1574.7 0
-1574.5 0
-1574.3 0
-1574.1 0
-1573.9 0
-1573.7 0
-1573.5 0
-1573.3 0
-1573.1 0
-1572.9 0
-1572.7 0
-1572.5 0
-1572.3 0
-1572.1 0
-1571.9 0
-1571.7 0
-1571.5 0
-1571.3 0
-1571.1 2
-1570.9 2
-1570.7 0
-1570.5 0
-1570.3 0
-1570.1 1
-1569.9 2
-1569.7 1
-1569.5 2
-1569.3 0
-1569.1 3
-1568.9 3
-1568.7 7
-1568.5 8
-1568.3 7
-1568.1 17
-1567.9 23
-1567.7 20
-1567.5 19
-1567.3 32
-1567.1 42
-1566.9 49
-1566.7 48
-1566.5 33
-1566.3 65
-1566.1 65
-1565.9 89
-1565.7 99
-1565.5 112
-1565.3 108
-1565.1 116
-1564.9 159
-1564.7 132
-1564.5 134
-1564.3 179
-1564.1 156
-1563.9 166
-1563.7 187
-1563.5 219
-1563.3 204
-1563.1 223
-1562.9 214
-1562.7 248
-1562.5 263
-1562.3 279
-1562.1 324
-1561.9 289
-1561.7 314
-1561.5 347
-1561.3 376
-1561.1 357
-1560.9 385
-1560.7 439
-1560.5 406
-1560.3 424
-1560.1 459
-1559.9 479
-1559.7 491
-1559.5 532
-1559.3 537
-1559.1 570
-1558.9 572
-1558.7 618
-1558.5 653
-1558.3 731
-1558.1 727
-1557.9 712
-1557.7 784
-1557.5 808
-1557.3 850
-1557.1 845
-1556.9 872
-1556.7 936
-1556.5 963
-1556.3 973
-1556.1 972
-1555.9 1072
-1555.7 1086
-1555.5 1136
-1555.3 1084
-1555.1 1147
-1554.9 1167
-1554.7 1233
-1554.5 1219
-1554.3 1230
-1554.1 1261
-1553.9 1377
-1553.7 1340
-1553.5 1270
-1553.3 1337
-1553.1 1377
-1552.9 1344
-1552.7 1409
-1552.5 1351
-1552.3 1361
-1552.1 1386
-1551.9 1399
-1551.7 1369
-1551.5 1371
-1551.3 1335
-1551.1 1313
-1550.9 1379
-1550.7 1335
-1550.5 1326
-1550.3 1392
-1550.1 1339
-1549.9 1365
-1549.7 1319
-1549.5 1347
-1549.3 1359
-1549.1 1379
-1548.9 1329
-1548.7 1309
-1548.5 1214
-1548.3 1192
-1548.1 1299
-1547.9 1241
-1547.7 1213
-1547.5 1204
-1547.3 1098
-1547.1 1138
-1546.9 1110
-1546.7 1124
-1546.5 1165
-1546.3 1091
-1546.1 1064
-1545.9 1145
-1545.7 1087
-1545.5 1071
-1545.3 1062
-1545.1 1134
-1544.9 1121
-1544.7 1058
-1544.5 1062
-1544.3 1010
-1544.1 1017
-1543.9 1066
-1543.7 962
-1543.5 1026
-1543.3 1014
-1543.1 1005
-1542.9 976
-1542.7 1039
-1542.5 943
-1542.3 1028
-1542.1 958
-1541.9 954
-1541.7 1004
-1541.5 996
-1541.3 992
-1541.1 930
-1540.9 918
-1540.7 920
-1540.5 909
-1540.3 937
-1540.1 881
-1539.9 889
-1539.7 956
-1539.5 936
-1539.3 933
-1539.1 868
-1538.9 867
-1538.7 890
-1538.5 859
-1538.3 926
-1538.1 916
-1537.9 868
-1537.7 929
-1537.5 939
-1537.3 834
-1537.1 912
-1536.9 885
-1536.7 948
-1536.5 834
-1536.3 847
-1536.1 880
-1535.9 924
-1535.7 881
-1535.5 820
-1535.3 871
-1535.1 862
-1534.9 846
-1534.7 851
-1534.5 895
-1534.3 815
-1534.1 873
-1533.9 856
-1533.7 907
-1533.5 838
-1533.3 837
-1533.1 834
-1532.9 853
-1532.7 820
-1532.5 884
-1532.3 859
-1532.1 858
-1531.9 805
-1531.7 862
-1531.5 786
-1531.3 784
-1531.1 837
-1530.9 884
-1530.7 804
-1530.5 868
-1530.3 783
-1530.1 813
-1529.9 785
-1529.7 799
-1529.5 815
-1529.3 763
-1529.1 775
-1528.9 749
-1528.7 748
-1528.5 792
-1528.3 824
-1528.1 825
-1527.9 848
-1527.7 751
-1527.5 783
-1527.3 765
-1527.1 787
-1526.9 806
-1526.7 747
-1526.5 712
-1526.3 801
-1526.1 742
-1525.9 788
-1525.7 802
-1525.5 766
-1525.3 823
-1525.1 786
-1524.9 783
-1524.7 752
-1524.5 810
-1524.3 754
-1524.1 756
-1523.9 765
-1523.7 861
-1523.5 768
-1523.3 822
-1523.1 767
-1522.9 721
-1522.7 742
-1522.5 819
-1522.3 839
-1522.1 798
-1521.9 804
-1521.7 813
-1521.5 862
-1521.3 883
-1521.1 833
-1520.9 835
-1520.7 877
-1520.5 797
-1520.3 830
-1520.1 802
-1519.9 882
-1519.7 868
-1519.5 847
-1519.3 833
-1519.1 844
-1518.9 848
-1518.7 832
-1518.5 863
-1518.3 795
-1518.1 882
-1517.9 829
-1517.7 826
-1517.5 769
-1517.3 847
-1517.1 803
-1516.9 871
-1516.7 789
-1516.5 823
-1516.3 775
-1516.1 784
-1515.9 831
-1515.7 764
-1515.5 765
-1515.3 813
-1515.1 757
-1514.9 782
-1514.7 781
-1514.5 769
-1514.3 812
-1514.1 769
-1513.9 789
-1513.7 755
-1513.5 725
-1513.3 753
-1513.1 776
-1512.9 744
-1512.7 784
-1512.5 777
-1512.3 828
-1512.1 834
-1511.9 797
-1511.7 753
-1511.5 727
-1511.3 780
-1511.1 822
-1510.9 803
-1510.7 767
-1510.5 783
-1510.3 805
-1510.1 827
-1509.9 838
-1509.7 770
-1509.5 753
-1509.3 788
-1509.1 795
-1508.9 772
-1508.7 780
-1508.5 733
-1508.3 694
-1508.1 740
-1507.9 764
-1507.7 752
-1507.5 750
-1507.3 714
-1507.1 723
-1506.9 732
-1506.7 720
-1506.5 742
-1506.3 743
-1506.1 756
-1505.9 749
-1505.7 752
-1505.5 775
-1505.3 734
-1505.1 740
-1504.9 763
-1504.7 727
-1504.5 739
-1504.3 712
-1504.1 718
-1503.9 718
-1503.7 747
-1503.5 741
-1503.3 712
-1503.1 778
-1502.9 775
-1502.7 764
-1502.5 739
-1502.3 750
-1502.1 794
-1501.9 753
-1501.7 793
-1501.5 779
-1501.3 843
-1501.1 797
-1500.9 825
-1500.7 810
-1500.5 820
-1500.3 768
-1500.1 808
-1499.9 827
-1499.7 806
-1499.5 814
-1499.3 841
-1499.1 841
-1498.9 879
-1498.7 866
-1498.5 896
-1498.3 874
-1498.1 843
-1497.9 911
-1497.7 890
-1497.5 838
-1497.3 877
-1497.1 865
-1496.9 843
-1496.7 814
-1496.5 831
-1496.3 795
-1496.1 793
-1495.9 800
-1495.7 770
-1495.5 763
-1495.3 839
-1495.1 763
-1494.9 770
-1494.7 752
-1494.5 712
-1494.3 797
-1494.1 769
-1493.9 769
-1493.7 730
-1493.5 689
-1493.3 698
-1493.1 733
-1492.9 730
-1492.7 690
-1492.5 761
-1492.3 734
-1492.1 779
-1491.9 697
-1491.7 747
-1491.5 728
-1491.3 754
-1491.1 716
-1490.9 685
-1490.7 764
-1490.5 775
-1490.3 779
-1490.1 794
-1489.9 715
-1489.7 764
-1489.5 819
-1489.3 740
-1489.1 744
-1488.9 829
-1488.7 803
-1488.5 726
-1488.3 799
-1488.1 762
-1487.9 756
-1487.7 814
-1487.5 786
-1487.3 832
-1487.1 779
-1486.9 806
-1486.7 759
-1486.5 745
-1486.3 787
-1486.1 719
-1485.9 753
-1485.7 723
-1485.5 760
-1485.3 781
-1485.1 790
-1484.9 778
-1484.7 747
-1484.5 790
-1484.3 785
-1484.1 808
-1483.9 772
-1483.7 738
-1483.5 744
-1483.3 808
-1483.1 779
-1482.9 763
-1482.7 821
-1482.5 780
-1482.3 756
-1482.1 772
-1481.9 800
-1481.7 802
-1481.5 791
-1481.3 773
-1481.1 798
-1480.9 769
-1480.7 784
-1480.5 828
-1480.3 824
-1480.1 768
-1479.9 843
-1479.7 775
-1479.5 803
-1479.3 781
-1479.1 844
-1478.9 842
-1478.7 801
-1478.5 806
-1478.3 788
-1478.1 772
-1477.9 801
-1477.7 835
-1477.5 817
-1477.3 821
-1477.1 783
-1476.9 808
-1476.7 797
-1476.5 773
-1476.3 827
-1476.1 778
-1475.9 830
-1475.7 763
-1475.5 743
-1475.3 779
-1475.1 777
-1474.9 766
-1474.7 732
-1474.5 721
-1474.3 758
-1474.1 752
-1473.9 756
-1473.7 760
-1473.5 774
-1473.3 782
-1473.1 744
-1472.9 811
-1472.7 772
-1472.5 765
-1472.3 730
-1472.1 748
-1471.9 808
-1471.7 760
-1471.5 788
-1471.3 776
-1471.1 797
-1470.9 805
-1470.7 774
-1470.5 814
-1470.3 787
-1470.1 817
-1469.9 786
-1469.7 807
-1469.5 782
-1469.3 785
-1469.1 830
-1468.9 786
-1468.7 763
-1468.5 783
-1468.3 799
-1468.1 774
-1467.9 814
-1467.7 844
-1467.5 839
-1467.3 801
-1467.1 788
-1466.9 813
-1466.7 770
-1466.5 822
-1466.3 806
-1466.1 750
-1465.9 762
-1465.7 744
-1465.5 755
-1465.3 799
-1465.1 759
-1464.9 732
-1464.7 765
-1464.5 731
-1464.3 709
-1464.1 731
-1463.9 790
-1463.7 794
-1463.5 783
-1463.3 788
-1463.1 750
-1462.9 806
-1462.7 793
-1462.5 780
-1462.3 757
-1462.1 793
-1461.9 754
-1461.7 805
-1461.5 784
-1461.3 794
-1461.1 792
-1460.9 773
-1460.7 775
-1460.5 757
-1460.3 781
-1460.1 780
-1459.9 751
-1459.7 792
-1459.5 804
-1459.3 756
-1459.1 820
-1458.9 781
-1458.7 816
-1458.5 835
-1458.3 777
-1458.1 767
-1457.9 804
-1457.7 784
-1457.5 847
-1457.3 804
-1457.1 791
-1456.9 809
-1456.7 838
-1456.5 829
-1456.3 800
-1456.1 830
-1455.9 812
-1455.7 745
-1455.5 839
-1455.3 758
-1455.1 778
-1454.9 808
-1454.7 796
-1454.5 802
-1454.3 852
-1454.1 766
-1453.9 806
-1453.7 856
-1453.5 776
-1453.3 763
-1453.1 792
-1452.9 801
-1452.7 786
-1452.5 780
-1452.3 743
-1452.1 718
-1451.9 718
-1451.7 764
-1451.5 740
-1451.3 775
-1451.1 811
-1450.9 778
-1450.7 730
-1450.5 770
-1450.3 734
-1450.1 806
-1449.9 772
-1449.7 754
-1449.5 735
-1449.3 739
-1449.1 807
-1448.9 765
-1448.7 749
-1448.5 792
-1448.3 768
-1448.1 763
-1447.9 751
-1447.7 778
-1447.5 767
-1447.3 774
-1447.1 793
-1446.9 806
-1446.7 782
-1446.5 740
-1446.3 761
-1446.1 754
-1445.9 763
-1445.7 727
-1445.5 784
-1445.3 732
-1445.1 802
-1444.9 821
-1444.7 768
-1444.5 821
-1444.3 817
-1444.1 779
-1443.9 765
-1443.7 746
-1443.5 725
-1443.3 815
-1443.1 782
-1442.9 800
-1442.7 809
-1442.5 812
-1442.3 796
-1442.1 775
-1441.9 789
-1441.7 769
-1441.5 809
-1441.3 779
-1441.1 784
-1440.9 799
-1440.7 780
-1440.5 748
-1440.3 822
-1440.1 769
-1439.9 770
-1439.7 822
-1439.5 791
-1439.3 774
-1439.1 795
-1438.9 763
-1438.7 690
-1438.5 831
-1438.3 761
-1438.1 777
-1437.9 753
-1437.7 775
-1437.5 797
-1437.3 842
-1437.1 818
-1436.9 785
-1436.7 832
-1436.5 810
-1436.3 778
-1436.1 773
-1435.9 806
-1435.7 791
-1435.5 780
-1435.3 788
-1435.1 804
-1434.9 784
-1434.7 810
-1434.5 801
-1434.3 815
-1434.1 757
-1433.9 747
-1433.7 774
-1433.5 767
-1433.3 701
-1433.1 774
-1432.9 836
-1432.7 829
-1432.5 761
-1432.3 741
-1432.1 749
-1431.9 765
-1431.7 803
-1431.5 763
-1431.3 804
-1431.1 769
-1430.9 793
-1430.7 769
-1430.5 741
-1430.3 779
-1430.1 773
-1429.9 796
-1429.7 763
-1429.5 722
-1429.3 799
-1429.1 765
-1428.9 802
-1428.7 782
-1428.5 793
-1428.3 776
-1428.1 759
-1427.9 714
-1427.7 764
-1427.5 745
-1427.3 783
-1427.1 761
-1426.9 768
-1426.7 789
-1426.5 706
-1426.3 788
-1426.1 778
-1425.9 811
-1425.7 778
-1425.5 763
-1425.3 778
-1425.1 783
-1424.9 787
-1424.7 805
-1424.5 776
-1424.3 808
-1424.1 763
-1423.9 794
-1423.7 777
-1423.5 775
-1423.3 830
-1423.1 797
-1422.9 757
-1422.7 832
-1422.5 810
-1422.3 740
-1422.1 745
-1421.9 806
-1421.7 760
-1421.5 813
-1421.3 827
-1421.1 783
-1420.9 815
-1420.7 792
-1420.5 812
-1420.3 769
-1420.1 759
-1419.9 758
-1419.7 790
-1419.5 814
-1419.3 782
-1419.1 781
-1418.9 776
-1418.7 795
-1418.5 820
-1418.3 758
-1418.1 814
-1417.9 729
-1417.7 776
-1417.5 730
-1417.3 756
-1417.1 789
-1416.9 748
-1416.7 765
-1416.5 816
-1416.3 757
-1416.1 787
-1415.9 758
-1415.7 762
-1415.5 773
-1415.3 715
-1415.1 828
-1414.9 730
-1414.7 764
-1414.5 745
-1414.3 797
-1414.1 792
-1413.9 698
-1413.7 765
-1413.5 721
-1413.3 795
-1413.1 728
-1412.9 816
-1412.7 758
-1412.5 743
-1412.3 706
-1412.1 771
-1411.9 767
-1411.7 759
-1411.5 786
-1411.3 752
-1411.1 789
-1410.9 785
-1410.7 786
-1410.5 795
-1410.3 760
-1410.1 799
-1409.9 750
-1409.7 790
-1409.5 829
-1409.3 771
-1409.1 773
-1408.9 761
-1408.7 767
-1408.5 751
-1408.3 799
-1408.1 738
-1407.9 760
-1407.7 762
-1407.5 756
-1407.3 726
-1407.1 828
-1406.9 792
-1406.7 844
-1406.5 808
-1406.3 787
-1406.1 818
-1405.9 767
-1405.7 768
-1405.5 781
-1405.3 791
-1405.1 825
-1404.9 796
-1404.7 830
-1404.5 789
-1404.3 793
-1404.1 799
-1403.9 818
-1403.7 787
-1403.5 770
-1403.3 758
-1403.1 762
-1402.9 775
-1402.7 800
-1402.5 806
-1402.3 774
-1402.1 761
-1401.9 762
-1401.7 735
-1401.5 746
-1401.3 807
-1401.1 789
-1400.9 827
-1400.7 754
-1400.5 715
-1400.3 763
-1400.1 750
-1399.9 786
-1399.7 724
-1399.5 711
-1399.3 714
-1399.1 741
-1398.9 784
-1398.7 765
-1398.5 729
-1398.3 731
-1398.1 730
-1397.9 760
-1397.7 801
-1397.5 742
-1397.3 763
-1397.1 719
-1396.9 717
-1396.7 751
-1396.5 752
-1396.3 751
-1396.1 775
-1395.9 823
-1395.7 703
-1395.5 779
-1395.3 721
-1395.1 732
-1394.9 764
-1394.7 769
-1394.5 754
-1394.3 776
-1394.1 781
-1393.9 725
-1393.7 756
-1393.5 796
-1393.3 708
-1393.1 767
-1392.9 756
-1392.7 788
-1392.5 791
-1392.3 814
-1392.1 793
-1391.9 746
-1391.7 799
-1391.5 776
-1391.3 732
-1391.1 745
-1390.9 753
-1390.7 795
-1390.5 772
-1390.3 743
-1390.1 709
-1389.9 727
-1389.7 756
-1389.5 778
-1389.3 763
-1389.1 767
-1388.9 795
-1388.7 785
-1388.5 811
-1388.3 780
-1388.1 744
-1387.9 793
-1387.7 758
-1387.5 806
-1387.3 777
-1387.1 813
-1386.9 765
-1386.7 745
-1386.5 736
-1386.3 790
-1386.1 785
-1385.9 828
-1385.7 785
-1385.5 784
-1385.3 739
-1385.1 764
-1384.9 754
-1384.7 770
-1384.5 797
-1384.3 799
-1384.1 784
-1383.9 839
-1383.7 788
-1383.5 803
-1383.3 712
-1383.1 768
-1382.9 766
-1382.7 763
-1382.5 807
-1382.3 769
-1382.1 758
-1381.9 720
-1381.7 771
-1381.5 777
-1381.3 755
-1381.1 778
-1380.9 714
-1380.7 769
-1380.5 749
-1380.3 821
-1380.1 751
-1379.9 749
-1379.7 818
-1379.5 743
-1379.3 759
-1379.1 760
-1378.9 780
-1378.7 754
-1378.5 750
-1378.3 749
-1378.1 734
-1377.9 729
-1377.7 803
-1377.5 811
-1377.3 759
-1377.1 782
-1376.9 826
-1376.7 784
-1376.5 790
-1376.3 755
-1376.1 751
-1375.9 771
-1375.7 792
-1375.5 766
-1375.3 773
-1375.1 777
-1374.9 786
-1374.7 800
-1374.5 781
-1374.3 722
-1374.1 769
-1373.9 778
-1373.7 782
-1373.5 723
-1373.3 780
-1373.1 743
-1372.9 760
-1372.7 765
-1372.5 774
-1372.3 760
-1372.1 717
-1371.9 793
-1371.7 771
-1371.5 793
-1371.3 763
-1371.1 791
-1370.9 789
-1370.7 741
-1370.5 758
-1370.3 735
-1370.1 818
-1369.9 716
-1369.7 728
-1369.5 746
-1369.3 786
-1369.1 785
-1368.9 764
-1368.7 812
-1368.5 741
-1368.3 786
-1368.1 763
-1367.9 771
-1367.7 718
-1367.5 750
-1367.3 808
-1367.1 729
-1366.9 772
-1366.7 769
-1366.5 744
-1366.3 737
-1366.1 743
-1365.9 790
-1365.7 798
-1365.5 749
-1365.3 756
-1365.1 777
-1364.9 764
-1364.7 738
-1364.5 749
-1364.3 791
-1364.1 819
-1363.9 820
-1363.7 748
-1363.5 752
-1363.3 769
-1363.1 774
-1362.9 783
-1362.7 716
-1362.5 809
-1362.3 766
-1362.1 778
-1361.9 735
-1361.7 748
-1361.5 731
-1361.3 750
-1361.1 775
-1360.9 751
-1360.7 766
-1360.5 789
-1360.3 703
-1360.1 765
-1359.9 806
-1359.7 717
-1359.5 734
-1359.3 750
-1359.1 754
-1358.9 729
-1358.7 703
-1358.5 774
-1358.3 765
-1358.1 794
-1357.9 721
-1357.7 754
-1357.5 804
-1357.3 794
-1357.1 727
-1356.9 767
-1356.7 752
-1356.5 757
-1356.3 782
-1356.1 733
-1355.9 698
-1355.7 814
-1355.5 724
-1355.3 709
-1355.1 778
-1354.9 778
-1354.7 756
-1354.5 724
-1354.3 774
-1354.1 747
-1353.9 743
-1353.7 707
-1353.5 744
-1353.3 766
-1353.1 751
-1352.9 743
-1352.7 755
-1352.5 734
-1352.3 775
-1352.1 746
-1351.9 754
-1351.7 748
-1351.5 766
-1351.3 709
-1351.1 730
-1350.9 751
-1350.7 784
-1350.5 711
-1350.3 787
-1350.1 726
-1349.9 746
-1349.7 696
-1349.5 740
-1349.3 744
-1349.1 682
-1348.9 760
-1348.7 698
-1348.5 715
-1348.3 765
-1348.1 697
-1347.9 710
-1347.7 705
-1347.5 699
-1347.3 697
-1347.1 695
-1346.9 685
-1346.7 720
-1346.5 728
-1346.3 703
-1346.1 667
-1345.9 648
-1345.7 729
-1345.5 676
-1345.3 637
-1345.1 643
-1344.9 590
-1344.7 667
-1344.5 623
-1344.3 630
-1344.1 592
-1343.9 586
-1343.7 568
-1343.5 572
-1343.3 559
-1343.1 559
-1342.9 560
-1342.7 557
-1342.5 562
-1342.3 516
-1342.1 541
-1341.9 560
-1341.7 537
-1341.5 486
-1341.3 485
-1341.1 467
-1340.9 463
-1340.7 453
-1340.5 528
-1340.3 453
-1340.1 461
-1339.9 473
-1339.7 475
-1339.5 442
-1339.3 459
-1339.1 433
-1338.9 441
-1338.7 432
-1338.5 407
-1338.3 409
-1338.1 404
-1337.9 384
-1337.7 384
-1337.5 362
-1337.3 359
-1337.1 366
-1336.9 379
-1336.7 352
-1336.5 353
-1336.3 328
-1336.1 335
-1335.9 327
-1335.7 337
-1335.5 319
-1335.3 331
-1335.1 289
-1334.9 298
-1334.7 279
-1334.5 299
-1334.3 289
-1334.1 284
-1333.9 295
-1333.7 255
-1333.5 276
-1333.3 252
-1333.1 258
-1332.9 223
-1332.7 243
-1332.5 239
-1332.3 254
-1332.1 259
-1331.9 234
-1331.7 241
-1331.5 222
-1331.3 233
-1331.1 206
-1330.9 227
-1330.7 215
-1330.5 207
-1330.3 185
-1330.1 177
-1329.9 179
-1329.7 212
-1329.5 185
-1329.3 201
-1329.1 186
-1328.9 181
-1328.7 200
-1328.5 142
-1328.3 166
-1328.1 167
-1327.9 184
-1327.7 152
-1327.5 167
-1327.3 158
-1327.1 141
-1326.9 140
-1326.7 136
-1326.5 128
-1326.3 157
-1326.1 129
-1325.9 136
-1325.7 133
-1325.5 138
-1325.3 123
-1325.1 129
-1324.9 120
-1324.7 103
-1324.5 112
-1324.3 108
-1324.1 116
-1323.9 90
-1323.7 96
-1323.5 94
-1323.3 111
-1323.1 93
-1322.9 82
-1322.7 98
-1322.5 77
-1322.3 73
-1322.1 84
-1321.9 84
-1321.7 82
-1321.5 68
-1321.3 71
-1321.1 65
-1320.9 60
-1320.7 79
-1320.5 72
-1320.3 68
-1320.1 55
-1319.9 61
-1319.7 57
-1319.5 59
-1319.3 51
-1319.1 56
-1318.9 63
-1318.7 51
-1318.5 47
-1318.3 50
-1318.1 55
-1317.9 40
-1317.7 43
-1317.5 45
-1317.3 43
-1317.1 38
-1316.9 45
-1316.7 35
-1316.5 29
-1316.3 40
-1316.1 28
-1315.9 36
-1315.7 39
-1315.5 33
-1315.3 28
-1315.1 31
-1314.9 30
-1314.7 22
-1314.5 28
-1314.3 39
-1314.1 32
-1313.9 28
-1313.7 25
-1313.5 21
-1313.3 21
-1313.1 30
-1312.9 30
-1312.7 24
-1312.5 20
-1312.3 25
-1312.1 15
-1311.9 20
-1311.7 14
-1311.5 15
-1311.3 20
-1311.1 10
-1310.9 17
-1310.7 14
-1310.5 7
-1310.3 17
-1310.1 9
-1309.9 16
-1309.7 12
-1309.5 11
-1309.3 8
-1309.1 10
-1308.9 7
-1308.7 9
-1308.5 10
-1308.3 7
-1308.1 3
-1307.9 6
-1307.7 8
-1307.5 7
-1307.3 6
-1307.1 3
-1306.9 6
-1306.7 5
-1306.5 4
-1306.3 4
-1306.1 5
-1305.9 4
-1305.7 2
-1305.5 2
-1305.3 5
-1305.1 2
-1304.9 3
-1304.7 1
-1304.5 3
-1304.3 3
-1304.1 2
-1303.9 1
-1303.7 1
-1303.5 1
-1303.3 1
-1303.1 0
-1302.9 0
-1302.7 0
-1302.5 0
-1302.3 1
-1302.1 0
-1301.9 0
-1301.7 1
-1301.5 1
-1301.3 0
-1301.1 0
-1300.9 1
-1300.7 0
-1300.5 2
-1300.3 0
-1300.1 0
