-209.9 0
-209.7 0
-209.5 1
-209.3 0
-209.1 1
-208.9 0
-208.7 1
-208.5 0
-208.3 1
-208.1 1
-207.9 1
-207.7 0
-207.5 0
-207.3 0
-207.1 0
-206.9 0
-206.7 0
-206.5 1
-206.3 1
-206.1 0
-205.9 0
-205.7 0
-205.5 0
-205.3 2
-205.1 0
-204.9 1
-204.7 1
-204.5 1
-204.3 0
-204.1 0
-203.9 0
-203.7 1
-203.5 0
-203.3 0
-203.1 0
-202.9 1
-202.7 1
-202.5 0
-202.3 3
-202.1 2
-201.9 0
-201.7 1
-201.5 0
-201.3 0
-201.1 0
-200.9 3
-200.7 2
-200.5 3
-200.3 2
-200.1 6
-199.9 5
-199.7 17
-199.5 24
-199.3 28
-199.1 53
-198.9 59
-198.7 93
-198.5 151
-198.3 191
-198.1 230
-197.9 345
-197.7 416
-197.5 504
-197.3 655
-197.1 767
-196.9 980
-196.7 1171
-196.5 1447
-196.3 1548
-196.1 1814
-195.9 2118
-195.7 2370
-195.5 2497
-195.3 2686
-195.1 3002
-194.9 3018
-194.7 3265
-194.5 3434
-194.3 3474
-194.1 3471
-193.9 3511
-193.7 3510
-193.5 3562
-193.3 3625
-193.1 3692
-192.9 3619
-192.7 3597
-192.5 3541
-192.3 3477
-192.1 3671
-191.9 3539
-191.7 3389
-191.5 3397
-191.3 3429
-191.1 3382
-190.9 3322
-190.7 3432
-190.5 3295
-190.3 3217
-190.1 3238
-189.9 3249
-189.7 3139
-189.5 3248
-189.3 3038
-189.1 3101
-188.9 3137
-188.7 3109
-188.5 3076
-188.3 3109
-188.1 3029
-187.9 3104
-187.7 2964
-187.5 2986
-187.3 2988
-187.1 2928
-186.9 2902
-186.7 2944
-186.5 2855
-186.3 2871
-186.1 2940
-185.9 2886
-185.7 2808
-185.5 2784
-185.3 2811
-185.1 2797
-184.9 2685
-184.7 2733
-184.5 2749
-184.3 2763
-184.1 2698
-183.9 2747
-183.7 2748
-183.5 2601
-183.3 2753
-183.1 2602
-182.9 2591
-182.7 2699
-182.5 2535
-182.3 2549
-182.1 2479
-181.9 2519
-181.7 2491
-181.5 2325
-181.3 2366
-181.1 2411
-180.9 2434
-180.7 2273
-180.5 2405
-180.3 2371
-180.1 2358
-179.9 2341
-179.7 2319
-179.5 2304
-179.3 2355
-179.1 2193
-178.9 2298
-178.7 2211
-178.5 2228
-178.3 2193
-178.1 2180
-177.9 2095
-177.7 2150
-177.5 2189
-177.3 2228
-177.1 2154
-176.9 2073
-176.7 2059
-176.5 2120
-176.3 2074
-176.1 2053
-175.9 2148
-175.7 2058
-175.5 2010
-175.3 2084
-175.1 2011
-174.9 2037
-174.7 1958
-174.5 2021
-174.3 1999
-174.1 2024
-173.9 1955
-173.7 2008
-173.5 2011
-173.3 1949
-173.1 1923
-172.9 2056
-172.7 1973
-172.5 1991
-172.3 2049
-172.1 2026
-171.9 2013
-171.7 1883
-171.5 1891
-171.3 1991
-171.1 1907
-170.9 1985
-170.7 1972
-170.5 1865
-170.3 1889
-170.1 1933
-169.9 2021
-169.7 1897
-169.5 1959
-169.3 1954
-169.1 1992
-168.9 1900
-168.7 1899
-168.5 1873
-168.3 1930
-168.1 1876
-167.9 1930
-167.7 1903
-167.5 1889
-167.3 1883
-167.1 1958
-166.9 1832
-166.7 1981
-166.5 1893
-166.3 1938
-166.1 1944
-165.9 1849
-165.7 1918
-165.5 1847
-165.3 1792
-165.1 1887
-164.9 1889
-164.7 1840
-164.5 1872
-164.3 1878
-164.1 1809
-163.9 1804
-163.7 1840
-163.5 1850
-163.3 1854
-163.1 1854
-162.9 1837
-162.7 1858
-162.5 1832
-162.3 1872
-162.1 1810
-161.9 1838
-161.7 1818
-161.5 1849
-161.3 1874
-161.1 1888
-160.9 1836
-160.7 1844
-160.5 1867
-160.3 1831
-160.1 1847
-159.9 1836
-159.7 1903
-159.5 1809
-159.3 1837
-159.1 1892
-158.9 1858
-158.7 1913
-158.5 1893
-158.3 1857
-158.1 1850
-157.9 1909
-157.7 1852
-157.5 1731
-157.3 1836
-157.1 1888
-156.9 1872
-156.7 1780
-156.5 1820
-156.3 1919
-156.1 1811
-155.9 1855
-155.7 1829
-155.5 1863
-155.3 1966
-155.1 1826
-154.9 1812
-154.7 1775
-154.5 1807
-154.3 1861
-154.1 1905
-153.9 1809
-153.7 1843
-153.5 1791
-153.3 1859
-153.1 1907
-152.9 1854
-152.7 1764
-152.5 1849
-152.3 1809
-152.1 1829
-151.9 1854
-151.7 1847
-151.5 1754
-151.3 1864
-151.1 1826
-150.9 1869
-150.7 1885
-150.5 1794
-150.3 1856
-150.1 1835
-149.9 1859
-149.7 1888
-149.5 1804
-149.3 1866
-149.1 1840
-148.9 1833
-148.7 1823
-148.5 1805
-148.3 1787
-148.1 1776
-147.9 1774
-147.7 1773
-147.5 1821
-147.3 1725
-147.1 1891
-146.9 1790
-146.7 1784
-146.5 1849
-146.3 1802
-146.1 1785
-145.9 1808
-145.7 1811
-145.5 1756
-145.3 1764
-145.1 1694
-144.9 1831
-144.7 1792
-144.5 1829
-144.3 1778
-144.1 1658
-143.9 1763
-143.7 1755
-143.5 1699
-143.3 1775
-143.1 1768
-142.9 1722
-142.7 1728
-142.5 1813
-142.3 1729
-142.1 1677
-141.9 1774
-141.7 1730
-141.5 1779
-141.3 1758
-141.1 1744
-140.9 1802
-140.7 1803
-140.5 1715
-140.3 1793
-140.1 1798
-139.9 1759
-139.7 1721
-139.5 1796
-139.3 1785
-139.1 1714
-138.9 1823
-138.7 1874
-138.5 1849
-138.3 1818
-138.1 1857
-137.9 1805
-137.7 1756
-137.5 1873
-137.3 1856
-137.1 1937
-136.9 1814
-136.7 1811
-136.5 1914
-136.3 1849
-136.1 1827
-135.9 1837
-135.7 1816
-135.5 1830
-135.3 1893
-135.1 1877
-134.9 1850
-134.7 1799
-134.5 1861
-134.3 1835
-134.1 1939
-133.9 1956
-133.7 1865
-133.5 1873
-133.3 1849
-133.1 1922
-132.9 1845
-132.7 1809
-132.5 1898
-132.3 1872
-132.1 1775
-131.9 1809
-131.7 1923
-131.5 1904
-131.3 1901
-131.1 1843
-130.9 1856
-130.7 1831
-130.5 1816
-130.3 1836
-130.1 1810
-129.9 1805
-129.7 1920
-129.5 1928
-129.3 1928
-129.1 1859
-128.9 1828
-128.7 1896
-128.5 1849
-128.3 1868
-128.1 1869
-127.9 1855
-127.7 1901
-127.5 1878
-127.3 1828
-127.1 1834
-126.9 1886
-126.7 1870
-126.5 1918
-126.3 1874
-126.1 1854
-125.9 1844
-125.7 1835
-125.5 1879
-125.3 1815
-125.1 1871
-124.9 1861
-124.7 1898
-124.5 1824
-124.3 1816
-124.1 1839
-123.9 1808
-123.7 1840
-123.5 1915
-123.3 1783
-123.1 1847
-122.9 1802
-122.7 1804
-122.5 1846
-122.3 1807
-122.1 1768
-121.9 1857
-121.7 1805
-121.5 1857
-121.3 1721
-121.1 1785
-120.9 1792
-120.7 1797
-120.5 1792
-120.3 1691
-120.1 1737
-119.9 1808
-119.7 1782
-119.5 1780
-119.3 1815
-119.1 1742
-118.9 1827
-118.7 1792
-118.5 1825
-118.3 1788
-118.1 1797
-117.9 1850
-117.7 1805
-117.5 1691
-117.3 1834
-117.1 1765
-116.9 1751
-116.7 1769
-116.5 1812
-116.3 1725
-116.1 1791
-115.9 1748
-115.7 1699
-115.5 1806
-115.3 1735
-115.1 1824
-114.9 1791
-114.7 1847
-114.5 1828
-114.3 1739
-114.1 1829
-113.9 1842
-113.7 1752
-113.5 1813
-113.3 1767
-113.1 1774
-112.9 1817
-112.7 1798
-112.5 1761
-112.3 1837
-112.1 1794
-111.9 1792
-111.7 1820
-111.5 1815
-111.3 1792
-111.1 1831
-110.9 1803
-110.7 1823
-110.5 1752
-110.3 1740
-110.1 1766
-109.9 1758
-109.7 1713
-109.5 1799
-109.3 1836
-109.1 1758
-108.9 1785
-108.7 1745
-108.5 1800
-108.3 1832
-108.1 1790
-107.9 1779
-107.7 1858
-107.5 1797
-107.3 1811
-107.1 1810
-106.9 1853
-106.7 1736
-106.5 1815
-106.3 1871
-106.1 1826
-105.9 1809
-105.7 1772
-105.5 1812
-105.3 1834
-105.1 1808
-104.9 1786
-104.7 1708
-104.5 1804
-104.3 1812
-104.1 1712
-103.9 1785
-103.7 1774
-103.5 1830
-103.3 1763
-103.1 1748
-102.9 1816
-102.7 1835
-102.5 1797
-102.3 1776
-102.1 1744
-101.9 1747
-101.7 1753
-101.5 1814
-101.3 1772
-101.1 1833
-100.9 1777
-100.7 1748
-100.5 1753
-100.3 1798
-100.1 1795
-99.9 1726
-99.7 1747
-99.5 1833
-99.3 1780
-99.1 1796
-98.9 1763
-98.7 1788
-98.5 1798
-98.3 1824
-98.1 1842
-97.9 1780
-97.7 1745
-97.5 1815
-97.3 1717
-97.1 1807
-96.9 1801
-96.7 1779
-96.5 1816
-96.3 1840
-96.1 1818
-95.9 1888
-95.7 1770
-95.5 1757
-95.3 1879
-95.1 1757
-94.9 1770
-94.7 1797
-94.5 1879
-94.3 1746
-94.1 1781
-93.9 1787
-93.7 1802
-93.5 1774
-93.3 1756
-93.1 1730
-92.9 1785
-92.7 1817
-92.5 1801
-92.3 1751
-92.1 1802
-91.9 1825
-91.7 1821
-91.5 1850
-91.3 1729
-91.1 1790
-90.9 1824
-90.7 1791
-90.5 1726
-90.3 1739
-90.1 1825
-89.9 1712
-89.7 1744
-89.5 1764
-89.3 1801
-89.1 1748
-88.9 1732
-88.7 1786
-88.5 1740
-88.3 1817
-88.1 1798
-87.9 1856
-87.7 1757
-87.5 1764
-87.3 1770
-87.1 1783
-86.9 1786
-86.7 1720
-86.5 1806
-86.3 1829
-86.1 1788
-85.9 1742
-85.7 1735
-85.5 1722
-85.3 1792
-85.1 1789
-84.9 1825
-84.7 1779
-84.5 1713
-84.3 1777
-84.1 1731
-83.9 1825
-83.7 1828
-83.5 1844
-83.3 1827
-83.1 1787
-82.9 1746
-82.7 1790
-82.5 1768
-82.3 1730
-82.1 1737
-81.9 1788
-81.7 1791
-81.5 1772
-81.3 1725
-81.1 1742
-80.9 1875
-80.7 1741
-80.5 1710
-80.3 1812
-80.1 1788
-79.9 1804
-79.7 1752
-79.5 1820
-79.3 1759
-79.1 1737
-78.9 1814
-78.7 1793
-78.5 1707
-78.3 1750
-78.1 1796
-77.9 1833
-77.7 1833
-77.5 1782
-77.3 1769
-77.1 1707
-76.9 1822
-76.7 1844
-76.5 1800
-76.3 1828
-76.1 1785
-75.9 1811
-75.7 1882
-75.5 1787
-75.3 1823
-75.1 1782
-74.9 1838
-74.7 1839
-74.5 1798
-74.3 1757
-74.1 1765
-73.9 1801
-73.7 1772
-73.5 1838
-73.3 1825
-73.1 1832
-72.9 1765
-72.7 1877
-72.5 1793
-72.3 1936
-72.1 1781
-71.9 1811
-71.7 1766
-71.5 1754
-71.3 1798
-71.1 1764
-70.9 1807
-70.7 1810
-70.5 1774
-70.3 1764
-70.1 1792
-69.9 1805
-69.7 1818
-69.5 1763
-69.3 1845
-69.1 1796
-68.9 1815
-68.7 1697
-68.5 1857
-68.3 1814
-68.1 1747
-67.9 1800
-67.7 1783
-67.5 1782
-67.3 1773
-67.1 1720
-66.9 1774
-66.7 1719
-66.5 1757
-66.3 1819
-66.1 1792
-65.9 1798
-65.7 1786
-65.5 1785
-65.3 1813
-65.1 1777
-64.9 1770
-64.7 1774
-64.5 1830
-64.3 1779
-64.1 1839
-63.9 1754
-63.7 1791
-63.5 1780
-63.3 1811
-63.1 1775
-62.9 1777
-62.7 1856
-62.5 1781
-62.3 1863
-62.1 1768
-61.9 1785
-61.7 1774
-61.5 1824
-61.3 1793
-61.1 1752
-60.9 1801
-60.7 1837
-60.5 1744
-60.3 1791
-60.1 1830
-59.9 1762
-59.7 1781
-59.5 1723
-59.3 1749
-59.1 1678
-58.9 1797
-58.7 1909
-58.5 1758
-58.3 1734
-58.1 1748
-57.9 1788
-57.7 1797
-57.5 1776
-57.3 1768
-57.1 1788
-56.9 1791
-56.7 1761
-56.5 1731
-56.3 1786
-56.1 1743
-55.9 1729
-55.7 1772
-55.5 1811
-55.3 1832
-55.1 1773
-54.9 1815
-54.7 1773
-54.5 1803
-54.3 1852
-54.1 1696
-53.9 1745
-53.7 1755
-53.5 1821
-53.3 1770
-53.1 1786
-52.9 1835
-52.7 1813
-52.5 1722
-52.3 1781
-52.1 1812
-51.9 1808
-51.7 1746
-51.5 1734
-51.3 1798
-51.1 1846
-50.9 1746
-50.7 1721
-50.5 1814
-50.3 1762
-50.1 1778
-49.9 1794
-49.7 1793
-49.5 1839
-49.3 1720
-49.1 1721
-48.9 1828
-48.7 1825
-48.5 1847
-48.3 1805
-48.1 1811
-47.9 1818
-47.7 1756
-47.5 1769
-47.3 1795
-47.1 1713
-46.9 1806
-46.7 1683
-46.5 1830
-46.3 1737
-46.1 1791
-45.9 1714
-45.7 1723
-45.5 1813
-45.3 1808
-45.1 1767
-44.9 1860
-44.7 1765
-44.5 1753
-44.3 1798
-44.1 1848
-43.9 1760
-43.7 1770
-43.5 1776
-43.3 1760
-43.1 1765
-42.9 1832
-42.7 1760
-42.5 1810
-42.3 1830
-42.1 1832
-41.9 1765
-41.7 1820
-41.5 1815
-41.3 1842
-41.1 1769
-40.9 1738
-40.7 1801
-40.5 1783
-40.3 1750
-40.1 1723
-39.9 1818
-39.7 1776
-39.5 1721
-39.3 1741
-39.1 1754
-38.9 1804
-38.7 1766
-38.5 1784
-38.3 1778
-38.1 1779
-37.9 1812
-37.7 1791
-37.5 1820
-37.3 1780
-37.1 1759
-36.9 1785
-36.7 1772
-36.5 1709
-36.3 1799
-36.1 1744
-35.9 1834
-35.7 1795
-35.5 1845
-35.3 1741
-35.1 1761
-34.9 1785
-34.7 1828
-34.5 1805
-34.3 1809
-34.1 1788
-33.9 1783
-33.7 1820
-33.5 1818
-33.3 1759
-33.1 1820
-32.9 1725
-32.7 1787
-32.5 1758
-32.3 1754
-32.1 1766
-31.9 1726
-31.7 1820
-31.5 1813
-31.3 1810
-31.1 1751
-30.9 1831
-30.7 1782
-30.5 1772
-30.3 1723
-30.1 1795
-29.9 1723
-29.7 1863
-29.5 1820
-29.3 1759
-29.1 1766
-28.9 1779
-28.7 1795
-28.5 1790
-28.3 1717
-28.1 1795
-27.9 1762
-27.7 1693
-27.5 1861
-27.3 1773
-27.1 1766
-26.9 1743
-26.7 1794
-26.5 1822
-26.3 1804
-26.1 1798
-25.9 1781
-25.7 1754
-25.5 1815
-25.3 1856
-25.1 1795
-24.9 1745
-24.7 1841
-24.5 1844
-24.3 1688
-24.1 1741
-23.9 1745
-23.7 1761
-23.5 1700
-23.3 1789
-23.1 1815
-22.9 1718
-22.7 1796
-22.5 1738
-22.3 1860
-22.1 1815
-21.9 1735
-21.7 1722
-21.5 1791
-21.3 1727
-21.1 1722
-20.9 1749
-20.7 1762
-20.5 1693
-20.3 1747
-20.1 1784
-19.9 1826
-19.7 1775
-19.5 1767
-19.3 1726
-19.1 1781
-18.9 1861
-18.7 1801
-18.5 1790
-18.3 1761
-18.1 1825
-17.9 1737
-17.7 1711
-17.5 1772
-17.3 1722
-17.1 1782
-16.9 1786
-16.7 1777
-16.5 1727
-16.3 1773
-16.1 1749
-15.9 1780
-15.7 1800
-15.5 1794
-15.3 1763
-15.1 1803
-14.9 1733
-14.7 1795
-14.5 1783
-14.3 1846
-14.1 1744
-13.9 1754
-13.7 1763
-13.5 1814
-13.3 1777
-13.1 1807
-12.9 1747
-12.7 1761
-12.5 1786
-12.3 1825
-12.1 1787
-11.9 1771
-11.7 1698
-11.5 1793
-11.3 1796
-11.1 1855
-10.9 1770
-10.7 1778
-10.5 1798
-10.3 1798
-10.1 1779
-9.9 1853
-9.7 1753
-9.5 1835
-9.3 1835
-9.1 1702
-8.9 1717
-8.7 1754
-8.5 1811
-8.3 1873
-8.1 1814
-7.9 1773
-7.7 1818
-7.5 1745
-7.3 1677
-7.1 1813
-6.9 1805
-6.7 1715
-6.5 1755
-6.3 1765
-6.1 1771
-5.9 1806
-5.7 1779
-5.5 1798
-5.3 1759
-5.1 1829
-4.9 1804
-4.7 1703
-4.5 1765
-4.3 1828
-4.1 1779
-3.9 1765
-3.7 1782
-3.5 1815
-3.3 1790
-3.1 1829
-2.9 1779
-2.7 1714
-2.5 1738
-2.3 1828
-2.1 1831
-1.9 1732
-1.7 1825
-1.5 1744
-1.3 1700
-1.1 1816
-0.9 1761
-0.7 1795
-0.5 1793
-0.3 1856
-0.1 1776
0.1 1759
0.3 1783
0.5 1746
0.7 1784
0.9 1745
1.1 1708
1.3 1801
1.5 1710
1.7 1764
1.9 1727
2.1 1740
2.3 1713
2.5 1736
2.7 1760
2.9 1758
3.1 1769
3.3 1784
3.5 1758
3.7 1701
3.9 1767
4.1 1747
4.3 1741
4.5 1688
4.7 1702
4.9 1752
5.1 1781
5.3 1795
5.5 1723
5.7 1773
5.9 1762
6.1 1783
6.3 1724
6.5 1743
6.7 1778
6.9 1705
7.1 1704
7.3 1756
7.5 1798
7.7 1806
7.9 1703
8.1 1729
8.3 1799
8.5 1745
8.7 1704
8.9 1771
9.1 1711
9.3 1708
9.5 1685
9.7 1747
9.9 1670
10.1 1685
10.3 1687
10.5 1635
10.7 1638
10.9 1604
11.1 1589
11.3 1623
11.5 1647
11.7 1551
11.9 1619
12.1 1577
12.3 1620
12.5 1498
12.7 1567
12.9 1442
13.1 1487
13.3 1559
13.5 1559
13.7 1399
13.9 1498
14.1 1463
14.3 1372
14.5 1391
14.7 1378
14.9 1339
15.1 1292
15.3 1306
15.5 1277
15.7 1336
15.9 1301
16.1 1277
16.3 1280
16.5 1243
16.7 1229
16.9 1183
17.1 1165
17.3 1199
17.5 1141
17.7 1089
17.9 1069
18.1 1099
18.3 1072
18.5 1041
18.7 1048
18.9 977
19.1 968
19.3 987
19.5 956
19.7 913
19.9 895
20.1 897
20.3 879
20.5 794
20.7 805
20.9 784
21.1 727
21.3 761
21.5 734
21.7 695
21.9 722
22.1 685
22.3 690
22.5 663
22.7 689
22.9 592
23.1 569
23.3 557
23.5 552
23.7 513
23.9 517
24.1 499
24.3 484
24.5 489
24.7 457
24.9 459
25.1 429
25.3 426
25.5 420
25.7 398
25.9 372
26.1 318
26.3 354
26.5 338
26.7 331
26.9 350
27.1 296
27.3 286
27.5 264
27.7 279
27.9 225
28.1 239
28.3 242
28.5 252
28.7 206
28.9 173
29.1 219
29.3 181
29.5 182
29.7 178
29.9 131
30.1 163
30.3 166
30.5 124
30.7 111
30.9 137
31.1 104
31.3 116
31.5 108
31.7 96
31.9 86
32.1 65
32.3 74
32.5 74
32.7 69
32.9 78
33.1 67
33.3 56
33.5 62
33.7 49
33.9 52
34.1 40
34.3 43
34.5 55
34.7 36
34.9 29
