-209.9 0
-209.7 0
-209.5 0
-209.3 1
-209.1 0
-208.9 0
-208.7 1
-208.5 0
-208.3 2
-208.1 1
-207.9 0
-207.7 2
-207.5 3
-207.3 1
-207.1 0
-206.9 0
-206.7 1
-206.5 0
-206.3 1
-206.1 0
-205.9 1
-205.7 0
-205.5 1
-205.3 1
-205.1 2
-204.9 1
-204.7 1
-204.5 0
-204.3 1
-204.1 0
-203.9 0
-203.7 0
-203.5 1
-203.3 1
-203.1 0
-202.9 1
-202.7 1
-202.5 1
-202.3 0
-202.1 0
-201.9 0
-201.7 0
-201.5 0
-201.3 0
-201.1 2
-200.9 0
-200.7 0
-200.5 0
-200.3 0
-200.1 1
-199.9 0
-199.7 0
-199.5 2
-199.3 2
-199.1 0
-198.9 0
-198.7 0
-198.5 1
-198.3 3
-198.1 6
-197.9 10
-197.7 24
-197.5 27
-197.3 68
-197.1 83
-196.9 116
-196.7 198
-196.5 266
-196.3 321
-196.1 439
-195.9 605
-195.7 708
-195.5 894
-195.3 1101
-195.1 1352
-194.9 1666
-194.7 1929
-194.5 2173
-194.3 2499
-194.1 2717
-193.9 2884
-193.7 3155
-193.5 3312
-193.3 3338
-193.1 3530
-192.9 3651
-192.7 3628
-192.5 3632
-192.3 3648
-192.1 3652
-191.9 3740
-191.7 3630
-191.5 3736
-191.3 3525
-191.1 3553
-190.9 3570
-190.7 3505
-190.5 3477
-190.3 3473
-190.1 3496
-189.9 3356
-189.7 3442
-189.5 3298
-189.3 3364
-189.1 3249
-188.9 3176
-188.7 3154
-188.5 3164
-188.3 3124
-188.1 3084
-187.9 2977
-187.7 3136
-187.5 3106
-187.3 3040
-187.1 3003
-186.9 2866
-186.7 2985
-186.5 2907
-186.3 2919
-186.1 2921
-185.9 2827
-185.7 2904
-185.5 3030
-185.3 2763
-185.1 2749
-184.9 2846
-184.7 2761
-184.5 2745
-184.3 2832
-184.1 2750
-183.9 2741
-183.7 2686
-183.5 2717
-183.3 2743
-183.1 2654
-182.9 2694
-182.7 2580
-182.5 2619
-182.3 2520
-182.1 2613
-181.9 2578
-181.7 2556
-181.5 2555
-181.3 2506
-181.1 2510
-180.9 2446
-180.7 2600
-180.5 2430
-180.3 2423
-180.1 2398
-179.9 2441
-179.7 2433
-179.5 2312
-179.3 2320
-179.1 2290
-178.9 2316
-178.7 2357
-178.5 2246
-178.3 2372
-178.1 2276
-177.9 2239
-177.7 2231
-177.5 2192
-177.3 2145
-177.1 2262
-176.9 2196
-176.7 2150
-176.5 2140
-176.3 2245
-176.1 2128
-175.9 2073
-175.7 2126
-175.5 2101
-175.3 2043
-175.1 2093
-174.9 2026
-174.7 2067
-174.5 2134
-174.3 2019
-174.1 2063
-173.9 2099
-173.7 2044
-173.5 1971
-173.3 2099
-173.1 2057
-172.9 2037
-172.7 1969
-172.5 1999
-172.3 1966
-172.1 2041
-171.9 2006
-171.7 1965
-171.5 1981
-171.3 1977
-171.1 1986
-170.9 1916
-170.7 1950
-170.5 1953
-170.3 1971
-170.1 1913
-169.9 1983
-169.7 1951
-169.5 1939
-169.3 1916
-169.1 1889
-168.9 1913
-168.7 1937
-168.5 1928
-168.3 1910
-168.1 1939
-167.9 1932
-167.7 1968
-167.5 1921
-167.3 1847
-167.1 1914
-166.9 1929
-166.7 1923
-166.5 1846
-166.3 1874
-166.1 1867
-165.9 1938
-165.7 1888
-165.5 1844
-165.3 1890
-165.1 1855
-164.9 1959
-164.7 1830
-164.5 1864
-164.3 1787
-164.1 1902
-163.9 1822
-163.7 1840
-163.5 1834
-163.3 1838
-163.1 1772
-162.9 1797
-162.7 1823
-162.5 1857
-162.3 1882
-162.1 1809
-161.9 1824
-161.7 1831
-161.5 1930
-161.3 1871
-161.1 1879
-160.9 1847
-160.7 1878
-160.5 1884
-160.3 1859
-160.1 1822
-159.9 1927
-159.7 1789
-159.5 1811
-159.3 1904
-159.1 1837
-158.9 1898
-158.7 1835
-158.5 1760
-158.3 1838
-158.1 1795
-157.9 1820
-157.7 1805
-157.5 1778
-157.3 1790
-157.1 1828
-156.9 1834
-156.7 1824
-156.5 1763
-156.3 1782
-156.1 1834
-155.9 1810
-155.7 1809
-155.5 1751
-155.3 1788
-155.1 1857
-154.9 1830
-154.7 1684
-154.5 1822
-154.3 1787
-154.1 1805
-153.9 1885
-153.7 1813
-153.5 1825
-153.3 1886
-153.1 1803
-152.9 1757
-152.7 1752
-152.5 1792
-152.3 1800
-152.1 1779
-151.9 1871
-151.7 1782
-151.5 1796
-151.3 1820
-151.1 1885
-150.9 1835
-150.7 1782
-150.5 1789
-150.3 1809
-150.1 1820
-149.9 1798
-149.7 1825
-149.5 1830
-149.3 1763
-149.1 1811
-148.9 1787
-148.7 1795
-148.5 1790
-148.3 1752
-148.1 1786
-147.9 1846
-147.7 1810
-147.5 1854
-147.3 1741
-147.1 1809
-146.9 1786
-146.7 1731
-146.5 1706
-146.3 1737
-146.1 1758
-145.9 1683
-145.7 1788
-145.5 1754
-145.3 1750
-145.1 1789
-144.9 1747
-144.7 1717
-144.5 1795
-144.3 1675
-144.1 1721
-143.9 1811
-143.7 1728
-143.5 1733
-143.3 1746
-143.1 1760
-142.9 1752
-142.7 1767
-142.5 1754
-142.3 1709
-142.1 1759
-141.9 1657
-141.7 1742
-141.5 1727
-141.3 1712
-141.1 1712
-140.9 1733
-140.7 1691
-140.5 1666
-140.3 1687
-140.1 1713
-139.9 1742
-139.7 1758
-139.5 1654
-139.3 1717
-139.1 1762
-138.9 1715
-138.7 1694
-138.5 1810
-138.3 1726
-138.1 1748
-137.9 1699
-137.7 1719
-137.5 1750
-137.3 1762
-137.1 1776
-136.9 1745
-136.7 1769
-136.5 1837
-136.3 1768
-136.1 1826
-135.9 1867
-135.7 1805
-135.5 1773
-135.3 1805
-135.1 1755
-134.9 1856
-134.7 1837
-134.5 1801
-134.3 1766
-134.1 1838
-133.9 1719
-133.7 1832
-133.5 1818
-133.3 1860
-133.1 1874
-132.9 1792
-132.7 1790
-132.5 1834
-132.3 1870
-132.1 1859
-131.9 1838
-131.7 1881
-131.5 1814
-131.3 1842
-131.1 1839
-130.9 1851
-130.7 1830
-130.5 1820
-130.3 1849
-130.1 1893
-129.9 1926
-129.7 1848
-129.5 1846
-129.3 1863
-129.1 1958
-128.9 1875
-128.7 1903
-128.5 1871
-128.3 1796
-128.1 1837
-127.9 1817
-127.7 1907
-127.5 1823
-127.3 1855
-127.1 1812
-126.9 1787
-126.7 1855
-126.5 1842
-126.3 1794
-126.1 1843
-125.9 1883
-125.7 1735
-125.5 1836
-125.3 1825
-125.1 1877
-124.9 1871
-124.7 1807
-124.5 1864
-124.3 1818
-124.1 1762
-123.9 1878
-123.7 1912
-123.5 1764
-123.3 1887
-123.1 1798
-122.9 1824
-122.7 1799
-122.5 1849
-122.3 1802
-122.1 1790
-121.9 1828
-121.7 1809
-121.5 1695
-121.3 1824
-121.1 1816
-120.9 1782
-120.7 1783
-120.5 1765
-120.3 1819
-120.1 1802
-119.9 1769
-119.7 1816
-119.5 1811
-119.3 1788
-119.1 1785
-118.9 1759
-118.7 1695
-118.5 1802
-118.3 1826
-118.1 1703
-117.9 1788
-117.7 1777
-117.5 1854
-117.3 1831
-117.1 1785
-116.9 1793
-116.7 1807
-116.5 1826
-116.3 1721
-116.1 1778
-115.9 1765
-115.7 1811
-115.5 1814
-115.3 1773
-115.1 1742
-114.9 1748
-114.7 1796
-114.5 1751
-114.3 1745
-114.1 1793
-113.9 1773
-113.7 1770
-113.5 1808
-113.3 1797
-113.1 1729
-112.9 1743
-112.7 1851
-112.5 1729
-112.3 1775
-112.1 1764
-111.9 1763
-111.7 1789
-111.5 1730
-111.3 1792
-111.1 1742
-110.9 1766
-110.7 1724
-110.5 1785
-110.3 1762
-110.1 1753
-109.9 1750
-109.7 1797
-109.5 1770
-109.3 1767
-109.1 1748
-108.9 1764
-108.7 1687
-108.5 1817
-108.3 1775
-108.1 1779
-107.9 1788
-107.7 1759
-107.5 1815
-107.3 1770
-107.1 1838
-106.9 1749
-106.7 1812
-106.5 1804
-106.3 1803
-106.1 1720
-105.9 1805
-105.7 1784
-105.5 1750
-105.3 1825
-105.1 1798
-104.9 1688
-104.7 1703
-104.5 1791
-104.3 1809
-104.1 1813
-103.9 1786
-103.7 1780
-103.5 1759
-103.3 1809
-103.1 1677
-102.9 1757
-102.7 1770
-102.5 1743
-102.3 1728
-102.1 1760
-101.9 1729
-101.7 1743
-101.5 1813
-101.3 1728
-101.1 1725
-100.9 1782
-100.7 1776
-100.5 1713
-100.3 1679
-100.1 1805
-99.9 1778
-99.7 1767
-99.5 1708
-99.3 1724
-99.1 1636
-98.9 1846
-98.7 1785
-98.5 1805
-98.3 1741
-98.1 1793
-97.9 1732
-97.7 1799
-97.5 1771
-97.3 1753
-97.1 1808
-96.9 1722
-96.7 1716
-96.5 1774
-96.3 1809
-96.1 1722
-95.9 1820
-95.7 1851
-95.5 1798
-95.3 1809
-95.1 1720
-94.9 1790
-94.7 1762
-94.5 1725
-94.3 1797
-94.1 1805
-93.9 1793
-93.7 1775
-93.5 1764
-93.3 1717
-93.1 1839
-92.9 1811
-92.7 1763
-92.5 1797
-92.3 1742
-92.1 1787
-91.9 1831
-91.7 1760
-91.5 1707
-91.3 1802
-91.1 1861
-90.9 1711
-90.7 1754
-90.5 1715
-90.3 1750
-90.1 1761
-89.9 1889
-89.7 1766
-89.5 1715
-89.3 1753
-89.1 1797
-88.9 1810
-88.7 1877
-88.5 1779
-88.3 1810
-88.1 1851
-87.9 1776
-87.7 1718
-87.5 1786
-87.3 1755
-87.1 1802
-86.9 1769
-86.7 1680
-86.5 1757
-86.3 1822
-86.1 1836
-85.9 1770
-85.7 1808
-85.5 1731
-85.3 1811
-85.1 1752
-84.9 1703
-84.7 1796
-84.5 1752
-84.3 1694
-84.1 1783
-83.9 1888
-83.7 1723
-83.5 1735
-83.3 1863
-83.1 1785
-82.9 1736
-82.7 1773
-82.5 1704
-82.3 1687
-82.1 1698
-81.9 1816
-81.7 1743
-81.5 1728
-81.3 1794
-81.1 1816
-80.9 1783
-80.7 1722
-80.5 1706
-80.3 1745
-80.1 1772
-79.9 1769
-79.7 1821
-79.5 1728
-79.3 1726
-79.1 1660
-78.9 1727
-78.7 1753
-78.5 1702
-78.3 1802
-78.1 1738
-77.9 1768
-77.7 1771
-77.5 1734
-77.3 1788
-77.1 1791
-76.9 1762
-76.7 1719
-76.5 1713
-76.3 1774
-76.1 1722
-75.9 1791
-75.7 1751
-75.5 1766
-75.3 1774
-75.1 1783
-74.9 1761
-74.7 1767
-74.5 1754
-74.3 1800
-74.1 1758
-73.9 1745
-73.7 1732
-73.5 1757
-73.3 1740
-73.1 1738
-72.9 1855
-72.7 1739
-72.5 1840
-72.3 1747
-72.1 1765
-71.9 1794
-71.7 1765
-71.5 1765
-71.3 1819
-71.1 1821
-70.9 1865
-70.7 1743
-70.5 1735
-70.3 1813
-70.1 1770
-69.9 1763
-69.7 1773
-69.5 1721
-69.3 1762
-69.1 1743
-68.9 1788
-68.7 1765
-68.5 1760
-68.3 1748
-68.1 1763
-67.9 1799
-67.7 1806
-67.5 1815
-67.3 1758
-67.1 1778
-66.9 1787
-66.7 1752
-66.5 1798
-66.3 1830
-66.1 1774
-65.9 1818
-65.7 1780
-65.5 1803
-65.3 1772
-65.1 1724
-64.9 1785
-64.7 1783
-64.5 1703
-64.3 1725
-64.1 1791
-63.9 1759
-63.7 1781
-63.5 1695
-63.3 1752
-63.1 1719
-62.9 1771
-62.7 1698
-62.5 1765
-62.3 1788
-62.1 1782
-61.9 1770
-61.7 1745
-61.5 1787
-61.3 1759
-61.1 1701
-60.9 1733
-60.7 1787
-60.5 1748
-60.3 1754
-60.1 1734
-59.9 1772
-59.7 1802
-59.5 1788
-59.3 1724
-59.1 1760
-58.9 1721
-58.7 1832
-58.5 1672
-58.3 1782
-58.1 1735
-57.9 1818
-57.7 1768
-57.5 1823
-57.3 1781
-57.1 1763
-56.9 1808
-56.7 1825
-56.5 1843
-56.3 1826
-56.1 1714
-55.9 1701
-55.7 1795
-55.5 1809
-55.3 1789
-55.1 1736
-54.9 1772
-54.7 1818
-54.5 1796
-54.3 1711
-54.1 1817
-53.9 1752
-53.7 1759
-53.5 1784
-53.3 1877
-53.1 1795
-52.9 1844
-52.7 1765
-52.5 1707
-52.3 1842
-52.1 1745
-51.9 1695
-51.7 1699
-51.5 1782
-51.3 1759
-51.1 1745
-50.9 1782
-50.7 1711
-50.5 1790
-50.3 1767
-50.1 1760
-49.9 1757
-49.7 1761
-49.5 1732
-49.3 1858
-49.1 1755
-48.9 1738
-48.7 1776
-48.5 1784
-48.3 1719
-48.1 1832
-47.9 1798
-47.7 1741
-47.5 1748
-47.3 1807
-47.1 1787
-46.9 1821
-46.7 1767
-46.5 1817
-46.3 1856
-46.1 1770
-45.9 1754
-45.7 1753
-45.5 1809
-45.3 1791
-45.1 1796
-44.9 1664
-44.7 1756
-44.5 1616
-44.3 1782
-44.1 1737
-43.9 1745
-43.7 1720
-43.5 1716
-43.3 1803
-43.1 1796
-42.9 1790
-42.7 1792
-42.5 1658
-42.3 1760
-42.1 1871
-41.9 1763
-41.7 1829
-41.5 1779
-41.3 1794
-41.1 1765
-40.9 1685
-40.7 1796
-40.5 1848
-40.3 1791
-40.1 1789
-39.9 1789
-39.7 1657
-39.5 1714
-39.3 1721
-39.1 1737
-38.9 1672
-38.7 1793
-38.5 1753
-38.3 1781
-38.1 1774
-37.9 1747
-37.7 1811
-37.5 1751
-37.3 1777
-37.1 1667
-36.9 1744
-36.7 1719
-36.5 1650
-36.3 1683
-36.1 1799
-35.9 1805
-35.7 1762
-35.5 1734
-35.3 1723
-35.1 1746
-34.9 1724
-34.7 1847
-34.5 1724
-34.3 1790
-34.1 1682
-33.9 1765
-33.7 1788
-33.5 1773
-33.3 1683
-33.1 1736
-32.9 1832
-32.7 1671
-32.5 1863
-32.3 1744
-32.1 1716
-31.9 1799
-31.7 1769
-31.5 1818
-31.3 1666
-31.1 1730
-30.9 1796
-30.7 1837
-30.5 1753
-30.3 1746
-30.1 1803
-29.9 1807
-29.7 1732
-29.5 1763
-29.3 1773
-29.1 1742
-28.9 1715
-28.7 1801
-28.5 1760
-28.3 1723
-28.1 1755
-27.9 1704
-27.7 1780
-27.5 1745
-27.3 1784
-27.1 1796
-26.9 1771
-26.7 1729
-26.5 1753
-26.3 1762
-26.1 1705
-25.9 1671
-25.7 1804
-25.5 1782
-25.3 1794
-25.1 1709
-24.9 1780
-24.7 1716
-24.5 1722
-24.3 1711
-24.1 1781
-23.9 1733
-23.7 1642
-23.5 1772
-23.3 1764
-23.1 1677
-22.9 1718
-22.7 1804
-22.5 1727
-22.3 1738
-22.1 1749
-21.9 1764
-21.7 1758
-21.5 1841
-21.3 1696
-21.1 1756
-20.9 1798
-20.7 1794
-20.5 1661
-20.3 1788
-20.1 1790
-19.9 1737
-19.7 1741
-19.5 1794
-19.3 1710
-19.1 1717
-18.9 1715
-18.7 1717
-18.5 1737
-18.3 1776
-18.1 1696
-17.9 1810
-17.7 1841
-17.5 1728
-17.3 1737
-17.1 1750
-16.9 1694
-16.7 1678
-16.5 1744
-16.3 1736
-16.1 1823
-15.9 1786
-15.7 1770
-15.5 1777
-15.3 1744
-15.1 1693
-14.9 1781
-14.7 1737
-14.5 1767
-14.3 1738
-14.1 1776
-13.9 1733
-13.7 1746
-13.5 1702
-13.3 1825
-13.1 1735
-12.9 1739
-12.7 1672
-12.5 1774
-12.3 1728
-12.1 1749
-11.9 1734
-11.7 1813
-11.5 1790
-11.3 1736
-11.1 1714
-10.9 1795
-10.7 1725
-10.5 1690
-10.3 1729
-10.1 1714
-9.9 1787
-9.7 1719
-9.5 1780
-9.3 1769
-9.1 1696
-8.9 1763
-8.7 1776
-8.5 1751
-8.3 1662
-8.1 1778
-7.9 1728
-7.7 1702
-7.5 1713
-7.3 1748
-7.1 1838
-6.9 1695
-6.7 1736
-6.5 1814
-6.3 1666
-6.1 1865
-5.9 1793
-5.7 1718
-5.5 1791
-5.3 1828
-5.1 1748
-4.9 1736
-4.7 1777
-4.5 1778
-4.3 1734
-4.1 1771
-3.9 1715
-3.7 1789
-3.5 1711
-3.3 1766
-3.1 1629
-2.9 1758
-2.7 1761
-2.5 1732
-2.3 1750
-2.1 1682
-1.9 1769
-1.7 1707
-1.5 1762
-1.3 1812
-1.1 1796
-0.9 1781
-0.7 1757
-0.5 1675
-0.3 1725
-0.1 1787
0.1 1723
0.3 1697
0.5 1790
0.7 1755
0.9 1711
1.1 1713
1.3 1751
1.5 1721
1.7 1730
1.9 1789
2.1 1744
2.3 1730
2.5 1713
2.7 1722
2.9 1677
3.1 1756
3.3 1762
3.5 1713
3.7 1742
3.9 1806
4.1 1770
4.3 1770
4.5 1676
4.7 1730
4.9 1746
5.1 1733
5.3 1718
5.5 1708
5.7 1724
5.9 1775
6.1 1697
6.3 1749
6.5 1724
6.7 1665
6.9 1712
7.1 1647
7.3 1699
7.5 1673
7.7 1681
7.9 1667
8.1 1716
8.3 1672
8.5 1666
8.7 1637
8.9 1708
9.1 1703
9.3 1633
9.5 1618
9.7 1647
9.9 1651
10.1 1703
10.3 1610
10.5 1570
10.7 1686
10.9 1668
11.1 1600
11.3 1607
11.5 1562
11.7 1511
11.9 1642
12.1 1544
12.3 1564
12.5 1438
12.7 1544
12.9 1535
13.1 1449
13.3 1408
13.5 1420
13.7 1477
13.9 1374
14.1 1398
14.3 1360
14.5 1404
14.7 1373
14.9 1323
15.1 1360
15.3 1361
15.5 1255
15.7 1277
15.9 1270
16.1 1184
16.3 1198
16.5 1217
16.7 1213
16.9 1203
17.1 1179
17.3 1161
17.5 1096
17.7 1034
17.9 1102
18.1 1046
18.3 995
18.5 955
18.7 926
18.9 983
19.1 984
19.3 995
19.5 880
19.7 848
19.9 842
20.1 841
20.3 819
20.5 811
20.7 803
20.9 758
21.1 749
21.3 713
21.5 704
21.7 718
21.9 696
22.1 619
22.3 690
22.5 654
22.7 618
22.9 610
23.1 601
23.3 595
23.5 585
23.7 571
23.9 515
24.1 495
24.3 539
24.5 431
24.7 494
24.9 440
25.1 472
25.3 452
25.5 423
25.7 422
25.9 385
26.1 373
26.3 367
26.5 368
26.7 288
26.9 323
27.1 271
27.3 282
27.5 282
27.7 265
27.9 260
28.1 256
28.3 249
28.5 225
28.7 229
28.9 226
29.1 213
29.3 171
29.5 182
29.7 173
29.9 152
30.1 154
30.3 155
30.5 181
30.7 131
30.9 127
31.1 107
31.3 124
31.5 106
31.7 119
31.9 115
32.1 109
32.3 68
32.5 83
32.7 81
32.9 80
33.1 63
33.3 67
33.5 72
33.7 57
33.9 57
34.1 44
34.3 44
34.5 36
34.7 42
34.9 39
