1298
-209.3 2.76422e-07
-209.1 2.76422e-07
-208.9 5.52844e-07
-208.7 8.29266e-07
-208.5 8.29266e-07
-208.3 8.29266e-07
-208.1 1.10569e-06
-207.9 1.65853e-06
-207.7 1.93495e-06
-207.5 2.4878e-06
-207.3 2.4878e-06
-207.1 2.76422e-06
-206.9 3.31706e-06
-206.7 3.86991e-06
-206.5 4.42275e-06
-206.3 4.42275e-06
-206.1 4.97559e-06
-205.9 4.97559e-06
-205.7 5.52844e-06
-205.5 5.52844e-06
-205.3 5.80486e-06
-205.1 6.3577e-06
-204.9 6.63412e-06
-204.7 6.91055e-06
-204.5 6.91055e-06
-204.3 7.18697e-06
-204.1 7.18697e-06
-203.9 7.18697e-06
-203.7 7.46339e-06
-203.5 8.01623e-06
-203.3 8.29266e-06
-203.1 8.29266e-06
-202.9 8.29266e-06
-202.7 8.56908e-06
-202.5 8.8455e-06
-202.3 8.8455e-06
-202.1 8.8455e-06
-201.9 8.8455e-06
-201.7 9.12192e-06
-201.5 9.39834e-06
-201.3 9.67476e-06
-201.1 9.95119e-06
-200.9 1.02276e-05
-200.7 1.02276e-05
-200.5 1.07805e-05
-200.3 1.10569e-05
-200.1 1.10569e-05
-199.9 1.10569e-05
-199.7 1.10569e-05
-199.5 1.13333e-05
-199.3 1.13333e-05
-199.1 1.16097e-05
-198.9 1.2439e-05
-198.7 1.27154e-05
-198.5 1.38211e-05
-198.3 1.63089e-05
-198.1 1.7691e-05
-197.9 2.04552e-05
-197.7 3.04064e-05
-197.5 4.67153e-05
-197.3 7.38046e-05
-197.1 0.000123284
-196.9 0.000182438
-196.7 0.000271446
-196.5 0.00039086
-196.3 0.000542893
-196.1 0.000773981
-195.9 0.00104045
-195.7 0.00140008
-195.5 0.00186087
-195.3 0.00240376
-195.1 0.00307989
-194.9 0.00387875
-194.7 0.00482273
-194.5 0.00589663
-194.3 0.0070916
-194.1 0.00845796
-193.9 0.00987987
-193.7 0.0114356
-193.5 0.0130239
-193.3 0.0146824
-193.1 0.0164186
-192.9 0.0182096
-192.7 0.0199864
-192.5 0.0218124
-192.3 0.0236404
-192.1 0.0254289
-191.9 0.0272599
-191.7 0.0290879
-191.5 0.0308545
-191.3 0.0326189
-191.1 0.0343639
-190.9 0.0361375
-190.7 0.0378687
-190.5 0.0395875
-190.3 0.0412662
-190.1 0.0429167
-189.9 0.0446062
-189.7 0.046244
-189.5 0.0478705
-189.3 0.0494519
-189.1 0.0510504
-188.9 0.0526335
-188.7 0.054169
-188.5 0.0557134
-188.3 0.0572608
-188.1 0.058788
-187.9 0.0602887
-187.7 0.0617966
-187.5 0.0633363
-187.3 0.0648251
-187.1 0.0663053
-186.9 0.0677256
-186.7 0.0691865
-186.5 0.0706161
-186.3 0.0720637
-186.1 0.0734948
-185.9 0.0748863
-185.7 0.0763063
-185.5 0.0776942
-185.3 0.0791141
-185.1 0.0805256
-184.9 0.0819096
-184.7 0.0832784
-184.5 0.0846492
-184.3 0.0860324
-184.1 0.0873756
-183.9 0.0887696
-183.7 0.0901191
-183.5 0.0914511
-183.3 0.0927923
-183.1 0.0940887
-182.9 0.0954211
-182.7 0.0967073
-182.5 0.0979852
-182.3 0.0992479
-182.1 0.100547
-181.9 0.101844
-181.7 0.103093
-181.5 0.104333
-181.3 0.105559
-181.1 0.106825
-180.9 0.108041
-180.7 0.109251
-180.5 0.110463
-180.3 0.11165
-180.1 0.112863
-179.9 0.114048
-179.7 0.11523
-179.5 0.116386
-179.3 0.117553
-179.1 0.118702
-178.9 0.119884
-178.7 0.121047
-178.5 0.122151
-178.3 0.12326
-178.1 0.124339
-177.9 0.125469
-177.7 0.126562
-177.5 0.127639
-177.3 0.128724
-177.1 0.129783
-176.9 0.130859
-176.7 0.131907
-176.5 0.132941
-176.3 0.133984
-176.1 0.135031
-175.9 0.136069
-175.7 0.137083
-175.5 0.138108
-175.3 0.139161
-175.1 0.140186
-174.9 0.141218
-174.7 0.142263
-174.5 0.143262
-174.3 0.14429
-174.1 0.145293
-173.9 0.146303
-173.7 0.147304
-173.5 0.148277
-173.3 0.149272
-173.1 0.15027
-172.9 0.15128
-172.7 0.15227
-172.5 0.153252
-172.3 0.154205
-172.1 0.155198
-171.9 0.156179
-171.7 0.157149
-171.5 0.158116
-171.3 0.159095
-171.1 0.160078
-170.9 0.161075
-170.7 0.162054
-170.5 0.163011
-170.3 0.163962
-170.1 0.164904
-169.9 0.165855
-169.7 0.166807
-169.5 0.167763
-169.3 0.168716
-169.1 0.169671
-168.9 0.170632
-168.7 0.171577
-168.5 0.172527
-168.3 0.173482
-168.1 0.17443
-167.9 0.175369
-167.7 0.176308
-167.5 0.177233
-167.3 0.178167
-167.1 0.179134
-166.9 0.180069
-166.7 0.181045
-166.5 0.181966
-166.3 0.182888
-166.1 0.183803
-165.9 0.184725
-165.7 0.185662
-165.5 0.186569
-165.3 0.187501
-165.1 0.188438
-164.9 0.189362
-164.7 0.190271
-164.5 0.191175
-164.3 0.19209
-164.1 0.193008
-163.9 0.193906
-163.7 0.19481
-163.5 0.195746
-163.3 0.196699
-163.1 0.197613
-162.9 0.198526
-162.7 0.199463
-162.5 0.200365
-162.3 0.201281
-162.1 0.202212
-161.9 0.203111
-161.7 0.204027
-161.5 0.204955
-161.3 0.205882
-161.1 0.206802
-160.9 0.207708
-160.7 0.208627
-160.5 0.209512
-160.3 0.21043
-160.1 0.211336
-159.9 0.212233
-159.7 0.213119
-159.5 0.214002
-159.3 0.214926
-159.1 0.215825
-158.9 0.216722
-158.7 0.217645
-158.5 0.218531
-158.3 0.219422
-158.1 0.220317
-157.9 0.221206
-157.7 0.222109
-157.5 0.223018
-157.3 0.223931
-157.1 0.224842
-156.9 0.225706
-156.7 0.226606
-156.5 0.227513
-156.3 0.228387
-156.1 0.229297
-155.9 0.230195
-155.7 0.231083
-155.5 0.231996
-155.3 0.232892
-155.1 0.233767
-154.9 0.234675
-154.7 0.235575
-154.5 0.236482
-154.3 0.237362
-154.1 0.238251
-153.9 0.239153
-153.7 0.240049
-153.5 0.240961
-153.3 0.241838
-153.1 0.242733
-152.9 0.243594
-152.7 0.24452
-152.5 0.245444
-152.3 0.246376
-152.1 0.247254
-151.9 0.248175
-151.7 0.249082
-151.5 0.249947
-151.3 0.250863
-151.1 0.251786
-150.9 0.2527
-150.7 0.253589
-150.5 0.254475
-150.3 0.255368
-150.1 0.256247
-149.9 0.25713
-149.7 0.258034
-149.5 0.258938
-149.3 0.25984
-149.1 0.260722
-148.9 0.261614
-148.7 0.262489
-148.5 0.263374
-148.3 0.264262
-148.1 0.265161
-147.9 0.266046
-147.7 0.266941
-147.5 0.267837
-147.3 0.268695
-147.1 0.269581
-146.9 0.270443
-146.7 0.271293
-146.5 0.272158
-146.3 0.273033
-146.1 0.273906
-145.9 0.27477
-145.7 0.275653
-145.5 0.276526
-145.3 0.277393
-145.1 0.278279
-144.9 0.279134
-144.7 0.279975
-144.5 0.280836
-144.3 0.281674
-144.1 0.282542
-143.9 0.283436
-143.7 0.284313
-143.5 0.285185
-143.3 0.286014
-143.1 0.286883
-142.9 0.287751
-142.7 0.288571
-142.5 0.289439
-142.3 0.29031
-142.1 0.291171
-141.9 0.292046
-141.7 0.292905
-141.5 0.293748
-141.3 0.29461
-141.1 0.295458
-140.9 0.296303
-140.7 0.297164
-140.5 0.298029
-140.3 0.298878
-140.1 0.299745
-139.9 0.300598
-139.7 0.301457
-139.5 0.302292
-139.3 0.303157
-139.1 0.304021
-138.9 0.304873
-138.7 0.305739
-138.5 0.306589
-138.3 0.307472
-138.1 0.308345
-137.9 0.309208
-137.7 0.310066
-137.5 0.310914
-137.3 0.311776
-137.1 0.312659
-136.9 0.313542
-136.7 0.314445
-136.5 0.315342
-136.3 0.31622
-136.1 0.317118
-135.9 0.317997
-135.7 0.318862
-135.5 0.319742
-135.3 0.320651
-135.1 0.321535
-134.9 0.322418
-134.7 0.323323
-134.5 0.32423
-134.3 0.325125
-134.1 0.326032
-133.9 0.326926
-133.7 0.327851
-133.5 0.328774
-133.3 0.329693
-133.1 0.330595
-132.9 0.331502
-132.7 0.332425
-132.5 0.333328
-132.3 0.334237
-132.1 0.335146
-131.9 0.336056
-131.7 0.336963
-131.5 0.337894
-131.3 0.338817
-131.1 0.339714
-130.9 0.340629
-130.7 0.341538
-130.5 0.342477
-130.3 0.343373
-130.1 0.344281
-129.9 0.34519
-129.7 0.346106
-129.5 0.347039
-129.3 0.347975
-129.1 0.348882
-128.9 0.349822
-128.7 0.350751
-128.5 0.351642
-128.3 0.352556
-128.1 0.353463
-127.9 0.354404
-127.7 0.355297
-127.5 0.356218
-127.3 0.357121
-127.1 0.358045
-126.9 0.358959
-126.7 0.359859
-126.5 0.360762
-126.3 0.361666
-126.1 0.362556
-125.9 0.363454
-125.7 0.364341
-125.5 0.365244
-125.3 0.366136
-125.1 0.367044
-124.9 0.367939
-124.7 0.368858
-124.5 0.369755
-124.3 0.370664
-124.1 0.371548
-123.9 0.37246
-123.7 0.373372
-123.5 0.374262
-123.3 0.375163
-123.1 0.376093
-122.9 0.377002
-122.7 0.377938
-122.5 0.378808
-122.3 0.379687
-122.1 0.380574
-121.9 0.381464
-121.7 0.382357
-121.5 0.383235
-121.3 0.38412
-121.1 0.384986
-120.9 0.385892
-120.7 0.386792
-120.5 0.387663
-120.3 0.388539
-120.1 0.38944
-119.9 0.390338
-119.7 0.391225
-119.5 0.392102
-119.3 0.393007
-119.1 0.39392
-118.9 0.394773
-118.7 0.395665
-118.5 0.396554
-118.3 0.397435
-118.1 0.3983
-117.9 0.399184
-117.7 0.400057
-117.5 0.400931
-117.3 0.401817
-117.1 0.402666
-116.9 0.403554
-116.7 0.404444
-116.5 0.405318
-116.3 0.406162
-116.1 0.407049
-115.9 0.40791
-115.7 0.408791
-115.5 0.409658
-115.3 0.410527
-115.1 0.411418
-114.9 0.412295
-114.7 0.413174
-114.5 0.414049
-114.3 0.414917
-114.1 0.415803
-113.9 0.416708
-113.7 0.417597
-113.5 0.418463
-113.3 0.419329
-113.1 0.420196
-112.9 0.421083
-112.7 0.421954
-112.5 0.422827
-112.3 0.423701
-112.1 0.424593
-111.9 0.425454
-111.7 0.42635
-111.5 0.42718
-111.3 0.428058
-111.1 0.428932
-110.9 0.429793
-110.7 0.43068
-110.5 0.431542
-110.3 0.432421
-110.1 0.433281
-109.9 0.434161
-109.7 0.435045
-109.5 0.435895
-109.3 0.4368
-109.1 0.437688
-108.9 0.438579
-108.7 0.439463
-108.5 0.440348
-108.3 0.441246
-108.1 0.44213
-107.9 0.443012
-107.7 0.443887
-107.5 0.444746
-107.3 0.445628
-107.1 0.446497
-106.9 0.447372
-106.7 0.44824
-106.5 0.449097
-106.3 0.449954
-106.1 0.450841
-105.9 0.451715
-105.7 0.452589
-105.5 0.45343
-105.3 0.454289
-105.1 0.455155
-104.9 0.456035
-104.7 0.456912
-104.5 0.457791
-104.3 0.458684
-104.1 0.459575
-103.9 0.460458
-103.7 0.461335
-103.5 0.462206
-103.3 0.463043
-103.1 0.463922
-102.9 0.464796
-102.7 0.46567
-102.5 0.466529
-102.3 0.467422
-102.1 0.468315
-101.9 0.469168
-101.7 0.469998
-101.5 0.470846
-101.3 0.471699
-101.1 0.47259
-100.9 0.473486
-100.7 0.47436
-100.5 0.475257
-100.3 0.476128
-100.1 0.47702
-99.9 0.477889
-99.7 0.478778
-99.5 0.47968
-99.3 0.48054
-99.1 0.481417
-98.9 0.482324
-98.7 0.483223
-98.5 0.484089
-98.3 0.484978
-98.1 0.485848
-97.9 0.486723
-97.7 0.487587
-97.5 0.488492
-97.3 0.489345
-97.1 0.490237
-96.9 0.49113
-96.7 0.49198
-96.5 0.492833
-96.3 0.493698
-96.1 0.49458
-95.9 0.495453
-95.7 0.496333
-95.5 0.49722
-95.3 0.498086
-95.1 0.498982
-94.9 0.499813
-94.7 0.500695
-94.5 0.501558
-94.3 0.502454
-94.1 0.503314
-93.9 0.504188
-93.7 0.505048
-93.5 0.505913
-93.3 0.506763
-93.1 0.507684
-92.9 0.508552
-92.7 0.509406
-92.5 0.510261
-92.3 0.511119
-92.1 0.511982
-91.9 0.512843
-91.7 0.513708
-91.5 0.514599
-91.3 0.515479
-91.1 0.516371
-90.9 0.517237
-90.7 0.518101
-90.5 0.518989
-90.3 0.519849
-90.1 0.520709
-89.9 0.521589
-89.7 0.52246
-89.5 0.523312
-89.3 0.524203
-89.1 0.52506
-88.9 0.525905
-88.7 0.526748
-88.5 0.52762
-88.3 0.528489
-88.1 0.529345
-87.9 0.530225
-87.7 0.531084
-87.5 0.531967
-87.3 0.532842
-87.1 0.533742
-86.9 0.534626
-86.7 0.53549
-86.5 0.536368
-86.3 0.537264
-86.1 0.538141
-85.9 0.539013
-85.7 0.539912
-85.5 0.540801
-85.3 0.541658
-85.1 0.542518
-84.9 0.54339
-84.7 0.544264
-84.5 0.545144
-84.3 0.546016
-84.1 0.546881
-83.9 0.547746
-83.7 0.548603
-83.5 0.549498
-83.3 0.55036
-83.1 0.551246
-82.9 0.552084
-82.7 0.552984
-82.5 0.553831
-82.3 0.554707
-82.1 0.555575
-81.9 0.556452
-81.7 0.557359
-81.5 0.558231
-81.3 0.559109
-81.1 0.559982
-80.9 0.560843
-80.7 0.561722
-80.5 0.562585
-80.3 0.563443
-80.1 0.564291
-79.9 0.565146
-79.7 0.566009
-79.5 0.56687
-79.3 0.567719
-79.1 0.568578
-78.9 0.569466
-78.7 0.570376
-78.5 0.571206
-78.3 0.572072
-78.1 0.572946
-77.9 0.573819
-77.7 0.574691
-77.5 0.575568
-77.3 0.576445
-77.1 0.57731
-76.9 0.578176
-76.7 0.57905
-76.5 0.579925
-76.3 0.580786
-76.1 0.581658
-75.9 0.582527
-75.7 0.58339
-75.5 0.584246
-75.3 0.585132
-75.1 0.58599
-74.9 0.586875
-74.7 0.587749
-74.5 0.58863
-74.3 0.589497
-74.1 0.590408
-73.9 0.591258
-73.7 0.592151
-73.5 0.593032
-73.3 0.593909
-73.1 0.594782
-72.9 0.595636
-72.7 0.596495
-72.5 0.597384
-72.3 0.598284
-72.1 0.599174
-71.9 0.600047
-71.7 0.600913
-71.5 0.60181
-71.3 0.602697
-71.1 0.603558
-70.9 0.604446
-70.7 0.60533
-70.5 0.606212
-70.3 0.607078
-70.1 0.607951
-69.9 0.608841
-69.7 0.609727
-69.5 0.610599
-69.3 0.611472
-69.1 0.61235
-68.9 0.613207
-68.7 0.614083
-68.5 0.614958
-68.3 0.615825
-68.1 0.616714
-67.9 0.617586
-67.7 0.618471
-67.5 0.619351
-67.3 0.620225
-67.1 0.621082
-66.9 0.621952
-66.7 0.62283
-66.5 0.623718
-66.3 0.624574
-66.1 0.625447
-65.9 0.626322
-65.7 0.627185
-65.5 0.628055
-65.3 0.62895
-65.1 0.629822
-64.9 0.630692
-64.7 0.631571
-64.5 0.63245
-64.3 0.63333
-64.1 0.634202
-63.9 0.635083
-63.7 0.635951
-63.5 0.636829
-63.3 0.637723
-63.1 0.638597
-62.9 0.639485
-62.7 0.640373
-62.5 0.641261
-62.3 0.64214
-62.1 0.643018
-61.9 0.6439
-61.7 0.644758
-61.5 0.645629
-61.3 0.646483
-61.1 0.647348
-60.9 0.648227
-60.7 0.649085
-60.5 0.649955
-60.3 0.650826
-60.1 0.651686
-59.9 0.652551
-59.7 0.65339
-59.5 0.654286
-59.3 0.655147
-59.1 0.656006
-58.9 0.656873
-58.7 0.65777
-58.5 0.658644
-58.3 0.659497
-58.1 0.660377
-57.9 0.661297
-57.7 0.662169
-57.5 0.663051
-57.3 0.663932
-57.1 0.664791
-56.9 0.665657
-56.7 0.666503
-56.5 0.667394
-56.3 0.668239
-56.1 0.669118
-55.9 0.669987
-55.7 0.670867
-55.5 0.671769
-55.3 0.672688
-55.1 0.673577
-54.9 0.674448
-54.7 0.675338
-54.5 0.67622
-54.3 0.677084
-54.1 0.677987
-53.9 0.678841
-53.7 0.679722
-53.5 0.68062
-53.3 0.681473
-53.1 0.682363
-52.9 0.683216
-52.7 0.684072
-52.5 0.684927
-52.3 0.685822
-52.1 0.686689
-51.9 0.687573
-51.7 0.688442
-51.5 0.689317
-51.3 0.690195
-51.1 0.69107
-50.9 0.691935
-50.7 0.692815
-50.5 0.693687
-50.3 0.694582
-50.1 0.695447
-49.9 0.69636
-49.7 0.697255
-49.5 0.698117
-49.3 0.698989
-49.1 0.699859
-48.9 0.700692
-48.7 0.70155
-48.5 0.702428
-48.3 0.703292
-48.1 0.704152
-47.9 0.705011
-47.7 0.705884
-47.5 0.706756
-47.3 0.707633
-47.1 0.708484
-46.9 0.709359
-46.7 0.710228
-46.5 0.711095
-46.3 0.711952
-46.1 0.712812
-45.9 0.713664
-45.7 0.714522
-45.5 0.715398
-45.3 0.716258
-45.1 0.717139
-44.9 0.718012
-44.7 0.718901
-44.5 0.719783
-44.3 0.720652
-44.1 0.721522
-43.9 0.722377
-43.7 0.72325
-43.5 0.724116
-43.3 0.724977
-43.1 0.725845
-42.9 0.726698
-42.7 0.727567
-42.5 0.728467
-42.3 0.729343
-42.1 0.730201
-41.9 0.731058
-41.7 0.731935
-41.5 0.732824
-41.3 0.733722
-41.1 0.734587
-40.9 0.735465
-40.7 0.73634
-40.5 0.737206
-40.3 0.738086
-40.1 0.738939
-39.9 0.739813
-39.7 0.740694
-39.5 0.74157
-39.3 0.742437
-39.1 0.743324
-38.9 0.744192
-38.7 0.74504
-38.5 0.745908
-38.3 0.746784
-38.1 0.747663
-37.9 0.74852
-37.7 0.74939
-37.5 0.750256
-37.3 0.751149
-37.1 0.752012
-36.9 0.752853
-36.7 0.753719
-36.5 0.754609
-36.3 0.755474
-36.1 0.756341
-35.9 0.757241
-35.7 0.758098
-35.5 0.758956
-35.3 0.759834
-35.1 0.760674
-34.9 0.761516
-34.7 0.762374
-34.5 0.763212
-34.3 0.764089
-34.1 0.764982
-33.9 0.76586
-33.7 0.76673
-33.5 0.76762
-33.3 0.768474
-33.1 0.769341
-32.9 0.770193
-32.7 0.771051
-32.5 0.771935
-32.3 0.772795
-32.1 0.773679
-31.9 0.774567
-31.7 0.775443
-31.5 0.776301
-31.3 0.777153
-31.1 0.778033
-30.9 0.778907
-30.7 0.779801
-30.5 0.780669
-30.3 0.781551
-30.1 0.782431
-29.9 0.783307
-29.7 0.784193
-29.5 0.78507
-29.3 0.785923
-29.1 0.786815
-28.9 0.787675
-28.7 0.788573
-28.5 0.789456
-28.3 0.790324
-28.1 0.791219
-27.9 0.792089
-27.7 0.792968
-27.5 0.793848
-27.3 0.794727
-27.1 0.795625
-26.9 0.796505
-26.7 0.797345
-26.5 0.798215
-26.3 0.799099
-26.1 0.799969
-25.9 0.800863
-25.7 0.801735
-25.5 0.802603
-25.3 0.803484
-25.1 0.804362
-24.9 0.80523
-24.7 0.806135
-24.5 0.806987
-24.3 0.807889
-24.1 0.808751
-23.9 0.809637
-23.7 0.810518
-23.5 0.81138
-23.3 0.812232
-23.1 0.813119
-22.9 0.814001
-22.7 0.814852
-22.5 0.815711
-22.3 0.816586
-22.1 0.817449
-21.9 0.818315
-21.7 0.819169
-21.5 0.82003
-21.3 0.820923
-21.1 0.821802
-20.9 0.822654
-20.7 0.823533
-20.5 0.824386
-20.3 0.825257
-20.1 0.826123
-19.9 0.826967
-19.7 0.827833
-19.5 0.828699
-19.3 0.829551
-19.1 0.83042
-18.9 0.831262
-18.7 0.832147
-18.5 0.833024
-18.3 0.833874
-18.1 0.834717
-17.9 0.835559
-17.7 0.836414
-17.5 0.837288
-17.3 0.838186
-17.1 0.839056
-16.9 0.839959
-16.7 0.840835
-16.5 0.841691
-16.3 0.842553
-16.1 0.84341
-15.9 0.84428
-15.7 0.845156
-15.5 0.846039
-15.3 0.846931
-15.1 0.847803
-14.9 0.848662
-14.7 0.849529
-14.5 0.850382
-14.3 0.851256
-14.1 0.852131
-13.9 0.853032
-13.7 0.853903
-13.5 0.854767
-13.3 0.855647
-13.1 0.856535
-12.9 0.857389
-12.7 0.858233
-12.5 0.859102
-12.3 0.859979
-12.1 0.860834
-11.9 0.861713
-11.7 0.862567
-11.5 0.86342
-11.3 0.864267
-11.1 0.865135
-10.9 0.865994
-10.7 0.866846
-10.5 0.867718
-10.3 0.868603
-10.1 0.869472
-9.9 0.870323
-9.7 0.871198
-9.5 0.872057
-9.3 0.872936
-9.1 0.873791
-8.9 0.874636
-8.7 0.875508
-8.5 0.876374
-8.3 0.877265
-8.1 0.878141
-7.9 0.879017
-7.7 0.879905
-7.5 0.880802
-7.3 0.881674
-7.1 0.88254
-6.9 0.883401
-6.7 0.884299
-6.5 0.885167
-6.3 0.886034
-6.1 0.886879
-5.9 0.887767
-5.7 0.888633
-5.5 0.889484
-5.3 0.890337
-5.1 0.891214
-4.9 0.892059
-4.7 0.892921
-4.5 0.893811
-4.3 0.89469
-4.1 0.895565
-3.9 0.896428
-3.7 0.897309
-3.5 0.898185
-3.3 0.899054
-3.1 0.899914
-2.9 0.900739
-2.7 0.901613
-2.5 0.90248
-2.3 0.903348
-2.1 0.904216
-1.9 0.905099
-1.7 0.905962
-1.5 0.90681
-1.3 0.907671
-1.1 0.908539
-0.899999 0.909386
-0.699999 0.910243
-0.499999 0.911117
-0.299999 0.911969
-0.0999994 0.912838
0.100001 0.913713
0.300001 0.91459
0.500001 0.915458
0.700001 0.916326
0.900001 0.917186
1.1 0.918061
1.3 0.918906
1.5 0.919754
1.7 0.920606
1.9 0.921483
2.1 0.922323
2.3 0.923204
2.5 0.924067
2.7 0.924913
2.9 0.92576
3.1 0.926655
3.3 0.927527
3.5 0.928376
3.7 0.92923
3.9 0.930103
4.1 0.930968
4.3 0.931821
4.5 0.93265
4.7 0.933503
4.9 0.934383
5.1 0.935254
5.3 0.936133
5.5 0.936984
5.7 0.937832
5.9 0.938717
6.1 0.939581
6.3 0.94041
6.5 0.941257
6.7 0.942088
6.9 0.942935
7.1 0.943782
7.3 0.9446
7.5 0.945444
7.7 0.946292
7.9 0.947146
8.1 0.948016
8.3 0.948843
8.5 0.949689
8.7 0.950548
8.9 0.951368
9.1 0.952191
9.3 0.953026
9.5 0.953841
9.7 0.954664
9.9 0.95547
10.1 0.956267
10.3 0.957061
10.5 0.957866
10.7 0.958659
10.9 0.959433
11.1 0.96019
11.3 0.960955
11.5 0.961743
11.7 0.962501
11.9 0.963261
12.1 0.964022
12.3 0.964794
12.5 0.965531
12.7 0.966279
12.9 0.966995
13.1 0.96774
13.3 0.968449
13.5 0.969152
13.7 0.96986
13.9 0.970541
14.1 0.971216
14.3 0.971919
14.5 0.972609
14.7 0.973283
14.9 0.973931
15.1 0.974569
15.3 0.975223
15.5 0.97584
15.7 0.976449
15.9 0.977064
16.1 0.977673
16.3 0.978271
16.5 0.978843
16.7 0.979409
16.9 0.979975
17.1 0.980533
17.3 0.981089
17.5 0.981631
17.7 0.982152
17.9 0.98266
18.1 0.983155
18.3 0.983662
18.5 0.984159
18.7 0.984625
18.9 0.985097
19.1 0.985553
19.3 0.986003
19.5 0.986426
19.7 0.986854
19.9 0.987268
20.1 0.987685
20.3 0.98808
20.5 0.988493
20.7 0.98887
20.9 0.989255
21.1 0.989613
21.3 0.989968
21.5 0.990315
21.7 0.990659
21.9 0.990998
22.1 0.991312
22.3 0.991637
22.5 0.991931
22.7 0.992225
22.9 0.992508
23.1 0.992797
23.3 0.993082
23.5 0.993364
23.7 0.993619
23.9 0.993891
24.1 0.99413
24.3 0.994363
24.5 0.994594
24.7 0.994811
24.9 0.995029
25.1 0.995237
25.3 0.995447
25.5 0.995647
25.7 0.995855
25.9 0.996033
26.1 0.996219
26.3 0.996386
26.5 0.996554
26.7 0.9967
26.9 0.99685
27.1 0.996999
27.3 0.997139
27.5 0.997267
27.7 0.9974
27.9 0.997536
28.1 0.997653
28.3 0.997766
28.5 0.997878
28.7 0.997988
28.9 0.998085
29.1 0.998189
29.3 0.998282
29.5 0.998374
29.7 0.998457
29.9 0.998542
30.1 0.998613
30.3 0.99869
30.5 0.998759
30.7 0.998829
30.9 0.998888
31.1 0.998942
31.3 0.998999
31.5 0.999059
31.7 0.999115
31.9 0.999164
32.1 0.999211
32.3 0.999251
32.5 0.999295
32.7 0.999332
32.9 0.999371
33.1 0.999403
33.3 0.999434
33.5 0.999462
33.7 0.999486
33.9 0.999517
34.1 0.999538
34.3 0.99956
34.5 0.999584
34.7 0.999606
34.9 0.999624
35.1 0.999641
35.3 0.99966
35.5 0.999672
35.7 0.99969
35.9 0.999706
36.1 0.999719
36.3 0.999735
36.5 0.999746
36.7 0.999757
36.9 0.999769
37.1 0.999779
37.3 0.999788
37.5 0.999799
37.7 0.999808
37.9 0.999815
38.1 0.999823
38.3 0.999828
38.5 0.999834
38.7 0.999841
38.9 0.999844
39.1 0.999849
39.3 0.999855
39.5 0.999859
39.7 0.999864
39.9 0.999871
40.1 0.999876
40.3 0.999879
40.5 0.999881
40.7 0.999883
40.9 0.999886
41.1 0.999891
41.3 0.999894
41.5 0.999896
41.7 0.999899
41.9 0.999902
42.1 0.999904
42.3 0.999907
42.5 0.999909
42.7 0.999912
42.9 0.999916
43.1 0.999918
43.3 0.999921
43.5 0.999925
43.7 0.99993
43.9 0.999933
44.1 0.999934
44.3 0.999936
44.5 0.999937
44.7 0.999939
44.9 0.999941
45.1 0.999943
45.3 0.999945
45.5 0.999949
45.7 0.999952
45.9 0.999955
46.1 0.999956
46.3 0.999958
46.5 0.999962
46.7 0.999965
46.9 0.999967
47.1 0.999968
47.3 0.99997
47.5 0.999973
47.7 0.999976
47.9 0.999978
48.1 0.99998
48.3 0.999981
48.5 0.999983
48.7 0.999986
48.9 0.999988
49.1 0.999989
49.3 0.999993
49.5 0.999995
49.7 0.999997
49.9 0.999998
50.1 1
