1495
-1598.7 4.6027e-06
-1598.5 4.6027e-06
-1598.3 4.6027e-06
-1598.1 4.6027e-06
-1597.9 4.6027e-06
-1597.7 4.6027e-06
-1597.5 4.6027e-06
-1597.3 4.6027e-06
-1597.1 4.6027e-06
-1596.9 4.6027e-06
-1596.7 4.6027e-06
-1596.5 4.6027e-06
-1596.3 4.6027e-06
-1596.1 4.6027e-06
-1595.9 4.6027e-06
-1595.7 4.6027e-06
-1595.5 4.6027e-06
-1595.3 4.6027e-06
-1595.1 4.6027e-06
-1594.9 4.6027e-06
-1594.7 4.6027e-06
-1594.5 4.6027e-06
-1594.3 4.6027e-06
-1594.1 4.6027e-06
-1593.9 4.6027e-06
-1593.7 4.6027e-06
-1593.5 4.6027e-06
-1593.3 4.6027e-06
-1593.1 4.6027e-06
-1592.9 4.6027e-06
-1592.7 4.6027e-06
-1592.5 4.6027e-06
-1592.3 4.6027e-06
-1592.1 4.6027e-06
-1591.9 4.6027e-06
-1591.7 4.6027e-06
-1591.5 9.20539e-06
-1591.3 9.20539e-06
-1591.1 9.20539e-06
-1590.9 9.20539e-06
-1590.7 9.20539e-06
-1590.5 9.20539e-06
-1590.3 9.20539e-06
-1590.1 9.20539e-06
-1589.9 9.20539e-06
-1589.7 9.20539e-06
-1589.5 9.20539e-06
-1589.3 9.20539e-06
-1589.1 9.20539e-06
-1588.9 9.20539e-06
-1588.7 1.38081e-05
-1588.5 1.38081e-05
-1588.3 1.38081e-05
-1588.1 1.38081e-05
-1587.9 1.38081e-05
-1587.7 1.38081e-05
-1587.5 1.38081e-05
-1587.3 1.38081e-05
-1587.1 1.38081e-05
-1586.9 1.38081e-05
-1586.7 1.38081e-05
-1586.5 1.38081e-05
-1586.3 1.38081e-05
-1586.1 1.38081e-05
-1585.9 1.38081e-05
-1585.7 1.38081e-05
-1585.5 1.38081e-05
-1585.3 1.84108e-05
-1585.1 1.84108e-05
-1584.9 1.84108e-05
-1584.7 1.84108e-05
-1584.5 1.84108e-05
-1584.3 1.84108e-05
-1584.1 1.84108e-05
-1583.9 2.30135e-05
-1583.7 2.30135e-05
-1583.5 2.30135e-05
-1583.3 2.30135e-05
-1583.1 2.30135e-05
-1582.9 2.30135e-05
-1582.7 2.30135e-05
-1582.5 2.30135e-05
-1582.3 2.30135e-05
-1582.1 2.76162e-05
-1581.9 2.76162e-05
-1581.7 2.76162e-05
-1581.5 3.22189e-05
-1581.3 3.22189e-05
-1581.1 3.22189e-05
-1580.9 3.22189e-05
-1580.7 3.22189e-05
-1580.5 3.68216e-05
-1580.3 3.68216e-05
-1580.1 3.68216e-05
-1579.9 3.68216e-05
-1579.7 4.14243e-05
-1579.5 4.14243e-05
-1579.3 4.6027e-05
-1579.1 4.6027e-05
-1578.9 5.06296e-05
-1578.7 5.52323e-05
-1578.5 6.44377e-05
-1578.3 6.90404e-05
-1578.1 6.90404e-05
-1577.9 7.36431e-05
-1577.7 8.74512e-05
-1577.5 8.74512e-05
-1577.3 9.66566e-05
-1577.1 0.000110465
-1576.9 0.000115067
-1576.7 0.000142684
-1576.5 0.000156492
-1576.3 0.000174902
-1576.1 0.000188711
-1575.9 0.00023934
-1575.7 0.000266956
-1575.5 0.000294573
-1575.3 0.000331394
-1575.1 0.000368216
-1574.9 0.000418845
-1574.7 0.000483283
-1574.5 0.000524707
-1574.3 0.000570734
-1574.1 0.000653583
-1573.9 0.000731829
-1573.7 0.000837691
-1573.5 0.000892923
-1573.3 0.000998785
-1573.1 0.00109084
-1572.9 0.00117829
-1572.7 0.00128415
-1572.5 0.00141763
-1572.3 0.00152809
-1572.1 0.00163396
-1571.9 0.00181346
-1571.7 0.00189631
-1571.5 0.00203439
-1571.3 0.00218628
-1571.1 0.00235658
-1570.9 0.00249926
-1570.7 0.00269718
-1570.5 0.00288589
-1570.3 0.00306079
-1570.1 0.00325871
-1569.9 0.00348424
-1569.7 0.00368676
-1569.5 0.00387547
-1569.3 0.00408719
-1569.1 0.00429892
-1568.9 0.00458428
-1568.7 0.00486045
-1568.5 0.00509518
-1568.3 0.00540817
-1568.1 0.00570734
-1567.9 0.00600652
-1567.7 0.00633331
-1567.5 0.00664169
-1567.3 0.00695467
-1567.1 0.00723544
-1566.9 0.00754382
-1566.7 0.00793505
-1566.5 0.00823882
-1566.3 0.00857022
-1566.1 0.00892463
-1565.9 0.00926983
-1565.7 0.00957361
-1565.5 0.00996023
-1565.3 0.0103146
-1565.1 0.0107059
-1564.9 0.0111707
-1564.7 0.011608
-1564.5 0.0120729
-1564.3 0.0124963
-1564.1 0.0130578
-1563.9 0.013578
-1563.7 0.0141441
-1563.5 0.0145629
-1563.3 0.0151199
-1563.1 0.0155847
-1562.9 0.016114
-1562.7 0.0167354
-1562.5 0.0172969
-1562.3 0.0178769
-1562.1 0.0184154
-1561.9 0.0189631
-1561.7 0.0195569
-1561.5 0.0202242
-1561.3 0.0207858
-1561.1 0.0214532
-1560.9 0.0220745
-1560.7 0.0227143
-1560.5 0.0234185
-1560.3 0.0241319
-1560.1 0.0248269
-1559.9 0.0254851
-1559.7 0.0262492
-1559.5 0.0269994
-1559.3 0.0277036
-1559.1 0.0283802
-1558.9 0.0290936
-1558.7 0.0298669
-1558.5 0.0307138
-1558.3 0.0315147
-1558.1 0.0322741
-1557.9 0.0330243
-1557.7 0.033839
-1557.5 0.0346767
-1557.3 0.0355328
-1557.1 0.0364626
-1556.9 0.0373647
-1556.7 0.0382162
-1556.5 0.0391551
-1556.3 0.0400434
-1556.1 0.04101
-1555.9 0.0418615
-1555.7 0.0427959
-1555.5 0.0438085
-1555.3 0.0447474
-1555.1 0.0456633
-1554.9 0.0466345
-1554.7 0.0475873
-1554.5 0.0486643
-1554.3 0.0496815
-1554.1 0.0506803
-1553.9 0.0517297
-1553.7 0.0528113
-1553.5 0.053893
-1553.3 0.0547997
-1553.1 0.0558215
-1552.9 0.0568939
-1552.7 0.0579479
-1552.5 0.059071
-1552.3 0.0602355
-1552.1 0.0613769
-1551.9 0.0623665
-1551.7 0.0635954
-1551.5 0.0646679
-1551.3 0.0658231
-1551.1 0.0670152
-1550.9 0.0681705
-1550.7 0.069312
-1550.5 0.0704581
-1550.3 0.071779
-1550.1 0.0729297
-1549.9 0.0742001
-1549.7 0.0753875
-1549.5 0.0765474
-1549.3 0.0776106
-1549.1 0.0788534
-1548.9 0.0801145
-1548.7 0.081325
-1548.5 0.0824987
-1548.3 0.0835343
-1548.1 0.0847678
-1547.9 0.0860658
-1547.7 0.0871566
-1547.5 0.0883257
-1547.3 0.0895224
-1547.1 0.0907882
-1546.9 0.0919619
-1546.7 0.0930941
-1546.5 0.0941389
-1546.3 0.0955013
-1546.1 0.0967348
-1545.9 0.0979776
-1545.7 0.0992157
-1545.5 0.100477
-1545.3 0.101586
-1545.1 0.102774
-1544.9 0.103966
-1544.7 0.105181
-1544.5 0.106488
-1544.3 0.107731
-1544.1 0.108992
-1543.9 0.11017
-1543.7 0.111468
-1543.5 0.112711
-1543.3 0.113954
-1543.1 0.115182
-1542.9 0.11648
-1542.7 0.117696
-1542.5 0.118851
-1542.3 0.120043
-1542.1 0.12129
-1541.9 0.122427
-1541.7 0.123688
-1541.5 0.124991
-1541.3 0.126234
-1541.1 0.127545
-1540.9 0.128898
-1540.7 0.130104
-1540.5 0.131301
-1540.3 0.132433
-1540.1 0.13363
-1539.9 0.134785
-1539.7 0.135895
-1539.5 0.137229
-1539.3 0.13844
-1539.1 0.139379
-1538.9 0.140529
-1538.7 0.141616
-1538.5 0.142785
-1538.3 0.143912
-1538.1 0.145013
-1537.9 0.146297
-1537.7 0.147388
-1537.5 0.148492
-1537.3 0.149551
-1537.1 0.150734
-1536.9 0.151884
-1536.7 0.153086
-1536.5 0.154287
-1536.3 0.155484
-1536.1 0.156409
-1535.9 0.157605
-1535.7 0.158733
-1535.5 0.159953
-1535.3 0.160993
-1535.1 0.162061
-1534.9 0.163175
-1534.7 0.164261
-1534.5 0.16532
-1534.3 0.166346
-1534.1 0.167377
-1533.9 0.168541
-1533.7 0.169683
-1533.5 0.170723
-1533.3 0.171763
-1533.1 0.172836
-1532.9 0.173871
-1532.7 0.175045
-1532.5 0.176108
-1532.3 0.17701
-1532.1 0.178111
-1531.9 0.179146
-1531.7 0.180223
-1531.5 0.181268
-1531.3 0.182308
-1531.1 0.183325
-1530.9 0.184315
-1530.7 0.185433
-1530.5 0.186446
-1530.3 0.187518
-1530.1 0.188448
-1529.9 0.18964
-1529.7 0.190805
-1529.5 0.191882
-1529.3 0.193088
-1529.1 0.194197
-1528.9 0.19514
-1528.7 0.196337
-1528.5 0.197285
-1528.3 0.198321
-1528.1 0.199297
-1527.9 0.200323
-1527.7 0.20128
-1527.5 0.202362
-1527.3 0.203393
-1527.1 0.204327
-1526.9 0.205372
-1526.7 0.206362
-1526.5 0.207393
-1526.3 0.208318
-1526.1 0.209367
-1525.9 0.210343
-1525.7 0.211411
-1525.5 0.212345
-1525.3 0.21333
-1525.1 0.214306
-1524.9 0.215332
-1524.7 0.216336
-1524.5 0.217178
-1524.3 0.218048
-1524.1 0.219079
-1523.9 0.220175
-1523.7 0.221123
-1523.5 0.222117
-1523.3 0.223134
-1523.1 0.224133
-1522.9 0.225168
-1522.7 0.22619
-1522.5 0.22718
-1522.3 0.228192
-1522.1 0.229177
-1521.9 0.230144
-1521.7 0.231143
-1521.5 0.232105
-1521.3 0.233104
-1521.1 0.234052
-1520.9 0.234995
-1520.7 0.23604
-1520.5 0.237011
-1520.3 0.238093
-1520.1 0.239174
-1519.9 0.240155
-1519.7 0.24137
-1519.5 0.2423
-1519.3 0.243418
-1519.1 0.244371
-1518.9 0.24542
-1518.7 0.246382
-1518.5 0.247367
-1518.3 0.24843
-1518.1 0.249452
-1517.9 0.250446
-1517.7 0.251404
-1517.5 0.252444
-1517.3 0.253457
-1517.1 0.254409
-1516.9 0.255348
-1516.7 0.256287
-1516.5 0.257258
-1516.3 0.258358
-1516.1 0.259297
-1515.9 0.260416
-1515.7 0.261378
-1515.5 0.262418
-1515.3 0.263421
-1515.1 0.264471
-1514.9 0.265433
-1514.7 0.26651
-1514.5 0.267527
-1514.3 0.268563
-1514.1 0.269488
-1513.9 0.270487
-1513.7 0.271347
-1513.5 0.272291
-1513.3 0.273354
-1513.1 0.274334
-1512.9 0.275237
-1512.7 0.276208
-1512.5 0.277133
-1512.3 0.278132
-1512.1 0.279103
-1511.9 0.280042
-1511.7 0.280949
-1511.5 0.281957
-1511.3 0.28284
-1511.1 0.283687
-1510.9 0.284658
-1510.7 0.285445
-1510.5 0.28632
-1510.3 0.287337
-1510.1 0.288281
-1509.9 0.28922
-1509.7 0.290195
-1509.5 0.291051
-1509.3 0.291898
-1509.1 0.292791
-1508.9 0.293698
-1508.7 0.294637
-1508.5 0.295567
-1508.3 0.296381
-1508.1 0.297178
-1507.9 0.298075
-1507.7 0.298991
-1507.5 0.299847
-1507.3 0.300795
-1507.1 0.301762
-1506.9 0.302788
-1506.7 0.303796
-1506.5 0.304749
-1506.3 0.305711
-1506.1 0.306737
-1505.9 0.30786
-1505.7 0.308887
-1505.5 0.309757
-1505.3 0.31076
-1505.1 0.31169
-1504.9 0.31273
-1504.7 0.313701
-1504.5 0.314788
-1504.3 0.315906
-1504.1 0.316914
-1503.9 0.318037
-1503.7 0.319068
-1503.5 0.320122
-1503.3 0.32125
-1503.1 0.322437
-1502.9 0.323528
-1502.7 0.324421
-1502.5 0.325342
-1502.3 0.326363
-1502.1 0.327358
-1501.9 0.328444
-1501.7 0.329521
-1501.5 0.330579
-1501.3 0.3315
-1501.1 0.332425
-1500.9 0.333419
-1500.7 0.33445
-1500.5 0.335458
-1500.3 0.336429
-1500.1 0.337414
-1499.9 0.338478
-1499.7 0.33944
-1499.5 0.34042
-1499.3 0.34141
-1499.1 0.342279
-1498.9 0.343136
-1498.7 0.344074
-1498.5 0.344977
-1498.3 0.345897
-1498.1 0.346684
-1497.9 0.34755
-1497.7 0.348465
-1497.5 0.349335
-1497.3 0.350168
-1497.1 0.350988
-1496.9 0.351913
-1496.7 0.352732
-1496.5 0.353657
-1496.3 0.354573
-1496.1 0.35542
-1495.9 0.356249
-1495.7 0.357224
-1495.5 0.358076
-1495.3 0.358992
-1495.1 0.359931
-1494.9 0.360805
-1494.7 0.361694
-1494.5 0.362536
-1494.3 0.363479
-1494.1 0.364244
-1493.9 0.3651
-1493.7 0.36602
-1493.5 0.366954
-1493.3 0.36788
-1493.1 0.368759
-1492.9 0.369702
-1492.7 0.370627
-1492.5 0.371617
-1492.3 0.372597
-1492.1 0.373536
-1491.9 0.374443
-1491.7 0.375295
-1491.5 0.376187
-1491.3 0.377131
-1491.1 0.37801
-1490.9 0.378848
-1490.7 0.379805
-1490.5 0.380671
-1490.3 0.381471
-1490.1 0.382364
-1489.9 0.383322
-1489.7 0.384284
-1489.5 0.385328
-1489.3 0.386235
-1489.1 0.387128
-1488.9 0.387957
-1488.7 0.388859
-1488.5 0.389756
-1488.3 0.39076
-1488.1 0.391662
-1487.9 0.392532
-1487.7 0.393374
-1487.5 0.394304
-1487.3 0.395266
-1487.1 0.396292
-1486.9 0.397199
-1486.7 0.398092
-1486.5 0.398939
-1486.3 0.39979
-1486.1 0.400669
-1485.9 0.401677
-1485.7 0.402612
-1485.5 0.4035
-1485.3 0.404356
-1485.1 0.405304
-1484.9 0.406146
-1484.7 0.407118
-1484.5 0.407978
-1484.3 0.40888
-1484.1 0.409737
-1483.9 0.410634
-1483.7 0.411453
-1483.5 0.412314
-1483.3 0.41311
-1483.1 0.413925
-1482.9 0.41473
-1482.7 0.415564
-1482.5 0.416383
-1482.3 0.417313
-1482.1 0.418178
-1481.9 0.419006
-1481.7 0.419927
-1481.5 0.42082
-1481.3 0.421763
-1481.1 0.422596
-1480.9 0.423646
-1480.7 0.424622
-1480.5 0.425528
-1480.3 0.426495
-1480.1 0.427383
-1479.9 0.428506
-1479.7 0.429473
-1479.5 0.430384
-1479.3 0.43147
-1479.1 0.432547
-1478.9 0.433546
-1478.7 0.434522
-1478.5 0.435479
-1478.3 0.436432
-1478.1 0.437449
-1477.9 0.438517
-1477.7 0.43953
-1477.5 0.44063
-1477.3 0.441698
-1477.1 0.442742
-1476.9 0.443824
-1476.7 0.444929
-1476.5 0.445886
-1476.3 0.446954
-1476.1 0.447953
-1475.9 0.448855
-1475.7 0.44978
-1475.5 0.45094
-1475.3 0.451929
-1475.1 0.452974
-1474.9 0.453987
-1474.7 0.455032
-1474.5 0.455994
-1474.3 0.456822
-1474.1 0.457839
-1473.9 0.458806
-1473.7 0.459759
-1473.5 0.460698
-1473.3 0.461664
-1473.1 0.462562
-1472.9 0.463524
-1472.7 0.464412
-1472.5 0.465305
-1472.3 0.466009
-1472.1 0.466994
-1471.9 0.467938
-1471.7 0.468808
-1471.5 0.469659
-1471.3 0.470626
-1471.1 0.471569
-1470.9 0.472407
-1470.7 0.473314
-1470.5 0.474156
-1470.3 0.474994
-1470.1 0.475914
-1469.9 0.476802
-1469.7 0.477677
-1469.5 0.47862
-1469.3 0.479486
-1469.1 0.480374
-1468.9 0.481203
-1468.7 0.482017
-1468.5 0.482887
-1468.3 0.483932
-1468.1 0.484981
-1467.9 0.485874
-1467.7 0.48679
-1467.5 0.487688
-1467.3 0.488636
-1467.1 0.489575
-1466.9 0.490445
-1466.7 0.491411
-1466.5 0.49235
-1466.3 0.49334
-1466.1 0.494343
-1465.9 0.495337
-1465.7 0.496309
-1465.5 0.497307
-1465.3 0.498246
-1465.1 0.499176
-1464.9 0.500216
-1464.7 0.501312
-1464.5 0.502384
-1464.3 0.503351
-1464.1 0.504327
-1463.9 0.505362
-1463.7 0.50632
-1463.5 0.507323
-1463.3 0.508299
-1463.1 0.509357
-1462.9 0.510508
-1462.7 0.511663
-1462.5 0.512667
-1462.3 0.513647
-1462.1 0.51477
-1461.9 0.515935
-1461.7 0.517016
-1461.5 0.518006
-1461.3 0.518917
-1461.1 0.519916
-1460.9 0.520836
-1460.7 0.521789
-1460.5 0.522825
-1460.3 0.523814
-1460.1 0.524836
-1459.9 0.525922
-1459.7 0.526852
-1459.5 0.527819
-1459.3 0.528928
-1459.1 0.529936
-1458.9 0.530861
-1458.7 0.531699
-1458.5 0.53273
-1458.3 0.533729
-1458.1 0.534695
-1457.9 0.535593
-1457.7 0.536559
-1457.5 0.537328
-1457.3 0.538161
-1457.1 0.539132
-1456.9 0.539901
-1456.7 0.540752
-1456.5 0.541705
-1456.3 0.542529
-1456.1 0.543334
-1455.9 0.544144
-1455.7 0.544955
-1455.5 0.54587
-1455.3 0.54669
-1455.1 0.547629
-1454.9 0.548466
-1454.7 0.549313
-1454.5 0.550142
-1454.3 0.551141
-1454.1 0.552061
-1453.9 0.552954
-1453.7 0.553842
-1453.5 0.554643
-1453.3 0.555416
-1453.1 0.556199
-1452.9 0.557004
-1452.7 0.55792
-1452.5 0.558813
-1452.3 0.559706
-1452.1 0.560571
-1451.9 0.561566
-1451.7 0.562528
-1451.5 0.563508
-1451.3 0.564461
-1451.1 0.565446
-1450.9 0.566334
-1450.7 0.567255
-1450.5 0.568221
-1450.3 0.569202
-1450.1 0.570196
-1449.9 0.57119
-1449.7 0.572285
-1449.5 0.57322
-1449.3 0.57437
-1449.1 0.575411
-1448.9 0.576515
-1448.7 0.577431
-1448.5 0.578412
-1448.3 0.579396
-1448.1 0.580276
-1447.9 0.581265
-1447.7 0.582259
-1447.5 0.58329
-1447.3 0.58439
-1447.1 0.585509
-1446.9 0.586591
-1446.7 0.587649
-1446.5 0.588694
-1446.3 0.589822
-1446.1 0.590894
-1445.9 0.591925
-1445.7 0.592809
-1445.5 0.593715
-1445.3 0.594797
-1445.1 0.595865
-1444.9 0.596762
-1444.7 0.597789
-1444.5 0.598811
-1444.3 0.599708
-1444.1 0.600652
-1443.9 0.601775
-1443.7 0.602797
-1443.5 0.60374
-1443.3 0.604822
-1443.1 0.605784
-1442.9 0.606815
-1442.7 0.607781
-1442.5 0.608729
-1442.3 0.609751
-1442.1 0.610649
-1441.9 0.611615
-1441.7 0.612476
-1441.5 0.613452
-1441.3 0.614391
-1441.1 0.615307
-1440.9 0.616227
-1440.7 0.617134
-1440.5 0.618091
-1440.3 0.619113
-1440.1 0.620075
-1439.9 0.62112
-1439.7 0.621856
-1439.5 0.622694
-1439.3 0.6235
-1439.1 0.624374
-1438.9 0.625272
-1438.7 0.626077
-1438.5 0.626924
-1438.3 0.627762
-1438.1 0.62859
-1437.9 0.629446
-1437.7 0.630279
-1437.5 0.631117
-1437.3 0.631936
-1437.1 0.632733
-1436.9 0.633492
-1436.7 0.634274
-1436.5 0.635052
-1436.3 0.635885
-1436.1 0.636797
-1435.9 0.637598
-1435.7 0.638357
-1435.5 0.639287
-1435.3 0.640115
-1435.1 0.640939
-1434.9 0.641832
-1434.7 0.64273
-1434.5 0.64359
-1434.3 0.644515
-1434.1 0.645487
-1433.9 0.646343
-1433.7 0.64719
-1433.5 0.648064
-1433.3 0.648874
-1433.1 0.649753
-1432.9 0.650706
-1432.7 0.651525
-1432.5 0.652469
-1432.3 0.653541
-1432.1 0.654549
-1431.9 0.655511
-1431.7 0.656423
-1431.5 0.657472
-1431.3 0.658512
-1431.1 0.659493
-1430.9 0.660413
-1430.7 0.661472
-1430.5 0.662457
-1430.3 0.663428
-1430.1 0.664523
-1429.9 0.6656
-1429.7 0.666631
-1429.5 0.667727
-1429.3 0.668901
-1429.1 0.670051
-1428.9 0.671124
-1428.7 0.672237
-1428.5 0.673347
-1428.3 0.674378
-1428.1 0.675556
-1427.9 0.676642
-1427.7 0.677586
-1427.5 0.678746
-1427.3 0.679887
-1427.1 0.681001
-1426.9 0.682046
-1426.7 0.683049
-1426.5 0.684002
-1426.3 0.685088
-1426.1 0.686253
-1425.9 0.687261
-1425.7 0.68825
-1425.5 0.689134
-1425.3 0.690137
-1425.1 0.691191
-1424.9 0.692144
-1424.7 0.693097
-1424.5 0.69404
-1424.3 0.694929
-1424.1 0.695918
-1423.9 0.696857
-1423.7 0.697718
-1423.5 0.698639
-1423.3 0.699628
-1423.1 0.700452
-1422.9 0.701285
-1422.7 0.702265
-1422.5 0.703154
-1422.3 0.703955
-1422.1 0.704797
-1421.9 0.705616
-1421.7 0.706403
-1421.5 0.707181
-1421.3 0.708056
-1421.1 0.708898
-1420.9 0.709699
-1420.7 0.710444
-1420.5 0.711268
-1420.3 0.712157
-1420.1 0.713059
-1419.9 0.713906
-1419.7 0.714812
-1419.5 0.715664
-1419.3 0.716561
-1419.1 0.717385
-1418.9 0.718209
-1418.7 0.719047
-1418.5 0.719954
-1418.3 0.720777
-1418.1 0.721707
-1417.9 0.722485
-1417.7 0.723433
-1417.5 0.72428
-1417.3 0.725219
-1417.1 0.726181
-1416.9 0.727056
-1416.7 0.727999
-1416.5 0.729049
-1416.3 0.730006
-1416.1 0.730995
-1415.9 0.731911
-1415.7 0.732703
-1415.5 0.733702
-1415.3 0.734645
-1415.1 0.73569
-1414.9 0.736698
-1414.7 0.73789
-1414.5 0.73905
-1414.3 0.740159
-1414.1 0.741098
-1413.9 0.742175
-1413.7 0.743271
-1413.5 0.744297
-1413.3 0.745241
-1413.1 0.746226
-1412.9 0.747441
-1412.7 0.748435
-1412.5 0.749374
-1412.3 0.750391
-1412.1 0.751353
-1411.9 0.752297
-1411.7 0.753245
-1411.5 0.754152
-1411.3 0.755118
-1411.1 0.756025
-1410.9 0.757024
-1410.7 0.757861
-1410.5 0.758782
-1410.3 0.759795
-1410.1 0.760798
-1409.9 0.761732
-1409.7 0.762667
-1409.5 0.763527
-1409.3 0.764305
-1409.1 0.765249
-1408.9 0.766119
-1408.7 0.767044
-1408.5 0.767923
-1408.3 0.768862
-1408.1 0.769695
-1407.9 0.770574
-1407.7 0.771421
-1407.5 0.772231
-1407.3 0.772986
-1407.1 0.773879
-1406.9 0.774799
-1406.7 0.775642
-1406.5 0.776493
-1406.3 0.777271
-1406.1 0.778141
-1405.9 0.779121
-1405.7 0.78001
-1405.5 0.78081
-1405.3 0.781777
-1405.1 0.782569
-1404.9 0.783393
-1404.7 0.784295
-1404.5 0.785192
-1404.3 0.786131
-1404.1 0.786877
-1403.9 0.78782
-1403.7 0.788782
-1403.5 0.789652
-1403.3 0.790605
-1403.1 0.791535
-1402.9 0.792552
-1402.7 0.793574
-1402.5 0.794573
-1402.3 0.795659
-1402.1 0.796611
-1401.9 0.797523
-1401.7 0.798466
-1401.5 0.799497
-1401.3 0.800409
-1401.1 0.801481
-1400.9 0.802379
-1400.7 0.803313
-1400.5 0.804229
-1400.3 0.805159
-1400.1 0.806015
-1399.9 0.806963
-1399.7 0.80786
-1399.5 0.808905
-1399.3 0.809886
-1399.1 0.810884
-1398.9 0.811796
-1398.7 0.812813
-1398.5 0.813752
-1398.3 0.814571
-1398.1 0.815529
-1397.9 0.81644
-1397.7 0.817397
-1397.5 0.818217
-1397.3 0.819192
-1397.1 0.820035
-1396.9 0.820974
-1396.7 0.821908
-1396.5 0.822792
-1396.3 0.823804
-1396.1 0.824656
-1395.9 0.825613
-1395.7 0.826534
-1395.5 0.827408
-1395.3 0.828218
-1395.1 0.829139
-1394.9 0.830064
-1394.7 0.830957
-1394.5 0.831891
-1394.3 0.832738
-1394.1 0.833626
-1393.9 0.834377
-1393.7 0.835288
-1393.5 0.836181
-1393.3 0.837111
-1393.1 0.83799
-1392.9 0.838827
-1392.7 0.839702
-1392.5 0.840595
-1392.3 0.84146
-1392.1 0.842348
-1391.9 0.843274
-1391.7 0.844176
-1391.5 0.844958
-1391.3 0.845736
-1391.1 0.846735
-1390.9 0.847651
-1390.7 0.848461
-1390.5 0.849317
-1390.3 0.850099
-1390.1 0.851066
-1389.9 0.851973
-1389.7 0.852916
-1389.5 0.853915
-1389.3 0.854753
-1389.1 0.855669
-1388.9 0.856649
-1388.7 0.85757
-1388.5 0.85855
-1388.3 0.859466
-1388.1 0.86035
-1387.9 0.861385
-1387.7 0.862361
-1387.5 0.863236
-1387.3 0.864267
-1387.1 0.86521
-1386.9 0.866204
-1386.7 0.867019
-1386.5 0.867958
-1386.3 0.868911
-1386.1 0.869845
-1385.9 0.870858
-1385.7 0.871838
-1385.5 0.872731
-1385.3 0.873785
-1385.1 0.874673
-1384.9 0.875654
-1384.7 0.876551
-1384.5 0.877647
-1384.3 0.878618
-1384.1 0.879469
-1383.9 0.880417
-1383.7 0.881444
-1383.5 0.88236
-1383.3 0.883271
-1383.1 0.884178
-1382.9 0.885057
-1382.7 0.885913
-1382.5 0.886732
-1382.3 0.887722
-1382.1 0.888606
-1381.9 0.889568
-1381.7 0.890382
-1381.5 0.89128
-1381.3 0.892228
-1381.1 0.893107
-1380.9 0.893972
-1380.7 0.894925
-1380.5 0.895763
-1380.3 0.896527
-1380.1 0.89747
-1379.9 0.898396
-1379.7 0.899275
-1379.5 0.900075
-1379.3 0.900794
-1379.1 0.901696
-1378.9 0.902768
-1378.7 0.903679
-1378.5 0.904499
-1378.3 0.905392
-1378.1 0.90622
-1377.9 0.907205
-1377.7 0.908121
-1377.5 0.908968
-1377.3 0.909898
-1377.1 0.910703
-1376.9 0.911536
-1376.7 0.912374
-1376.5 0.913253
-1376.3 0.914141
-1376.1 0.915076
-1375.9 0.915996
-1375.7 0.916949
-1375.5 0.917879
-1375.3 0.918689
-1375.1 0.919582
-1374.9 0.920516
-1374.7 0.921368
-1374.5 0.92221
-1374.3 0.923002
-1374.1 0.923904
-1373.9 0.924769
-1373.7 0.92563
-1373.5 0.926684
-1373.3 0.927664
-1373.1 0.928649
-1372.9 0.929551
-1372.7 0.93055
-1372.5 0.931411
-1372.3 0.932235
-1372.1 0.933022
-1371.9 0.933942
-1371.7 0.934886
-1371.5 0.935802
-1371.3 0.936658
-1371.1 0.937689
-1370.9 0.938563
-1370.7 0.939465
-1370.5 0.940377
-1370.3 0.94132
-1370.1 0.942199
-1369.9 0.942991
-1369.7 0.943801
-1369.5 0.944795
-1369.3 0.945739
-1369.1 0.946655
-1368.9 0.947608
-1368.7 0.948427
-1368.5 0.949288
-1368.3 0.950111
-1368.1 0.950894
-1367.9 0.951639
-1367.7 0.952376
-1367.5 0.953283
-1367.3 0.95407
-1367.1 0.954788
-1366.9 0.955547
-1366.7 0.956449
-1366.5 0.957218
-1366.3 0.957881
-1366.1 0.95858
-1365.9 0.959298
-1365.7 0.960049
-1365.5 0.960868
-1365.3 0.961558
-1365.1 0.962281
-1364.9 0.963086
-1364.7 0.963809
-1364.5 0.964495
-1364.3 0.96524
-1364.1 0.965991
-1363.9 0.966713
-1363.7 0.967413
-1363.5 0.968094
-1363.3 0.968785
-1363.1 0.969429
-1362.9 0.970082
-1362.7 0.970754
-1362.5 0.97144
-1362.3 0.972066
-1362.1 0.97266
-1361.9 0.973304
-1361.7 0.973889
-1361.5 0.974469
-1361.3 0.975012
-1361.1 0.975564
-1360.9 0.97614
-1360.7 0.97677
-1360.5 0.977323
-1360.3 0.97793
-1360.1 0.978413
-1359.9 0.978998
-1359.7 0.979513
-1359.5 0.980047
-1359.3 0.980498
-1359.1 0.981046
-1358.9 0.981539
-1358.7 0.982059
-1358.5 0.982399
-1358.3 0.982832
-1358.1 0.983242
-1357.9 0.983637
-1357.7 0.984075
-1357.5 0.984503
-1357.3 0.984912
-1357.1 0.98534
-1356.9 0.985791
-1356.7 0.986256
-1356.5 0.986634
-1356.3 0.987062
-1356.1 0.987485
-1355.9 0.987909
-1355.7 0.9883
-1355.5 0.988622
-1355.3 0.989009
-1355.1 0.989308
-1354.9 0.98963
-1354.7 0.989948
-1354.5 0.990325
-1354.3 0.990703
-1354.1 0.990956
-1353.9 0.991329
-1353.7 0.991586
-1353.5 0.991899
-1353.3 0.992175
-1353.1 0.992461
-1352.9 0.99276
-1352.7 0.993022
-1352.5 0.993202
-1352.3 0.993441
-1352.1 0.993699
-1351.9 0.993924
-1351.7 0.994127
-1351.5 0.994348
-1351.3 0.994569
-1351.1 0.994744
-1350.9 0.99496
-1350.7 0.995195
-1350.5 0.99536
-1350.3 0.99554
-1350.1 0.995696
-1349.9 0.995807
-1349.7 0.995968
-1349.5 0.99612
-1349.3 0.99629
-1349.1 0.996401
-1348.9 0.996539
-1348.7 0.996663
-1348.5 0.996792
-1348.3 0.996898
-1348.1 0.99699
-1347.9 0.997133
-1347.7 0.997225
-1347.5 0.997307
-1347.3 0.997413
-1347.1 0.997515
-1346.9 0.997607
-1346.7 0.997657
-1346.5 0.997749
-1346.3 0.997791
-1346.1 0.997901
-1345.9 0.997961
-1345.7 0.998035
-1345.5 0.998127
-1345.3 0.9982
-1345.1 0.998256
-1344.9 0.998338
-1344.7 0.998407
-1344.5 0.998453
-1344.3 0.998509
-1344.1 0.998564
-1343.9 0.99861
-1343.7 0.998642
-1343.5 0.998688
-1343.3 0.998753
-1343.1 0.998822
-1342.9 0.998849
-1342.7 0.998877
-1342.5 0.998909
-1342.3 0.998969
-1342.1 0.99902
-1341.9 0.99907
-1341.7 0.999112
-1341.5 0.999139
-1341.3 0.999172
-1341.1 0.999204
-1340.9 0.999218
-1340.7 0.99925
-1340.5 0.999291
-1340.3 0.99931
-1340.1 0.999333
-1339.9 0.999356
-1339.7 0.999383
-1339.5 0.999406
-1339.3 0.99942
-1339.1 0.999443
-1338.9 0.999466
-1338.7 0.999484
-1338.5 0.999503
-1338.3 0.999526
-1338.1 0.999549
-1337.9 0.999563
-1337.7 0.999572
-1337.5 0.999581
-1337.3 0.999581
-1337.1 0.9996
-1336.9 0.999609
-1336.7 0.999623
-1336.5 0.999627
-1336.3 0.999632
-1336.1 0.999641
-1335.9 0.999659
-1335.7 0.999673
-1335.5 0.999692
-1335.3 0.999692
-1335.1 0.999692
-1334.9 0.999696
-1334.7 0.999701
-1334.5 0.999701
-1334.3 0.999705
-1334.1 0.99971
-1333.9 0.999719
-1333.7 0.999728
-1333.5 0.999742
-1333.3 0.999747
-1333.1 0.999747
-1332.9 0.999747
-1332.7 0.999751
-1332.5 0.999756
-1332.3 0.999756
-1332.1 0.999756
-1331.9 0.999756
-1331.7 0.999756
-1331.5 0.999756
-1331.3 0.999761
-1331.1 0.999761
-1330.9 0.999761
-1330.7 0.999761
-1330.5 0.999761
-1330.3 0.99977
-1330.1 0.99977
-1329.9 0.999774
-1329.7 0.999774
-1329.5 0.999774
-1329.3 0.999774
-1329.1 0.999774
-1328.9 0.999774
-1328.7 0.999774
-1328.5 0.999774
-1328.3 0.999774
-1328.1 0.999774
-1327.9 0.999779
-1327.7 0.999779
-1327.5 0.999788
-1327.3 0.999788
-1327.1 0.999788
-1326.9 0.999788
-1326.7 0.999788
-1326.5 0.999788
-1326.3 0.999793
-1326.1 0.999793
-1325.9 0.999793
-1325.7 0.999793
-1325.5 0.999793
-1325.3 0.999793
-1325.1 0.999797
-1324.9 0.999802
-1324.7 0.999802
-1324.5 0.999802
-1324.3 0.999802
-1324.1 0.999802
-1323.9 0.999802
-1323.7 0.999802
-1323.5 0.999811
-1323.3 0.999816
-1323.1 0.999816
-1322.9 0.999816
-1322.7 0.999816
-1322.5 0.999816
-1322.3 0.999816
-1322.1 0.999816
-1321.9 0.999816
-1321.7 0.999816
-1321.5 0.99982
-1321.3 0.99982
-1321.1 0.99982
-1320.9 0.99982
-1320.7 0.99982
-1320.5 0.99982
-1320.3 0.99982
-1320.1 0.99982
-1319.9 0.999825
-1319.7 0.999825
-1319.5 0.999825
-1319.3 0.999834
-1319.1 0.999834
-1318.9 0.999839
-1318.7 0.999839
-1318.5 0.999844
-1318.3 0.999844
-1318.1 0.999844
-1317.9 0.999844
-1317.7 0.999853
-1317.5 0.999853
-1317.3 0.999853
-1317.1 0.999853
-1316.9 0.999853
-1316.7 0.999857
-1316.5 0.999862
-1316.3 0.999867
-1316.1 0.999871
-1315.9 0.999871
-1315.7 0.999871
-1315.5 0.999871
-1315.3 0.999871
-1315.1 0.999871
-1314.9 0.999871
-1314.7 0.999871
-1314.5 0.999871
-1314.3 0.999871
-1314.1 0.999871
-1313.9 0.999871
-1313.7 0.999871
-1313.5 0.999871
-1313.3 0.999871
-1313.1 0.999871
-1312.9 0.999876
-1312.7 0.999876
-1312.5 0.999876
-1312.3 0.99988
-1312.1 0.99988
-1311.9 0.99988
-1311.7 0.999885
-1311.5 0.999894
-1311.3 0.999899
-1311.1 0.999899
-1310.9 0.999903
-1310.7 0.999913
-1310.5 0.999917
-1310.3 0.999922
-1310.1 0.999926
-1309.9 0.999926
-1309.7 0.999926
-1309.5 0.999926
-1309.3 0.999926
-1309.1 0.999926
-1308.9 0.999926
-1308.7 0.999926
-1308.5 0.999926
-1308.3 0.999926
-1308.1 0.999931
-1307.9 0.999931
-1307.7 0.999931
-1307.5 0.999931
-1307.3 0.999931
-1307.1 0.999931
-1306.9 0.999931
-1306.7 0.999931
-1306.5 0.999931
-1306.3 0.999936
-1306.1 0.999936
-1305.9 0.999936
-1305.7 0.999936
-1305.5 0.999936
-1305.3 0.999936
-1305.1 0.999936
-1304.9 0.99994
-1304.7 0.99994
-1304.5 0.99994
-1304.3 0.99994
-1304.1 0.999945
-1303.9 0.999949
-1303.7 0.999949
-1303.5 0.999954
-1303.3 0.999959
-1303.1 0.999959
-1302.9 0.999963
-1302.7 0.999963
-1302.5 0.999963
-1302.3 0.999963
-1302.1 0.999968
-1301.9 0.999968
-1301.7 0.999972
-1301.5 0.999972
-1301.3 0.999972
-1301.1 0.999982
-1300.9 0.999986
-1300.7 0.999991
-1300.5 0.999991
-1300.3 0.999995
-1300.1 0.999995
-1299.9 1
