1497
-1599.7 2.9299e-06
-1599.5 2.9299e-06
-1599.3 2.9299e-06
-1599.1 2.9299e-06
-1598.9 2.9299e-06
-1598.7 2.9299e-06
-1598.5 2.9299e-06
-1598.3 2.9299e-06
-1598.1 2.9299e-06
-1597.9 2.9299e-06
-1597.7 2.9299e-06
-1597.5 2.9299e-06
-1597.3 2.9299e-06
-1597.1 2.9299e-06
-1596.9 2.9299e-06
-1596.7 2.9299e-06
-1596.5 2.9299e-06
-1596.3 2.9299e-06
-1596.1 2.9299e-06
-1595.9 2.9299e-06
-1595.7 2.9299e-06
-1595.5 2.9299e-06
-1595.3 2.9299e-06
-1595.1 2.9299e-06
-1594.9 2.9299e-06
-1594.7 5.85979e-06
-1594.5 5.85979e-06
-1594.3 5.85979e-06
-1594.1 5.85979e-06
-1593.9 5.85979e-06
-1593.7 5.85979e-06
-1593.5 5.85979e-06
-1593.3 5.85979e-06
-1593.1 5.85979e-06
-1592.9 5.85979e-06
-1592.7 5.85979e-06
-1592.5 5.85979e-06
-1592.3 5.85979e-06
-1592.1 5.85979e-06
-1591.9 5.85979e-06
-1591.7 5.85979e-06
-1591.5 5.85979e-06
-1591.3 5.85979e-06
-1591.1 5.85979e-06
-1590.9 5.85979e-06
-1590.7 8.78969e-06
-1590.5 8.78969e-06
-1590.3 8.78969e-06
-1590.1 8.78969e-06
-1589.9 1.17196e-05
-1589.7 1.17196e-05
-1589.5 1.17196e-05
-1589.3 1.17196e-05
-1589.1 1.17196e-05
-1588.9 1.17196e-05
-1588.7 1.17196e-05
-1588.5 1.17196e-05
-1588.3 1.17196e-05
-1588.1 1.17196e-05
-1587.9 1.17196e-05
-1587.7 1.17196e-05
-1587.5 1.46495e-05
-1587.3 1.46495e-05
-1587.1 1.46495e-05
-1586.9 1.46495e-05
-1586.7 1.46495e-05
-1586.5 1.46495e-05
-1586.3 1.46495e-05
-1586.1 1.46495e-05
-1585.9 1.46495e-05
-1585.7 1.46495e-05
-1585.5 1.46495e-05
-1585.3 1.46495e-05
-1585.1 1.46495e-05
-1584.9 1.46495e-05
-1584.7 1.46495e-05
-1584.5 1.46495e-05
-1584.3 1.46495e-05
-1584.1 1.46495e-05
-1583.9 1.46495e-05
-1583.7 1.46495e-05
-1583.5 1.46495e-05
-1583.3 1.46495e-05
-1583.1 1.46495e-05
-1582.9 1.46495e-05
-1582.7 1.46495e-05
-1582.5 1.46495e-05
-1582.3 1.46495e-05
-1582.1 1.46495e-05
-1581.9 1.46495e-05
-1581.7 1.46495e-05
-1581.5 1.46495e-05
-1581.3 1.46495e-05
-1581.1 1.46495e-05
-1580.9 1.46495e-05
-1580.7 1.46495e-05
-1580.5 1.46495e-05
-1580.3 1.46495e-05
-1580.1 1.75794e-05
-1579.9 1.75794e-05
-1579.7 1.75794e-05
-1579.5 1.75794e-05
-1579.3 1.75794e-05
-1579.1 1.75794e-05
-1578.9 1.75794e-05
-1578.7 1.75794e-05
-1578.5 1.75794e-05
-1578.3 1.75794e-05
-1578.1 1.75794e-05
-1577.9 1.75794e-05
-1577.7 1.75794e-05
-1577.5 1.75794e-05
-1577.3 1.75794e-05
-1577.1 2.05093e-05
-1576.9 2.05093e-05
-1576.7 2.05093e-05
-1576.5 2.05093e-05
-1576.3 2.05093e-05
-1576.1 2.05093e-05
-1575.9 2.05093e-05
-1575.7 2.05093e-05
-1575.5 2.05093e-05
-1575.3 2.05093e-05
-1575.1 2.05093e-05
-1574.9 2.05093e-05
-1574.7 2.05093e-05
-1574.5 2.05093e-05
-1574.3 2.05093e-05
-1574.1 2.05093e-05
-1573.9 2.05093e-05
-1573.7 2.05093e-05
-1573.5 2.05093e-05
-1573.3 2.05093e-05
-1573.1 2.05093e-05
-1572.9 2.05093e-05
-1572.7 2.05093e-05
-1572.5 2.05093e-05
-1572.3 2.05093e-05
-1572.1 2.05093e-05
-1571.9 2.05093e-05
-1571.7 2.05093e-05
-1571.5 2.05093e-05
-1571.3 2.05093e-05
-1571.1 2.05093e-05
-1570.9 2.34392e-05
-1570.7 2.34392e-05
-1570.5 2.34392e-05
-1570.3 2.34392e-05
-1570.1 2.34392e-05
-1569.9 2.63691e-05
-1569.7 2.63691e-05
-1569.5 2.63691e-05
-1569.3 2.63691e-05
-1569.1 2.63691e-05
-1568.9 2.63691e-05
-1568.7 2.63691e-05
-1568.5 2.9299e-05
-1568.3 2.9299e-05
-1568.1 3.51588e-05
-1567.9 3.80887e-05
-1567.7 4.10185e-05
-1567.5 4.98082e-05
-1567.3 5.85979e-05
-1567.1 5.85979e-05
-1566.9 6.15278e-05
-1566.7 6.73876e-05
-1566.5 7.32474e-05
-1566.3 9.08268e-05
-1566.1 0.000108406
-1565.9 0.000123056
-1565.7 0.000137705
-1565.5 0.000149425
-1565.3 0.000169934
-1565.1 0.000202163
-1564.9 0.000237322
-1564.7 0.00027834
-1564.5 0.000331078
-1564.3 0.000383816
-1564.1 0.000439484
-1563.9 0.000480503
-1563.7 0.000544961
-1563.5 0.000606489
-1563.3 0.000647507
-1563.1 0.000706105
-1562.9 0.000761773
-1562.7 0.000864319
-1562.5 0.000961006
-1562.3 0.0010489
-1562.1 0.00113094
-1561.9 0.001254
-1561.7 0.00135654
-1561.5 0.00145616
-1561.3 0.00158507
-1561.1 0.00174329
-1560.9 0.00186634
-1560.7 0.00201577
-1560.5 0.00215054
-1560.3 0.00228825
-1560.1 0.00244939
-1559.9 0.00258124
-1559.7 0.00273945
-1559.5 0.00291818
-1559.3 0.00311448
-1559.1 0.00326097
-1558.9 0.00346021
-1558.7 0.00361842
-1558.5 0.00380008
-1558.3 0.00399638
-1558.1 0.0041751
-1557.9 0.00439777
-1557.7 0.00465561
-1557.5 0.00488414
-1557.3 0.00509802
-1557.1 0.00540859
-1556.9 0.00562247
-1556.7 0.00583635
-1556.5 0.00607953
-1556.3 0.00633151
-1556.1 0.00666551
-1555.9 0.00694092
-1555.7 0.00728372
-1555.5 0.00757671
-1555.3 0.00787849
-1555.1 0.00819199
-1554.9 0.00855237
-1554.7 0.00896255
-1554.5 0.00933172
-1554.3 0.00968917
-1554.1 0.0101374
-1553.9 0.0105007
-1553.7 0.0108934
-1553.5 0.0113035
-1553.3 0.0117137
-1553.1 0.0121034
-1552.9 0.0125165
-1552.7 0.0129326
-1552.5 0.0133867
-1552.3 0.0138291
-1552.1 0.0143243
-1551.9 0.0147784
-1551.7 0.0153702
-1551.5 0.0158742
-1551.3 0.0164191
-1551.1 0.0169524
-1550.9 0.0175677
-1550.7 0.0181273
-1550.5 0.0186664
-1550.3 0.0192787
-1550.1 0.0198266
-1549.9 0.0205298
-1549.7 0.021148
-1549.5 0.021857
-1549.3 0.0225661
-1549.1 0.0232341
-1548.9 0.0238992
-1548.7 0.0246287
-1548.5 0.0254344
-1548.3 0.026205
-1548.1 0.0270166
-1547.9 0.0277813
-1547.7 0.0285225
-1547.5 0.0293664
-1547.3 0.0301662
-1547.1 0.0309456
-1546.9 0.0317308
-1546.7 0.0325775
-1546.5 0.0334418
-1546.3 0.0342593
-1546.1 0.0350562
-1545.9 0.0359733
-1545.7 0.0368347
-1545.5 0.0377048
-1545.3 0.038616
-1545.1 0.0395653
-1544.9 0.040538
-1544.7 0.041502
-1544.5 0.0425333
-1544.3 0.0435324
-1544.1 0.0446399
-1543.9 0.0457503
-1543.7 0.0466322
-1543.5 0.0476753
-1543.3 0.0486919
-1543.1 0.0495797
-1542.9 0.0506608
-1542.7 0.0517244
-1542.5 0.0527909
-1542.3 0.0537782
-1542.1 0.0549121
-1541.9 0.0559083
-1541.7 0.0569953
-1541.5 0.0580442
-1541.3 0.0591693
-1541.1 0.0602797
-1540.9 0.0614077
-1540.7 0.0624507
-1540.5 0.0636022
-1540.3 0.0647302
-1540.1 0.0658231
-1539.9 0.0669862
-1539.7 0.0682256
-1539.5 0.0693887
-1539.3 0.0705138
-1539.1 0.0715862
-1538.9 0.0726731
-1538.7 0.0738568
-1538.5 0.0749907
-1538.3 0.076192
-1538.1 0.0772672
-1537.9 0.0783747
-1537.7 0.079532
-1537.5 0.0807978
-1537.3 0.0818994
-1537.1 0.082875
-1536.9 0.0840997
-1536.7 0.0853157
-1536.5 0.0864759
-1536.3 0.0876889
-1536.1 0.088688
-1535.9 0.0898218
-1535.7 0.0909733
-1535.5 0.0920515
-1535.3 0.0931707
-1535.1 0.0942753
-1534.9 0.0954648
-1534.7 0.0965899
-1534.5 0.0976886
-1534.3 0.0987668
-1534.1 0.0999388
-1533.9 0.101002
-1533.7 0.102072
-1533.5 0.103235
-1533.3 0.104298
-1533.1 0.10535
-1532.9 0.106385
-1532.7 0.107439
-1532.5 0.108485
-1532.3 0.109563
-1532.1 0.110627
-1531.9 0.11167
-1531.7 0.112681
-1531.5 0.113689
-1531.3 0.114708
-1531.1 0.115705
-1530.9 0.116724
-1530.7 0.117673
-1530.5 0.118588
-1530.3 0.119642
-1530.1 0.120721
-1529.9 0.121679
-1529.7 0.122704
-1529.5 0.123653
-1529.3 0.124579
-1529.1 0.12552
-1528.9 0.126475
-1528.7 0.127509
-1528.5 0.128581
-1528.3 0.129554
-1528.1 0.130521
-1527.9 0.131558
-1527.7 0.132546
-1527.5 0.133483
-1527.3 0.13455
-1527.1 0.135625
-1526.9 0.13668
-1526.7 0.137731
-1526.5 0.13871
-1526.3 0.139844
-1526.1 0.14091
-1525.9 0.141992
-1525.7 0.143128
-1525.5 0.144125
-1525.3 0.14522
-1525.1 0.146375
-1524.9 0.147438
-1524.7 0.148499
-1524.5 0.149589
-1524.3 0.150755
-1524.1 0.151886
-1523.9 0.15302
-1523.7 0.154104
-1523.5 0.155372
-1523.3 0.156495
-1523.1 0.157637
-1522.9 0.158742
-1522.7 0.159928
-1522.5 0.161001
-1522.3 0.162076
-1522.1 0.163222
-1521.9 0.164268
-1521.7 0.165396
-1521.5 0.166468
-1521.3 0.167561
-1521.1 0.168701
-1520.9 0.169732
-1520.7 0.170801
-1520.5 0.171865
-1520.3 0.17289
-1520.1 0.173872
-1519.9 0.174927
-1519.7 0.176014
-1519.5 0.177057
-1519.3 0.178064
-1519.1 0.179031
-1518.9 0.18006
-1518.7 0.18105
-1518.5 0.181996
-1518.3 0.182864
-1518.1 0.183869
-1517.9 0.184789
-1517.7 0.185647
-1517.5 0.186646
-1517.3 0.187628
-1517.1 0.188624
-1516.9 0.189462
-1516.7 0.19032
-1516.5 0.191381
-1516.3 0.192348
-1516.1 0.193177
-1515.9 0.194076
-1515.7 0.194882
-1515.5 0.195743
-1515.3 0.196605
-1515.1 0.197498
-1514.9 0.198278
-1514.7 0.19911
-1514.5 0.199971
-1514.3 0.200748
-1514.1 0.201533
-1513.9 0.202353
-1513.7 0.20313
-1513.5 0.203953
-1513.3 0.204791
-1513.1 0.205582
-1512.9 0.206496
-1512.7 0.207325
-1512.5 0.208119
-1512.3 0.208899
-1512.1 0.209728
-1511.9 0.210437
-1511.7 0.211266
-1511.5 0.212034
-1511.3 0.212807
-1511.1 0.213531
-1510.9 0.214348
-1510.7 0.215084
-1510.5 0.215872
-1510.3 0.216722
-1510.1 0.217533
-1509.9 0.218468
-1509.7 0.219265
-1509.5 0.220029
-1509.3 0.22085
-1509.1 0.221635
-1508.9 0.222502
-1508.7 0.223337
-1508.5 0.224243
-1508.3 0.225174
-1508.1 0.226109
-1507.9 0.227026
-1507.7 0.227934
-1507.5 0.228913
-1507.3 0.229918
-1507.1 0.230984
-1506.9 0.232095
-1506.7 0.233105
-1506.5 0.234195
-1506.3 0.235411
-1506.1 0.236498
-1505.9 0.237638
-1505.7 0.238816
-1505.5 0.239865
-1505.3 0.240981
-1505.1 0.242206
-1504.9 0.243445
-1504.7 0.244617
-1504.5 0.245733
-1504.3 0.246905
-1504.1 0.248156
-1503.9 0.249217
-1503.7 0.250386
-1503.5 0.251385
-1503.3 0.252484
-1503.1 0.253647
-1502.9 0.254734
-1502.7 0.255803
-1502.5 0.25699
-1502.3 0.258015
-1502.1 0.258994
-1501.9 0.260022
-1501.7 0.261048
-1501.5 0.262135
-1501.3 0.263031
-1501.1 0.263946
-1500.9 0.264951
-1500.7 0.265894
-1500.5 0.26684
-1500.3 0.267734
-1500.1 0.268613
-1499.9 0.269559
-1499.7 0.270441
-1499.5 0.271311
-1499.3 0.272179
-1499.1 0.27316
-1498.9 0.274019
-1498.7 0.274906
-1498.5 0.275639
-1498.3 0.276527
-1498.1 0.277332
-1497.9 0.278173
-1497.7 0.27897
-1497.5 0.279764
-1497.3 0.280552
-1497.1 0.281329
-1496.9 0.28214
-1496.7 0.282899
-1496.5 0.283743
-1496.3 0.284516
-1496.1 0.285331
-1495.9 0.286022
-1495.7 0.286787
-1495.5 0.287578
-1495.3 0.288334
-1495.1 0.288982
-1494.9 0.289746
-1494.7 0.290473
-1494.5 0.291267
-1494.3 0.292067
-1494.1 0.29284
-1493.9 0.29352
-1493.7 0.294293
-1493.5 0.295
-1493.3 0.295852
-1493.1 0.296643
-1492.9 0.297376
-1492.7 0.298102
-1492.5 0.298861
-1492.3 0.299623
-1492.1 0.300417
-1491.9 0.301267
-1491.7 0.302093
-1491.5 0.30294
-1491.3 0.30381
-1491.1 0.304654
-1490.9 0.305571
-1490.7 0.306391
-1490.5 0.307293
-1490.3 0.308228
-1490.1 0.309104
-1489.9 0.310071
-1489.7 0.31095
-1489.5 0.311791
-1489.3 0.312717
-1489.1 0.313613
-1488.9 0.314469
-1488.7 0.315459
-1488.5 0.316361
-1488.3 0.317378
-1488.1 0.318289
-1487.9 0.319242
-1487.7 0.320211
-1487.5 0.321178
-1487.3 0.32211
-1487.1 0.323141
-1486.9 0.324249
-1486.7 0.325218
-1486.5 0.326241
-1486.3 0.327243
-1486.1 0.328204
-1485.9 0.329194
-1485.7 0.330252
-1485.5 0.331219
-1485.3 0.3322
-1485.1 0.333179
-1484.9 0.33402
-1484.7 0.335075
-1484.5 0.336044
-1484.3 0.336944
-1484.1 0.337876
-1483.9 0.338822
-1483.7 0.339719
-1483.5 0.340691
-1483.3 0.341597
-1483.1 0.342578
-1482.9 0.343548
-1482.7 0.344362
-1482.5 0.34525
-1482.3 0.346132
-1482.1 0.347064
-1481.9 0.348028
-1481.7 0.348945
-1481.5 0.349759
-1481.3 0.350659
-1481.1 0.351511
-1480.9 0.352487
-1480.7 0.353351
-1480.5 0.354148
-1480.3 0.355027
-1480.1 0.355956
-1479.9 0.356779
-1479.7 0.357532
-1479.5 0.358441
-1479.3 0.359281
-1479.1 0.360116
-1478.9 0.360993
-1478.7 0.361877
-1478.5 0.36278
-1478.3 0.363624
-1478.1 0.364462
-1477.9 0.365258
-1477.7 0.366108
-1477.5 0.367022
-1477.3 0.367799
-1477.1 0.368575
-1476.9 0.369504
-1476.7 0.370248
-1476.5 0.371101
-1476.3 0.371889
-1476.1 0.372695
-1475.9 0.373509
-1475.7 0.374338
-1475.5 0.375074
-1475.3 0.375873
-1475.1 0.376688
-1474.9 0.377467
-1474.7 0.378212
-1474.5 0.3789
-1474.3 0.379621
-1474.1 0.380427
-1473.9 0.381314
-1473.7 0.382176
-1473.5 0.382943
-1473.3 0.383784
-1473.1 0.384602
-1472.9 0.385407
-1472.7 0.386257
-1472.5 0.387133
-1472.3 0.387965
-1472.1 0.388794
-1471.9 0.389694
-1471.7 0.39062
-1471.5 0.39151
-1471.3 0.392436
-1471.1 0.39335
-1470.9 0.394282
-1470.7 0.395255
-1470.5 0.396222
-1470.3 0.397241
-1470.1 0.398202
-1469.9 0.399213
-1469.7 0.400183
-1469.5 0.401238
-1469.3 0.402292
-1469.1 0.403435
-1468.9 0.404578
-1468.7 0.405767
-1468.5 0.406889
-1468.3 0.407944
-1468.1 0.40911
-1467.9 0.410153
-1467.7 0.41129
-1467.5 0.412286
-1467.3 0.413323
-1467.1 0.414364
-1466.9 0.415412
-1466.7 0.416391
-1466.5 0.417396
-1466.3 0.418322
-1466.1 0.419221
-1465.9 0.420132
-1465.7 0.421085
-1465.5 0.421899
-1465.3 0.422805
-1465.1 0.423704
-1464.9 0.424533
-1464.7 0.425409
-1464.5 0.426271
-1464.3 0.427153
-1464.1 0.427955
-1463.9 0.428887
-1463.7 0.429696
-1463.5 0.430522
-1463.3 0.431287
-1463.1 0.432051
-1462.9 0.432813
-1462.7 0.433625
-1462.5 0.434357
-1462.3 0.435046
-1462.1 0.435816
-1461.9 0.436575
-1461.7 0.43736
-1461.5 0.438061
-1461.3 0.438819
-1461.1 0.439587
-1460.9 0.440422
-1460.7 0.441172
-1460.5 0.441984
-1460.3 0.442769
-1460.1 0.443607
-1459.9 0.444418
-1459.7 0.445239
-1459.5 0.44603
-1459.3 0.446932
-1459.1 0.447715
-1458.9 0.448637
-1458.7 0.449411
-1458.5 0.45022
-1458.3 0.451075
-1458.1 0.451963
-1457.9 0.45281
-1457.7 0.45373
-1457.5 0.454579
-1457.3 0.455438
-1457.1 0.456328
-1456.9 0.457231
-1456.7 0.458104
-1456.5 0.458989
-1456.3 0.459959
-1456.1 0.460846
-1455.9 0.46169
-1455.7 0.462663
-1455.5 0.463674
-1455.3 0.464579
-1455.1 0.465499
-1454.9 0.466454
-1454.7 0.467471
-1454.5 0.468446
-1454.3 0.469457
-1454.1 0.470421
-1453.9 0.471441
-1453.7 0.472478
-1453.5 0.473451
-1453.3 0.474385
-1453.1 0.475349
-1452.9 0.476384
-1452.7 0.477386
-1452.5 0.478323
-1452.3 0.479346
-1452.1 0.480342
-1451.9 0.481241
-1451.7 0.482255
-1451.5 0.483269
-1451.3 0.484221
-1451.1 0.485153
-1450.9 0.486175
-1450.7 0.487174
-1450.5 0.48808
-1450.3 0.489061
-1450.1 0.489955
-1449.9 0.490916
-1449.7 0.491862
-1449.5 0.492691
-1449.3 0.493518
-1449.1 0.494476
-1448.9 0.495334
-1448.7 0.496242
-1448.5 0.497218
-1448.3 0.498208
-1448.1 0.499114
-1447.9 0.499955
-1447.7 0.500772
-1447.5 0.501689
-1447.3 0.502474
-1447.1 0.503344
-1446.9 0.504121
-1446.7 0.504894
-1446.5 0.505735
-1446.3 0.506556
-1446.1 0.507367
-1445.9 0.508234
-1445.7 0.509028
-1445.5 0.509916
-1445.3 0.510719
-1445.1 0.511534
-1444.9 0.512313
-1444.7 0.513186
-1444.5 0.513948
-1444.3 0.514879
-1444.1 0.515685
-1443.9 0.516555
-1443.7 0.517408
-1443.5 0.518334
-1443.3 0.519049
-1443.1 0.519901
-1442.9 0.52071
-1442.7 0.521542
-1442.5 0.522374
-1442.3 0.523192
-1442.1 0.523918
-1441.9 0.524736
-1441.7 0.525577
-1441.5 0.526414
-1441.3 0.527334
-1441.1 0.528193
-1440.9 0.529075
-1440.7 0.529895
-1440.5 0.530812
-1440.3 0.531624
-1440.1 0.532532
-1439.9 0.533455
-1439.7 0.534296
-1439.5 0.535172
-1439.3 0.536057
-1439.1 0.537009
-1438.9 0.537844
-1438.7 0.538714
-1438.5 0.539646
-1438.3 0.540563
-1438.1 0.541401
-1437.9 0.542359
-1437.7 0.543229
-1437.5 0.544117
-1437.3 0.545043
-1437.1 0.545992
-1436.9 0.546859
-1436.7 0.547773
-1436.5 0.548702
-1436.3 0.549631
-1436.1 0.550563
-1435.9 0.551465
-1435.7 0.552467
-1435.5 0.553387
-1435.3 0.554231
-1435.1 0.55513
-1434.9 0.55605
-1434.7 0.556997
-1434.5 0.55789
-1434.3 0.558828
-1434.1 0.559707
-1433.9 0.560603
-1433.7 0.56155
-1433.5 0.56242
-1433.3 0.563328
-1433.1 0.564263
-1432.9 0.565127
-1432.7 0.56598
-1432.5 0.566853
-1432.3 0.5677
-1432.1 0.568623
-1431.9 0.569616
-1431.7 0.570524
-1431.5 0.571605
-1431.3 0.572537
-1431.1 0.573404
-1430.9 0.574251
-1430.7 0.575024
-1430.5 0.575927
-1430.3 0.576853
-1430.1 0.577699
-1429.9 0.578611
-1429.7 0.57958
-1429.5 0.580398
-1429.3 0.581376
-1429.1 0.582235
-1428.9 0.583167
-1428.7 0.584005
-1428.5 0.58484
-1428.3 0.585634
-1428.1 0.586515
-1427.9 0.587424
-1427.7 0.588314
-1427.5 0.589261
-1427.3 0.590231
-1427.1 0.591083
-1426.9 0.591965
-1426.7 0.592938
-1426.5 0.593793
-1426.3 0.594675
-1426.1 0.595487
-1425.9 0.596407
-1425.7 0.597324
-1425.5 0.598156
-1425.3 0.598991
-1425.1 0.599896
-1424.9 0.600679
-1424.7 0.601464
-1424.5 0.602343
-1424.3 0.603187
-1424.1 0.604016
-1423.9 0.604944
-1423.7 0.605885
-1423.5 0.606711
-1423.3 0.60769
-1423.1 0.608642
-1422.9 0.609483
-1422.7 0.610262
-1422.5 0.611077
-1422.3 0.612008
-1422.1 0.612817
-1421.9 0.613699
-1421.7 0.614531
-1421.5 0.615513
-1421.3 0.616345
-1421.1 0.617104
-1420.9 0.618044
-1420.7 0.618873
-1420.5 0.619787
-1420.3 0.620614
-1420.1 0.621478
-1419.9 0.622333
-1419.7 0.623265
-1419.5 0.624165
-1419.3 0.625032
-1419.1 0.625972
-1418.9 0.626863
-1418.7 0.627719
-1418.5 0.628636
-1418.3 0.629468
-1418.1 0.630303
-1417.9 0.631232
-1417.7 0.632093
-1417.5 0.632969
-1417.3 0.63388
-1417.1 0.634838
-1416.9 0.635711
-1416.7 0.636579
-1416.5 0.637458
-1416.3 0.638366
-1416.1 0.63928
-1415.9 0.640039
-1415.7 0.640868
-1415.5 0.641732
-1415.3 0.6426
-1415.1 0.643335
-1414.9 0.644179
-1414.7 0.645064
-1414.5 0.646033
-1414.3 0.646848
-1414.1 0.64778
-1413.9 0.648723
-1413.7 0.649617
-1413.5 0.650481
-1413.3 0.651372
-1413.1 0.65221
-1412.9 0.653121
-1412.7 0.65397
-1412.5 0.654864
-1412.3 0.655775
-1412.1 0.656695
-1411.9 0.657583
-1411.7 0.65843
-1411.5 0.659376
-1411.3 0.660334
-1411.1 0.661275
-1410.9 0.66213
-1410.7 0.663118
-1410.5 0.663956
-1410.3 0.664779
-1410.1 0.665661
-1409.9 0.66649
-1409.7 0.667392
-1409.5 0.668295
-1409.3 0.669159
-1409.1 0.670059
-1408.9 0.670984
-1408.7 0.67194
-1408.5 0.672865
-1408.3 0.6738
-1408.1 0.674699
-1407.9 0.675649
-1407.7 0.676595
-1407.5 0.677512
-1407.3 0.6785
-1407.1 0.679373
-1406.9 0.680243
-1406.7 0.681092
-1406.5 0.682097
-1406.3 0.682991
-1406.1 0.683844
-1405.9 0.684813
-1405.7 0.685669
-1405.5 0.686554
-1405.3 0.687442
-1405.1 0.688215
-1404.9 0.689173
-1404.7 0.69004
-1404.5 0.690837
-1404.3 0.691754
-1404.1 0.692666
-1403.9 0.693603
-1403.7 0.69455
-1403.5 0.69544
-1403.3 0.696322
-1403.1 0.697125
-1402.9 0.698016
-1402.7 0.698877
-1402.5 0.699776
-1402.3 0.700667
-1402.1 0.701587
-1401.9 0.702528
-1401.7 0.703319
-1401.5 0.704145
-1401.3 0.704904
-1401.1 0.705774
-1400.9 0.706659
-1400.7 0.70747
-1400.5 0.708355
-1400.3 0.709132
-1400.1 0.70992
-1399.9 0.710746
-1399.7 0.711531
-1399.5 0.712416
-1399.3 0.713122
-1399.1 0.713937
-1398.9 0.714754
-1398.7 0.715624
-1398.5 0.71648
-1398.3 0.717203
-1398.1 0.718033
-1397.9 0.718871
-1397.7 0.719714
-1397.5 0.720573
-1397.3 0.721408
-1397.1 0.722228
-1396.9 0.723098
-1396.7 0.723931
-1396.5 0.724704
-1396.3 0.725571
-1396.1 0.726377
-1395.9 0.727221
-1395.7 0.728109
-1395.5 0.728996
-1395.3 0.729884
-1395.1 0.73088
-1394.9 0.731791
-1394.7 0.732726
-1394.5 0.733637
-1394.3 0.734534
-1394.1 0.73546
-1393.9 0.736397
-1393.7 0.737185
-1393.5 0.737947
-1393.3 0.738841
-1393.1 0.739764
-1392.9 0.740701
-1392.7 0.741595
-1392.5 0.742509
-1392.3 0.743394
-1392.1 0.744211
-1391.9 0.745099
-1391.7 0.745998
-1391.5 0.746792
-1391.3 0.747789
-1391.1 0.748638
-1390.9 0.749459
-1390.7 0.750358
-1390.5 0.751234
-1390.3 0.752096
-1390.1 0.752989
-1389.9 0.753874
-1389.7 0.75482
-1389.5 0.755664
-1389.3 0.756578
-1389.1 0.757492
-1388.9 0.75838
-1388.7 0.759233
-1388.5 0.760208
-1388.3 0.761073
-1388.1 0.761922
-1387.9 0.762778
-1387.7 0.76359
-1387.5 0.764395
-1387.3 0.765307
-1387.1 0.766212
-1386.9 0.766977
-1386.7 0.767888
-1386.5 0.768732
-1386.3 0.769695
-1386.1 0.770504
-1385.9 0.77136
-1385.7 0.772253
-1385.5 0.77315
-1385.3 0.774041
-1385.1 0.77487
-1384.9 0.775851
-1384.7 0.776874
-1384.5 0.777782
-1384.3 0.778676
-1384.1 0.779578
-1383.9 0.78046
-1383.7 0.78133
-1383.5 0.782253
-1383.3 0.78315
-1383.1 0.784075
-1382.9 0.784969
-1382.7 0.785877
-1382.5 0.786756
-1382.3 0.787741
-1382.1 0.788746
-1381.9 0.789636
-1381.7 0.790524
-1381.5 0.791429
-1381.3 0.792311
-1381.1 0.793158
-1380.9 0.794043
-1380.7 0.794881
-1380.5 0.795854
-1380.3 0.796747
-1380.1 0.79774
-1379.9 0.798704
-1379.7 0.799604
-1379.5 0.800547
-1379.3 0.801497
-1379.1 0.802487
-1378.9 0.803354
-1378.7 0.804242
-1378.5 0.805138
-1378.3 0.805994
-1378.1 0.80687
-1377.9 0.807737
-1377.7 0.808648
-1377.5 0.80953
-1377.3 0.810336
-1377.1 0.811224
-1376.9 0.812103
-1376.7 0.812944
-1376.5 0.813755
-1376.3 0.814707
-1376.1 0.815519
-1375.9 0.816395
-1375.7 0.817192
-1375.5 0.817986
-1375.3 0.818918
-1375.1 0.819826
-1374.9 0.820734
-1374.7 0.821581
-1374.5 0.82246
-1374.3 0.823295
-1374.1 0.824124
-1373.9 0.824959
-1373.7 0.825783
-1373.5 0.826579
-1373.3 0.827435
-1373.1 0.8282
-1372.9 0.828979
-1372.7 0.829761
-1372.5 0.830629
-1372.3 0.831478
-1372.1 0.832395
-1371.9 0.83326
-1371.7 0.834024
-1371.5 0.834886
-1371.3 0.835762
-1371.1 0.836553
-1370.9 0.837467
-1370.7 0.838191
-1370.5 0.839078
-1370.3 0.839872
-1370.1 0.840608
-1369.9 0.84134
-1369.7 0.842161
-1369.5 0.842978
-1369.3 0.843854
-1369.1 0.844651
-1368.9 0.84546
-1368.7 0.84633
-1368.5 0.847188
-1368.3 0.847991
-1368.1 0.848858
-1367.9 0.849726
-1367.7 0.850672
-1367.5 0.851486
-1367.3 0.852269
-1367.1 0.853189
-1366.9 0.854123
-1366.7 0.854996
-1366.5 0.855741
-1366.3 0.856573
-1366.1 0.857458
-1365.9 0.858301
-1365.7 0.859192
-1365.5 0.860059
-1365.3 0.860941
-1365.1 0.861773
-1364.9 0.862614
-1364.7 0.86354
-1364.5 0.864469
-1364.3 0.865304
-1364.1 0.866101
-1363.9 0.866965
-1363.7 0.867788
-1363.5 0.868626
-1363.3 0.869558
-1363.1 0.870481
-1362.9 0.871439
-1362.7 0.872289
-1362.5 0.873094
-1362.3 0.873962
-1362.1 0.874797
-1361.9 0.875746
-1361.7 0.876572
-1361.5 0.877428
-1361.3 0.878286
-1361.1 0.879071
-1360.9 0.87998
-1360.7 0.880815
-1360.5 0.881673
-1360.3 0.882502
-1360.1 0.883296
-1359.9 0.884073
-1359.7 0.884975
-1359.5 0.88586
-1359.3 0.886686
-1359.1 0.887618
-1358.9 0.888353
-1358.7 0.889221
-1358.5 0.89007
-1358.3 0.890973
-1358.1 0.891799
-1357.9 0.892652
-1357.7 0.893466
-1357.5 0.89426
-1357.3 0.895107
-1357.1 0.895907
-1356.9 0.896753
-1356.7 0.897501
-1356.5 0.898253
-1356.3 0.899036
-1356.1 0.899894
-1355.9 0.900715
-1355.7 0.901538
-1355.5 0.902326
-1355.3 0.903141
-1355.1 0.903891
-1354.9 0.904773
-1354.7 0.905719
-1354.5 0.906536
-1354.3 0.907336
-1354.1 0.908142
-1353.9 0.908948
-1353.7 0.909721
-1353.5 0.910585
-1353.3 0.911418
-1353.1 0.912214
-1352.9 0.912988
-1352.7 0.913846
-1352.5 0.914632
-1352.3 0.915461
-1352.1 0.916272
-1351.9 0.917189
-1351.7 0.917969
-1351.5 0.918792
-1351.3 0.919519
-1351.1 0.920266
-1350.9 0.921045
-1350.7 0.921971
-1350.5 0.922806
-1350.3 0.923538
-1350.1 0.924456
-1349.9 0.92532
-1349.7 0.926108
-1349.5 0.926981
-1349.3 0.927787
-1349.1 0.928645
-1348.9 0.929413
-1348.7 0.930198
-1348.5 0.930995
-1348.3 0.93181
-1348.1 0.932665
-1347.9 0.933541
-1347.7 0.934373
-1347.5 0.935158
-1347.3 0.936008
-1347.1 0.93687
-1346.9 0.937722
-1346.7 0.938452
-1346.5 0.93929
-1346.3 0.940078
-1346.1 0.940939
-1345.9 0.941833
-1345.7 0.942624
-1345.5 0.943356
-1345.3 0.944147
-1345.1 0.944947
-1344.9 0.945768
-1344.7 0.946611
-1344.5 0.947309
-1344.3 0.948032
-1344.1 0.948885
-1343.9 0.949691
-1343.7 0.95047
-1343.5 0.951334
-1343.3 0.95214
-1343.1 0.952975
-1342.9 0.953731
-1342.7 0.954604
-1342.5 0.955369
-1342.3 0.956195
-1342.1 0.957024
-1341.9 0.957833
-1341.7 0.958568
-1341.5 0.95943
-1341.3 0.960259
-1341.1 0.960974
-1340.9 0.961744
-1340.7 0.9625
-1340.5 0.963168
-1340.3 0.963918
-1340.1 0.964692
-1339.9 0.965392
-1339.7 0.966189
-1339.5 0.966845
-1339.3 0.967528
-1339.1 0.968181
-1338.9 0.968934
-1338.7 0.969635
-1338.5 0.970247
-1338.3 0.97093
-1338.1 0.971595
-1337.9 0.972245
-1337.7 0.972834
-1337.5 0.973479
-1337.3 0.974155
-1337.1 0.974759
-1336.9 0.975357
-1336.7 0.976016
-1336.5 0.976608
-1336.3 0.977153
-1336.1 0.977759
-1335.9 0.978313
-1335.7 0.978896
-1335.5 0.979412
-1335.3 0.979968
-1335.1 0.980484
-1334.9 0.980976
-1334.7 0.981419
-1334.5 0.981961
-1334.3 0.982406
-1334.1 0.982884
-1333.9 0.983303
-1333.7 0.983774
-1333.5 0.984187
-1333.3 0.984627
-1333.1 0.985052
-1332.9 0.985526
-1332.7 0.985893
-1332.5 0.986238
-1332.3 0.986578
-1332.1 0.986971
-1331.9 0.987369
-1331.7 0.987771
-1331.5 0.988149
-1331.3 0.988582
-1331.1 0.988946
-1330.9 0.989268
-1330.7 0.989572
-1330.5 0.989883
-1330.3 0.990258
-1330.1 0.99061
-1329.9 0.990947
-1329.7 0.991196
-1329.5 0.991483
-1329.3 0.991785
-1329.1 0.992025
-1328.9 0.992312
-1328.7 0.992658
-1328.5 0.992904
-1328.3 0.993209
-1328.1 0.993417
-1327.9 0.993674
-1327.7 0.993909
-1327.5 0.994108
-1327.3 0.994354
-1327.1 0.994571
-1326.9 0.99475
-1326.7 0.994908
-1326.5 0.995092
-1326.3 0.995298
-1326.1 0.995479
-1325.9 0.995687
-1325.7 0.995822
-1325.5 0.995966
-1325.3 0.996121
-1325.1 0.996256
-1324.9 0.996408
-1324.7 0.996543
-1324.5 0.996719
-1324.3 0.996847
-1324.1 0.997032
-1323.9 0.997132
-1323.7 0.997255
-1323.5 0.997378
-1323.3 0.997504
-1323.1 0.997609
-1322.9 0.997688
-1322.7 0.997785
-1322.5 0.997905
-1322.3 0.997987
-1322.1 0.998072
-1321.9 0.998137
-1321.7 0.998204
-1321.5 0.998289
-1321.3 0.998389
-1321.1 0.998479
-1320.9 0.998547
-1320.7 0.998626
-1320.5 0.998676
-1320.3 0.998734
-1320.1 0.998775
-1319.9 0.998831
-1319.7 0.998863
-1319.5 0.998934
-1319.3 0.999004
-1319.1 0.999068
-1318.9 0.999106
-1318.7 0.999162
-1318.5 0.9992
-1318.3 0.999229
-1318.1 0.999288
-1317.9 0.999326
-1317.7 0.999364
-1317.5 0.999399
-1317.3 0.999414
-1317.1 0.999443
-1316.9 0.999467
-1316.7 0.999481
-1316.5 0.999496
-1316.3 0.999522
-1316.1 0.999552
-1315.9 0.999566
-1315.7 0.999593
-1315.5 0.999622
-1315.3 0.999634
-1315.1 0.999651
-1314.9 0.999678
-1314.7 0.999687
-1314.5 0.999704
-1314.3 0.999707
-1314.1 0.999719
-1313.9 0.99973
-1313.7 0.999751
-1313.5 0.999763
-1313.3 0.999769
-1313.1 0.999777
-1312.9 0.999795
-1312.7 0.999807
-1312.5 0.999807
-1312.3 0.999821
-1312.1 0.99983
-1311.9 0.999833
-1311.7 0.999845
-1311.5 0.999862
-1311.3 0.999874
-1311.1 0.999886
-1310.9 0.999892
-1310.7 0.999895
-1310.5 0.9999
-1310.3 0.999903
-1310.1 0.999918
-1309.9 0.999921
-1309.7 0.99993
-1309.5 0.99993
-1309.3 0.99993
-1309.1 0.999936
-1308.9 0.999938
-1308.7 0.999944
-1308.5 0.999947
-1308.3 0.999947
-1308.1 0.999959
-1307.9 0.999959
-1307.7 0.999959
-1307.5 0.999962
-1307.3 0.999962
-1307.1 0.999965
-1306.9 0.999968
-1306.7 0.999968
-1306.5 0.999968
-1306.3 0.999971
-1306.1 0.999971
-1305.9 0.999974
-1305.7 0.999974
-1305.5 0.999977
-1305.3 0.999977
-1305.1 0.999977
-1304.9 0.999977
-1304.7 0.999979
-1304.5 0.999982
-1304.3 0.999985
-1304.1 0.999985
-1303.9 0.999985
-1303.7 0.999985
-1303.5 0.999985
-1303.3 0.999985
-1303.1 0.999988
-1302.9 0.999991
-1302.7 0.999991
-1302.5 0.999991
-1302.3 0.999991
-1302.1 0.999991
-1301.9 0.999991
-1301.7 0.999991
-1301.5 0.999991
-1301.3 0.999994
-1301.1 0.999994
-1300.9 0.999997
-1300.7 0.999997
-1300.5 1
