-1599.9 0
-1599.7 1
-1599.5 1
-1599.3 3
-1599.1 0
-1598.9 0
-1598.7 2
-1598.5 1
-1598.3 1
-1598.1 2
-1597.9 2
-1597.7 1
-1597.5 0
-1597.3 1
-1597.1 0
-1596.9 1
-1596.7 1
-1596.5 0
-1596.3 0
-1596.1 0
-1595.9 1
-1595.7 1
-1595.5 0
-1595.3 1
-1595.1 1
-1594.9 0
-1594.7 1
-1594.5 2
-1594.3 0
-1594.1 2
-1593.9 1
-1593.7 1
-1593.5 2
-1593.3 1
-1593.1 1
-1592.9 2
-1592.7 2
-1592.5 0
-1592.3 1
-1592.1 0
-1591.9 1
-1591.7 1
-1591.5 1
-1591.3 2
-1591.1 2
-1590.9 4
-1590.7 6
-1590.5 0
-1590.3 0
-1590.1 2
-1589.9 0
-1589.7 1
-1589.5 0
-1589.3 0
-1589.1 1
-1588.9 1
-1588.7 3
-1588.5 2
-1588.3 2
-1588.1 1
-1587.9 3
-1587.7 2
-1587.5 2
-1587.3 1
-1587.1 1
-1586.9 1
-1586.7 0
-1586.5 1
-1586.3 2
-1586.1 2
-1585.9 2
-1585.7 1
-1585.5 0
-1585.3 1
-1585.1 0
-1584.9 1
-1584.7 1
-1584.5 0
-1584.3 1
-1584.1 2
-1583.9 2
-1583.7 1
-1583.5 1
-1583.3 1
-1583.1 0
-1582.9 3
-1582.7 2
-1582.5 1
-1582.3 0
-1582.1 2
-1581.9 1
-1581.7 1
-1581.5 0
-1581.3 2
-1581.1 1
-1580.9 0
-1580.7 1
-1580.5 1
-1580.3 1
-1580.1 0
-1579.9 2
-1579.7 1
-1579.5 0
-1579.3 1
-1579.1 1
-1578.9 0
-1578.7 2
-1578.5 2
-1578.3 0
-1578.1 1
-1577.9 1
-1577.7 0
-1577.5 1
-1577.3 0
-1577.1 2
-1576.9 3
-1576.7 2
-1576.5 0
-1576.3 2
-1576.1 1
-1575.9 2
-1575.7 0
-1575.5 1
-1575.3 0
-1575.1 2
-1574.9 2
-1574.7 1
-1574.5 3
-1574.3 1
-1574.1 0
-1573.9 6
-1573.7 0
-1573.5 2
-1573.3 5
-1573.1 1
-1572.9 3
-1572.7 0
-1572.5 2
-1572.3 0
-1572.1 3
-1571.9 5
-1571.7 4
-1571.5 3
-1571.3 11
-1571.1 9
-1570.9 7
-1570.7 15
-1570.5 9
-1570.3 15
-1570.1 26
-1569.9 24
-1569.7 29
-1569.5 33
-1569.3 39
-1569.1 48
-1568.9 46
-1568.7 60
-1568.5 50
-1568.3 56
-1568.1 50
-1567.9 79
-1567.7 83
-1567.5 71
-1567.3 92
-1567.1 93
-1566.9 91
-1566.7 107
-1566.5 118
-1566.3 118
-1566.1 125
-1565.9 133
-1565.7 170
-1565.5 178
-1565.3 181
-1565.1 182
-1564.9 212
-1564.7 212
-1564.5 255
-1564.3 247
-1564.1 260
-1563.9 275
-1563.7 297
-1563.5 323
-1563.3 329
-1563.1 329
-1562.9 365
-1562.7 372
-1562.5 367
-1562.3 454
-1562.1 398
-1561.9 437
-1561.7 422
-1561.5 458
-1561.3 467
-1561.1 470
-1560.9 479
-1560.7 516
-1560.5 472
-1560.3 521
-1560.1 497
-1559.9 548
-1559.7 543
-1559.5 569
-1559.3 522
-1559.1 542
-1558.9 523
-1558.7 572
-1558.5 591
-1558.3 567
-1558.1 574
-1557.9 582
-1557.7 571
-1557.5 586
-1557.3 564
-1557.1 582
-1556.9 594
-1556.7 575
-1556.5 584
-1556.3 570
-1556.1 560
-1555.9 547
-1555.7 576
-1555.5 535
-1555.3 525
-1555.1 525
-1554.9 532
-1554.7 532
-1554.5 525
-1554.3 559
-1554.1 456
-1553.9 542
-1553.7 547
-1553.5 535
-1553.3 489
-1553.1 490
-1552.9 530
-1552.7 469
-1552.5 497
-1552.3 472
-1552.1 466
-1551.9 475
-1551.7 482
-1551.5 484
-1551.3 480
-1551.1 449
-1550.9 468
-1550.7 467
-1550.5 481
-1550.3 444
-1550.1 457
-1549.9 466
-1549.7 417
-1549.5 423
-1549.3 431
-1549.1 416
-1548.9 406
-1548.7 411
-1548.5 450
-1548.3 408
-1548.1 440
-1547.9 433
-1547.7 411
-1547.5 433
-1547.3 377
-1547.1 411
-1546.9 406
-1546.7 406
-1546.5 397
-1546.3 423
-1546.1 409
-1545.9 356
-1545.7 366
-1545.5 370
-1545.3 399
-1545.1 376
-1544.9 406
-1544.7 373
-1544.5 352
-1544.3 374
-1544.1 382
-1543.9 323
-1543.7 374
-1543.5 393
-1543.3 377
-1543.1 331
-1542.9 367
-1542.7 351
-1542.5 343
-1542.3 357
-1542.1 372
-1541.9 342
-1541.7 360
-1541.5 359
-1541.3 357
-1541.1 330
-1540.9 393
-1540.7 337
-1540.5 326
-1540.3 366
-1540.1 315
-1539.9 364
-1539.7 347
-1539.5 376
-1539.3 345
-1539.1 335
-1538.9 357
-1538.7 365
-1538.5 341
-1538.3 371
-1538.1 365
-1537.9 372
-1537.7 351
-1537.5 371
-1537.3 321
-1537.1 362
-1536.9 371
-1536.7 325
-1536.5 322
-1536.3 382
-1536.1 366
-1535.9 358
-1535.7 349
-1535.5 341
-1535.3 343
-1535.1 352
-1534.9 344
-1534.7 341
-1534.5 356
-1534.3 377
-1534.1 367
-1533.9 346
-1533.7 315
-1533.5 345
-1533.3 321
-1533.1 339
-1532.9 324
-1532.7 344
-1532.5 317
-1532.3 312
-1532.1 358
-1531.9 346
-1531.7 358
-1531.5 342
-1531.3 321
-1531.1 381
-1530.9 321
-1530.7 325
-1530.5 331
-1530.3 325
-1530.1 334
-1529.9 345
-1529.7 317
-1529.5 334
-1529.3 341
-1529.1 327
-1528.9 340
-1528.7 337
-1528.5 323
-1528.3 323
-1528.1 370
-1527.9 298
-1527.7 338
-1527.5 333
-1527.3 317
-1527.1 368
-1526.9 357
-1526.7 316
-1526.5 332
-1526.3 319
-1526.1 337
-1525.9 349
-1525.7 315
-1525.5 328
-1525.3 323
-1525.1 306
-1524.9 337
-1524.7 339
-1524.5 372
-1524.3 375
-1524.1 312
-1523.9 336
-1523.7 312
-1523.5 308
-1523.3 323
-1523.1 323
-1522.9 338
-1522.7 341
-1522.5 308
-1522.3 335
-1522.1 330
-1521.9 335
-1521.7 350
-1521.5 344
-1521.3 338
-1521.1 323
-1520.9 335
-1520.7 352
-1520.5 341
-1520.3 296
-1520.1 354
-1519.9 336
-1519.7 299
-1519.5 329
-1519.3 312
-1519.1 314
-1518.9 339
-1518.7 340
-1518.5 352
-1518.3 304
-1518.1 313
-1517.9 315
-1517.7 300
-1517.5 298
-1517.3 347
-1517.1 288
-1516.9 296
-1516.7 328
-1516.5 295
-1516.3 347
-1516.1 336
-1515.9 351
-1515.7 334
-1515.5 318
-1515.3 327
-1515.1 328
-1514.9 304
-1514.7 354
-1514.5 325
-1514.3 315
-1514.1 316
-1513.9 310
-1513.7 341
-1513.5 310
-1513.3 309
-1513.1 310
-1512.9 309
-1512.7 351
-1512.5 320
-1512.3 295
-1512.1 334
-1511.9 313
-1511.7 316
-1511.5 319
-1511.3 323
-1511.1 331
-1510.9 342
-1510.7 329
-1510.5 350
-1510.3 349
-1510.1 332
-1509.9 301
-1509.7 303
-1509.5 305
-1509.3 329
-1509.1 325
-1508.9 329
-1508.7 328
-1508.5 311
-1508.3 320
-1508.1 309
-1507.9 342
-1507.7 347
-1507.5 319
-1507.3 347
-1507.1 350
-1506.9 318
-1506.7 343
-1506.5 353
-1506.3 300
-1506.1 309
-1505.9 373
-1505.7 351
-1505.5 373
-1505.3 355
-1505.1 362
-1504.9 333
-1504.7 342
-1504.5 367
-1504.3 336
-1504.1 331
-1503.9 341
-1503.7 382
-1503.5 336
-1503.3 340
-1503.1 327
-1502.9 345
-1502.7 336
-1502.5 353
-1502.3 289
-1502.1 350
-1501.9 340
-1501.7 329
-1501.5 325
-1501.3 359
-1501.1 337
-1500.9 321
-1500.7 348
-1500.5 338
-1500.3 317
-1500.1 334
-1499.9 302
-1499.7 310
-1499.5 311
-1499.3 348
-1499.1 328
-1498.9 306
-1498.7 299
-1498.5 362
-1498.3 302
-1498.1 324
-1497.9 316
-1497.7 328
-1497.5 302
-1497.3 333
-1497.1 344
-1496.9 322
-1496.7 337
-1496.5 290
-1496.3 321
-1496.1 316
-1495.9 344
-1495.7 327
-1495.5 319
-1495.3 358
-1495.1 350
-1494.9 330
-1494.7 304
-1494.5 336
-1494.3 353
-1494.1 335
-1493.9 352
-1493.7 300
-1493.5 332
-1493.3 336
-1493.1 369
-1492.9 342
-1492.7 412
-1492.5 303
-1492.3 362
-1492.1 313
-1491.9 318
-1491.7 332
-1491.5 332
-1491.3 342
-1491.1 335
-1490.9 339
-1490.7 328
-1490.5 327
-1490.3 330
-1490.1 356
-1489.9 319
-1489.7 342
-1489.5 298
-1489.3 345
-1489.1 298
-1488.9 354
-1488.7 309
-1488.5 365
-1488.3 302
-1488.1 349
-1487.9 323
-1487.7 340
-1487.5 343
-1487.3 311
-1487.1 326
-1486.9 337
-1486.7 320
-1486.5 359
-1486.3 313
-1486.1 316
-1485.9 334
-1485.7 306
-1485.5 336
-1485.3 316
-1485.1 309
-1484.9 388
-1484.7 369
-1484.5 358
-1484.3 348
-1484.1 333
-1483.9 310
-1483.7 325
-1483.5 333
-1483.3 318
-1483.1 314
-1482.9 314
-1482.7 366
-1482.5 314
-1482.3 311
-1482.1 355
-1481.9 317
-1481.7 296
-1481.5 342
-1481.3 319
-1481.1 324
-1480.9 314
-1480.7 327
-1480.5 316
-1480.3 317
-1480.1 309
-1479.9 351
-1479.7 359
-1479.5 332
-1479.3 384
-1479.1 364
-1478.9 375
-1478.7 332
-1478.5 349
-1478.3 341
-1478.1 320
-1477.9 321
-1477.7 332
-1477.5 347
-1477.3 331
-1477.1 324
-1476.9 347
-1476.7 346
-1476.5 335
-1476.3 324
-1476.1 336
-1475.9 346
-1475.7 343
-1475.5 332
-1475.3 347
-1475.1 355
-1474.9 356
-1474.7 329
-1474.5 331
-1474.3 334
-1474.1 285
-1473.9 315
-1473.7 344
-1473.5 321
-1473.3 332
-1473.1 321
-1472.9 337
-1472.7 339
-1472.5 357
-1472.3 352
-1472.1 355
-1471.9 363
-1471.7 362
-1471.5 359
-1471.3 364
-1471.1 322
-1470.9 342
-1470.7 331
-1470.5 328
-1470.3 345
-1470.1 343
-1469.9 347
-1469.7 327
-1469.5 331
-1469.3 315
-1469.1 320
-1468.9 326
-1468.7 340
-1468.5 304
-1468.3 328
-1468.1 322
-1467.9 322
-1467.7 334
-1467.5 344
-1467.3 333
-1467.1 334
-1466.9 312
-1466.7 317
-1466.5 320
-1466.3 350
-1466.1 334
-1465.9 336
-1465.7 327
-1465.5 323
-1465.3 323
-1465.1 362
-1464.9 374
-1464.7 335
-1464.5 338
-1464.3 349
-1464.1 326
-1463.9 321
-1463.7 332
-1463.5 335
-1463.3 318
-1463.1 317
-1462.9 328
-1462.7 325
-1462.5 333
-1462.3 341
-1462.1 355
-1461.9 356
-1461.7 336
-1461.5 343
-1461.3 345
-1461.1 330
-1460.9 336
-1460.7 321
-1460.5 351
-1460.3 333
-1460.1 322
-1459.9 327
-1459.7 332
-1459.5 316
-1459.3 368
-1459.1 315
-1458.9 329
-1458.7 320
-1458.5 318
-1458.3 332
-1458.1 308
-1457.9 347
-1457.7 353
-1457.5 342
-1457.3 322
-1457.1 294
-1456.9 317
-1456.7 333
-1456.5 347
-1456.3 296
-1456.1 359
-1455.9 313
-1455.7 340
-1455.5 323
-1455.3 317
-1455.1 313
-1454.9 353
-1454.7 347
-1454.5 350
-1454.3 334
-1454.1 327
-1453.9 339
-1453.7 322
-1453.5 323
-1453.3 320
-1453.1 329
-1452.9 326
-1452.7 337
-1452.5 327
-1452.3 318
-1452.1 344
-1451.9 312
-1451.7 307
-1451.5 308
-1451.3 312
-1451.1 291
-1450.9 336
-1450.7 324
-1450.5 314
-1450.3 331
-1450.1 322
-1449.9 335
-1449.7 350
-1449.5 321
-1449.3 340
-1449.1 335
-1448.9 325
-1448.7 303
-1448.5 356
-1448.3 327
-1448.1 308
-1447.9 296
-1447.7 301
-1447.5 355
-1447.3 372
-1447.1 310
-1446.9 356
-1446.7 303
-1446.5 310
-1446.3 334
-1446.1 341
-1445.9 349
-1445.7 330
-1445.5 307
-1445.3 330
-1445.1 342
-1444.9 346
-1444.7 384
-1444.5 349
-1444.3 332
-1444.1 325
-1443.9 300
-1443.7 332
-1443.5 351
-1443.3 325
-1443.1 304
-1442.9 341
-1442.7 342
-1442.5 334
-1442.3 347
-1442.1 330
-1441.9 333
-1441.7 325
-1441.5 292
-1441.3 343
-1441.1 344
-1440.9 326
-1440.7 331
-1440.5 328
-1440.3 324
-1440.1 354
-1439.9 320
-1439.7 337
-1439.5 337
-1439.3 304
-1439.1 337
-1438.9 342
-1438.7 331
-1438.5 302
-1438.3 321
-1438.1 311
-1437.9 380
-1437.7 318
-1437.5 301
-1437.3 350
-1437.1 332
-1436.9 299
-1436.7 315
-1436.5 299
-1436.3 306
-1436.1 339
-1435.9 302
-1435.7 338
-1435.5 326
-1435.3 324
-1435.1 315
-1434.9 326
-1434.7 308
-1434.5 297
-1434.3 303
-1434.1 294
-1433.9 327
-1433.7 321
-1433.5 333
-1433.3 307
-1433.1 336
-1432.9 292
-1432.7 307
-1432.5 298
-1432.3 300
-1432.1 333
-1431.9 329
-1431.7 292
-1431.5 342
-1431.3 353
-1431.1 347
-1430.9 320
-1430.7 362
-1430.5 333
-1430.3 291
-1430.1 349
-1429.9 334
-1429.7 281
-1429.5 335
-1429.3 342
-1429.1 354
-1428.9 363
-1428.7 327
-1428.5 330
-1428.3 309
-1428.1 366
-1427.9 331
-1427.7 337
-1427.5 369
-1427.3 341
-1427.1 343
-1426.9 340
-1426.7 315
-1426.5 373
-1426.3 328
-1426.1 322
-1425.9 329
-1425.7 337
-1425.5 331
-1425.3 341
-1425.1 348
-1424.9 307
-1424.7 331
-1424.5 314
-1424.3 338
-1424.1 353
-1423.9 302
-1423.7 321
-1423.5 306
-1423.3 344
-1423.1 323
-1422.9 318
-1422.7 338
-1422.5 352
-1422.3 290
-1422.1 326
-1421.9 288
-1421.7 350
-1421.5 299
-1421.3 336
-1421.1 288
-1420.9 352
-1420.7 320
-1420.5 324
-1420.3 335
-1420.1 327
-1419.9 296
-1419.7 334
-1419.5 326
-1419.3 286
-1419.1 340
-1418.9 325
-1418.7 338
-1418.5 289
-1418.3 325
-1418.1 352
-1417.9 331
-1417.7 313
-1417.5 325
-1417.3 330
-1417.1 305
-1416.9 318
-1416.7 339
-1416.5 355
-1416.3 303
-1416.1 353
-1415.9 317
-1415.7 343
-1415.5 355
-1415.3 317
-1415.1 353
-1414.9 372
-1414.7 323
-1414.5 326
-1414.3 322
-1414.1 307
-1413.9 344
-1413.7 332
-1413.5 350
-1413.3 313
-1413.1 331
-1412.9 347
-1412.7 352
-1412.5 303
-1412.3 350
-1412.1 357
-1411.9 314
-1411.7 319
-1411.5 342
-1411.3 314
-1411.1 348
-1410.9 375
-1410.7 336
-1410.5 343
-1410.3 372
-1410.1 352
-1409.9 319
-1409.7 323
-1409.5 334
-1409.3 354
-1409.1 340
-1408.9 322
-1408.7 316
-1408.5 327
-1408.3 365
-1408.1 340
-1407.9 359
-1407.7 300
-1407.5 342
-1407.3 327
-1407.1 344
-1406.9 345
-1406.7 295
-1406.5 358
-1406.3 360
-1406.1 312
-1405.9 336
-1405.7 294
-1405.5 308
-1405.3 341
-1405.1 334
-1404.9 335
-1404.7 333
-1404.5 319
-1404.3 322
-1404.1 312
-1403.9 315
-1403.7 340
-1403.5 324
-1403.3 314
-1403.1 316
-1402.9 333
-1402.7 333
-1402.5 294
-1402.3 304
-1402.1 322
-1401.9 308
-1401.7 339
-1401.5 330
-1401.3 332
-1401.1 307
-1400.9 361
-1400.7 316
-1400.5 336
-1400.3 364
-1400.1 339
-1399.9 310
-1399.7 356
-1399.5 316
-1399.3 302
-1399.1 321
-1398.9 357
-1398.7 347
-1398.5 301
-1398.3 320
-1398.1 338
-1397.9 331
-1397.7 346
-1397.5 337
-1397.3 333
-1397.1 332
-1396.9 340
-1396.7 341
-1396.5 333
-1396.3 355
-1396.1 321
-1395.9 367
-1395.7 355
-1395.5 317
-1395.3 356
-1395.1 305
-1394.9 361
-1394.7 320
-1394.5 323
-1394.3 334
-1394.1 361
-1393.9 327
-1393.7 339
-1393.5 302
-1393.3 304
-1393.1 302
-1392.9 354
-1392.7 305
-1392.5 347
-1392.3 277
-1392.1 322
-1391.9 357
-1391.7 279
-1391.5 326
-1391.3 299
-1391.1 317
-1390.9 308
-1390.7 330
-1390.5 327
-1390.3 308
-1390.1 298
-1389.9 336
-1389.7 308
-1389.5 329
-1389.3 341
-1389.1 317
-1388.9 335
-1388.7 290
-1388.5 315
-1388.3 294
-1388.1 353
-1387.9 322
-1387.7 340
-1387.5 286
-1387.3 319
-1387.1 340
-1386.9 312
-1386.7 329
-1386.5 329
-1386.3 347
-1386.1 300
-1385.9 351
-1385.7 307
-1385.5 324
-1385.3 340
-1385.1 347
-1384.9 336
-1384.7 314
-1384.5 310
-1384.3 330
-1384.1 323
-1383.9 316
-1383.7 320
-1383.5 358
-1383.3 336
-1383.1 327
-1382.9 329
-1382.7 331
-1382.5 301
-1382.3 337
-1382.1 330
-1381.9 319
-1381.7 311
-1381.5 347
-1381.3 336
-1381.1 309
-1380.9 309
-1380.7 316
-1380.5 321
-1380.3 344
-1380.1 304
-1379.9 326
-1379.7 346
-1379.5 344
-1379.3 299
-1379.1 315
-1378.9 324
-1378.7 313
-1378.5 350
-1378.3 337
-1378.1 332
-1377.9 306
-1377.7 339
-1377.5 347
-1377.3 320
-1377.1 290
-1376.9 330
-1376.7 305
-1376.5 327
-1376.3 329
-1376.1 353
-1375.9 342
-1375.7 284
-1375.5 346
-1375.3 321
-1375.1 332
-1374.9 345
-1374.7 308
-1374.5 348
-1374.3 296
-1374.1 366
-1373.9 325
-1373.7 333
-1373.5 330
-1373.3 316
-1373.1 313
-1372.9 319
-1372.7 336
-1372.5 348
-1372.3 351
-1372.1 308
-1371.9 330
-1371.7 315
-1371.5 329
-1371.3 297
-1371.1 337
-1370.9 324
-1370.7 337
-1370.5 325
-1370.3 351
-1370.1 337
-1369.9 342
-1369.7 317
-1369.5 309
-1369.3 309
-1369.1 319
-1368.9 317
-1368.7 361
-1368.5 307
-1368.3 342
-1368.1 326
-1367.9 304
-1367.7 323
-1367.5 351
-1367.3 319
-1367.1 362
-1366.9 329
-1366.7 331
-1366.5 296
-1366.3 329
-1366.1 367
-1365.9 294
-1365.7 351
-1365.5 318
-1365.3 331
-1365.1 306
-1364.9 340
-1364.7 329
-1364.5 296
-1364.3 323
-1364.1 322
-1363.9 324
-1363.7 330
-1363.5 302
-1363.3 343
-1363.1 337
-1362.9 314
-1362.7 321
-1362.5 311
-1362.3 320
-1362.1 301
-1361.9 330
-1361.7 294
-1361.5 348
-1361.3 329
-1361.1 281
-1360.9 327
-1360.7 297
-1360.5 318
-1360.3 322
-1360.1 317
-1359.9 314
-1359.7 337
-1359.5 317
-1359.3 323
-1359.1 318
-1358.9 344
-1358.7 337
-1358.5 336
-1358.3 301
-1358.1 298
-1357.9 320
-1357.7 328
-1357.5 299
-1357.3 304
-1357.1 330
-1356.9 340
-1356.7 330
-1356.5 323
-1356.3 369
-1356.1 314
-1355.9 340
-1355.7 306
-1355.5 343
-1355.3 302
-1355.1 339
-1354.9 312
-1354.7 329
-1354.5 335
-1354.3 331
-1354.1 297
-1353.9 304
-1353.7 330
-1353.5 353
-1353.3 277
-1353.1 309
-1352.9 332
-1352.7 319
-1352.5 310
-1352.3 351
-1352.1 317
-1351.9 302
-1351.7 314
-1351.5 336
-1351.3 316
-1351.1 297
-1350.9 347
-1350.7 312
-1350.5 298
-1350.3 316
-1350.1 322
-1349.9 296
-1349.7 327
-1349.5 285
-1349.3 309
-1349.1 311
-1348.9 296
-1348.7 310
-1348.5 307
-1348.3 307
-1348.1 259
-1347.9 299
-1347.7 290
-1347.5 293
-1347.3 284
-1347.1 276
-1346.9 270
-1346.7 294
-1346.5 279
-1346.3 292
-1346.1 309
-1345.9 259
-1345.7 283
-1345.5 280
-1345.3 269
-1345.1 260
-1344.9 260
-1344.7 232
-1344.5 245
-1344.3 235
-1344.1 250
-1343.9 249
-1343.7 222
-1343.5 241
-1343.3 258
-1343.1 259
-1342.9 224
-1342.7 228
-1342.5 235
-1342.3 259
-1342.1 213
-1341.9 210
-1341.7 225
-1341.5 208
-1341.3 190
-1341.1 191
-1340.9 209
-1340.7 214
-1340.5 193
-1340.3 193
-1340.1 188
-1339.9 220
-1339.7 173
-1339.5 183
-1339.3 168
-1339.1 169
-1338.9 197
-1338.7 170
-1338.5 177
-1338.3 168
-1338.1 165
-1337.9 175
-1337.7 165
-1337.5 172
-1337.3 157
-1337.1 142
-1336.9 142
-1336.7 157
-1336.5 160
-1336.3 144
-1336.1 155
-1335.9 156
-1335.7 151
-1335.5 136
-1335.3 136
-1335.1 146
-1334.9 141
-1334.7 130
-1334.5 139
-1334.3 116
-1334.1 151
-1333.9 133
-1333.7 120
-1333.5 136
-1333.3 132
-1333.1 112
-1332.9 116
-1332.7 118
-1332.5 94
-1332.3 145
-1332.1 132
-1331.9 99
-1331.7 94
-1331.5 94
-1331.3 105
-1331.1 108
-1330.9 98
-1330.7 107
-1330.5 113
-1330.3 94
-1330.1 80
-1329.9 108
-1329.7 95
-1329.5 92
-1329.3 84
-1329.1 107
-1328.9 89
-1328.7 87
-1328.5 85
-1328.3 89
-1328.1 79
-1327.9 78
-1327.7 85
-1327.5 87
-1327.3 79
-1327.1 78
-1326.9 74
-1326.7 74
-1326.5 66
-1326.3 65
-1326.1 72
-1325.9 65
-1325.7 75
-1325.5 69
-1325.3 76
-1325.1 62
-1324.9 63
-1324.7 66
-1324.5 44
-1324.3 53
-1324.1 57
-1323.9 60
-1323.7 68
-1323.5 69
-1323.3 60
-1323.1 58
-1322.9 74
-1322.7 45
-1322.5 51
-1322.3 49
-1322.1 43
-1321.9 57
-1321.7 40
-1321.5 47
-1321.3 44
-1321.1 46
-1320.9 48
-1320.7 48
-1320.5 55
-1320.3 54
-1320.1 48
-1319.9 43
-1319.7 41
-1319.5 44
-1319.3 51
-1319.1 50
-1318.9 40
-1318.7 41
-1318.5 40
-1318.3 37
-1318.1 33
-1317.9 39
-1317.7 29
-1317.5 30
-1317.3 30
-1317.1 31
-1316.9 39
-1316.7 23
-1316.5 35
-1316.3 33
-1316.1 28
-1315.9 29
-1315.7 39
-1315.5 28
-1315.3 33
-1315.1 30
-1314.9 31
-1314.7 17
-1314.5 25
-1314.3 26
-1314.1 28
-1313.9 25
-1313.7 29
-1313.5 30
-1313.3 16
-1313.1 15
-1312.9 24
-1312.7 19
-1312.5 24
-1312.3 30
-1312.1 24
-1311.9 18
-1311.7 20
-1311.5 17
-1311.3 23
-1311.1 19
-1310.9 20
-1310.7 18
-1310.5 13
-1310.3 15
-1310.1 13
-1309.9 17
-1309.7 14
-1309.5 17
-1309.3 16
-1309.1 18
-1308.9 18
-1308.7 23
-1308.5 9
-1308.3 16
-1308.1 15
-1307.9 12
-1307.7 15
-1307.5 13
-1307.3 9
-1307.1 13
-1306.9 13
-1306.7 15
-1306.5 6
-1306.3 14
-1306.1 10
-1305.9 16
-1305.7 15
-1305.5 18
-1305.3 15
-1305.1 15
-1304.9 23
-1304.7 15
-1304.5 14
-1304.3 11
-1304.1 19
-1303.9 19
-1303.7 10
-1303.5 15
-1303.3 13
-1303.1 8
-1302.9 9
-1302.7 18
-1302.5 14
-1302.3 10
-1302.1 19
-1301.9 13
-1301.7 8
-1301.5 14
-1301.3 6
-1301.1 13
-1300.9 7
-1300.7 15
-1300.5 7
-1300.3 13
-1300.1 9
