-199.9 0
-199.7 0
-199.5 0
-199.3 1
-199.1 1
-198.9 1
-198.7 1
-198.5 0
-198.3 2
-198.1 9
-197.9 17
-197.7 36
-197.5 48
-197.3 56
-197.1 96
-196.9 164
-196.7 197
-196.5 313
-196.3 444
-196.1 537
-195.9 728
-195.7 928
-195.5 1289
-195.3 1492
-195.1 1824
-194.9 2319
-194.7 2660
-194.5 3039
-194.3 3391
-194.1 3705
-193.9 3952
-193.7 4148
-193.5 4370
-193.3 4422
-193.1 4602
-192.9 4633
-192.7 4323
-192.5 4545
-192.3 4432
-192.1 4511
-191.9 4250
-191.7 4296
-191.5 4246
-191.3 4116
-191.1 4084
-190.9 3953
-190.7 3917
-190.5 4004
-190.3 3954
-190.1 3786
-189.9 3718
-189.7 3803
-189.5 3712
-189.3 3588
-189.1 3515
-188.9 3650
-188.7 3657
-188.5 3543
-188.3 3606
-188.1 3562
-187.9 3512
-187.7 3444
-187.5 3384
-187.3 3424
-187.1 3401
-186.9 3463
-186.7 3316
-186.5 3390
-186.3 3296
-186.1 3272
-185.9 3277
-185.7 3303
-185.5 3274
-185.3 3266
-185.1 3318
-184.9 3250
-184.7 3262
-184.5 3246
-184.3 3076
-184.1 3055
-183.9 3081
-183.7 3224
-183.5 3115
-183.3 3170
-183.1 3099
-182.9 3085
-182.7 3070
-182.5 3005
-182.3 3011
-182.1 2950
-181.9 2917
-181.7 2928
-181.5 2816
-181.3 2930
-181.1 2933
-180.9 2843
-180.7 2794
-180.5 2821
-180.3 2784
-180.1 2678
-179.9 2654
-179.7 2735
-179.5 2646
-179.3 2496
-179.1 2552
-178.9 2471
-178.7 2463
-178.5 2436
-178.3 2475
-178.1 2473
-177.9 2426
-177.7 2361
-177.5 2254
-177.3 2376
-177.1 2307
-176.9 2343
-176.7 2160
-176.5 2258
-176.3 2165
-176.1 2124
-175.9 2179
-175.7 2186
-175.5 2084
-175.3 2167
-175.1 2130
-174.9 2093
-174.7 2034
-174.5 2029
-174.3 2078
-174.1 2096
-173.9 1999
-173.7 2020
-173.5 1921
-173.3 2101
-173.1 1972
-172.9 1915
-172.7 2092
-172.5 1871
-172.3 1951
-172.1 1877
-171.9 1950
-171.7 1954
-171.5 1902
-171.3 1807
-171.1 1866
-170.9 1822
-170.7 1809
-170.5 1859
-170.3 1879
-170.1 1847
-169.9 1869
-169.7 1901
-169.5 1880
-169.3 1822
-169.1 1788
-168.9 1831
-168.7 1882
-168.5 1787
-168.3 1872
-168.1 1809
-167.9 1832
-167.7 1835
-167.5 1835
-167.3 1775
-167.1 1848
-166.9 1810
-166.7 1804
-166.5 1757
-166.3 1848
-166.1 1865
-165.9 1828
-165.7 1825
-165.5 1768
-165.3 1726
-165.1 1778
-164.9 1771
-164.7 1790
-164.5 1723
-164.3 1690
-164.1 1767
-163.9 1738
-163.7 1753
-163.5 1728
-163.3 1813
-163.1 1810
-162.9 1728
-162.7 1759
-162.5 1664
-162.3 1699
-162.1 1746
-161.9 1762
-161.7 1741
-161.5 1751
-161.3 1785
-161.1 1734
-160.9 1735
-160.7 1728
-160.5 1679
-160.3 1745
-160.1 1731
-159.9 1711
-159.7 1749
-159.5 1745
-159.3 1674
-159.1 1743
-158.9 1721
-158.7 1755
-158.5 1739
-158.3 1754
-158.1 1741
-157.9 1712
-157.7 1790
-157.5 1742
-157.3 1658
-157.1 1746
-156.9 1739
-156.7 1735
-156.5 1747
-156.3 1700
-156.1 1779
-155.9 1719
-155.7 1713
-155.5 1711
-155.3 1712
-155.1 1702
-154.9 1645
-154.7 1660
-154.5 1627
-154.3 1604
-154.1 1690
-153.9 1716
-153.7 1604
-153.5 1627
-153.3 1593
-153.1 1610
-152.9 1609
-152.7 1569
-152.5 1676
-152.3 1573
-152.1 1608
-151.9 1672
-151.7 1574
-151.5 1576
-151.3 1572
-151.1 1531
-150.9 1572
-150.7 1524
-150.5 1520
-150.3 1539
-150.1 1496
-149.9 1588
-149.7 1595
-149.5 1527
-149.3 1566
-149.1 1439
-148.9 1576
-148.7 1507
-148.5 1481
-148.3 1527
-148.1 1564
-147.9 1560
-147.7 1506
-147.5 1583
-147.3 1502
-147.1 1467
-146.9 1534
-146.7 1559
-146.5 1656
-146.3 1627
-146.1 1496
-145.9 1575
-145.7 1547
-145.5 1558
-145.3 1660
-145.1 1646
-144.9 1579
-144.7 1625
-144.5 1599
-144.3 1584
-144.1 1613
-143.9 1604
-143.7 1699
-143.5 1661
-143.3 1667
-143.1 1672
-142.9 1614
-142.7 1648
-142.5 1748
-142.3 1673
-142.1 1707
-141.9 1668
-141.7 1755
-141.5 1693
-141.3 1807
-141.1 1672
-140.9 1687
-140.7 1716
-140.5 1718
-140.3 1720
-140.1 1642
-139.9 1803
-139.7 1709
-139.5 1667
-139.3 1756
-139.1 1705
-138.9 1760
-138.7 1738
-138.5 1808
-138.3 1726
-138.1 1739
-137.9 1782
-137.7 1735
-137.5 1696
-137.3 1821
-137.1 1807
-136.9 1787
-136.7 1726
-136.5 1761
-136.3 1750
-136.1 1754
-135.9 1792
-135.7 1818
-135.5 1839
-135.3 1676
-135.1 1737
-134.9 1793
-134.7 1761
-134.5 1783
-134.3 1812
-134.1 1713
-133.9 1750
-133.7 1749
-133.5 1767
-133.3 1771
-133.1 1722
-132.9 1774
-132.7 1657
-132.5 1753
-132.3 1861
-132.1 1804
-131.9 1826
-131.7 1774
-131.5 1786
-131.3 1801
-131.1 1741
-130.9 1795
-130.7 1702
-130.5 1751
-130.3 1802
-130.1 1748
-129.9 1751
-129.7 1717
-129.5 1742
-129.3 1784
-129.1 1764
-128.9 1775
-128.7 1700
-128.5 1746
-128.3 1844
-128.1 1679
-127.9 1678
-127.7 1736
-127.5 1843
-127.3 1825
-127.1 1690
-126.9 1781
-126.7 1770
-126.5 1751
-126.3 1671
-126.1 1689
-125.9 1822
-125.7 1696
-125.5 1753
-125.3 1702
-125.1 1747
-124.9 1807
-124.7 1762
-124.5 1705
-124.3 1698
-124.1 1700
-123.9 1791
-123.7 1757
-123.5 1731
-123.3 1699
-123.1 1711
-122.9 1758
-122.7 1678
-122.5 1704
-122.3 1689
-122.1 1763
-121.9 1708
-121.7 1734
-121.5 1696
-121.3 1664
-121.1 1743
-120.9 1736
-120.7 1709
-120.5 1755
-120.3 1739
-120.1 1704
-119.9 1691
-119.7 1744
-119.5 1672
-119.3 1763
-119.1 1701
-118.9 1744
-118.7 1644
-118.5 1703
-118.3 1736
-118.1 1756
-117.9 1680
-117.7 1737
-117.5 1670
-117.3 1666
-117.1 1767
-116.9 1689
-116.7 1696
-116.5 1702
-116.3 1687
-116.1 1673
-115.9 1708
-115.7 1743
-115.5 1673
-115.3 1696
-115.1 1722
-114.9 1752
-114.7 1713
-114.5 1722
-114.3 1676
-114.1 1661
-113.9 1629
-113.7 1660
-113.5 1645
-113.3 1633
-113.1 1689
-112.9 1718
-112.7 1721
-112.5 1660
-112.3 1645
-112.1 1702
-111.9 1670
-111.7 1707
-111.5 1660
-111.3 1661
-111.1 1675
-110.9 1675
-110.7 1682
-110.5 1672
-110.3 1684
-110.1 1665
-109.9 1669
-109.7 1666
-109.5 1672
-109.3 1691
-109.1 1705
-108.9 1613
-108.7 1612
-108.5 1674
-108.3 1714
-108.1 1648
-107.9 1641
-107.7 1698
-107.5 1566
-107.3 1698
-107.1 1627
-106.9 1659
-106.7 1631
-106.5 1624
-106.3 1662
-106.1 1682
-105.9 1669
-105.7 1678
-105.5 1605
-105.3 1647
-105.1 1709
-104.9 1657
-104.7 1603
-104.5 1670
-104.3 1707
-104.1 1610
-103.9 1600
-103.7 1637
-103.5 1681
-103.3 1664
-103.1 1626
-102.9 1665
-102.7 1643
-102.5 1617
-102.3 1611
-102.1 1651
-101.9 1646
-101.7 1672
-101.5 1661
-101.3 1712
-101.1 1650
-100.9 1651
-100.7 1600
-100.5 1607
-100.3 1532
-100.1 1680
-99.9 1641
-99.7 1651
-99.5 1593
-99.3 1660
-99.1 1620
-98.9 1591
-98.7 1632
-98.5 1659
-98.3 1643
-98.1 1645
-97.9 1580
-97.7 1657
-97.5 1680
-97.3 1606
-97.1 1634
-96.9 1653
-96.7 1686
-96.5 1614
-96.3 1610
-96.1 1669
-95.9 1682
-95.7 1668
-95.5 1560
-95.3 1653
-95.1 1637
-94.9 1623
-94.7 1592
-94.5 1666
-94.3 1661
-94.1 1629
-93.9 1623
-93.7 1614
-93.5 1609
-93.3 1602
-93.1 1570
-92.9 1658
-92.7 1629
-92.5 1620
-92.3 1629
-92.1 1587
-91.9 1581
-91.7 1605
-91.5 1593
-91.3 1659
-91.1 1618
-90.9 1623
-90.7 1581
-90.5 1573
-90.3 1600
-90.1 1617
-89.9 1653
-89.7 1555
-89.5 1594
-89.3 1614
-89.1 1636
-88.9 1655
-88.7 1615
-88.5 1543
-88.3 1632
-88.1 1531
-87.9 1624
-87.7 1610
-87.5 1550
-87.3 1620
-87.1 1603
-86.9 1656
-86.7 1617
-86.5 1582
-86.3 1597
-86.1 1545
-85.9 1619
-85.7 1643
-85.5 1578
-85.3 1567
-85.1 1555
-84.9 1595
-84.7 1607
-84.5 1598
-84.3 1656
-84.1 1594
-83.9 1657
-83.7 1615
-83.5 1571
-83.3 1669
-83.1 1674
-82.9 1587
-82.7 1665
-82.5 1630
-82.3 1669
-82.1 1554
-81.9 1591
-81.7 1660
-81.5 1679
-81.3 1618
-81.1 1649
-80.9 1591
-80.7 1690
-80.5 1671
-80.3 1602
-80.1 1626
-79.9 1658
-79.7 1648
-79.5 1667
-79.3 1608
-79.1 1634
-78.9 1659
-78.7 1565
-78.5 1677
-78.3 1620
-78.1 1626
-77.9 1705
-77.7 1612
-77.5 1650
-77.3 1605
-77.1 1625
-76.9 1659
-76.7 1700
-76.5 1625
-76.3 1612
-76.1 1632
-75.9 1627
-75.7 1640
-75.5 1649
-75.3 1679
-75.1 1675
-74.9 1631
-74.7 1618
-74.5 1655
-74.3 1664
-74.1 1649
-73.9 1673
-73.7 1641
-73.5 1697
-73.3 1672
-73.1 1685
-72.9 1720
-72.7 1671
-72.5 1691
-72.3 1643
-72.1 1658
-71.9 1621
-71.7 1680
-71.5 1633
-71.3 1740
-71.1 1659
-70.9 1654
-70.7 1708
-70.5 1610
-70.3 1660
-70.1 1644
-69.9 1755
-69.7 1655
-69.5 1612
-69.3 1636
-69.1 1661
-68.9 1664
-68.7 1662
-68.5 1708
-68.3 1666
-68.1 1599
-67.9 1688
-67.7 1618
-67.5 1674
-67.3 1624
-67.1 1667
-66.9 1698
-66.7 1655
-66.5 1670
-66.3 1655
-66.1 1708
-65.9 1616
-65.7 1690
-65.5 1594
-65.3 1709
-65.1 1656
-64.9 1695
-64.7 1626
-64.5 1618
-64.3 1574
-64.1 1641
-63.9 1629
-63.7 1700
-63.5 1652
-63.3 1705
-63.1 1622
-62.9 1660
-62.7 1614
-62.5 1667
-62.3 1708
-62.1 1661
-61.9 1662
-61.7 1686
-61.5 1745
-61.3 1709
-61.1 1618
-60.9 1614
-60.7 1641
-60.5 1603
-60.3 1659
-60.1 1677
-59.9 1671
-59.7 1612
-59.5 1624
-59.3 1711
-59.1 1601
-58.9 1652
-58.7 1690
-58.5 1611
-58.3 1621
-58.1 1681
-57.9 1681
-57.7 1638
-57.5 1657
-57.3 1602
-57.1 1666
-56.9 1658
-56.7 1604
-56.5 1702
-56.3 1627
-56.1 1569
-55.9 1653
-55.7 1653
-55.5 1662
-55.3 1593
-55.1 1716
-54.9 1644
-54.7 1627
-54.5 1619
-54.3 1655
-54.1 1684
-53.9 1642
-53.7 1616
-53.5 1652
-53.3 1646
-53.1 1640
-52.9 1663
-52.7 1653
-52.5 1702
-52.3 1581
-52.1 1700
-51.9 1630
-51.7 1618
-51.5 1616
-51.3 1629
-51.1 1642
-50.9 1668
-50.7 1587
-50.5 1653
-50.3 1615
-50.1 1618
-49.9 1713
-49.7 1580
-49.5 1691
-49.3 1637
-49.1 1611
-48.9 1643
-48.7 1575
-48.5 1694
-48.3 1690
-48.1 1648
-47.9 1627
-47.7 1652
-47.5 1621
-47.3 1628
-47.1 1655
-46.9 1654
-46.7 1621
-46.5 1702
-46.3 1615
-46.1 1704
-45.9 1738
-45.7 1640
-45.5 1703
-45.3 1662
-45.1 1586
-44.9 1659
-44.7 1700
-44.5 1576
-44.3 1748
-44.1 1628
-43.9 1607
-43.7 1699
-43.5 1711
-43.3 1590
-43.1 1684
-42.9 1668
-42.7 1622
-42.5 1603
-42.3 1670
-42.1 1672
-41.9 1649
-41.7 1611
-41.5 1587
-41.3 1611
-41.1 1565
-40.9 1569
-40.7 1570
-40.5 1708
-40.3 1668
-40.1 1684
-39.9 1553
-39.7 1671
-39.5 1633
-39.3 1631
-39.1 1634
-38.9 1658
-38.7 1707
-38.5 1650
-38.3 1553
-38.1 1649
-37.9 1623
-37.7 1591
-37.5 1618
-37.3 1541
-37.1 1672
-36.9 1576
-36.7 1558
-36.5 1612
-36.3 1622
-36.1 1658
-35.9 1630
-35.7 1638
-35.5 1614
-35.3 1624
-35.1 1657
-34.9 1662
-34.7 1544
-34.5 1586
-34.3 1704
-34.1 1660
-33.9 1665
-33.7 1629
-33.5 1623
-33.3 1613
-33.1 1650
-32.9 1664
-32.7 1553
-32.5 1619
-32.3 1606
-32.1 1596
-31.9 1596
-31.7 1635
-31.5 1642
-31.3 1667
-31.1 1613
-30.9 1620
-30.7 1613
-30.5 1566
-30.3 1654
-30.1 1631
-29.9 1606
-29.7 1604
-29.5 1672
-29.3 1682
-29.1 1633
-28.9 1630
-28.7 1575
-28.5 1583
-28.3 1597
-28.1 1618
-27.9 1660
-27.7 1670
-27.5 1699
-27.3 1647
-27.1 1623
-26.9 1665
-26.7 1612
-26.5 1654
-26.3 1614
-26.1 1660
-25.9 1636
-25.7 1593
-25.5 1578
-25.3 1567
-25.1 1549
-24.9 1610
-24.7 1645
-24.5 1708
-24.3 1688
-24.1 1566
-23.9 1662
-23.7 1604
-23.5 1579
-23.3 1661
-23.1 1622
-22.9 1603
-22.7 1597
-22.5 1661
-22.3 1658
-22.1 1598
-21.9 1603
-21.7 1576
-21.5 1610
-21.3 1586
-21.1 1570
-20.9 1634
-20.7 1608
-20.5 1657
-20.3 1551
-20.1 1575
-19.9 1632
-19.7 1586
-19.5 1491
-19.3 1648
-19.1 1576
-18.9 1585
-18.7 1571
-18.5 1669
-18.3 1619
-18.1 1615
-17.9 1587
-17.7 1652
-17.5 1553
-17.3 1629
-17.1 1680
-16.9 1619
-16.7 1569
-16.5 1636
-16.3 1626
-16.1 1596
-15.9 1686
-15.7 1608
-15.5 1581
-15.3 1622
-15.1 1651
-14.9 1557
-14.7 1672
-14.5 1623
-14.3 1614
-14.1 1683
-13.9 1609
-13.7 1648
-13.5 1611
-13.3 1604
-13.1 1599
-12.9 1608
-12.7 1573
-12.5 1606
-12.3 1636
-12.1 1598
-11.9 1658
-11.7 1599
-11.5 1620
-11.3 1615
-11.1 1639
-10.9 1624
-10.7 1649
-10.5 1623
-10.3 1636
-10.1 1646
-9.9 1554
-9.7 1641
-9.5 1628
-9.3 1574
-9.1 1620
-8.9 1658
-8.7 1657
-8.5 1608
-8.3 1609
-8.1 1668
-7.9 1573
-7.7 1655
-7.5 1596
-7.3 1642
-7.1 1651
-6.9 1621
-6.7 1526
-6.5 1666
-6.3 1624
-6.1 1583
-5.9 1638
-5.7 1634
-5.5 1617
-5.3 1554
-5.1 1628
-4.9 1621
-4.7 1635
-4.5 1615
-4.3 1621
-4.1 1594
-3.9 1616
-3.7 1703
-3.5 1556
-3.3 1649
-3.1 1588
-2.9 1578
-2.7 1624
-2.5 1643
-2.3 1649
-2.1 1563
-1.9 1573
-1.7 1538
-1.5 1636
-1.3 1617
-1.1 1596
-0.9 1682
-0.7 1579
-0.5 1586
-0.3 1635
-0.1 1640
0.1 1589
0.3 1567
0.5 1599
0.7 1620
0.9 1585
1.1 1705
1.3 1548
1.5 1604
1.7 1604
1.9 1644
2.1 1598
2.3 1690
2.5 1648
2.7 1695
2.9 1619
3.1 1621
3.3 1599
3.5 1602
3.7 1595
3.9 1658
4.1 1594
4.3 1691
4.5 1619
4.7 1627
4.9 1614
5.1 1624
5.3 1650
5.5 1637
5.7 1606
5.9 1558
6.1 1549
6.3 1628
6.5 1586
6.7 1550
6.9 1540
7.1 1652
7.3 1602
7.5 1602
7.7 1544
7.9 1569
8.1 1505
8.3 1601
8.5 1556
8.7 1624
8.9 1529
9.1 1580
9.3 1584
9.5 1472
9.7 1565
9.9 1518
10.1 1491
10.3 1458
10.5 1489
10.7 1490
10.9 1500
11.1 1528
11.3 1506
11.5 1575
11.7 1502
11.9 1469
12.1 1544
12.3 1435
12.5 1467
12.7 1392
12.9 1456
13.1 1533
13.3 1401
13.5 1428
13.7 1389
13.9 1418
14.1 1392
14.3 1345
14.5 1331
14.7 1343
14.9 1298
15.1 1339
15.3 1328
15.5 1369
15.7 1271
15.9 1269
16.1 1248
16.3 1303
16.5 1226
16.7 1188
16.9 1216
17.1 1189
17.3 1129
17.5 1180
17.7 1115
17.9 1062
18.1 1049
18.3 1076
18.5 1028
18.7 1047
18.9 1038
19.1 993
19.3 959
19.5 958
19.7 929
19.9 923
20.1 860
20.3 899
20.5 864
20.7 815
20.9 810
21.1 843
21.3 838
21.5 807
21.7 829
21.9 764
22.1 710
22.3 690
22.5 720
22.7 675
22.9 669
23.1 616
23.3 634
23.5 602
23.7 564
23.9 628
24.1 563
24.3 561
24.5 593
24.7 537
24.9 529
25.1 494
25.3 437
25.5 436
25.7 453
25.9 399
26.1 441
26.3 402
26.5 386
26.7 412
26.9 344
27.1 338
27.3 314
27.5 330
27.7 322
27.9 289
28.1 265
28.3 307
28.5 303
28.7 295
28.9 227
29.1 211
29.3 239
29.5 186
29.7 196
29.9 184
30.1 213
30.3 173
30.5 171
30.7 173
30.9 146
31.1 137
31.3 144
31.5 136
31.7 140
31.9 110
32.1 107
32.3 84
32.5 111
32.7 96
32.9 79
33.1 67
33.3 71
33.5 78
33.7 71
33.9 68
34.1 56
34.3 51
34.5 56
34.7 61
34.9 58
