-199.9 0
-199.7 0
-199.5 0
-199.3 0
-199.1 0
-198.9 1
-198.7 1
-198.5 1
-198.3 0
-198.1 3
-197.9 12
-197.7 18
-197.5 42
-197.3 51
-197.1 88
-196.9 102
-196.7 161
-196.5 203
-196.3 277
-196.1 369
-195.9 490
-195.7 632
-195.5 807
-195.3 1065
-195.1 1261
-194.9 1473
-194.7 1770
-194.5 2013
-194.3 2141
-194.1 2431
-193.9 2623
-193.7 2760
-193.5 2959
-193.3 3189
-193.1 3100
-192.9 3223
-192.7 3269
-192.5 3213
-192.3 3273
-192.1 3271
-191.9 3228
-191.7 3253
-191.5 3217
-191.3 3246
-191.1 3140
-190.9 3125
-190.7 3085
-190.5 3078
-190.3 3026
-190.1 2958
-189.9 3108
-189.7 2980
-189.5 2972
-189.3 2866
-189.1 2861
-188.9 2774
-188.7 2871
-188.5 2825
-188.3 2705
-188.1 2750
-187.9 2748
-187.7 2722
-187.5 2738
-187.3 2743
-187.1 2796
-186.9 2698
-186.7 2570
-186.5 2700
-186.3 2593
-186.1 2613
-185.9 2586
-185.7 2648
-185.5 2490
-185.3 2472
-185.1 2490
-184.9 2514
-184.7 2539
-184.5 2424
-184.3 2472
-184.1 2360
-183.9 2439
-183.7 2495
-183.5 2438
-183.3 2412
-183.1 2354
-182.9 2415
-182.7 2395
-182.5 2367
-182.3 2338
-182.1 2325
-181.9 2290
-181.7 2282
-181.5 2267
-181.3 2241
-181.1 2249
-180.9 2167
-180.7 2218
-180.5 2201
-180.3 2230
-180.1 2195
-179.9 2086
-179.7 2115
-179.5 2092
-179.3 2137
-179.1 2091
-178.9 2050
-178.7 1967
-178.5 1990
-178.3 2040
-178.1 2008
-177.9 2029
-177.7 1979
-177.5 2011
-177.3 2067
-177.1 1883
-176.9 1987
-176.7 1957
-176.5 1905
-176.3 1931
-176.1 1879
-175.9 1954
-175.7 1894
-175.5 1941
-175.3 1825
-175.1 1962
-174.9 1884
-174.7 1899
-174.5 1797
-174.3 1817
-174.1 1822
-173.9 1826
-173.7 1825
-173.5 1802
-173.3 1797
-173.1 1800
-172.9 1737
-172.7 1814
-172.5 1770
-172.3 1817
-172.1 1791
-171.9 1796
-171.7 1766
-171.5 1744
-171.3 1700
-171.1 1753
-170.9 1803
-170.7 1723
-170.5 1755
-170.3 1733
-170.1 1726
-169.9 1762
-169.7 1747
-169.5 1680
-169.3 1759
-169.1 1658
-168.9 1745
-168.7 1745
-168.5 1699
-168.3 1714
-168.1 1740
-167.9 1621
-167.7 1748
-167.5 1789
-167.3 1699
-167.1 1668
-166.9 1735
-166.7 1599
-166.5 1711
-166.3 1654
-166.1 1629
-165.9 1725
-165.7 1656
-165.5 1662
-165.3 1605
-165.1 1668
-164.9 1671
-164.7 1613
-164.5 1632
-164.3 1576
-164.1 1693
-163.9 1633
-163.7 1581
-163.5 1693
-163.3 1577
-163.1 1677
-162.9 1632
-162.7 1634
-162.5 1635
-162.3 1635
-162.1 1634
-161.9 1642
-161.7 1579
-161.5 1676
-161.3 1704
-161.1 1662
-160.9 1637
-160.7 1621
-160.5 1631
-160.3 1590
-160.1 1674
-159.9 1660
-159.7 1657
-159.5 1701
-159.3 1638
-159.1 1654
-158.9 1665
-158.7 1563
-158.5 1579
-158.3 1586
-158.1 1641
-157.9 1614
-157.7 1561
-157.5 1701
-157.3 1689
-157.1 1606
-156.9 1620
-156.7 1592
-156.5 1630
-156.3 1529
-156.1 1604
-155.9 1623
-155.7 1571
-155.5 1680
-155.3 1593
-155.1 1607
-154.9 1570
-154.7 1539
-154.5 1593
-154.3 1727
-154.1 1614
-153.9 1584
-153.7 1638
-153.5 1630
-153.3 1675
-153.1 1595
-152.9 1601
-152.7 1610
-152.5 1642
-152.3 1602
-152.1 1585
-151.9 1642
-151.7 1656
-151.5 1553
-151.3 1521
-151.1 1604
-150.9 1632
-150.7 1689
-150.5 1664
-150.3 1552
-150.1 1562
-149.9 1562
-149.7 1593
-149.5 1604
-149.3 1616
-149.1 1560
-148.9 1593
-148.7 1592
-148.5 1575
-148.3 1601
-148.1 1627
-147.9 1625
-147.7 1615
-147.5 1646
-147.3 1572
-147.1 1595
-146.9 1624
-146.7 1563
-146.5 1596
-146.3 1639
-146.1 1573
-145.9 1532
-145.7 1552
-145.5 1522
-145.3 1567
-145.1 1472
-144.9 1525
-144.7 1637
-144.5 1535
-144.3 1519
-144.1 1515
-143.9 1497
-143.7 1522
-143.5 1644
-143.3 1506
-143.1 1578
-142.9 1516
-142.7 1514
-142.5 1599
-142.3 1559
-142.1 1629
-141.9 1525
-141.7 1541
-141.5 1496
-141.3 1544
-141.1 1577
-140.9 1540
-140.7 1602
-140.5 1525
-140.3 1600
-140.1 1491
-139.9 1589
-139.7 1557
-139.5 1529
-139.3 1522
-139.1 1512
-138.9 1563
-138.7 1558
-138.5 1521
-138.3 1547
-138.1 1508
-137.9 1589
-137.7 1533
-137.5 1550
-137.3 1584
-137.1 1566
-136.9 1634
-136.7 1559
-136.5 1553
-136.3 1587
-136.1 1638
-135.9 1592
-135.7 1621
-135.5 1611
-135.3 1641
-135.1 1602
-134.9 1628
-134.7 1588
-134.5 1582
-134.3 1591
-134.1 1636
-133.9 1669
-133.7 1656
-133.5 1627
-133.3 1647
-133.1 1598
-132.9 1678
-132.7 1602
-132.5 1677
-132.3 1702
-132.1 1636
-131.9 1605
-131.7 1554
-131.5 1661
-131.3 1656
-131.1 1650
-130.9 1612
-130.7 1609
-130.5 1623
-130.3 1732
-130.1 1629
-129.9 1590
-129.7 1610
-129.5 1669
-129.3 1643
-129.1 1662
-128.9 1616
-128.7 1579
-128.5 1587
-128.3 1695
-128.1 1716
-127.9 1615
-127.7 1577
-127.5 1687
-127.3 1589
-127.1 1666
-126.9 1649
-126.7 1585
-126.5 1595
-126.3 1641
-126.1 1634
-125.9 1620
-125.7 1624
-125.5 1646
-125.3 1582
-125.1 1625
-124.9 1630
-124.7 1587
-124.5 1596
-124.3 1651
-124.1 1662
-123.9 1611
-123.7 1690
-123.5 1633
-123.3 1600
-123.1 1602
-122.9 1692
-122.7 1593
-122.5 1623
-122.3 1613
-122.1 1637
-121.9 1578
-121.7 1711
-121.5 1646
-121.3 1565
-121.1 1583
-120.9 1706
-120.7 1618
-120.5 1598
-120.3 1582
-120.1 1524
-119.9 1507
-119.7 1630
-119.5 1569
-119.3 1641
-119.1 1586
-118.9 1547
-118.7 1553
-118.5 1595
-118.3 1617
-118.1 1633
-117.9 1603
-117.7 1573
-117.5 1637
-117.3 1604
-117.1 1530
-116.9 1577
-116.7 1617
-116.5 1592
-116.3 1586
-116.1 1595
-115.9 1562
-115.7 1525
-115.5 1653
-115.3 1602
-115.1 1660
-114.9 1658
-114.7 1568
-114.5 1614
-114.3 1607
-114.1 1647
-113.9 1608
-113.7 1564
-113.5 1539
-113.3 1594
-113.1 1583
-112.9 1552
-112.7 1552
-112.5 1588
-112.3 1575
-112.1 1603
-111.9 1602
-111.7 1583
-111.5 1653
-111.3 1577
-111.1 1619
-110.9 1598
-110.7 1526
-110.5 1596
-110.3 1569
-110.1 1605
-109.9 1659
-109.7 1633
-109.5 1563
-109.3 1570
-109.1 1664
-108.9 1591
-108.7 1577
-108.5 1579
-108.3 1586
-108.1 1607
-107.9 1614
-107.7 1610
-107.5 1568
-107.3 1648
-107.1 1527
-106.9 1564
-106.7 1505
-106.5 1634
-106.3 1578
-106.1 1540
-105.9 1679
-105.7 1520
-105.5 1469
-105.3 1496
-105.1 1594
-104.9 1585
-104.7 1579
-104.5 1607
-104.3 1539
-104.1 1517
-103.9 1667
-103.7 1535
-103.5 1583
-103.3 1508
-103.1 1581
-102.9 1613
-102.7 1573
-102.5 1520
-102.3 1601
-102.1 1660
-101.9 1615
-101.7 1576
-101.5 1560
-101.3 1571
-101.1 1516
-100.9 1488
-100.7 1584
-100.5 1576
-100.3 1669
-100.1 1567
-99.9 1635
-99.7 1605
-99.5 1586
-99.3 1571
-99.1 1549
-98.9 1618
-98.7 1526
-98.5 1504
-98.3 1587
-98.1 1557
-97.9 1589
-97.7 1595
-97.5 1538
-97.3 1601
-97.1 1621
-96.9 1532
-96.7 1610
-96.5 1618
-96.3 1638
-96.1 1612
-95.9 1538
-95.7 1626
-95.5 1625
-95.3 1539
-95.1 1592
-94.9 1561
-94.7 1580
-94.5 1616
-94.3 1596
-94.1 1601
-93.9 1596
-93.7 1617
-93.5 1537
-93.3 1522
-93.1 1614
-92.9 1582
-92.7 1566
-92.5 1554
-92.3 1587
-92.1 1597
-91.9 1571
-91.7 1603
-91.5 1553
-91.3 1514
-91.1 1570
-90.9 1585
-90.7 1574
-90.5 1630
-90.3 1654
-90.1 1601
-89.9 1631
-89.7 1555
-89.5 1583
-89.3 1587
-89.1 1635
-88.9 1613
-88.7 1634
-88.5 1602
-88.3 1526
-88.1 1552
-87.9 1608
-87.7 1631
-87.5 1596
-87.3 1500
-87.1 1521
-86.9 1598
-86.7 1572
-86.5 1557
-86.3 1577
-86.1 1564
-85.9 1555
-85.7 1587
-85.5 1531
-85.3 1580
-85.1 1589
-84.9 1533
-84.7 1555
-84.5 1564
-84.3 1579
-84.1 1569
-83.9 1651
-83.7 1565
-83.5 1614
-83.3 1589
-83.1 1585
-82.9 1599
-82.7 1548
-82.5 1500
-82.3 1563
-82.1 1627
-81.9 1547
-81.7 1478
-81.5 1627
-81.3 1567
-81.1 1502
-80.9 1556
-80.7 1610
-80.5 1621
-80.3 1600
-80.1 1541
-79.9 1537
-79.7 1543
-79.5 1553
-79.3 1570
-79.1 1556
-78.9 1569
-78.7 1586
-78.5 1486
-78.3 1552
-78.1 1605
-77.9 1638
-77.7 1661
-77.5 1593
-77.3 1600
-77.1 1588
-76.9 1555
-76.7 1609
-76.5 1531
-76.3 1658
-76.1 1597
-75.9 1659
-75.7 1596
-75.5 1592
-75.3 1585
-75.1 1592
-74.9 1554
-74.7 1609
-74.5 1463
-74.3 1610
-74.1 1603
-73.9 1565
-73.7 1589
-73.5 1625
-73.3 1542
-73.1 1579
-72.9 1549
-72.7 1627
-72.5 1525
-72.3 1590
-72.1 1556
-71.9 1575
-71.7 1601
-71.5 1580
-71.3 1497
-71.1 1645
-70.9 1638
-70.7 1596
-70.5 1610
-70.3 1581
-70.1 1605
-69.9 1627
-69.7 1594
-69.5 1570
-69.3 1636
-69.1 1642
-68.9 1554
-68.7 1512
-68.5 1584
-68.3 1560
-68.1 1575
-67.9 1628
-67.7 1591
-67.5 1630
-67.3 1626
-67.1 1467
-66.9 1596
-66.7 1604
-66.5 1586
-66.3 1522
-66.1 1629
-65.9 1545
-65.7 1569
-65.5 1632
-65.3 1640
-65.1 1570
-64.9 1648
-64.7 1580
-64.5 1523
-64.3 1600
-64.1 1528
-63.9 1523
-63.7 1598
-63.5 1644
-63.3 1542
-63.1 1646
-62.9 1615
-62.7 1571
-62.5 1615
-62.3 1648
-62.1 1562
-61.9 1605
-61.7 1592
-61.5 1622
-61.3 1595
-61.1 1592
-60.9 1618
-60.7 1569
-60.5 1612
-60.3 1559
-60.1 1619
-59.9 1646
-59.7 1550
-59.5 1616
-59.3 1585
-59.1 1546
-58.9 1595
-58.7 1611
-58.5 1654
-58.3 1602
-58.1 1580
-57.9 1595
-57.7 1562
-57.5 1649
-57.3 1578
-57.1 1603
-56.9 1566
-56.7 1581
-56.5 1624
-56.3 1627
-56.1 1639
-55.9 1496
-55.7 1637
-55.5 1578
-55.3 1559
-55.1 1574
-54.9 1528
-54.7 1574
-54.5 1640
-54.3 1577
-54.1 1613
-53.9 1566
-53.7 1553
-53.5 1619
-53.3 1566
-53.1 1577
-52.9 1552
-52.7 1618
-52.5 1615
-52.3 1499
-52.1 1621
-51.9 1533
-51.7 1553
-51.5 1554
-51.3 1584
-51.1 1629
-50.9 1573
-50.7 1640
-50.5 1661
-50.3 1592
-50.1 1579
-49.9 1698
-49.7 1604
-49.5 1671
-49.3 1588
-49.1 1610
-48.9 1492
-48.7 1587
-48.5 1598
-48.3 1623
-48.1 1580
-47.9 1579
-47.7 1635
-47.5 1621
-47.3 1595
-47.1 1531
-46.9 1553
-46.7 1552
-46.5 1586
-46.3 1601
-46.1 1553
-45.9 1632
-45.7 1579
-45.5 1631
-45.3 1537
-45.1 1628
-44.9 1517
-44.7 1579
-44.5 1550
-44.3 1563
-44.1 1513
-43.9 1571
-43.7 1541
-43.5 1553
-43.3 1569
-43.1 1587
-42.9 1503
-42.7 1616
-42.5 1609
-42.3 1583
-42.1 1568
-41.9 1565
-41.7 1586
-41.5 1595
-41.3 1527
-41.1 1600
-40.9 1559
-40.7 1548
-40.5 1567
-40.3 1614
-40.1 1561
-39.9 1611
-39.7 1623
-39.5 1590
-39.3 1619
-39.1 1620
-38.9 1525
-38.7 1571
-38.5 1584
-38.3 1534
-38.1 1557
-37.9 1604
-37.7 1518
-37.5 1583
-37.3 1552
-37.1 1560
-36.9 1579
-36.7 1517
-36.5 1578
-36.3 1647
-36.1 1507
-35.9 1510
-35.7 1583
-35.5 1537
-35.3 1594
-35.1 1644
-34.9 1606
-34.7 1489
-34.5 1601
-34.3 1636
-34.1 1544
-33.9 1502
-33.7 1554
-33.5 1546
-33.3 1569
-33.1 1572
-32.9 1555
-32.7 1619
-32.5 1506
-32.3 1604
-32.1 1553
-31.9 1536
-31.7 1545
-31.5 1599
-31.3 1537
-31.1 1539
-30.9 1550
-30.7 1493
-30.5 1597
-30.3 1553
-30.1 1503
-29.9 1567
-29.7 1556
-29.5 1556
-29.3 1525
-29.1 1495
-28.9 1520
-28.7 1597
-28.5 1576
-28.3 1628
-28.1 1542
-27.9 1531
-27.7 1542
-27.5 1575
-27.3 1584
-27.1 1565
-26.9 1612
-26.7 1566
-26.5 1593
-26.3 1608
-26.1 1518
-25.9 1564
-25.7 1564
-25.5 1552
-25.3 1535
-25.1 1605
-24.9 1440
-24.7 1587
-24.5 1580
-24.3 1516
-24.1 1507
-23.9 1614
-23.7 1631
-23.5 1603
-23.3 1520
-23.1 1580
-22.9 1611
-22.7 1630
-22.5 1573
-22.3 1584
-22.1 1485
-21.9 1594
-21.7 1590
-21.5 1550
-21.3 1624
-21.1 1562
-20.9 1509
-20.7 1481
-20.5 1544
-20.3 1577
-20.1 1539
-19.9 1618
-19.7 1666
-19.5 1554
-19.3 1550
-19.1 1583
-18.9 1636
-18.7 1494
-18.5 1577
-18.3 1557
-18.1 1559
-17.9 1572
-17.7 1542
-17.5 1542
-17.3 1522
-17.1 1564
-16.9 1629
-16.7 1603
-16.5 1531
-16.3 1510
-16.1 1535
-15.9 1570
-15.7 1510
-15.5 1483
-15.3 1485
-15.1 1594
-14.9 1514
-14.7 1594
-14.5 1537
-14.3 1572
-14.1 1579
-13.9 1578
-13.7 1469
-13.5 1534
-13.3 1580
-13.1 1596
-12.9 1503
-12.7 1569
-12.5 1538
-12.3 1510
-12.1 1558
-11.9 1609
-11.7 1547
-11.5 1605
-11.3 1546
-11.1 1485
-10.9 1536
-10.7 1555
-10.5 1577
-10.3 1478
-10.1 1516
-9.9 1620
-9.7 1633
-9.5 1512
-9.3 1566
-9.1 1610
-8.9 1542
-8.7 1496
-8.5 1567
-8.3 1559
-8.1 1540
-7.9 1570
-7.7 1557
-7.5 1586
-7.3 1548
-7.1 1616
-6.9 1514
-6.7 1531
-6.5 1630
-6.3 1564
-6.1 1600
-5.9 1542
-5.7 1599
-5.5 1572
-5.3 1561
-5.1 1498
-4.9 1554
-4.7 1566
-4.5 1612
-4.3 1475
-4.1 1535
-3.9 1562
-3.7 1487
-3.5 1600
-3.3 1609
-3.1 1580
-2.9 1464
-2.7 1618
-2.5 1549
-2.3 1531
-2.1 1545
-1.9 1572
-1.7 1528
-1.5 1534
-1.3 1559
-1.1 1504
-0.9 1533
-0.7 1582
-0.5 1486
-0.3 1558
-0.1 1459
0.1 1563
0.3 1533
0.5 1524
0.7 1604
0.9 1515
1.1 1522
1.3 1577
1.5 1539
1.7 1524
1.9 1549
2.1 1610
2.3 1561
2.5 1545
2.7 1587
2.9 1595
3.1 1492
3.3 1532
3.5 1554
3.7 1540
3.9 1572
4.1 1477
4.3 1592
4.5 1559
4.7 1547
4.9 1527
5.1 1562
5.3 1470
5.5 1562
5.7 1527
5.9 1519
6.1 1530
6.3 1600
6.5 1549
6.7 1480
6.9 1547
7.1 1586
7.3 1492
7.5 1494
7.7 1461
7.9 1463
8.1 1460
8.3 1534
8.5 1477
8.7 1507
8.9 1472
9.1 1544
9.3 1475
9.5 1462
9.7 1515
9.9 1497
10.1 1433
10.3 1457
10.5 1422
10.7 1506
10.9 1417
11.1 1431
11.3 1457
11.5 1452
11.7 1407
11.9 1323
12.1 1372
12.3 1366
12.5 1448
12.7 1351
12.9 1390
13.1 1393
13.3 1291
13.5 1312
13.7 1326
13.9 1206
14.1 1260
14.3 1246
14.5 1214
14.7 1141
14.9 1163
15.1 1146
15.3 1187
15.5 1117
15.7 1106
15.9 1138
16.1 1097
16.3 1079
16.5 1050
16.7 1046
16.9 951
17.1 1007
17.3 996
17.5 1003
17.7 951
17.9 955
18.1 930
18.3 915
18.5 869
18.7 911
18.9 824
19.1 876
19.3 837
19.5 840
19.7 781
19.9 780
20.1 732
20.3 757
20.5 720
20.7 668
20.9 727
21.1 703
21.3 723
21.5 643
21.7 637
21.9 614
22.1 622
22.3 600
22.5 497
22.7 532
22.9 510
23.1 510
23.3 496
23.5 524
23.7 495
23.9 451
24.1 432
24.3 414
24.5 367
24.7 391
24.9 390
25.1 400
25.3 372
25.5 352
25.7 327
25.9 322
26.1 356
26.3 307
26.5 249
26.7 283
26.9 283
27.1 244
27.3 263
27.5 249
27.7 244
27.9 204
28.1 214
28.3 203
28.5 186
28.7 228
28.9 190
29.1 178
29.3 183
29.5 150
29.7 158
29.9 152
30.1 118
30.3 136
30.5 113
30.7 108
30.9 118
31.1 115
31.3 102
31.5 97
31.7 88
31.9 93
32.1 90
32.3 67
32.5 74
32.7 63
32.9 70
33.1 58
33.3 53
33.5 60
33.7 50
33.9 36
34.1 49
34.3 35
34.5 34
34.7 36
34.9 30
