-199.9 0
-199.7 11
-199.5 18
-199.3 18
-199.1 43
-198.9 63
-198.7 77
-198.5 114
-198.3 160
-198.1 225
-197.9 280
-197.7 353
-197.5 459
-197.3 581
-197.1 672
-196.9 872
-196.7 1054
-196.5 1254
-196.3 1400
-196.1 1712
-195.9 1944
-195.7 2113
-195.5 2269
-195.3 2430
-195.1 2652
-194.9 2698
-194.7 2839
-194.5 2964
-194.3 3060
-194.1 3059
-193.9 3202
-193.7 3247
-193.5 3222
-193.3 3170
-193.1 3204
-192.9 3199
-192.7 3131
-192.5 3165
-192.3 3154
-192.1 3138
-191.9 3207
-191.7 3109
-191.5 3026
-191.3 3123
-191.1 3029
-190.9 2929
-190.7 2962
-190.5 2876
-190.3 2885
-190.1 2938
-189.9 2892
-189.7 2800
-189.5 2899
-189.3 2808
-189.1 2776
-188.9 2822
-188.7 2707
-188.5 2770
-188.3 2653
-188.1 2720
-187.9 2758
-187.7 2568
-187.5 2597
-187.3 2652
-187.1 2570
-186.9 2675
-186.7 2673
-186.5 2648
-186.3 2562
-186.1 2475
-185.9 2567
-185.7 2457
-185.5 2448
-185.3 2486
-185.1 2426
-184.9 2513
-184.7 2430
-184.5 2489
-184.3 2334
-184.1 2374
-183.9 2391
-183.7 2364
-183.5 2330
-183.3 2391
-183.1 2263
-182.9 2242
-182.7 2243
-182.5 2243
-182.3 2208
-182.1 2219
-181.9 2164
-181.7 2226
-181.5 2189
-181.3 2171
-181.1 2129
-180.9 2152
-180.7 2145
-180.5 2083
-180.3 2104
-180.1 2107
-179.9 2068
-179.7 2001
-179.5 2072
-179.3 1963
-179.1 1930
-178.9 2027
-178.7 1947
-178.5 1944
-178.3 1893
-178.1 1954
-177.9 1958
-177.7 1928
-177.5 1992
-177.3 1965
-177.1 1896
-176.9 1871
-176.7 1920
-176.5 1921
-176.3 1891
-176.1 1879
-175.9 1857
-175.7 1872
-175.5 1901
-175.3 1827
-175.1 1843
-174.9 1778
-174.7 1811
-174.5 1905
-174.3 1800
-174.1 1807
-173.9 1685
-173.7 1799
-173.5 1810
-173.3 1801
-173.1 1782
-172.9 1781
-172.7 1791
-172.5 1675
-172.3 1774
-172.1 1751
-171.9 1703
-171.7 1736
-171.5 1723
-171.3 1778
-171.1 1725
-170.9 1770
-170.7 1836
-170.5 1750
-170.3 1717
-170.1 1803
-169.9 1721
-169.7 1727
-169.5 1721
-169.3 1749
-169.1 1769
-168.9 1788
-168.7 1706
-168.5 1704
-168.3 1652
-168.1 1699
-167.9 1646
-167.7 1633
-167.5 1690
-167.3 1623
-167.1 1661
-166.9 1679
-166.7 1620
-166.5 1740
-166.3 1675
-166.1 1713
-165.9 1680
-165.7 1678
-165.5 1666
-165.3 1665
-165.1 1698
-164.9 1669
-164.7 1749
-164.5 1643
-164.3 1678
-164.1 1641
-163.9 1697
-163.7 1619
-163.5 1695
-163.3 1691
-163.1 1701
-162.9 1697
-162.7 1665
-162.5 1721
-162.3 1580
-162.1 1670
-161.9 1577
-161.7 1611
-161.5 1656
-161.3 1648
-161.1 1565
-160.9 1675
-160.7 1639
-160.5 1666
-160.3 1742
-160.1 1700
-159.9 1616
-159.7 1666
-159.5 1643
-159.3 1646
-159.1 1699
-158.9 1628
-158.7 1655
-158.5 1657
-158.3 1651
-158.1 1691
-157.9 1635
-157.7 1722
-157.5 1682
-157.3 1653
-157.1 1594
-156.9 1651
-156.7 1621
-156.5 1583
-156.3 1673
-156.1 1589
-155.9 1676
-155.7 1601
-155.5 1641
-155.3 1611
-155.1 1608
-154.9 1654
-154.7 1604
-154.5 1628
-154.3 1684
-154.1 1620
-153.9 1687
-153.7 1716
-153.5 1680
-153.3 1636
-153.1 1675
-152.9 1670
-152.7 1588
-152.5 1614
-152.3 1566
-152.1 1554
-151.9 1611
-151.7 1651
-151.5 1558
-151.3 1676
-151.1 1517
-150.9 1616
-150.7 1564
-150.5 1631
-150.3 1698
-150.1 1608
-149.9 1743
-149.7 1640
-149.5 1601
-149.3 1638
-149.1 1595
-148.9 1626
-148.7 1618
-148.5 1625
-148.3 1632
-148.1 1599
-147.9 1620
-147.7 1602
-147.5 1564
-147.3 1634
-147.1 1577
-146.9 1593
-146.7 1660
-146.5 1582
-146.3 1571
-146.1 1537
-145.9 1648
-145.7 1591
-145.5 1555
-145.3 1524
-145.1 1593
-144.9 1613
-144.7 1558
-144.5 1623
-144.3 1517
-144.1 1621
-143.9 1533
-143.7 1541
-143.5 1615
-143.3 1545
-143.1 1568
-142.9 1539
-142.7 1532
-142.5 1640
-142.3 1624
-142.1 1597
-141.9 1538
-141.7 1661
-141.5 1539
-141.3 1572
-141.1 1609
-140.9 1616
-140.7 1535
-140.5 1582
-140.3 1544
-140.1 1587
-139.9 1628
-139.7 1547
-139.5 1586
-139.3 1550
-139.1 1553
-138.9 1629
-138.7 1570
-138.5 1618
-138.3 1575
-138.1 1575
-137.9 1595
-137.7 1732
-137.5 1655
-137.3 1596
-137.1 1676
-136.9 1684
-136.7 1688
-136.5 1626
-136.3 1649
-136.1 1599
-135.9 1634
-135.7 1668
-135.5 1580
-135.3 1640
-135.1 1627
-134.9 1594
-134.7 1702
-134.5 1613
-134.3 1686
-134.1 1646
-133.9 1728
-133.7 1669
-133.5 1709
-133.3 1610
-133.1 1635
-132.9 1716
-132.7 1699
-132.5 1632
-132.3 1608
-132.1 1656
-131.9 1770
-131.7 1652
-131.5 1721
-131.3 1706
-131.1 1633
-130.9 1620
-130.7 1680
-130.5 1677
-130.3 1651
-130.1 1692
-129.9 1677
-129.7 1732
-129.5 1631
-129.3 1631
-129.1 1762
-128.9 1626
-128.7 1675
-128.5 1747
-128.3 1688
-128.1 1654
-127.9 1691
-127.7 1662
-127.5 1728
-127.3 1636
-127.1 1663
-126.9 1631
-126.7 1608
-126.5 1745
-126.3 1649
-126.1 1669
-125.9 1607
-125.7 1648
-125.5 1656
-125.3 1689
-125.1 1604
-124.9 1563
-124.7 1550
-124.5 1644
-124.3 1565
-124.1 1637
-123.9 1624
-123.7 1640
-123.5 1615
-123.3 1601
-123.1 1556
-122.9 1661
-122.7 1666
-122.5 1611
-122.3 1632
-122.1 1590
-121.9 1608
-121.7 1648
-121.5 1600
-121.3 1653
-121.1 1645
-120.9 1592
-120.7 1609
-120.5 1583
-120.3 1603
-120.1 1582
-119.9 1566
-119.7 1560
-119.5 1588
-119.3 1643
-119.1 1624
-118.9 1619
-118.7 1568
-118.5 1622
-118.3 1668
-118.1 1555
-117.9 1617
-117.7 1564
-117.5 1637
-117.3 1594
-117.1 1536
-116.9 1601
-116.7 1625
-116.5 1549
-116.3 1601
-116.1 1619
-115.9 1585
-115.7 1652
-115.5 1582
-115.3 1577
-115.1 1639
-114.9 1674
-114.7 1614
-114.5 1560
-114.3 1562
-114.1 1585
-113.9 1550
-113.7 1615
-113.5 1637
-113.3 1596
-113.1 1593
-112.9 1559
-112.7 1625
-112.5 1622
-112.3 1599
-112.1 1626
-111.9 1615
-111.7 1549
-111.5 1614
-111.3 1567
-111.1 1564
-110.9 1662
-110.7 1609
-110.5 1565
-110.3 1592
-110.1 1627
-109.9 1591
-109.7 1626
-109.5 1601
-109.3 1571
-109.1 1681
-108.9 1557
-108.7 1625
-108.5 1558
-108.3 1626
-108.1 1530
-107.9 1626
-107.7 1624
-107.5 1590
-107.3 1643
-107.1 1615
-106.9 1601
-106.7 1510
-106.5 1653
-106.3 1582
-106.1 1622
-105.9 1621
-105.7 1639
-105.5 1649
-105.3 1598
-105.1 1624
-104.9 1582
-104.7 1548
-104.5 1613
-104.3 1651
-104.1 1541
-103.9 1580
-103.7 1533
-103.5 1598
-103.3 1593
-103.1 1603
-102.9 1614
-102.7 1635
-102.5 1582
-102.3 1700
-102.1 1604
-101.9 1581
-101.7 1531
-101.5 1605
-101.3 1590
-101.1 1579
-100.9 1580
-100.7 1625
-100.5 1614
-100.3 1602
-100.1 1595
-99.9 1572
-99.7 1622
-99.5 1643
-99.3 1587
-99.1 1577
-98.9 1607
-98.7 1579
-98.5 1586
-98.3 1627
-98.1 1547
-97.9 1592
-97.7 1617
-97.5 1589
-97.3 1627
-97.1 1620
-96.9 1632
-96.7 1582
-96.5 1570
-96.3 1625
-96.1 1514
-95.9 1644
-95.7 1613
-95.5 1525
-95.3 1560
-95.1 1627
-94.9 1596
-94.7 1524
-94.5 1595
-94.3 1613
-94.1 1603
-93.9 1555
-93.7 1558
-93.5 1623
-93.3 1577
-93.1 1574
-92.9 1564
-92.7 1600
-92.5 1587
-92.3 1624
-92.1 1655
-91.9 1574
-91.7 1520
-91.5 1631
-91.3 1589
-91.1 1571
-90.9 1575
-90.7 1511
-90.5 1566
-90.3 1651
-90.1 1606
-89.9 1619
-89.7 1538
-89.5 1560
-89.3 1584
-89.1 1639
-88.9 1530
-88.7 1652
-88.5 1609
-88.3 1622
-88.1 1717
-87.9 1688
-87.7 1643
-87.5 1652
-87.3 1625
-87.1 1589
-86.9 1622
-86.7 1563
-86.5 1542
-86.3 1608
-86.1 1662
-85.9 1558
-85.7 1628
-85.5 1560
-85.3 1596
-85.1 1558
-84.9 1531
-84.7 1601
-84.5 1621
-84.3 1629
-84.1 1568
-83.9 1636
-83.7 1654
-83.5 1576
-83.3 1588
-83.1 1547
-82.9 1592
-82.7 1561
-82.5 1514
-82.3 1647
-82.1 1533
-81.9 1524
-81.7 1544
-81.5 1520
-81.3 1568
-81.1 1538
-80.9 1625
-80.7 1679
-80.5 1618
-80.3 1618
-80.1 1611
-79.9 1588
-79.7 1607
-79.5 1545
-79.3 1486
-79.1 1599
-78.9 1576
-78.7 1598
-78.5 1623
-78.3 1645
-78.1 1686
-77.9 1574
-77.7 1677
-77.5 1651
-77.3 1672
-77.1 1529
-76.9 1687
-76.7 1651
-76.5 1543
-76.3 1561
-76.1 1569
-75.9 1595
-75.7 1555
-75.5 1576
-75.3 1622
-75.1 1593
-74.9 1599
-74.7 1558
-74.5 1604
-74.3 1541
-74.1 1582
-73.9 1579
-73.7 1610
-73.5 1527
-73.3 1582
-73.1 1583
-72.9 1549
-72.7 1602
-72.5 1613
-72.3 1636
-72.1 1622
-71.9 1558
-71.7 1601
-71.5 1565
-71.3 1606
-71.1 1545
-70.9 1611
-70.7 1668
-70.5 1599
-70.3 1603
-70.1 1582
-69.9 1608
-69.7 1632
-69.5 1592
-69.3 1652
-69.1 1643
-68.9 1612
-68.7 1674
-68.5 1632
-68.3 1615
-68.1 1626
-67.9 1661
-67.7 1587
-67.5 1612
-67.3 1554
-67.1 1576
-66.9 1644
-66.7 1650
-66.5 1617
-66.3 1548
-66.1 1515
-65.9 1559
-65.7 1610
-65.5 1548
-65.3 1561
-65.1 1632
-64.9 1606
-64.7 1543
-64.5 1595
-64.3 1618
-64.1 1611
-63.9 1552
-63.7 1525
-63.5 1579
-63.3 1546
-63.1 1597
-62.9 1653
-62.7 1519
-62.5 1602
-62.3 1516
-62.1 1648
-61.9 1672
-61.7 1579
-61.5 1598
-61.3 1677
-61.1 1634
-60.9 1626
-60.7 1557
-60.5 1654
-60.3 1598
-60.1 1636
-59.9 1607
-59.7 1585
-59.5 1609
-59.3 1619
-59.1 1592
-58.9 1638
-58.7 1611
-58.5 1570
-58.3 1597
-58.1 1582
-57.9 1558
-57.7 1635
-57.5 1540
-57.3 1630
-57.1 1608
-56.9 1570
-56.7 1560
-56.5 1695
-56.3 1582
-56.1 1622
-55.9 1575
-55.7 1534
-55.5 1571
-55.3 1602
-55.1 1592
-54.9 1587
-54.7 1639
-54.5 1680
-54.3 1585
-54.1 1586
-53.9 1581
-53.7 1563
-53.5 1601
-53.3 1634
-53.1 1586
-52.9 1620
-52.7 1585
-52.5 1675
-52.3 1618
-52.1 1566
-51.9 1587
-51.7 1563
-51.5 1617
-51.3 1583
-51.1 1581
-50.9 1598
-50.7 1582
-50.5 1598
-50.3 1688
-50.1 1549
-49.9 1591
-49.7 1648
-49.5 1671
-49.3 1596
-49.1 1577
-48.9 1631
-48.7 1551
-48.5 1640
-48.3 1613
-48.1 1565
-47.9 1604
-47.7 1548
-47.5 1634
-47.3 1591
-47.1 1602
-46.9 1622
-46.7 1590
-46.5 1504
-46.3 1619
-46.1 1578
-45.9 1603
-45.7 1578
-45.5 1598
-45.3 1605
-45.1 1573
-44.9 1589
-44.7 1604
-44.5 1595
-44.3 1683
-44.1 1588
-43.9 1680
-43.7 1571
-43.5 1616
-43.3 1604
-43.1 1596
-42.9 1624
-42.7 1595
-42.5 1538
-42.3 1601
-42.1 1595
-41.9 1581
-41.7 1539
-41.5 1593
-41.3 1626
-41.1 1501
-40.9 1604
-40.7 1639
-40.5 1590
-40.3 1568
-40.1 1598
-39.9 1618
-39.7 1594
-39.5 1608
-39.3 1561
-39.1 1587
-38.9 1512
-38.7 1512
-38.5 1580
-38.3 1636
-38.1 1540
-37.9 1649
-37.7 1548
-37.5 1587
-37.3 1550
-37.1 1650
-36.9 1655
-36.7 1512
-36.5 1526
-36.3 1574
-36.1 1557
-35.9 1510
-35.7 1602
-35.5 1597
-35.3 1608
-35.1 1564
-34.9 1603
-34.7 1625
-34.5 1542
-34.3 1608
-34.1 1568
-33.9 1591
-33.7 1584
-33.5 1593
-33.3 1590
-33.1 1584
-32.9 1621
-32.7 1586
-32.5 1553
-32.3 1620
-32.1 1614
-31.9 1540
-31.7 1604
-31.5 1619
-31.3 1630
-31.1 1605
-30.9 1627
-30.7 1539
-30.5 1625
-30.3 1576
-30.1 1559
-29.9 1525
-29.7 1637
-29.5 1606
-29.3 1548
-29.1 1656
-28.9 1643
-28.7 1590
-28.5 1664
-28.3 1620
-28.1 1588
-27.9 1639
-27.7 1597
-27.5 1579
-27.3 1593
-27.1 1549
-26.9 1565
-26.7 1581
-26.5 1647
-26.3 1562
-26.1 1637
-25.9 1537
-25.7 1558
-25.5 1618
-25.3 1626
-25.1 1556
-24.9 1507
-24.7 1570
-24.5 1584
-24.3 1597
-24.1 1616
-23.9 1670
-23.7 1586
-23.5 1626
-23.3 1592
-23.1 1583
-22.9 1522
-22.7 1575
-22.5 1612
-22.3 1545
-22.1 1590
-21.9 1559
-21.7 1490
-21.5 1631
-21.3 1572
-21.1 1527
-20.9 1541
-20.7 1600
-20.5 1585
-20.3 1589
-20.1 1655
-19.9 1603
-19.7 1529
-19.5 1570
-19.3 1619
-19.1 1558
-18.9 1581
-18.7 1634
-18.5 1607
-18.3 1580
-18.1 1567
-17.9 1522
-17.7 1596
-17.5 1556
-17.3 1560
-17.1 1509
-16.9 1575
-16.7 1563
-16.5 1507
-16.3 1611
-16.1 1551
-15.9 1528
-15.7 1489
-15.5 1582
-15.3 1581
-15.1 1586
-14.9 1600
-14.7 1599
-14.5 1594
-14.3 1631
-14.1 1573
-13.9 1605
-13.7 1551
-13.5 1543
-13.3 1607
-13.1 1623
-12.9 1635
-12.7 1589
-12.5 1633
-12.3 1623
-12.1 1616
-11.9 1690
-11.7 1614
-11.5 1573
-11.3 1500
-11.1 1628
-10.9 1521
-10.7 1672
-10.5 1632
-10.3 1592
-10.1 1597
-9.9 1602
-9.7 1539
-9.5 1563
-9.3 1525
-9.1 1582
-8.9 1630
-8.7 1616
-8.5 1587
-8.3 1543
-8.1 1636
-7.9 1616
-7.7 1584
-7.5 1588
-7.3 1596
-7.1 1536
-6.9 1571
-6.7 1589
-6.5 1558
-6.3 1661
-6.1 1610
-5.9 1568
-5.7 1620
-5.5 1627
-5.3 1627
-5.1 1569
-4.9 1623
-4.7 1557
-4.5 1517
-4.3 1577
-4.1 1554
-3.9 1596
-3.7 1627
-3.5 1656
-3.3 1567
-3.1 1601
-2.9 1579
-2.7 1617
-2.5 1526
-2.3 1573
-2.1 1602
-1.9 1561
-1.7 1598
-1.5 1556
-1.3 1585
-1.1 1626
-0.9 1606
-0.7 1537
-0.5 1584
-0.3 1608
-0.1 1550
0.1 1585
0.3 1559
0.5 1593
0.7 1539
0.9 1630
1.1 1576
1.3 1596
1.5 1558
1.7 1564
1.9 1689
2.1 1579
2.3 1500
2.5 1495
2.7 1579
2.9 1703
3.1 1603
3.3 1597
3.5 1562
3.7 1571
3.9 1641
4.1 1534
4.3 1594
4.5 1664
4.7 1571
4.9 1576
5.1 1549
5.3 1541
5.5 1576
5.7 1601
5.9 1651
6.1 1528
6.3 1521
6.5 1593
6.7 1531
6.9 1570
7.1 1506
7.3 1555
7.5 1539
7.7 1568
7.9 1484
8.1 1470
8.3 1528
8.5 1546
8.7 1527
8.9 1489
9.1 1517
9.3 1566
9.5 1548
9.7 1454
9.9 1470
10.1 1387
10.3 1459
10.5 1504
10.7 1481
10.9 1430
11.1 1452
11.3 1417
11.5 1417
11.7 1404
11.9 1439
12.1 1358
12.3 1404
12.5 1353
12.7 1402
12.9 1331
13.1 1325
13.3 1331
13.5 1214
13.7 1330
13.9 1228
14.1 1250
14.3 1255
14.5 1193
14.7 1201
14.9 1197
15.1 1197
15.3 1085
15.5 1181
15.7 1134
15.9 1135
16.1 1050
16.3 1117
16.5 1063
16.7 1020
16.9 925
17.1 950
17.3 985
17.5 977
17.7 959
17.9 905
18.1 906
18.3 870
18.5 863
18.7 875
18.9 879
19.1 838
19.3 794
19.5 760
19.7 775
19.9 768
20.1 740
20.3 766
20.5 739
20.7 719
20.9 672
21.1 645
21.3 658
21.5 638
21.7 616
21.9 596
22.1 596
22.3 597
22.5 559
22.7 577
22.9 491
23.1 496
23.3 484
23.5 512
23.7 453
23.9 451
24.1 401
24.3 400
24.5 397
24.7 413
24.9 364
25.1 354
25.3 326
25.5 292
25.7 345
25.9 337
26.1 282
26.3 302
26.5 275
26.7 257
26.9 239
27.1 250
27.3 235
27.5 232
27.7 233
27.9 225
28.1 213
28.3 185
28.5 177
28.7 188
28.9 180
29.1 158
29.3 157
29.5 152
29.7 122
29.9 137
30.1 124
30.3 117
30.5 115
30.7 106
30.9 92
31.1 96
31.3 97
31.5 82
31.7 84
31.9 70
32.1 72
32.3 47
32.5 53
32.7 49
32.9 51
33.1 51
33.3 45
33.5 35
33.7 49
33.9 43
34.1 31
34.3 36
34.5 25
34.7 26
34.9 18
