-209.9 0
-209.7 0
-209.5 2
-209.3 0
-209.1 1
-208.9 0
-208.7 0
-208.5 0
-208.3 1
-208.1 2
-207.9 0
-207.7 0
-207.5 0
-207.3 1
-207.1 0
-206.9 1
-206.7 0
-206.5 0
-206.3 0
-206.1 1
-205.9 0
-205.7 1
-205.5 1
-205.3 2
-205.1 1
-204.9 0
-204.7 0
-204.5 1
-204.3 2
-204.1 1
-203.9 1
-203.7 2
-203.5 0
-203.3 1
-203.1 0
-202.9 1
-202.7 1
-202.5 1
-202.3 1
-202.1 2
-201.9 2
-201.7 3
-201.5 6
-201.3 5
-201.1 10
-200.9 16
-200.7 15
-200.5 20
-200.3 28
-200.1 28
-199.9 49
-199.7 45
-199.5 70
-199.3 86
-199.1 135
-198.9 171
-198.7 222
-198.5 275
-198.3 303
-198.1 453
-197.9 563
-197.7 712
-197.5 869
-197.3 1071
-197.1 1297
-196.9 1592
-196.7 1947
-196.5 2276
-196.3 2767
-196.1 3100
-195.9 3644
-195.7 3881
-195.5 4512
-195.3 4903
-195.1 5206
-194.9 5644
-194.7 5995
-194.5 6115
-194.3 6396
-194.1 6586
-193.9 6520
-193.7 6590
-193.5 6719
-193.3 6790
-193.1 6796
-192.9 6643
-192.7 6818
-192.5 6544
-192.3 6462
-192.1 6283
-191.9 6441
-191.7 6149
-191.5 6182
-191.3 6056
-191.1 6045
-190.9 5898
-190.7 5855
-190.5 5867
-190.3 5849
-190.1 5822
-189.9 5822
-189.7 5607
-189.5 5604
-189.3 5550
-189.1 5496
-188.9 5536
-188.7 5421
-188.5 5348
-188.3 5421
-188.1 5399
-187.9 5321
-187.7 5185
-187.5 5212
-187.3 5126
-187.1 5176
-186.9 5170
-186.7 5023
-186.5 5067
-186.3 5071
-186.1 5085
-185.9 5150
-185.7 5015
-185.5 5001
-185.3 4905
-185.1 4834
-184.9 4986
-184.7 4990
-184.5 4837
-184.3 4875
-184.1 4776
-183.9 4720
-183.7 4714
-183.5 4665
-183.3 4567
-183.1 4571
-182.9 4527
-182.7 4540
-182.5 4393
-182.3 4391
-182.1 4337
-181.9 4254
-181.7 4226
-181.5 4200
-181.3 4047
-181.1 3994
-180.9 4112
-180.7 4114
-180.5 3995
-180.3 3948
-180.1 3752
-179.9 3739
-179.7 3674
-179.5 3704
-179.3 3701
-179.1 3552
-178.9 3579
-178.7 3589
-178.5 3430
-178.3 3495
-178.1 3298
-177.9 3297
-177.7 3422
-177.5 3357
-177.3 3284
-177.1 3272
-176.9 3222
-176.7 3196
-176.5 3165
-176.3 3255
-176.1 3183
-175.9 3125
-175.7 3086
-175.5 3044
-175.3 3100
-175.1 3113
-174.9 3132
-174.7 3036
-174.5 2938
-174.3 2983
-174.1 3080
-173.9 2849
-173.7 3002
-173.5 2954
-173.3 2926
-173.1 2901
-172.9 2899
-172.7 2907
-172.5 2915
-172.3 2836
-172.1 2844
-171.9 2985
-171.7 2920
-171.5 2837
-171.3 2752
-171.1 2854
-170.9 2887
-170.7 2809
-170.5 2749
-170.3 2812
-170.1 2709
-169.9 2912
-169.7 2865
-169.5 2786
-169.3 2765
-169.1 2664
-168.9 2732
-168.7 2678
-168.5 2679
-168.3 2724
-168.1 2758
-167.9 2745
-167.7 2719
-167.5 2731
-167.3 2732
-167.1 2644
-166.9 2786
-166.7 2791
-166.5 2664
-166.3 2797
-166.1 2689
-165.9 2719
-165.7 2746
-165.5 2688
-165.3 2765
-165.1 2708
-164.9 2708
-164.7 2760
-164.5 2717
-164.3 2790
-164.1 2724
-163.9 2674
-163.7 2716
-163.5 2688
-163.3 2769
-163.1 2658
-162.9 2774
-162.7 2694
-162.5 2647
-162.3 2683
-162.1 2543
-161.9 2727
-161.7 2744
-161.5 2701
-161.3 2690
-161.1 2662
-160.9 2804
-160.7 2679
-160.5 2572
-160.3 2756
-160.1 2675
-159.9 2677
-159.7 2631
-159.5 2614
-159.3 2631
-159.1 2609
-158.9 2658
-158.7 2551
-158.5 2587
-158.3 2701
-158.1 2617
-157.9 2563
-157.7 2673
-157.5 2564
-157.3 2577
-157.1 2593
-156.9 2687
-156.7 2522
-156.5 2619
-156.3 2552
-156.1 2514
-155.9 2515
-155.7 2487
-155.5 2588
-155.3 2435
-155.1 2491
-154.9 2580
-154.7 2531
-154.5 2520
-154.3 2411
-154.1 2541
-153.9 2489
-153.7 2338
-153.5 2377
-153.3 2410
-153.1 2473
-152.9 2357
-152.7 2405
-152.5 2468
-152.3 2379
-152.1 2406
-151.9 2313
-151.7 2361
-151.5 2316
-151.3 2313
-151.1 2401
-150.9 2311
-150.7 2374
-150.5 2436
-150.3 2401
-150.1 2324
-149.9 2271
-149.7 2445
-149.5 2395
-149.3 2507
-149.1 2309
-148.9 2354
-148.7 2342
-148.5 2349
-148.3 2361
-148.1 2316
-147.9 2315
-147.7 2373
-147.5 2424
-147.3 2387
-147.1 2410
-146.9 2371
-146.7 2351
-146.5 2498
-146.3 2408
-146.1 2507
-145.9 2522
-145.7 2518
-145.5 2410
-145.3 2476
-145.1 2549
-144.9 2510
-144.7 2551
-144.5 2565
-144.3 2613
-144.1 2629
-143.9 2563
-143.7 2700
-143.5 2638
-143.3 2593
-143.1 2653
-142.9 2640
-142.7 2610
-142.5 2546
-142.3 2614
-142.1 2693
-141.9 2700
-141.7 2579
-141.5 2565
-141.3 2688
-141.1 2752
-140.9 2678
-140.7 2652
-140.5 2666
-140.3 2731
-140.1 2723
-139.9 2660
-139.7 2686
-139.5 2636
-139.3 2701
-139.1 2767
-138.9 2787
-138.7 2735
-138.5 2869
-138.3 2819
-138.1 2715
-137.9 2715
-137.7 2820
-137.5 2704
-137.3 2711
-137.1 2646
-136.9 2749
-136.7 2713
-136.5 2750
-136.3 2741
-136.1 2779
-135.9 2787
-135.7 2805
-135.5 2659
-135.3 2751
-135.1 2874
-134.9 2729
-134.7 2745
-134.5 2746
-134.3 2736
-134.1 2831
-133.9 2758
-133.7 2758
-133.5 2699
-133.3 2660
-133.1 2719
-132.9 2739
-132.7 2777
-132.5 2689
-132.3 2701
-132.1 2830
-131.9 2678
-131.7 2832
-131.5 2670
-131.3 2761
-131.1 2711
-130.9 2756
-130.7 2690
-130.5 2704
-130.3 2621
-130.1 2664
-129.9 2625
-129.7 2734
-129.5 2702
-129.3 2729
-129.1 2798
-128.9 2680
-128.7 2710
-128.5 2634
-128.3 2692
-128.1 2679
-127.9 2729
-127.7 2640
-127.5 2656
-127.3 2683
-127.1 2723
-126.9 2579
-126.7 2596
-126.5 2701
-126.3 2628
-126.1 2580
-125.9 2647
-125.7 2717
-125.5 2551
-125.3 2610
-125.1 2671
-124.9 2648
-124.7 2615
-124.5 2665
-124.3 2635
-124.1 2627
-123.9 2626
-123.7 2650
-123.5 2656
-123.3 2639
-123.1 2515
-122.9 2682
-122.7 2695
-122.5 2662
-122.3 2616
-122.1 2628
-121.9 2649
-121.7 2554
-121.5 2689
-121.3 2608
-121.1 2601
-120.9 2725
-120.7 2573
-120.5 2613
-120.3 2666
-120.1 2600
-119.9 2677
-119.7 2626
-119.5 2604
-119.3 2644
-119.1 2518
-118.9 2585
-118.7 2540
-118.5 2699
-118.3 2656
-118.1 2512
-117.9 2668
-117.7 2532
-117.5 2569
-117.3 2661
-117.1 2638
-116.9 2684
-116.7 2535
-116.5 2654
-116.3 2541
-116.1 2622
-115.9 2584
-115.7 2587
-115.5 2563
-115.3 2515
-115.1 2582
-114.9 2507
-114.7 2606
-114.5 2712
-114.3 2575
-114.1 2619
-113.9 2651
-113.7 2598
-113.5 2489
-113.3 2578
-113.1 2621
-112.9 2558
-112.7 2608
-112.5 2565
-112.3 2587
-112.1 2642
-111.9 2595
-111.7 2482
-111.5 2600
-111.3 2478
-111.1 2585
-110.9 2491
-110.7 2561
-110.5 2439
-110.3 2637
-110.1 2542
-109.9 2658
-109.7 2596
-109.5 2505
-109.3 2556
-109.1 2634
-108.9 2651
-108.7 2541
-108.5 2465
-108.3 2543
-108.1 2474
-107.9 2480
-107.7 2561
-107.5 2583
-107.3 2501
-107.1 2538
-106.9 2493
-106.7 2528
-106.5 2561
-106.3 2587
-106.1 2518
-105.9 2561
-105.7 2530
-105.5 2520
-105.3 2588
-105.1 2485
-104.9 2593
-104.7 2449
-104.5 2557
-104.3 2516
-104.1 2455
-103.9 2471
-103.7 2493
-103.5 2487
-103.3 2501
-103.1 2616
-102.9 2542
-102.7 2509
-102.5 2512
-102.3 2511
-102.1 2475
-101.9 2543
-101.7 2613
-101.5 2444
-101.3 2444
-101.1 2538
-100.9 2496
-100.7 2464
-100.5 2550
-100.3 2484
-100.1 2445
-99.9 2463
-99.7 2503
-99.5 2479
-99.3 2471
-99.1 2501
-98.9 2449
-98.7 2422
-98.5 2565
-98.3 2535
-98.1 2457
-97.9 2440
-97.7 2509
-97.5 2464
-97.3 2491
-97.1 2521
-96.9 2410
-96.7 2525
-96.5 2449
-96.3 2481
-96.1 2531
-95.9 2542
-95.7 2425
-95.5 2516
-95.3 2526
-95.1 2446
-94.9 2439
-94.7 2427
-94.5 2389
-94.3 2422
-94.1 2445
-93.9 2479
-93.7 2441
-93.5 2450
-93.3 2493
-93.1 2557
-92.9 2383
-92.7 2537
-92.5 2553
-92.3 2539
-92.1 2471
-91.9 2476
-91.7 2470
-91.5 2491
-91.3 2395
-91.1 2437
-90.9 2451
-90.7 2542
-90.5 2527
-90.3 2536
-90.1 2458
-89.9 2473
-89.7 2483
-89.5 2475
-89.3 2550
-89.1 2521
-88.9 2449
-88.7 2507
-88.5 2469
-88.3 2511
-88.1 2521
-87.9 2560
-87.7 2495
-87.5 2507
-87.3 2476
-87.1 2465
-86.9 2435
-86.7 2483
-86.5 2476
-86.3 2510
-86.1 2632
-85.9 2500
-85.7 2469
-85.5 2440
-85.3 2535
-85.1 2453
-84.9 2452
-84.7 2558
-84.5 2564
-84.3 2522
-84.1 2585
-83.9 2493
-83.7 2535
-83.5 2447
-83.3 2543
-83.1 2545
-82.9 2589
-82.7 2550
-82.5 2544
-82.3 2505
-82.1 2586
-81.9 2508
-81.7 2460
-81.5 2470
-81.3 2505
-81.1 2600
-80.9 2491
-80.7 2431
-80.5 2490
-80.3 2479
-80.1 2473
-79.9 2540
-79.7 2526
-79.5 2506
-79.3 2548
-79.1 2561
-78.9 2526
-78.7 2573
-78.5 2579
-78.3 2634
-78.1 2528
-77.9 2538
-77.7 2552
-77.5 2530
-77.3 2546
-77.1 2597
-76.9 2501
-76.7 2474
-76.5 2524
-76.3 2637
-76.1 2466
-75.9 2550
-75.7 2554
-75.5 2514
-75.3 2511
-75.1 2561
-74.9 2524
-74.7 2540
-74.5 2619
-74.3 2522
-74.1 2450
-73.9 2693
-73.7 2666
-73.5 2543
-73.3 2592
-73.1 2588
-72.9 2544
-72.7 2516
-72.5 2445
-72.3 2605
-72.1 2569
-71.9 2654
-71.7 2544
-71.5 2590
-71.3 2585
-71.1 2561
-70.9 2568
-70.7 2538
-70.5 2553
-70.3 2520
-70.1 2592
-69.9 2610
-69.7 2531
-69.5 2578
-69.3 2599
-69.1 2516
-68.9 2508
-68.7 2484
-68.5 2550
-68.3 2519
-68.1 2515
-67.9 2573
-67.7 2475
-67.5 2658
-67.3 2594
-67.1 2738
-66.9 2516
-66.7 2602
-66.5 2580
-66.3 2589
-66.1 2510
-65.9 2478
-65.7 2532
-65.5 2615
-65.3 2574
-65.1 2526
-64.9 2519
-64.7 2612
-64.5 2510
-64.3 2614
-64.1 2620
-63.9 2571
-63.7 2656
-63.5 2630
-63.3 2586
-63.1 2508
-62.9 2573
-62.7 2531
-62.5 2518
-62.3 2525
-62.1 2579
-61.9 2599
-61.7 2501
-61.5 2554
-61.3 2486
-61.1 2685
-60.9 2474
-60.7 2502
-60.5 2606
-60.3 2574
-60.1 2534
-59.9 2472
-59.7 2522
-59.5 2610
-59.3 2532
-59.1 2492
-58.9 2518
-58.7 2542
-58.5 2584
-58.3 2634
-58.1 2475
-57.9 2566
-57.7 2567
-57.5 2541
-57.3 2589
-57.1 2547
-56.9 2497
-56.7 2467
-56.5 2483
-56.3 2490
-56.1 2546
-55.9 2525
-55.7 2566
-55.5 2565
-55.3 2493
-55.1 2541
-54.9 2493
-54.7 2518
-54.5 2471
-54.3 2564
-54.1 2510
-53.9 2582
-53.7 2471
-53.5 2554
-53.3 2470
-53.1 2557
-52.9 2511
-52.7 2551
-52.5 2536
-52.3 2544
-52.1 2522
-51.9 2518
-51.7 2588
-51.5 2532
-51.3 2489
-51.1 2469
-50.9 2633
-50.7 2509
-50.5 2607
-50.3 2485
-50.1 2517
-49.9 2567
-49.7 2481
-49.5 2533
-49.3 2487
-49.1 2653
-48.9 2602
-48.7 2487
-48.5 2478
-48.3 2517
-48.1 2592
-47.9 2557
-47.7 2513
-47.5 2411
-47.3 2583
-47.1 2623
-46.9 2462
-46.7 2504
-46.5 2536
-46.3 2510
-46.1 2457
-45.9 2556
-45.7 2492
-45.5 2498
-45.3 2499
-45.1 2557
-44.9 2522
-44.7 2446
-44.5 2479
-44.3 2550
-44.1 2632
-43.9 2544
-43.7 2475
-43.5 2578
-43.3 2544
-43.1 2633
-42.9 2529
-42.7 2514
-42.5 2571
-42.3 2458
-42.1 2487
-41.9 2454
-41.7 2577
-41.5 2609
-41.3 2432
-41.1 2545
-40.9 2501
-40.7 2461
-40.5 2507
-40.3 2568
-40.1 2538
-39.9 2429
-39.7 2470
-39.5 2533
-39.3 2488
-39.1 2610
-38.9 2516
-38.7 2464
-38.5 2444
-38.3 2469
-38.1 2416
-37.9 2493
-37.7 2453
-37.5 2536
-37.3 2480
-37.1 2568
-36.9 2547
-36.7 2600
-36.5 2529
-36.3 2489
-36.1 2586
-35.9 2490
-35.7 2495
-35.5 2487
-35.3 2547
-35.1 2534
-34.9 2569
-34.7 2557
-34.5 2470
-34.3 2490
-34.1 2515
-33.9 2486
-33.7 2576
-33.5 2476
-33.3 2412
-33.1 2441
-32.9 2517
-32.7 2385
-32.5 2504
-32.3 2420
-32.1 2594
-31.9 2562
-31.7 2505
-31.5 2527
-31.3 2438
-31.1 2447
-30.9 2588
-30.7 2406
-30.5 2499
-30.3 2588
-30.1 2468
-29.9 2543
-29.7 2471
-29.5 2600
-29.3 2442
-29.1 2502
-28.9 2447
-28.7 2532
-28.5 2471
-28.3 2482
-28.1 2526
-27.9 2611
-27.7 2503
-27.5 2368
-27.3 2488
-27.1 2524
-26.9 2489
-26.7 2559
-26.5 2567
-26.3 2502
-26.1 2564
-25.9 2500
-25.7 2544
-25.5 2434
-25.3 2516
-25.1 2470
-24.9 2588
-24.7 2495
-24.5 2566
-24.3 2537
-24.1 2574
-23.9 2472
-23.7 2484
-23.5 2520
-23.3 2516
-23.1 2443
-22.9 2483
-22.7 2556
-22.5 2483
-22.3 2523
-22.1 2510
-21.9 2419
-21.7 2699
-21.5 2509
-21.3 2454
-21.1 2490
-20.9 2508
-20.7 2513
-20.5 2528
-20.3 2488
-20.1 2453
-19.9 2548
-19.7 2481
-19.5 2462
-19.3 2474
-19.1 2510
-18.9 2520
-18.7 2488
-18.5 2504
-18.3 2459
-18.1 2487
-17.9 2495
-17.7 2463
-17.5 2556
-17.3 2545
-17.1 2497
-16.9 2495
-16.7 2534
-16.5 2522
-16.3 2524
-16.1 2609
-15.9 2542
-15.7 2505
-15.5 2519
-15.3 2596
-15.1 2604
-14.9 2468
-14.7 2377
-14.5 2514
-14.3 2511
-14.1 2429
-13.9 2477
-13.7 2563
-13.5 2522
-13.3 2546
-13.1 2514
-12.9 2483
-12.7 2528
-12.5 2500
-12.3 2567
-12.1 2461
-11.9 2487
-11.7 2485
-11.5 2441
-11.3 2446
-11.1 2585
-10.9 2560
-10.7 2556
-10.5 2589
-10.3 2499
-10.1 2571
-9.9 2499
-9.7 2540
-9.5 2496
-9.3 2465
-9.1 2406
-8.9 2521
-8.7 2415
-8.5 2571
-8.3 2502
-8.1 2563
-7.9 2609
-7.7 2487
-7.5 2584
-7.3 2506
-7.1 2558
-6.9 2493
-6.7 2526
-6.5 2476
-6.3 2528
-6.1 2502
-5.9 2487
-5.7 2491
-5.5 2585
-5.3 2486
-5.1 2518
-4.9 2537
-4.7 2453
-4.5 2583
-4.3 2490
-4.1 2514
-3.9 2570
-3.7 2443
-3.5 2509
-3.3 2452
-3.1 2547
-2.9 2424
-2.7 2568
-2.5 2511
-2.3 2499
-2.1 2570
-1.9 2450
-1.7 2545
-1.5 2538
-1.3 2509
-1.1 2519
-0.9 2451
-0.7 2521
-0.5 2509
-0.3 2611
-0.1 2518
0.1 2548
0.3 2430
0.5 2461
0.7 2430
0.9 2569
1.1 2447
1.3 2455
1.5 2551
1.7 2577
1.9 2519
2.1 2520
2.3 2463
2.5 2546
2.7 2535
2.9 2463
3.1 2545
3.3 2528
3.5 2438
3.7 2455
3.9 2577
4.1 2601
4.3 2582
4.5 2448
4.7 2514
4.9 2562
5.1 2442
5.3 2510
5.5 2462
5.7 2484
5.9 2576
6.1 2429
6.3 2498
6.5 2422
6.7 2538
6.9 2369
7.1 2484
7.3 2430
7.5 2388
7.7 2462
7.9 2464
8.1 2377
8.3 2395
8.5 2416
8.7 2408
8.9 2484
9.1 2495
9.3 2434
9.5 2454
9.7 2449
9.9 2410
10.1 2474
10.3 2349
10.5 2449
10.7 2347
10.9 2383
11.1 2377
11.3 2417
11.5 2287
11.7 2344
11.9 2239
12.1 2321
12.3 2259
12.5 2364
12.7 2347
12.9 2261
13.1 2251
13.3 2237
13.5 2271
13.7 2071
13.9 2162
14.1 2213
14.3 2195
14.5 2101
14.7 2129
14.9 2036
15.1 2054
15.3 2098
15.5 2006
15.7 2041
15.9 2062
16.1 2069
16.3 1928
16.5 1887
16.7 1819
16.9 1887
17.1 1884
17.3 1823
17.5 1850
17.7 1708
17.9 1786
18.1 1680
18.3 1748
18.5 1620
18.7 1638
18.9 1627
19.1 1590
19.3 1593
19.5 1519
19.7 1586
19.9 1517
20.1 1541
20.3 1450
20.5 1366
20.7 1358
20.9 1295
21.1 1322
21.3 1341
21.5 1248
21.7 1232
21.9 1182
22.1 1134
22.3 1159
22.5 1106
22.7 1109
22.9 1020
23.1 1040
23.3 976
23.5 1058
23.7 984
23.9 876
24.1 919
24.3 888
24.5 876
24.7 795
24.9 865
25.1 836
25.3 728
25.5 751
25.7 727
25.9 682
26.1 669
26.3 645
26.5 639
26.7 609
26.9 620
27.1 544
27.3 533
27.5 524
27.7 525
27.9 497
28.1 474
28.3 451
28.5 428
28.7 377
28.9 385
29.1 374
29.3 401
29.5 340
29.7 312
29.9 298
30.1 294
30.3 321
30.5 270
30.7 239
30.9 220
31.1 248
31.3 220
31.5 216
31.7 189
31.9 188
32.1 174
32.3 153
32.5 142
32.7 183
32.9 146
33.1 121
33.3 139
33.5 122
33.7 114
33.9 101
34.1 84
34.3 101
34.5 81
34.7 86
34.9 80
35.1 62
35.3 59
35.5 70
35.7 47
35.9 51
36.1 42
36.3 45
36.5 45
36.7 38
36.9 28
37.1 36
37.3 33
37.5 17
37.7 32
37.9 18
38.1 23
38.3 24
38.5 14
38.7 24
38.9 17
39.1 18
39.3 15
39.5 10
39.7 13
39.9 16
40.1 8
40.3 12
40.5 9
40.7 7
40.9 3
41.1 7
41.3 9
41.5 11
41.7 10
41.9 10
42.1 11
42.3 7
42.5 11
42.7 7
42.9 11
43.1 10
43.3 7
43.5 9
43.7 7
43.9 5
44.1 3
44.3 8
44.5 8
44.7 12
44.9 3
45.1 2
45.3 9
45.5 7
45.7 8
45.9 5
46.1 8
46.3 4
46.5 8
46.7 1
46.9 4
47.1 11
47.3 9
47.5 6
47.7 6
47.9 9
48.1 11
48.3 4
48.5 4
48.7 8
48.9 11
49.1 8
49.3 5
49.5 8
49.7 2
49.9 10
50.1 7
50.3 7
50.5 6
50.7 4
50.9 8
51.1 7
51.3 5
51.5 7
51.7 6
51.9 7
52.1 7
52.3 8
52.5 2
52.7 6
52.9 5
53.1 5
53.3 6
53.5 8
53.7 12
53.9 5
54.1 6
54.3 8
54.5 4
54.7 6
54.9 7
55.1 11
55.3 5
55.5 3
55.7 10
55.9 3
56.1 11
56.3 7
56.5 6
56.7 4
56.9 2
57.1 7
57.3 8
57.5 10
57.7 5
57.9 3
58.1 0
58.3 5
58.5 5
58.7 10
58.9 10
59.1 8
59.3 4
59.5 9
59.7 6
59.9 6
