-209.9 0
-209.7 0
-209.5 0
-209.3 1
-209.1 1
-208.9 1
-208.7 1
-208.5 0
-208.3 0
-208.1 1
-207.9 0
-207.7 0
-207.5 0
-207.3 1
-207.1 0
-206.9 1
-206.7 0
-206.5 1
-206.3 0
-206.1 0
-205.9 0
-205.7 0
-205.5 0
-205.3 0
-205.1 0
-204.9 0
-204.7 0
-204.5 0
-204.3 1
-204.1 0
-203.9 0
-203.7 0
-203.5 1
-203.3 0
-203.1 0
-202.9 1
-202.7 0
-202.5 2
-202.3 0
-202.1 1
-201.9 0
-201.7 0
-201.5 1
-201.3 1
-201.1 1
-200.9 1
-200.7 1
-200.5 0
-200.3 0
-200.1 0
-199.9 1
-199.7 2
-199.5 1
-199.3 0
-199.1 0
-198.9 1
-198.7 4
-198.5 3
-198.3 8
-198.1 6
-197.9 23
-197.7 35
-197.5 51
-197.3 81
-197.1 130
-196.9 187
-196.7 293
-196.5 377
-196.3 470
-196.1 677
-195.9 957
-195.7 1198
-195.5 1542
-195.3 1997
-195.1 2338
-194.9 2761
-194.7 3489
-194.5 3945
-194.3 4602
-194.1 5096
-193.9 5488
-193.7 5858
-193.5 6186
-193.3 6401
-193.1 6571
-192.9 6625
-192.7 6772
-192.5 6711
-192.3 6808
-192.1 6681
-191.9 6594
-191.7 6610
-191.5 6527
-191.3 6340
-191.1 6299
-190.9 6236
-190.7 6231
-190.5 6063
-190.3 6154
-190.1 5924
-189.9 5892
-189.7 5879
-189.5 5840
-189.3 5748
-189.1 5740
-188.9 5583
-188.7 5760
-188.5 5525
-188.3 5533
-188.1 5542
-187.9 5466
-187.7 5265
-187.5 5272
-187.3 5325
-187.1 5326
-186.9 5283
-186.7 5234
-186.5 5171
-186.3 5198
-186.1 5068
-185.9 4969
-185.7 5247
-185.5 5044
-185.3 5144
-185.1 5136
-184.9 5060
-184.7 4930
-184.5 4978
-184.3 4911
-184.1 4898
-183.9 4969
-183.7 4946
-183.5 4924
-183.3 4847
-183.1 4838
-182.9 4756
-182.7 4828
-182.5 4694
-182.3 4829
-182.1 4706
-181.9 4628
-181.7 4563
-181.5 4659
-181.3 4530
-181.1 4354
-180.9 4291
-180.7 4391
-180.5 4357
-180.3 4299
-180.1 4117
-179.9 4006
-179.7 4104
-179.5 4002
-179.3 4071
-179.1 3987
-178.9 4036
-178.7 3845
-178.5 3844
-178.3 3712
-178.1 3785
-177.9 3704
-177.7 3642
-177.5 3549
-177.3 3538
-177.1 3574
-176.9 3427
-176.7 3455
-176.5 3503
-176.3 3364
-176.1 3419
-175.9 3390
-175.7 3275
-175.5 3449
-175.3 3226
-175.1 3284
-174.9 3336
-174.7 3235
-174.5 3203
-174.3 3199
-174.1 3126
-173.9 3162
-173.7 3133
-173.5 3023
-173.3 3159
-173.1 3120
-172.9 2992
-172.7 2974
-172.5 3070
-172.3 2925
-172.1 2920
-171.9 2939
-171.7 2988
-171.5 2913
-171.3 2970
-171.1 2911
-170.9 2985
-170.7 2988
-170.5 2919
-170.3 2834
-170.1 2838
-169.9 2908
-169.7 2831
-169.5 2891
-169.3 2830
-169.1 2896
-168.9 2824
-168.7 2832
-168.5 2948
-168.3 2782
-168.1 2745
-167.9 2832
-167.7 2870
-167.5 2841
-167.3 2874
-167.1 2730
-166.9 2816
-166.7 2848
-166.5 2694
-166.3 2772
-166.1 2782
-165.9 2711
-165.7 2691
-165.5 2773
-165.3 2691
-165.1 2752
-164.9 2692
-164.7 2724
-164.5 2574
-164.3 2682
-164.1 2811
-163.9 2772
-163.7 2755
-163.5 2734
-163.3 2707
-163.1 2734
-162.9 2728
-162.7 2748
-162.5 2667
-162.3 2753
-162.1 2679
-161.9 2609
-161.7 2703
-161.5 2661
-161.3 2679
-161.1 2721
-160.9 2729
-160.7 2677
-160.5 2691
-160.3 2541
-160.1 2668
-159.9 2621
-159.7 2712
-159.5 2665
-159.3 2765
-159.1 2632
-158.9 2728
-158.7 2626
-158.5 2614
-158.3 2607
-158.1 2585
-157.9 2634
-157.7 2663
-157.5 2576
-157.3 2706
-157.1 2570
-156.9 2631
-156.7 2689
-156.5 2677
-156.3 2578
-156.1 2622
-155.9 2643
-155.7 2618
-155.5 2606
-155.3 2532
-155.1 2586
-154.9 2512
-154.7 2629
-154.5 2541
-154.3 2474
-154.1 2602
-153.9 2449
-153.7 2521
-153.5 2485
-153.3 2509
-153.1 2387
-152.9 2423
-152.7 2411
-152.5 2437
-152.3 2455
-152.1 2540
-151.9 2399
-151.7 2363
-151.5 2422
-151.3 2390
-151.1 2341
-150.9 2423
-150.7 2380
-150.5 2347
-150.3 2387
-150.1 2375
-149.9 2323
-149.7 2344
-149.5 2412
-149.3 2386
-149.1 2316
-148.9 2397
-148.7 2343
-148.5 2320
-148.3 2356
-148.1 2282
-147.9 2368
-147.7 2436
-147.5 2445
-147.3 2366
-147.1 2421
-146.9 2383
-146.7 2455
-146.5 2383
-146.3 2444
-146.1 2503
-145.9 2321
-145.7 2613
-145.5 2339
-145.3 2444
-145.1 2454
-144.9 2528
-144.7 2565
-144.5 2503
-144.3 2397
-144.1 2483
-143.9 2496
-143.7 2511
-143.5 2586
-143.3 2513
-143.1 2518
-142.9 2530
-142.7 2581
-142.5 2546
-142.3 2456
-142.1 2616
-141.9 2576
-141.7 2595
-141.5 2652
-141.3 2623
-141.1 2567
-140.9 2638
-140.7 2668
-140.5 2543
-140.3 2589
-140.1 2637
-139.9 2655
-139.7 2671
-139.5 2673
-139.3 2664
-139.1 2778
-138.9 2600
-138.7 2678
-138.5 2583
-138.3 2635
-138.1 2689
-137.9 2762
-137.7 2760
-137.5 2716
-137.3 2774
-137.1 2655
-136.9 2742
-136.7 2691
-136.5 2713
-136.3 2823
-136.1 2760
-135.9 2621
-135.7 2755
-135.5 2639
-135.3 2707
-135.1 2718
-134.9 2731
-134.7 2718
-134.5 2692
-134.3 2740
-134.1 2794
-133.9 2644
-133.7 2758
-133.5 2715
-133.3 2725
-133.1 2732
-132.9 2709
-132.7 2727
-132.5 2711
-132.3 2714
-132.1 2688
-131.9 2691
-131.7 2831
-131.5 2634
-131.3 2721
-131.1 2795
-130.9 2718
-130.7 2830
-130.5 2781
-130.3 2732
-130.1 2760
-129.9 2821
-129.7 2688
-129.5 2697
-129.3 2819
-129.1 2741
-128.9 2716
-128.7 2743
-128.5 2807
-128.3 2700
-128.1 2767
-127.9 2751
-127.7 2780
-127.5 2800
-127.3 2662
-127.1 2606
-126.9 2763
-126.7 2598
-126.5 2821
-126.3 2688
-126.1 2583
-125.9 2675
-125.7 2746
-125.5 2608
-125.3 2627
-125.1 2729
-124.9 2747
-124.7 2709
-124.5 2684
-124.3 2657
-124.1 2720
-123.9 2641
-123.7 2686
-123.5 2756
-123.3 2633
-123.1 2640
-122.9 2622
-122.7 2564
-122.5 2625
-122.3 2649
-122.1 2694
-121.9 2694
-121.7 2588
-121.5 2666
-121.3 2601
-121.1 2691
-120.9 2624
-120.7 2649
-120.5 2527
-120.3 2647
-120.1 2623
-119.9 2553
-119.7 2563
-119.5 2577
-119.3 2670
-119.1 2506
-118.9 2608
-118.7 2656
-118.5 2690
-118.3 2561
-118.1 2652
-117.9 2578
-117.7 2519
-117.5 2691
-117.3 2667
-117.1 2598
-116.9 2549
-116.7 2612
-116.5 2654
-116.3 2610
-116.1 2579
-115.9 2650
-115.7 2594
-115.5 2603
-115.3 2644
-115.1 2671
-114.9 2610
-114.7 2662
-114.5 2648
-114.3 2700
-114.1 2587
-113.9 2707
-113.7 2554
-113.5 2596
-113.3 2566
-113.1 2645
-112.9 2579
-112.7 2552
-112.5 2581
-112.3 2541
-112.1 2537
-111.9 2596
-111.7 2600
-111.5 2542
-111.3 2598
-111.1 2574
-110.9 2600
-110.7 2553
-110.5 2533
-110.3 2476
-110.1 2520
-109.9 2562
-109.7 2564
-109.5 2573
-109.3 2672
-109.1 2543
-108.9 2585
-108.7 2608
-108.5 2563
-108.3 2621
-108.1 2559
-107.9 2617
-107.7 2656
-107.5 2510
-107.3 2544
-107.1 2567
-106.9 2621
-106.7 2579
-106.5 2552
-106.3 2509
-106.1 2490
-105.9 2549
-105.7 2603
-105.5 2597
-105.3 2513
-105.1 2477
-104.9 2530
-104.7 2551
-104.5 2522
-104.3 2519
-104.1 2526
-103.9 2535
-103.7 2565
-103.5 2479
-103.3 2588
-103.1 2593
-102.9 2493
-102.7 2497
-102.5 2572
-102.3 2527
-102.1 2529
-101.9 2448
-101.7 2435
-101.5 2464
-101.3 2562
-101.1 2528
-100.9 2561
-100.7 2480
-100.5 2487
-100.3 2511
-100.1 2492
-99.9 2494
-99.7 2539
-99.5 2482
-99.3 2560
-99.1 2510
-98.9 2440
-98.7 2588
-98.5 2563
-98.3 2450
-98.1 2536
-97.9 2443
-97.7 2447
-97.5 2532
-97.3 2434
-97.1 2580
-96.9 2468
-96.7 2520
-96.5 2490
-96.3 2491
-96.1 2498
-95.9 2459
-95.7 2539
-95.5 2588
-95.3 2427
-95.1 2462
-94.9 2444
-94.7 2531
-94.5 2422
-94.3 2485
-94.1 2475
-93.9 2461
-93.7 2505
-93.5 2510
-93.3 2466
-93.1 2460
-92.9 2559
-92.7 2399
-92.5 2523
-92.3 2465
-92.1 2477
-91.9 2503
-91.7 2535
-91.5 2528
-91.3 2582
-91.1 2492
-90.9 2475
-90.7 2436
-90.5 2468
-90.3 2490
-90.1 2479
-89.9 2445
-89.7 2405
-89.5 2535
-89.3 2503
-89.1 2412
-88.9 2421
-88.7 2404
-88.5 2427
-88.3 2413
-88.1 2429
-87.9 2487
-87.7 2511
-87.5 2523
-87.3 2572
-87.1 2458
-86.9 2488
-86.7 2513
-86.5 2486
-86.3 2487
-86.1 2423
-85.9 2507
-85.7 2399
-85.5 2494
-85.3 2527
-85.1 2515
-84.9 2565
-84.7 2586
-84.5 2443
-84.3 2436
-84.1 2470
-83.9 2415
-83.7 2454
-83.5 2431
-83.3 2440
-83.1 2427
-82.9 2537
-82.7 2483
-82.5 2501
-82.3 2562
-82.1 2468
-81.9 2525
-81.7 2377
-81.5 2447
-81.3 2419
-81.1 2465
-80.9 2580
-80.7 2432
-80.5 2477
-80.3 2487
-80.1 2439
-79.9 2495
-79.7 2417
-79.5 2570
-79.3 2503
-79.1 2427
-78.9 2562
-78.7 2568
-78.5 2490
-78.3 2572
-78.1 2511
-77.9 2514
-77.7 2579
-77.5 2556
-77.3 2411
-77.1 2467
-76.9 2527
-76.7 2552
-76.5 2523
-76.3 2523
-76.1 2543
-75.9 2441
-75.7 2533
-75.5 2555
-75.3 2501
-75.1 2573
-74.9 2607
-74.7 2470
-74.5 2519
-74.3 2573
-74.1 2511
-73.9 2524
-73.7 2534
-73.5 2515
-73.3 2484
-73.1 2577
-72.9 2683
-72.7 2498
-72.5 2545
-72.3 2574
-72.1 2527
-71.9 2522
-71.7 2619
-71.5 2553
-71.3 2560
-71.1 2566
-70.9 2683
-70.7 2580
-70.5 2598
-70.3 2567
-70.1 2515
-69.9 2574
-69.7 2563
-69.5 2476
-69.3 2460
-69.1 2477
-68.9 2606
-68.7 2587
-68.5 2475
-68.3 2512
-68.1 2545
-67.9 2552
-67.7 2475
-67.5 2536
-67.3 2551
-67.1 2579
-66.9 2520
-66.7 2635
-66.5 2699
-66.3 2498
-66.1 2642
-65.9 2413
-65.7 2531
-65.5 2525
-65.3 2604
-65.1 2608
-64.9 2576
-64.7 2516
-64.5 2461
-64.3 2613
-64.1 2595
-63.9 2553
-63.7 2601
-63.5 2570
-63.3 2519
-63.1 2574
-62.9 2538
-62.7 2520
-62.5 2457
-62.3 2560
-62.1 2582
-61.9 2588
-61.7 2557
-61.5 2570
-61.3 2500
-61.1 2620
-60.9 2630
-60.7 2438
-60.5 2560
-60.3 2592
-60.1 2558
-59.9 2621
-59.7 2484
-59.5 2532
-59.3 2467
-59.1 2526
-58.9 2520
-58.7 2561
-58.5 2497
-58.3 2554
-58.1 2574
-57.9 2523
-57.7 2555
-57.5 2561
-57.3 2562
-57.1 2508
-56.9 2522
-56.7 2498
-56.5 2514
-56.3 2522
-56.1 2540
-55.9 2468
-55.7 2531
-55.5 2460
-55.3 2514
-55.1 2488
-54.9 2567
-54.7 2606
-54.5 2597
-54.3 2507
-54.1 2507
-53.9 2591
-53.7 2578
-53.5 2545
-53.3 2452
-53.1 2523
-52.9 2591
-52.7 2574
-52.5 2499
-52.3 2549
-52.1 2570
-51.9 2608
-51.7 2545
-51.5 2499
-51.3 2445
-51.1 2438
-50.9 2525
-50.7 2538
-50.5 2538
-50.3 2596
-50.1 2497
-49.9 2500
-49.7 2509
-49.5 2636
-49.3 2561
-49.1 2409
-48.9 2502
-48.7 2542
-48.5 2581
-48.3 2680
-48.1 2581
-47.9 2575
-47.7 2500
-47.5 2455
-47.3 2509
-47.1 2623
-46.9 2513
-46.7 2635
-46.5 2443
-46.3 2555
-46.1 2492
-45.9 2572
-45.7 2400
-45.5 2536
-45.3 2481
-45.1 2491
-44.9 2495
-44.7 2498
-44.5 2628
-44.3 2486
-44.1 2558
-43.9 2536
-43.7 2578
-43.5 2576
-43.3 2581
-43.1 2567
-42.9 2554
-42.7 2544
-42.5 2438
-42.3 2545
-42.1 2527
-41.9 2617
-41.7 2552
-41.5 2490
-41.3 2470
-41.1 2621
-40.9 2512
-40.7 2537
-40.5 2481
-40.3 2594
-40.1 2608
-39.9 2575
-39.7 2499
-39.5 2505
-39.3 2492
-39.1 2494
-38.9 2477
-38.7 2502
-38.5 2506
-38.3 2439
-38.1 2506
-37.9 2479
-37.7 2464
-37.5 2526
-37.3 2523
-37.1 2438
-36.9 2508
-36.7 2457
-36.5 2619
-36.3 2429
-36.1 2474
-35.9 2623
-35.7 2529
-35.5 2529
-35.3 2504
-35.1 2487
-34.9 2505
-34.7 2495
-34.5 2483
-34.3 2483
-34.1 2548
-33.9 2578
-33.7 2541
-33.5 2490
-33.3 2473
-33.1 2450
-32.9 2492
-32.7 2413
-32.5 2513
-32.3 2604
-32.1 2490
-31.9 2534
-31.7 2525
-31.5 2532
-31.3 2478
-31.1 2556
-30.9 2591
-30.7 2512
-30.5 2484
-30.3 2515
-30.1 2446
-29.9 2521
-29.7 2489
-29.5 2393
-29.3 2504
-29.1 2527
-28.9 2530
-28.7 2600
-28.5 2438
-28.3 2463
-28.1 2517
-27.9 2517
-27.7 2545
-27.5 2480
-27.3 2416
-27.1 2495
-26.9 2390
-26.7 2496
-26.5 2493
-26.3 2479
-26.1 2428
-25.9 2538
-25.7 2477
-25.5 2549
-25.3 2504
-25.1 2396
-24.9 2490
-24.7 2535
-24.5 2475
-24.3 2497
-24.1 2454
-23.9 2458
-23.7 2452
-23.5 2493
-23.3 2455
-23.1 2510
-22.9 2516
-22.7 2477
-22.5 2483
-22.3 2597
-22.1 2393
-21.9 2443
-21.7 2352
-21.5 2500
-21.3 2459
-21.1 2447
-20.9 2500
-20.7 2476
-20.5 2480
-20.3 2546
-20.1 2434
-19.9 2464
-19.7 2493
-19.5 2502
-19.3 2601
-19.1 2519
-18.9 2451
-18.7 2540
-18.5 2504
-18.3 2494
-18.1 2527
-17.9 2476
-17.7 2523
-17.5 2518
-17.3 2411
-17.1 2426
-16.9 2443
-16.7 2493
-16.5 2568
-16.3 2553
-16.1 2451
-15.9 2536
-15.7 2477
-15.5 2337
-15.3 2485
-15.1 2454
-14.9 2534
-14.7 2539
-14.5 2581
-14.3 2521
-14.1 2639
-13.9 2456
-13.7 2527
-13.5 2547
-13.3 2680
-13.1 2485
-12.9 2620
-12.7 2488
-12.5 2514
-12.3 2570
-12.1 2501
-11.9 2390
-11.7 2505
-11.5 2498
-11.3 2500
-11.1 2544
-10.9 2479
-10.7 2522
-10.5 2560
-10.3 2514
-10.1 2404
-9.9 2463
-9.7 2476
-9.5 2509
-9.3 2523
-9.1 2543
-8.9 2474
-8.7 2458
-8.5 2504
-8.3 2453
-8.1 2535
-7.9 2535
-7.7 2436
-7.5 2532
-7.3 2567
-7.1 2428
-6.9 2440
-6.7 2581
-6.5 2451
-6.3 2548
-6.1 2580
-5.9 2470
-5.7 2420
-5.5 2420
-5.3 2450
-5.1 2468
-4.9 2521
-4.7 2468
-4.5 2471
-4.3 2463
-4.1 2477
-3.9 2415
-3.7 2461
-3.5 2514
-3.3 2494
-3.1 2510
-2.9 2521
-2.7 2414
-2.5 2488
-2.3 2533
-2.1 2535
-1.9 2464
-1.7 2533
-1.5 2445
-1.3 2460
-1.1 2547
-0.9 2579
-0.7 2515
-0.5 2540
-0.3 2558
-0.1 2490
0.1 2486
0.3 2569
0.5 2431
0.7 2500
0.9 2508
1.1 2401
1.3 2461
1.5 2581
1.7 2572
1.9 2388
2.1 2489
2.3 2367
2.5 2503
2.7 2503
2.9 2491
3.1 2615
3.3 2498
3.5 2495
3.7 2425
3.9 2475
4.1 2566
4.3 2473
4.5 2558
4.7 2384
4.9 2543
5.1 2505
5.3 2505
5.5 2506
5.7 2411
5.9 2483
6.1 2549
6.3 2479
6.5 2480
6.7 2477
6.9 2483
7.1 2468
7.3 2381
7.5 2406
7.7 2478
7.9 2429
8.1 2363
8.3 2528
8.5 2503
8.7 2421
8.9 2366
9.1 2415
9.3 2530
9.5 2419
9.7 2335
9.9 2407
10.1 2368
10.3 2390
10.5 2356
10.7 2343
10.9 2298
11.1 2343
11.3 2327
11.5 2447
11.7 2320
11.9 2328
12.1 2286
12.3 2252
12.5 2199
12.7 2291
12.9 2212
13.1 2251
13.3 2131
13.5 2166
13.7 2129
13.9 2207
14.1 2145
14.3 1993
14.5 2065
14.7 2048
14.9 2104
15.1 2011
15.3 2032
15.5 1853
15.7 1990
15.9 1951
16.1 1926
16.3 1944
16.5 1864
16.7 1835
16.9 1738
17.1 1707
17.3 1784
17.5 1780
17.7 1627
17.9 1688
18.1 1614
18.3 1689
18.5 1600
18.7 1590
18.9 1546
19.1 1587
19.3 1520
19.5 1494
19.7 1537
19.9 1416
20.1 1308
20.3 1375
20.5 1349
20.7 1308
20.9 1227
21.1 1289
21.3 1293
21.5 1202
21.7 1208
21.9 1066
22.1 1090
22.3 1162
22.5 1081
22.7 1039
22.9 1034
23.1 1022
23.3 1012
23.5 981
23.7 876
23.9 865
24.1 892
24.3 889
24.5 826
24.7 768
24.9 771
25.1 779
25.3 701
25.5 715
25.7 692
25.9 682
26.1 638
26.3 600
26.5 618
26.7 542
26.9 568
27.1 543
27.3 509
27.5 525
27.7 458
27.9 439
28.1 443
28.3 397
28.5 374
28.7 341
28.9 376
29.1 333
29.3 350
29.5 322
29.7 299
29.9 318
30.1 273
30.3 276
30.5 238
30.7 261
30.9 229
31.1 218
31.3 205
31.5 188
31.7 176
31.9 176
32.1 138
32.3 154
32.5 143
32.7 135
32.9 142
33.1 128
33.3 128
33.5 111
33.7 95
33.9 101
34.1 83
34.3 93
34.5 93
34.7 75
34.9 67
35.1 78
35.3 74
35.5 56
35.7 57
35.9 39
36.1 57
36.3 41
36.5 45
36.7 51
36.9 32
37.1 45
37.3 45
37.5 30
37.7 28
37.9 38
38.1 34
38.3 23
38.5 24
38.7 25
38.9 26
39.1 22
39.3 24
39.5 20
39.7 16
39.9 16
40.1 18
40.3 9
40.5 11
40.7 15
40.9 13
41.1 11
41.3 5
41.5 10
41.7 13
41.9 14
42.1 16
42.3 13
42.5 8
42.7 13
42.9 10
43.1 14
43.3 7
43.5 12
43.7 7
43.9 9
44.1 8
44.3 11
44.5 8
44.7 4
44.9 5
45.1 11
45.3 13
45.5 11
45.7 6
45.9 5
46.1 6
46.3 11
46.5 5
46.7 9
46.9 7
47.1 4
47.3 6
47.5 9
47.7 7
47.9 4
48.1 6
48.3 7
48.5 11
48.7 2
48.9 8
49.1 6
49.3 3
49.5 3
49.7 9
49.9 5
