-209.9 0
-209.7 0
-209.5 0
-209.3 0
-209.1 0
-208.9 1
-208.7 0
-208.5 0
-208.3 0
-208.1 0
-207.9 1
-207.7 1
-207.5 1
-207.3 0
-207.1 0
-206.9 2
-206.7 1
-206.5 0
-206.3 0
-206.1 0
-205.9 0
-205.7 1
-205.5 0
-205.3 0
-205.1 0
-204.9 0
-204.7 0
-204.5 0
-204.3 0
-204.1 1
-203.9 0
-203.7 0
-203.5 0
-203.3 1
-203.1 0
-202.9 1
-202.7 1
-202.5 0
-202.3 2
-202.1 0
-201.9 0
-201.7 0
-201.5 0
-201.3 0
-201.1 0
-200.9 0
-200.7 0
-200.5 0
-200.3 0
-200.1 0
-199.9 0
-199.7 1
-199.5 0
-199.3 0
-199.1 0
-198.9 1
-198.7 0
-198.5 0
-198.3 2
-198.1 6
-197.9 10
-197.7 20
-197.5 42
-197.3 58
-197.1 100
-196.9 147
-196.7 184
-196.5 279
-196.3 362
-196.1 485
-195.9 601
-195.7 829
-195.5 1000
-195.3 1293
-195.1 1600
-194.9 1871
-194.7 2283
-194.5 2512
-194.3 2946
-194.1 3204
-193.9 3692
-193.7 3830
-193.5 4109
-193.3 4280
-193.1 4406
-192.9 4639
-192.7 4744
-192.5 4832
-192.3 4795
-192.1 4859
-191.9 4907
-191.7 4884
-191.5 4879
-191.3 4837
-191.1 4912
-190.9 4797
-190.7 4856
-190.5 4858
-190.3 4651
-190.1 4701
-189.9 4688
-189.7 4665
-189.5 4527
-189.3 4583
-189.1 4399
-188.9 4382
-188.7 4456
-188.5 4356
-188.3 4306
-188.1 4416
-187.9 4230
-187.7 4259
-187.5 4182
-187.3 4222
-187.1 4221
-186.9 4133
-186.7 4167
-186.5 4204
-186.3 4109
-186.1 3898
-185.9 4061
-185.7 4072
-185.5 3949
-185.3 3897
-185.1 3936
-184.9 4003
-184.7 3958
-184.5 3836
-184.3 3855
-184.1 3819
-183.9 3846
-183.7 3714
-183.5 3832
-183.3 3628
-183.1 3682
-182.9 3697
-182.7 3764
-182.5 3713
-182.3 3557
-182.1 3559
-181.9 3536
-181.7 3646
-181.5 3530
-181.3 3536
-181.1 3551
-180.9 3447
-180.7 3501
-180.5 3377
-180.3 3409
-180.1 3328
-179.9 3417
-179.7 3310
-179.5 3228
-179.3 3142
-179.1 3263
-178.9 3238
-178.7 3190
-178.5 3211
-178.3 3173
-178.1 3227
-177.9 3070
-177.7 2977
-177.5 3045
-177.3 3063
-177.1 2958
-176.9 3075
-176.7 2934
-176.5 2979
-176.3 2929
-176.1 2931
-175.9 2911
-175.7 2868
-175.5 2879
-175.3 2866
-175.1 2785
-174.9 2968
-174.7 2899
-174.5 2881
-174.3 2847
-174.1 2809
-173.9 2756
-173.7 2835
-173.5 2807
-173.3 2793
-173.1 2675
-172.9 2629
-172.7 2703
-172.5 2699
-172.3 2701
-172.1 2733
-171.9 2692
-171.7 2776
-171.5 2639
-171.3 2794
-171.1 2726
-170.9 2719
-170.7 2729
-170.5 2668
-170.3 2628
-170.1 2646
-169.9 2550
-169.7 2521
-169.5 2715
-169.3 2664
-169.1 2641
-168.9 2668
-168.7 2654
-168.5 2669
-168.3 2690
-168.1 2608
-167.9 2589
-167.7 2542
-167.5 2629
-167.3 2604
-167.1 2567
-166.9 2564
-166.7 2603
-166.5 2547
-166.3 2603
-166.1 2563
-165.9 2546
-165.7 2623
-165.5 2549
-165.3 2506
-165.1 2582
-164.9 2708
-164.7 2590
-164.5 2630
-164.3 2539
-164.1 2545
-163.9 2588
-163.7 2542
-163.5 2545
-163.3 2525
-163.1 2557
-162.9 2394
-162.7 2601
-162.5 2616
-162.3 2560
-162.1 2487
-161.9 2555
-161.7 2442
-161.5 2412
-161.3 2544
-161.1 2588
-160.9 2537
-160.7 2566
-160.5 2573
-160.3 2533
-160.1 2464
-159.9 2432
-159.7 2496
-159.5 2541
-159.3 2551
-159.1 2514
-158.9 2550
-158.7 2523
-158.5 2536
-158.3 2621
-158.1 2488
-157.9 2430
-157.7 2490
-157.5 2557
-157.3 2503
-157.1 2504
-156.9 2481
-156.7 2541
-156.5 2467
-156.3 2557
-156.1 2416
-155.9 2556
-155.7 2483
-155.5 2440
-155.3 2594
-155.1 2483
-154.9 2561
-154.7 2496
-154.5 2496
-154.3 2503
-154.1 2542
-153.9 2512
-153.7 2518
-153.5 2438
-153.3 2588
-153.1 2525
-152.9 2483
-152.7 2472
-152.5 2510
-152.3 2490
-152.1 2459
-151.9 2474
-151.7 2497
-151.5 2521
-151.3 2443
-151.1 2501
-150.9 2444
-150.7 2449
-150.5 2422
-150.3 2535
-150.1 2504
-149.9 2454
-149.7 2511
-149.5 2386
-149.3 2418
-149.1 2438
-148.9 2383
-148.7 2546
-148.5 2465
-148.3 2519
-148.1 2527
-147.9 2448
-147.7 2359
-147.5 2500
-147.3 2435
-147.1 2436
-146.9 2473
-146.7 2385
-146.5 2507
-146.3 2494
-146.1 2426
-145.9 2457
-145.7 2456
-145.5 2446
-145.3 2437
-145.1 2499
-144.9 2399
-144.7 2412
-144.5 2486
-144.3 2435
-144.1 2472
-143.9 2396
-143.7 2388
-143.5 2447
-143.3 2441
-143.1 2436
-142.9 2408
-142.7 2380
-142.5 2443
-142.3 2351
-142.1 2472
-141.9 2370
-141.7 2417
-141.5 2422
-141.3 2444
-141.1 2307
-140.9 2366
-140.7 2440
-140.5 2394
-140.3 2394
-140.1 2475
-139.9 2467
-139.7 2378
-139.5 2446
-139.3 2516
-139.1 2512
-138.9 2392
-138.7 2360
-138.5 2446
-138.3 2442
-138.1 2330
-137.9 2447
-137.7 2375
-137.5 2447
-137.3 2483
-137.1 2394
-136.9 2461
-136.7 2380
-136.5 2443
-136.3 2525
-136.1 2587
-135.9 2427
-135.7 2486
-135.5 2558
-135.3 2466
-135.1 2436
-134.9 2494
-134.7 2365
-134.5 2517
-134.3 2509
-134.1 2486
-133.9 2454
-133.7 2399
-133.5 2495
-133.3 2555
-133.1 2552
-132.9 2541
-132.7 2551
-132.5 2488
-132.3 2557
-132.1 2523
-131.9 2504
-131.7 2554
-131.5 2578
-131.3 2496
-131.1 2528
-130.9 2472
-130.7 2558
-130.5 2517
-130.3 2573
-130.1 2544
-129.9 2515
-129.7 2484
-129.5 2521
-129.3 2643
-129.1 2559
-128.9 2502
-128.7 2551
-128.5 2558
-128.3 2501
-128.1 2499
-127.9 2465
-127.7 2537
-127.5 2511
-127.3 2508
-127.1 2531
-126.9 2511
-126.7 2600
-126.5 2504
-126.3 2500
-126.1 2565
-125.9 2541
-125.7 2528
-125.5 2612
-125.3 2542
-125.1 2532
-124.9 2555
-124.7 2590
-124.5 2445
-124.3 2539
-124.1 2577
-123.9 2502
-123.7 2522
-123.5 2584
-123.3 2463
-123.1 2521
-122.9 2392
-122.7 2533
-122.5 2477
-122.3 2433
-122.1 2480
-121.9 2446
-121.7 2500
-121.5 2462
-121.3 2498
-121.1 2438
-120.9 2479
-120.7 2517
-120.5 2475
-120.3 2501
-120.1 2445
-119.9 2497
-119.7 2500
-119.5 2472
-119.3 2443
-119.1 2429
-118.9 2543
-118.7 2360
-118.5 2411
-118.3 2403
-118.1 2486
-117.9 2366
-117.7 2440
-117.5 2415
-117.3 2394
-117.1 2397
-116.9 2418
-116.7 2464
-116.5 2387
-116.3 2467
-116.1 2497
-115.9 2413
-115.7 2440
-115.5 2388
-115.3 2419
-115.1 2424
-114.9 2432
-114.7 2355
-114.5 2470
-114.3 2434
-114.1 2411
-113.9 2430
-113.7 2389
-113.5 2416
-113.3 2440
-113.1 2422
-112.9 2431
-112.7 2341
-112.5 2409
-112.3 2422
-112.1 2388
-111.9 2473
-111.7 2420
-111.5 2442
-111.3 2411
-111.1 2336
-110.9 2312
-110.7 2381
-110.5 2535
-110.3 2431
-110.1 2427
-109.9 2446
-109.7 2527
-109.5 2423
-109.3 2486
-109.1 2486
-108.9 2491
-108.7 2461
-108.5 2448
-108.3 2451
-108.1 2443
-107.9 2456
-107.7 2391
-107.5 2400
-107.3 2453
-107.1 2351
-106.9 2457
-106.7 2420
-106.5 2379
-106.3 2443
-106.1 2383
-105.9 2503
-105.7 2443
-105.5 2335
-105.3 2425
-105.1 2516
-104.9 2447
-104.7 2445
-104.5 2419
-104.3 2451
-104.1 2423
-103.9 2316
-103.7 2375
-103.5 2438
-103.3 2515
-103.1 2527
-102.9 2442
-102.7 2377
-102.5 2443
-102.3 2454
-102.1 2402
-101.9 2440
-101.7 2337
-101.5 2421
-101.3 2425
-101.1 2404
-100.9 2415
-100.7 2446
-100.5 2452
-100.3 2454
-100.1 2482
-99.9 2454
-99.7 2495
-99.5 2502
-99.3 2515
-99.1 2491
-98.9 2500
-98.7 2394
-98.5 2377
-98.3 2429
-98.1 2410
-97.9 2449
-97.7 2498
-97.5 2389
-97.3 2397
-97.1 2408
-96.9 2442
-96.7 2410
-96.5 2514
-96.3 2462
-96.1 2410
-95.9 2356
-95.7 2465
-95.5 2441
-95.3 2415
-95.1 2399
-94.9 2384
-94.7 2473
-94.5 2405
-94.3 2406
-94.1 2420
-93.9 2353
-93.7 2389
-93.5 2355
-93.3 2339
-93.1 2504
-92.9 2480
-92.7 2381
-92.5 2444
-92.3 2370
-92.1 2376
-91.9 2446
-91.7 2468
-91.5 2470
-91.3 2443
-91.1 2436
-90.9 2447
-90.7 2462
-90.5 2422
-90.3 2473
-90.1 2438
-89.9 2481
-89.7 2365
-89.5 2430
-89.3 2488
-89.1 2485
-88.9 2421
-88.7 2439
-88.5 2389
-88.3 2398
-88.1 2417
-87.9 2397
-87.7 2358
-87.5 2487
-87.3 2432
-87.1 2397
-86.9 2389
-86.7 2452
-86.5 2408
-86.3 2453
-86.1 2508
-85.9 2447
-85.7 2449
-85.5 2483
-85.3 2433
-85.1 2372
-84.9 2244
-84.7 2370
-84.5 2379
-84.3 2397
-84.1 2446
-83.9 2367
-83.7 2477
-83.5 2363
-83.3 2380
-83.1 2433
-82.9 2374
-82.7 2423
-82.5 2418
-82.3 2371
-82.1 2383
-81.9 2394
-81.7 2389
-81.5 2492
-81.3 2433
-81.1 2430
-80.9 2389
-80.7 2397
-80.5 2463
-80.3 2373
-80.1 2450
-79.9 2408
-79.7 2356
-79.5 2477
-79.3 2517
-79.1 2368
-78.9 2478
-78.7 2376
-78.5 2375
-78.3 2365
-78.1 2444
-77.9 2473
-77.7 2468
-77.5 2506
-77.3 2411
-77.1 2431
-76.9 2448
-76.7 2362
-76.5 2389
-76.3 2450
-76.1 2475
-75.9 2439
-75.7 2409
-75.5 2370
-75.3 2437
-75.1 2399
-74.9 2455
-74.7 2397
-74.5 2439
-74.3 2475
-74.1 2399
-73.9 2361
-73.7 2322
-73.5 2502
-73.3 2364
-73.1 2447
-72.9 2399
-72.7 2367
-72.5 2401
-72.3 2334
-72.1 2377
-71.9 2400
-71.7 2453
-71.5 2410
-71.3 2385
-71.1 2510
-70.9 2428
-70.7 2332
-70.5 2437
-70.3 2455
-70.1 2489
-69.9 2433
-69.7 2395
-69.5 2495
-69.3 2434
-69.1 2456
-68.9 2397
-68.7 2392
-68.5 2459
-68.3 2577
-68.1 2353
-67.9 2417
-67.7 2509
-67.5 2507
-67.3 2442
-67.1 2349
-66.9 2407
-66.7 2432
-66.5 2473
-66.3 2437
-66.1 2470
-65.9 2419
-65.7 2429
-65.5 2404
-65.3 2461
-65.1 2351
-64.9 2301
-64.7 2477
-64.5 2317
-64.3 2450
-64.1 2419
-63.9 2459
-63.7 2398
-63.5 2462
-63.3 2503
-63.1 2353
-62.9 2473
-62.7 2455
-62.5 2479
-62.3 2446
-62.1 2436
-61.9 2436
-61.7 2445
-61.5 2395
-61.3 2507
-61.1 2405
-60.9 2440
-60.7 2479
-60.5 2460
-60.3 2432
-60.1 2345
-59.9 2427
-59.7 2432
-59.5 2423
-59.3 2434
-59.1 2432
-58.9 2409
-58.7 2433
-58.5 2371
-58.3 2507
-58.1 2451
-57.9 2376
-57.7 2321
-57.5 2415
-57.3 2419
-57.1 2397
-56.9 2468
-56.7 2487
-56.5 2370
-56.3 2396
-56.1 2547
-55.9 2461
-55.7 2411
-55.5 2416
-55.3 2423
-55.1 2477
-54.9 2473
-54.7 2447
-54.5 2421
-54.3 2339
-54.1 2369
-53.9 2408
-53.7 2378
-53.5 2442
-53.3 2503
-53.1 2415
-52.9 2427
-52.7 2496
-52.5 2511
-52.3 2422
-52.1 2304
-51.9 2397
-51.7 2546
-51.5 2476
-51.3 2475
-51.1 2529
-50.9 2380
-50.7 2468
-50.5 2467
-50.3 2477
-50.1 2577
-49.9 2551
-49.7 2350
-49.5 2460
-49.3 2420
-49.1 2453
-48.9 2377
-48.7 2351
-48.5 2447
-48.3 2432
-48.1 2450
-47.9 2450
-47.7 2268
-47.5 2496
-47.3 2376
-47.1 2339
-46.9 2449
-46.7 2454
-46.5 2409
-46.3 2498
-46.1 2400
-45.9 2358
-45.7 2435
-45.5 2430
-45.3 2463
-45.1 2448
-44.9 2430
-44.7 2430
-44.5 2421
-44.3 2343
-44.1 2448
-43.9 2431
-43.7 2438
-43.5 2373
-43.3 2434
-43.1 2348
-42.9 2505
-42.7 2464
-42.5 2445
-42.3 2435
-42.1 2414
-41.9 2472
-41.7 2409
-41.5 2458
-41.3 2417
-41.1 2343
-40.9 2525
-40.7 2451
-40.5 2486
-40.3 2468
-40.1 2442
-39.9 2514
-39.7 2479
-39.5 2470
-39.3 2309
-39.1 2394
-38.9 2391
-38.7 2457
-38.5 2388
-38.3 2426
-38.1 2452
-37.9 2386
-37.7 2374
-37.5 2376
-37.3 2434
-37.1 2457
-36.9 2476
-36.7 2429
-36.5 2423
-36.3 2404
-36.1 2419
-35.9 2378
-35.7 2360
-35.5 2414
-35.3 2342
-35.1 2421
-34.9 2487
-34.7 2399
-34.5 2433
-34.3 2457
-34.1 2374
-33.9 2407
-33.7 2408
-33.5 2425
-33.3 2404
-33.1 2419
-32.9 2382
-32.7 2459
-32.5 2474
-32.3 2444
-32.1 2452
-31.9 2378
-31.7 2394
-31.5 2408
-31.3 2416
-31.1 2461
-30.9 2376
-30.7 2418
-30.5 2436
-30.3 2433
-30.1 2326
-29.9 2364
-29.7 2446
-29.5 2498
-29.3 2417
-29.1 2432
-28.9 2479
-28.7 2362
-28.5 2354
-28.3 2416
-28.1 2415
-27.9 2359
-27.7 2522
-27.5 2424
-27.3 2460
-27.1 2521
-26.9 2382
-26.7 2408
-26.5 2393
-26.3 2412
-26.1 2436
-25.9 2422
-25.7 2395
-25.5 2483
-25.3 2472
-25.1 2358
-24.9 2388
-24.7 2504
-24.5 2510
-24.3 2394
-24.1 2451
-23.9 2370
-23.7 2414
-23.5 2380
-23.3 2423
-23.1 2505
-22.9 2438
-22.7 2478
-22.5 2487
-22.3 2340
-22.1 2427
-21.9 2366
-21.7 2486
-21.5 2450
-21.3 2478
-21.1 2413
-20.9 2509
-20.7 2443
-20.5 2445
-20.3 2479
-20.1 2396
-19.9 2434
-19.7 2307
-19.5 2409
-19.3 2396
-19.1 2439
-18.9 2511
-18.7 2403
-18.5 2417
-18.3 2454
-18.1 2448
-17.9 2494
-17.7 2399
-17.5 2442
-17.3 2400
-17.1 2303
-16.9 2379
-16.7 2522
-16.5 2361
-16.3 2423
-16.1 2394
-15.9 2369
-15.7 2402
-15.5 2500
-15.3 2416
-15.1 2417
-14.9 2406
-14.7 2412
-14.5 2440
-14.3 2393
-14.1 2468
-13.9 2298
-13.7 2400
-13.5 2455
-13.3 2497
-13.1 2383
-12.9 2300
-12.7 2459
-12.5 2404
-12.3 2397
-12.1 2421
-11.9 2358
-11.7 2428
-11.5 2388
-11.3 2388
-11.1 2452
-10.9 2395
-10.7 2418
-10.5 2439
-10.3 2399
-10.1 2520
-9.9 2429
-9.7 2412
-9.5 2378
-9.3 2416
-9.1 2358
-8.9 2432
-8.7 2511
-8.5 2434
-8.3 2449
-8.1 2430
-7.9 2412
-7.7 2331
-7.5 2422
-7.3 2475
-7.1 2433
-6.9 2386
-6.7 2378
-6.5 2433
-6.3 2375
-6.1 2411
-5.9 2350
-5.7 2379
-5.5 2457
-5.3 2393
-5.1 2518
-4.9 2370
-4.7 2521
-4.5 2428
-4.3 2427
-4.1 2368
-3.9 2418
-3.7 2432
-3.5 2437
-3.3 2403
-3.1 2441
-2.9 2455
-2.7 2468
-2.5 2388
-2.3 2339
-2.1 2394
-1.9 2402
-1.7 2373
-1.5 2430
-1.3 2381
-1.1 2477
-0.9 2368
-0.7 2467
-0.5 2471
-0.3 2398
-0.1 2423
0.1 2422
0.3 2419
0.5 2352
0.7 2438
0.9 2349
1.1 2435
1.3 2425
1.5 2408
1.7 2315
1.9 2347
2.1 2356
2.3 2333
2.5 2484
2.7 2369
2.9 2349
3.1 2383
3.3 2314
3.5 2450
3.7 2319
3.9 2366
4.1 2416
4.3 2372
4.5 2298
4.7 2332
4.9 2346
5.1 2319
5.3 2382
5.5 2359
5.7 2386
5.9 2291
6.1 2310
6.3 2330
6.5 2283
6.7 2339
6.9 2348
7.1 2308
7.3 2415
7.5 2281
7.7 2349
7.9 2366
8.1 2361
8.3 2300
8.5 2287
8.7 2305
8.9 2222
9.1 2241
9.3 2232
9.5 2377
9.7 2305
9.9 2348
10.1 2250
10.3 2229
10.5 2253
10.7 2262
10.9 2175
11.1 2169
11.3 2265
11.5 2218
11.7 2167
11.9 2155
12.1 2164
12.3 2083
12.5 2054
12.7 2044
12.9 2047
13.1 2036
13.3 1975
13.5 1960
13.7 2035
13.9 1952
14.1 1866
14.3 1969
14.5 1880
14.7 1824
14.9 1811
15.1 1829
15.3 1785
15.5 1696
15.7 1722
15.9 1648
16.1 1687
16.3 1634
16.5 1547
16.7 1650
16.9 1551
17.1 1570
17.3 1457
17.5 1382
17.7 1498
17.9 1499
18.1 1369
18.3 1412
18.5 1367
18.7 1271
18.9 1245
19.1 1260
19.3 1232
19.5 1192
19.7 1193
19.9 1206
20.1 1125
20.3 1120
20.5 1100
20.7 1079
20.9 999
21.1 1030
21.3 999
21.5 935
21.7 966
21.9 869
22.1 865
22.3 826
22.5 832
22.7 871
22.9 867
23.1 752
23.3 811
23.5 752
23.7 705
23.9 718
24.1 723
24.3 647
24.5 635
24.7 614
24.9 580
25.1 595
25.3 533
25.5 537
25.7 499
25.9 493
26.1 475
26.3 464
26.5 415
26.7 412
26.9 392
27.1 418
27.3 355
27.5 375
27.7 329
27.9 293
28.1 308
28.3 322
28.5 294
28.7 300
28.9 260
29.1 268
29.3 254
29.5 242
29.7 204
29.9 220
30.1 228
30.3 196
30.5 180
30.7 185
30.9 171
31.1 164
31.3 133
31.5 134
31.7 128
31.9 111
32.1 116
32.3 126
32.5 110
32.7 93
32.9 94
33.1 95
33.3 88
33.5 80
33.7 83
33.9 63
34.1 60
34.3 71
34.5 63
34.7 52
34.9 53
35.1 56
35.3 42
35.5 39
35.7 38
35.9 30
36.1 33
36.3 38
36.5 25
36.7 33
36.9 19
37.1 24
37.3 18
37.5 28
37.7 18
37.9 15
38.1 17
38.3 16
38.5 14
38.7 16
38.9 20
39.1 9
39.3 16
39.5 17
39.7 16
39.9 7
40.1 8
40.3 8
40.5 10
40.7 7
40.9 9
41.1 11
41.3 12
41.5 5
41.7 9
41.9 8
42.1 4
42.3 5
42.5 7
42.7 8
42.9 4
43.1 3
43.3 8
43.5 5
43.7 8
43.9 5
44.1 8
44.3 6
44.5 12
44.7 8
44.9 7
45.1 5
45.3 7
45.5 7
45.7 9
45.9 10
46.1 7
46.3 3
46.5 3
46.7 6
46.9 11
47.1 7
47.3 6
47.5 4
47.7 6
47.9 6
48.1 5
48.3 8
48.5 6
48.7 5
48.9 8
49.1 6
49.3 6
49.5 7
49.7 4
49.9 6
