1148
-199.3 1.01592e-05
-199.1 2.53981e-05
-198.9 3.55574e-05
-198.7 6.60351e-05
-198.5 8.1274e-05
-198.3 0.000121911
-198.1 0.000198105
-197.9 0.000299698
-197.7 0.000426688
-197.5 0.000553679
-197.3 0.00067051
-197.1 0.000899093
-196.9 0.00114799
-196.7 0.00147309
-196.5 0.00193534
-196.3 0.00241282
-196.1 0.00300714
-195.9 0.00369289
-195.7 0.00453102
-195.5 0.00539964
-195.3 0.00642572
-195.1 0.00744673
-194.9 0.00869631
-194.7 0.00993066
-194.5 0.0111904
-194.3 0.0125873
-194.1 0.0141112
-193.9 0.0157113
-193.7 0.0172656
-193.5 0.0188454
-193.3 0.0204912
-193.1 0.022203
-192.9 0.0239504
-192.7 0.0258807
-192.5 0.0276331
-192.3 0.0292739
-192.1 0.0311178
-191.9 0.0328194
-191.7 0.0344957
-191.5 0.0362076
-191.3 0.0378026
-191.1 0.0395093
-190.9 0.0412669
-190.7 0.0430041
-190.5 0.0446245
-190.3 0.0464582
-190.1 0.0479364
-189.9 0.0495314
-189.7 0.0512026
-189.5 0.0527824
-189.3 0.0543113
-189.1 0.0559927
-188.9 0.0576283
-188.7 0.0591827
-188.5 0.0607472
-188.3 0.0623321
-188.1 0.0637696
-187.9 0.065263
-187.7 0.0667259
-187.5 0.0681838
-187.3 0.0696112
-187.1 0.0711147
-186.9 0.0726945
-186.7 0.0742235
-186.5 0.0756407
-186.3 0.0770833
-186.1 0.0785361
-185.9 0.0800193
-185.7 0.081467
-185.5 0.083001
-185.3 0.0845249
-185.1 0.0858609
-184.9 0.0873238
-184.7 0.0888782
-184.5 0.0902192
-184.3 0.0916618
-184.1 0.0929876
-183.9 0.0944454
-183.7 0.0957458
-183.5 0.0969446
-183.3 0.0982501
-183.1 0.0995098
-182.9 0.100805
-182.7 0.102126
-182.5 0.103335
-182.3 0.104488
-182.1 0.105676
-181.9 0.106814
-181.7 0.108069
-181.5 0.109227
-181.3 0.110548
-181.1 0.111787
-180.9 0.112956
-180.7 0.114195
-180.5 0.115394
-180.3 0.116496
-180.1 0.117751
-179.9 0.119
-179.7 0.120326
-179.5 0.121428
-179.3 0.122531
-179.1 0.123648
-178.9 0.124649
-178.7 0.125711
-178.5 0.126782
-178.3 0.127844
-178.1 0.128824
-177.9 0.129988
-177.7 0.13111
-177.5 0.132121
-177.3 0.133086
-177.1 0.134163
-176.9 0.135189
-176.7 0.13619
-176.5 0.13718
-176.3 0.138227
-176.1 0.139278
-175.9 0.140253
-175.7 0.141315
-175.5 0.142316
-175.3 0.143332
-175.1 0.144444
-174.9 0.145491
-174.7 0.146567
-174.5 0.147477
-174.3 0.148528
-174.1 0.149691
-173.9 0.150778
-173.7 0.151713
-173.5 0.152744
-173.3 0.153725
-173.1 0.154725
-172.9 0.155629
-172.7 0.156615
-172.5 0.157748
-172.3 0.158708
-172.1 0.159673
-171.9 0.160658
-171.7 0.161623
-171.5 0.162528
-171.3 0.163549
-171.1 0.16458
-170.9 0.165474
-170.7 0.1665
-170.5 0.167394
-170.3 0.168344
-170.1 0.169294
-169.9 0.170147
-169.7 0.171046
-169.5 0.171925
-169.3 0.172875
-169.1 0.173942
-168.9 0.174907
-168.7 0.175796
-168.5 0.1767
-168.3 0.177609
-168.1 0.178564
-167.9 0.179621
-167.7 0.180474
-167.5 0.181612
-167.3 0.182602
-167.1 0.183501
-166.9 0.184314
-166.7 0.185249
-166.5 0.186173
-166.3 0.187006
-166.1 0.187885
-165.9 0.18881
-165.7 0.189749
-165.5 0.190704
-165.3 0.191629
-165.1 0.192508
-164.9 0.193391
-164.7 0.194174
-164.5 0.195113
-164.3 0.196058
-164.1 0.197079
-163.9 0.19776
-163.7 0.198679
-163.5 0.199568
-163.3 0.200528
-163.1 0.201463
-162.9 0.202332
-162.7 0.203109
-162.5 0.203957
-162.3 0.204785
-162.1 0.205776
-161.9 0.206497
-161.7 0.207345
-161.5 0.208285
-161.3 0.209225
-161.1 0.210169
-160.9 0.211028
-160.7 0.211968
-160.5 0.212851
-160.3 0.213806
-160.1 0.214787
-159.9 0.215574
-159.7 0.21659
-159.5 0.217509
-159.3 0.21847
-159.1 0.219338
-158.9 0.220156
-158.7 0.221075
-158.5 0.221929
-158.3 0.222853
-158.1 0.223712
-157.9 0.22455
-157.7 0.22551
-157.5 0.226399
-157.3 0.227359
-157.1 0.228248
-156.9 0.229142
-156.7 0.230082
-156.5 0.23093
-156.3 0.231885
-156.1 0.232809
-155.9 0.233597
-155.7 0.234445
-155.5 0.235273
-155.3 0.236131
-155.1 0.237076
-154.9 0.238041
-154.7 0.239027
-154.5 0.239834
-154.3 0.240713
-154.1 0.241587
-153.9 0.242435
-153.7 0.243278
-153.5 0.244106
-153.3 0.245066
-153.1 0.245925
-152.9 0.24689
-152.7 0.247814
-152.5 0.248582
-152.3 0.249425
-152.1 0.250253
-151.9 0.251218
-151.7 0.252046
-151.5 0.252955
-151.3 0.253803
-151.1 0.254763
-150.9 0.255617
-150.7 0.256557
-150.5 0.257435
-150.3 0.258329
-150.1 0.259056
-149.9 0.259945
-149.7 0.260808
-149.5 0.261748
-149.3 0.262683
-149.1 0.263546
-148.9 0.264384
-148.7 0.265222
-148.5 0.266091
-148.3 0.26701
-148.1 0.267777
-147.9 0.268692
-147.7 0.269545
-147.5 0.270338
-147.3 0.271191
-147.1 0.272131
-146.9 0.273025
-146.7 0.27399
-146.5 0.274919
-146.3 0.275732
-146.1 0.276535
-145.9 0.277393
-145.7 0.278277
-145.5 0.279125
-145.3 0.28007
-145.1 0.280929
-144.9 0.281751
-144.7 0.2826
-144.5 0.283539
-144.3 0.284484
-144.1 0.285282
-143.9 0.286222
-143.7 0.286943
-143.5 0.287872
-143.3 0.288787
-143.1 0.28965
-142.9 0.290499
-142.7 0.291362
-142.5 0.292104
-142.3 0.292983
-142.1 0.29376
-141.9 0.294659
-141.7 0.295482
-141.5 0.296386
-141.3 0.297234
-141.1 0.29822
-140.9 0.299175
-140.7 0.300003
-140.5 0.300917
-140.3 0.301684
-140.1 0.302613
-139.9 0.303391
-139.7 0.304219
-139.5 0.305123
-139.3 0.30591
-139.1 0.306875
-138.9 0.307759
-138.7 0.308607
-138.5 0.309522
-138.3 0.31038
-138.1 0.311183
-137.9 0.312006
-137.7 0.312793
-137.5 0.313611
-137.3 0.314469
-137.1 0.315211
-136.9 0.316054
-136.7 0.316968
-136.5 0.317746
-136.3 0.318497
-136.1 0.319381
-135.9 0.320321
-135.7 0.321205
-135.5 0.322013
-135.3 0.322973
-135.1 0.323811
-134.9 0.324715
-134.7 0.325741
-134.5 0.326645
-134.3 0.32762
-134.1 0.32853
-133.9 0.329439
-133.7 0.330424
-133.5 0.331298
-133.3 0.332334
-133.1 0.333096
-132.9 0.334016
-132.7 0.334854
-132.5 0.335692
-132.3 0.33655
-132.1 0.33751
-131.9 0.338354
-131.7 0.339243
-131.5 0.34002
-131.3 0.341107
-131.1 0.342052
-130.9 0.342859
-130.7 0.343576
-130.5 0.344561
-130.3 0.345501
-130.1 0.346456
-129.9 0.347304
-129.7 0.348152
-129.5 0.348914
-129.3 0.349727
-129.1 0.350646
-128.9 0.351591
-128.7 0.352429
-128.5 0.353232
-128.3 0.35409
-128.1 0.355091
-127.9 0.356036
-127.7 0.357016
-127.5 0.357905
-127.3 0.358738
-127.1 0.359622
-126.9 0.360501
-126.7 0.361359
-126.5 0.362218
-126.3 0.363163
-126.1 0.364036
-125.9 0.3649
-125.7 0.365824
-125.5 0.366678
-125.3 0.367587
-125.1 0.368516
-124.9 0.369365
-124.7 0.370264
-124.5 0.371061
-124.3 0.371986
-124.1 0.37288
-123.9 0.37382
-123.7 0.374683
-123.5 0.37544
-123.3 0.376344
-123.1 0.377259
-122.9 0.378147
-122.7 0.379118
-122.5 0.380027
-122.3 0.380941
-122.1 0.381876
-121.9 0.382775
-121.7 0.38371
-121.5 0.384644
-121.3 0.385615
-121.1 0.386483
-120.9 0.387408
-120.7 0.388256
-120.5 0.38914
-120.3 0.39009
-120.1 0.390902
-119.9 0.391807
-119.7 0.39266
-119.5 0.393559
-119.3 0.394341
-119.1 0.395312
-118.9 0.396236
-118.7 0.397267
-118.5 0.398075
-118.3 0.399076
-118.1 0.399863
-117.9 0.400716
-117.7 0.401631
-117.5 0.402464
-117.3 0.403424
-117.1 0.404211
-116.9 0.405069
-116.7 0.405969
-116.5 0.406893
-116.3 0.407823
-116.1 0.408757
-115.9 0.409717
-115.7 0.410627
-115.5 0.411531
-115.3 0.41246
-115.1 0.413304
-114.9 0.414121
-114.7 0.414959
-114.5 0.415793
-114.3 0.416671
-114.1 0.41755
-113.9 0.41851
-113.7 0.419389
-113.5 0.420268
-113.3 0.421162
-113.1 0.422101
-112.9 0.422919
-112.7 0.423829
-112.5 0.424646
-112.3 0.425464
-112.1 0.426368
-111.9 0.427293
-111.7 0.428136
-111.5 0.428928
-111.3 0.429822
-111.1 0.430803
-110.9 0.4316
-110.7 0.432499
-110.5 0.433399
-110.3 0.434242
-110.1 0.434988
-109.9 0.435923
-109.7 0.436883
-109.5 0.437808
-109.3 0.438803
-109.1 0.439692
-108.9 0.440495
-108.7 0.441424
-108.5 0.442283
-108.3 0.443212
-108.1 0.444081
-107.9 0.444924
-107.7 0.445732
-107.5 0.446616
-107.3 0.447652
-107.1 0.448515
-106.9 0.449516
-106.7 0.450324
-106.5 0.451213
-106.3 0.452051
-106.1 0.452909
-105.9 0.453747
-105.7 0.454687
-105.5 0.45553
-105.3 0.456404
-105.1 0.457354
-104.9 0.458141
-104.7 0.458959
-104.5 0.459909
-104.3 0.460742
-104.1 0.461585
-103.9 0.462556
-103.7 0.463429
-103.5 0.464399
-103.3 0.465197
-103.1 0.46604
-102.9 0.466919
-102.7 0.467838
-102.5 0.468621
-102.3 0.469454
-102.1 0.470429
-101.9 0.471272
-101.7 0.472166
-101.5 0.47307
-101.3 0.473868
-101.1 0.474701
-100.9 0.475519
-100.7 0.476433
-100.5 0.477337
-100.3 0.478236
-100.1 0.479161
-99.9 0.480177
-99.7 0.481086
-99.5 0.48197
-99.3 0.482833
-99.1 0.483733
-98.9 0.48453
-98.7 0.485404
-98.5 0.486338
-98.3 0.487131
-98.1 0.487979
-97.9 0.488822
-97.7 0.489726
-97.5 0.490605
-97.3 0.491484
-97.1 0.492261
-96.9 0.493135
-96.7 0.493978
-96.5 0.494821
-96.3 0.495781
-96.1 0.496614
-95.9 0.497574
-95.7 0.498468
-95.5 0.499378
-95.3 0.500262
-95.1 0.501156
-94.9 0.501973
-94.7 0.502817
-94.5 0.503741
-94.3 0.504544
-94.1 0.505392
-93.9 0.506306
-93.7 0.507033
-93.5 0.507927
-93.3 0.508709
-93.1 0.509608
-92.9 0.510482
-92.7 0.511274
-92.5 0.512163
-92.3 0.513144
-92.1 0.514043
-91.9 0.514982
-91.7 0.5158
-91.5 0.516643
-91.3 0.517527
-91.1 0.518299
-90.9 0.519244
-90.7 0.520143
-90.5 0.521058
-90.3 0.521977
-90.1 0.522861
-89.9 0.523679
-89.7 0.524593
-89.5 0.525492
-89.3 0.526239
-89.1 0.527128
-88.9 0.527981
-88.7 0.52886
-88.5 0.529754
-88.3 0.530572
-88.1 0.531486
-87.9 0.532426
-87.7 0.533213
-87.5 0.534127
-87.3 0.535021
-87.1 0.535971
-86.9 0.536718
-86.7 0.537709
-86.5 0.538577
-86.3 0.539492
-86.1 0.540431
-85.9 0.541147
-85.7 0.541986
-85.5 0.542768
-85.3 0.543753
-85.1 0.544566
-84.9 0.54545
-84.7 0.546359
-84.5 0.547248
-84.3 0.548234
-84.1 0.549224
-83.9 0.550265
-83.7 0.551129
-83.5 0.552053
-83.3 0.552871
-83.1 0.553836
-82.9 0.554761
-82.7 0.55567
-82.5 0.5566
-82.3 0.557362
-82.1 0.558423
-81.9 0.559312
-81.7 0.560216
-81.5 0.561126
-81.3 0.562101
-81.1 0.562949
-80.9 0.563909
-80.7 0.564879
-80.5 0.565829
-80.3 0.566789
-80.1 0.567704
-79.9 0.568745
-79.7 0.569619
-79.5 0.570614
-79.3 0.571559
-79.1 0.572458
-78.9 0.573357
-78.7 0.574226
-78.5 0.575115
-78.3 0.576019
-78.1 0.576842
-77.9 0.577706
-77.7 0.578559
-77.5 0.579433
-77.3 0.580393
-77.1 0.581297
-76.9 0.58214
-76.7 0.582938
-76.5 0.58371
-76.3 0.584675
-76.1 0.585457
-75.9 0.586285
-75.7 0.587149
-75.5 0.58817
-75.3 0.58913
-75.1 0.590008
-74.9 0.591045
-74.7 0.591954
-74.5 0.592934
-74.3 0.593879
-74.1 0.594834
-73.9 0.595637
-73.7 0.5965
-73.5 0.597389
-73.3 0.598314
-73.1 0.599253
-72.9 0.600086
-72.7 0.60093
-72.5 0.602022
-72.3 0.602916
-72.1 0.603784
-71.9 0.604653
-71.7 0.605623
-71.5 0.606543
-71.3 0.607386
-71.1 0.608214
-70.9 0.609179
-70.7 0.610078
-70.5 0.610855
-70.3 0.611795
-70.1 0.612857
-69.9 0.613624
-69.7 0.614558
-69.5 0.615432
-69.3 0.616301
-69.1 0.617245
-68.9 0.618246
-68.7 0.61916
-68.5 0.620065
-68.3 0.621065
-68.1 0.62198
-67.9 0.622802
-67.7 0.623646
-67.5 0.624453
-67.3 0.625332
-67.1 0.62616
-66.9 0.626968
-66.7 0.627846
-66.5 0.628578
-66.3 0.629416
-66.1 0.630249
-65.9 0.631179
-65.7 0.632103
-65.5 0.632941
-65.3 0.633698
-65.1 0.634536
-64.9 0.635496
-64.7 0.636375
-64.5 0.637244
-64.3 0.638295
-64.1 0.639179
-63.9 0.640093
-63.7 0.640977
-63.5 0.641836
-63.3 0.642694
-63.1 0.643517
-62.9 0.644396
-62.7 0.645315
-62.5 0.646143
-62.3 0.647093
-62.1 0.647906
-61.9 0.648805
-61.7 0.64978
-61.5 0.650664
-61.3 0.651533
-61.1 0.652417
-60.9 0.653245
-60.7 0.654103
-60.5 0.654982
-60.3 0.655779
-60.1 0.656765
-59.9 0.657745
-59.7 0.658619
-59.5 0.659477
-59.3 0.660376
-59.1 0.661194
-58.9 0.662251
-58.7 0.66318
-58.5 0.664013
-58.3 0.664882
-58.1 0.665817
-57.9 0.666807
-57.7 0.667762
-57.5 0.668692
-57.3 0.669698
-57.1 0.670647
-56.9 0.67146
-56.7 0.672441
-56.5 0.673218
-56.3 0.67403
-56.1 0.674909
-55.9 0.675737
-55.7 0.676667
-55.5 0.677617
-55.3 0.678582
-55.1 0.679593
-54.9 0.680466
-54.7 0.681431
-54.5 0.682224
-54.3 0.683153
-54.1 0.684017
-53.9 0.68484
-53.7 0.685612
-53.5 0.686481
-53.3 0.687425
-53.1 0.688223
-52.9 0.689117
-52.7 0.690072
-52.5 0.690956
-52.3 0.691743
-52.1 0.692607
-51.9 0.693501
-51.7 0.69441
-51.5 0.695405
-51.3 0.696269
-51.1 0.697214
-50.9 0.698098
-50.7 0.698992
-50.5 0.699845
-50.3 0.700693
-50.1 0.701501
-49.9 0.702278
-49.7 0.703076
-49.5 0.703822
-49.3 0.704782
-49.1 0.705682
-48.9 0.706606
-48.7 0.7075
-48.5 0.708318
-48.3 0.709115
-48.1 0.709959
-47.9 0.710751
-47.7 0.711711
-47.5 0.712498
-47.3 0.713443
-47.1 0.714286
-46.9 0.715099
-46.7 0.716064
-46.5 0.716938
-46.3 0.717802
-46.1 0.718746
-45.9 0.71963
-45.7 0.720529
-45.5 0.721322
-45.3 0.722343
-45.1 0.723206
-44.9 0.72408
-44.7 0.724898
-44.5 0.725934
-44.3 0.726696
-44.1 0.72761
-43.9 0.728464
-43.7 0.729327
-43.5 0.730292
-43.3 0.731115
-43.1 0.732065
-42.9 0.732954
-42.7 0.733853
-42.5 0.734788
-42.3 0.735687
-42.1 0.736576
-41.9 0.737424
-41.7 0.738369
-41.5 0.739293
-41.3 0.740177
-41.1 0.741051
-40.9 0.74196
-40.7 0.742869
-40.5 0.743637
-40.3 0.744429
-40.1 0.745226
-39.9 0.746095
-39.7 0.746903
-39.5 0.747908
-39.3 0.748757
-39.1 0.749773
-38.9 0.750657
-38.7 0.751485
-38.5 0.752297
-38.3 0.75314
-38.1 0.75409
-37.9 0.754878
-37.7 0.755635
-37.5 0.756432
-37.3 0.757296
-37.1 0.758098
-36.9 0.758926
-36.7 0.759825
-36.5 0.760775
-36.3 0.761557
-36.1 0.762436
-35.9 0.7633
-35.7 0.764057
-35.5 0.764803
-35.3 0.765697
-35.1 0.766586
-34.9 0.767414
-34.7 0.768313
-34.5 0.769187
-34.3 0.769974
-34.1 0.770838
-33.9 0.771605
-33.7 0.772494
-33.5 0.773388
-33.3 0.774216
-33.1 0.77509
-32.9 0.776009
-32.7 0.776796
-32.5 0.777594
-32.3 0.778457
-32.1 0.779382
-31.9 0.780281
-31.7 0.781068
-31.5 0.781937
-31.3 0.78275
-31.1 0.783471
-30.9 0.784329
-30.7 0.785173
-30.5 0.786168
-30.3 0.787072
-30.1 0.787931
-29.9 0.788718
-29.7 0.789678
-29.5 0.790537
-29.3 0.791405
-29.1 0.792279
-28.9 0.793132
-28.7 0.794006
-28.5 0.794839
-28.3 0.795667
-28.1 0.796556
-27.9 0.797389
-27.7 0.79841
-27.5 0.799294
-27.3 0.800132
-27.1 0.800965
-26.9 0.801813
-26.7 0.802631
-26.5 0.803485
-26.3 0.804414
-26.1 0.80545
-25.9 0.806309
-25.7 0.807294
-25.5 0.808026
-25.3 0.808935
-25.1 0.80987
-24.9 0.810779
-24.7 0.811597
-24.5 0.81244
-24.3 0.813227
-24.1 0.814035
-23.9 0.814812
-23.7 0.815671
-23.5 0.816712
-23.3 0.817611
-23.1 0.818449
-22.9 0.819308
-22.7 0.820192
-22.5 0.821091
-22.3 0.821964
-22.1 0.822909
-21.9 0.82394
-21.7 0.824829
-21.5 0.825667
-21.3 0.82647
-21.1 0.827318
-20.9 0.828263
-20.7 0.829127
-20.5 0.830036
-20.3 0.830864
-20.1 0.831712
-19.9 0.832642
-19.7 0.83348
-19.5 0.834338
-19.3 0.835136
-19.1 0.836009
-18.9 0.836868
-18.7 0.837681
-18.5 0.838646
-18.3 0.839575
-18.1 0.84051
-17.9 0.841429
-17.7 0.842262
-17.5 0.843131
-17.3 0.843924
-17.1 0.844741
-16.9 0.845579
-16.7 0.846397
-16.5 0.847342
-16.3 0.84818
-16.1 0.848988
-15.9 0.84979
-15.7 0.85069
-15.5 0.851568
-15.3 0.852473
-15.1 0.853387
-14.9 0.854327
-14.7 0.855144
-14.5 0.855911
-14.3 0.85675
-14.1 0.857765
-13.9 0.858599
-13.7 0.85935
-13.5 0.860254
-13.3 0.861011
-13.1 0.861804
-12.9 0.862657
-12.7 0.863516
-12.5 0.864318
-12.3 0.865146
-12.1 0.866167
-11.9 0.867071
-11.7 0.86795
-11.5 0.868778
-11.3 0.869652
-11.1 0.870495
-10.9 0.871308
-10.7 0.872258
-10.5 0.873152
-10.3 0.874051
-10.1 0.875046
-9.9 0.875849
-9.7 0.876662
-9.5 0.877581
-9.3 0.878526
-9.1 0.879288
-8.9 0.880024
-8.7 0.880908
-8.5 0.881731
-8.3 0.882554
-8.1 0.883479
-7.9 0.884383
-7.7 0.885226
-7.5 0.886252
-7.3 0.887161
-7.1 0.88804
-6.9 0.888888
-6.7 0.889828
-6.5 0.890722
-6.3 0.891601
-6.1 0.892409
-5.9 0.893303
-5.7 0.894186
-5.5 0.894933
-5.3 0.895746
-5.1 0.89663
-4.9 0.897422
-4.7 0.898306
-4.5 0.899175
-4.3 0.899942
-4.1 0.900627
-3.9 0.901532
-3.7 0.902431
-3.5 0.903274
-3.3 0.903985
-3.1 0.904752
-2.9 0.90558
-2.7 0.90651
-2.5 0.907348
-2.3 0.90812
-2.1 0.909014
-1.9 0.909791
-1.7 0.910619
-1.5 0.911432
-1.3 0.912255
-1.1 0.913057
-0.899999 0.913926
-0.699999 0.914794
-0.499999 0.915643
-0.299999 0.916481
-0.0999993 0.917319
0.100001 0.918167
0.300001 0.919026
0.500001 0.919996
0.700001 0.920961
0.900001 0.921921
1.1 0.922764
1.3 0.923547
1.5 0.92439
1.7 0.925243
1.9 0.926147
2.1 0.927026
2.3 0.927829
2.5 0.928753
2.7 0.929632
2.9 0.930419
3.1 0.93141
3.3 0.932243
3.5 0.933071
3.7 0.933838
3.9 0.934712
4.1 0.935565
4.3 0.936464
4.5 0.937424
4.7 0.938237
4.9 0.939141
5.1 0.940005
5.3 0.940751
5.5 0.941584
5.7 0.942453
5.9 0.943357
6.1 0.944327
6.3 0.945237
6.5 0.945993
6.7 0.946842
6.9 0.9477
7.1 0.948569
7.3 0.949361
7.5 0.950118
7.7 0.951002
7.9 0.951774
8.1 0.952612
8.3 0.953511
8.5 0.954385
8.7 0.955188
8.9 0.955914
9.1 0.95693
9.3 0.957824
9.5 0.958566
9.7 0.959373
9.9 0.960105
10.1 0.960968
10.3 0.961725
10.5 0.962644
10.7 0.96329
10.9 0.96395
11.1 0.964681
11.3 0.965433
11.5 0.966185
11.7 0.966927
11.9 0.967658
12.1 0.968379
12.3 0.96906
12.5 0.969761
12.7 0.970482
12.9 0.971229
13.1 0.972027
13.3 0.972738
13.5 0.973413
13.7 0.974099
13.9 0.974841
14.1 0.975496
14.3 0.976161
14.5 0.976756
14.7 0.977401
14.9 0.978076
15.1 0.978716
15.3 0.979306
15.5 0.97993
15.7 0.980494
15.9 0.981063
16.1 0.981602
16.3 0.982237
16.5 0.982872
16.7 0.983501
16.9 0.984004
17.1 0.984563
17.3 0.985066
17.5 0.985533
17.7 0.98597
17.9 0.986544
18.1 0.987047
18.3 0.98753
18.5 0.987941
18.7 0.988337
18.9 0.988718
19.1 0.989165
19.3 0.989536
19.5 0.989902
19.7 0.990293
19.9 0.990694
20.1 0.991034
20.3 0.991344
20.5 0.991664
20.7 0.992066
20.9 0.992401
21.1 0.992736
21.3 0.993016
21.5 0.993376
21.7 0.993676
21.9 0.994016
22.1 0.994316
22.3 0.99458
22.5 0.9949
22.7 0.995185
22.9 0.995423
23.1 0.995586
23.3 0.995784
23.5 0.995997
23.7 0.996241
23.9 0.996465
24.1 0.996673
24.3 0.99681
24.5 0.997054
24.7 0.997247
24.9 0.997409
25.1 0.997516
25.3 0.997663
25.5 0.997801
25.7 0.997953
25.9 0.998085
26.1 0.998181
26.3 0.998364
26.5 0.998476
26.7 0.998573
26.9 0.998674
27.1 0.998766
27.3 0.998882
27.5 0.998989
27.7 0.999086
27.9 0.999223
28.1 0.999304
28.3 0.999396
28.5 0.999472
28.7 0.999538
28.9 0.999604
29.1 0.999685
29.3 0.999751
29.5 0.999843
29.7 0.999909
29.9 0.999949
30.1 1
