1141
-197.9 5.12792e-06
-197.7 1.02558e-05
-197.5 2.05117e-05
-197.3 4.61512e-05
-197.1 7.69187e-05
-196.9 0.000128198
-196.7 0.000174349
-196.5 0.000292291
-196.3 0.000358954
-196.1 0.00049228
-195.9 0.000635862
-195.7 0.000902513
-195.5 0.00122557
-195.3 0.00152812
-195.1 0.00187169
-194.9 0.00235371
-194.7 0.00302034
-194.5 0.00376902
-194.3 0.00452795
-194.1 0.0053279
-193.9 0.00656373
-193.7 0.0078611
-193.5 0.00930717
-193.3 0.0105943
-193.1 0.0120045
-192.9 0.013548
-192.7 0.0150761
-192.5 0.016676
-192.3 0.018322
-192.1 0.0201168
-191.9 0.0219629
-191.7 0.0235935
-191.5 0.0252396
-191.3 0.0270241
-191.1 0.0287984
-190.9 0.0305214
-190.7 0.0321418
-190.5 0.0338596
-190.3 0.0355365
-190.1 0.0373364
-189.9 0.0392645
-189.7 0.0409669
-189.5 0.0428027
-189.3 0.0446488
-189.1 0.0463153
-188.9 0.047905
-188.7 0.0496177
-188.5 0.0513253
-188.3 0.0529662
-188.1 0.0546072
-187.9 0.056202
-187.7 0.0577301
-187.5 0.0592838
-187.3 0.0606786
-187.1 0.0622529
-186.9 0.0637913
-186.7 0.0653143
-186.5 0.066909
-186.3 0.0684372
-186.1 0.0700627
-185.9 0.071637
-185.7 0.0730933
-185.5 0.0745496
-185.3 0.0760983
-185.1 0.0775495
-184.9 0.078934
-184.7 0.0804314
-184.5 0.0817082
-184.3 0.0829697
-184.1 0.0843388
-183.9 0.0857952
-183.7 0.0870771
-183.5 0.0884771
-183.3 0.0898872
-183.1 0.0912359
-182.9 0.0925538
-182.7 0.0938973
-182.5 0.0951587
-182.3 0.0966304
-182.1 0.0980304
-181.9 0.099338
-181.7 0.100589
-181.5 0.101835
-181.3 0.103194
-181.1 0.104353
-180.9 0.105363
-180.7 0.106789
-180.5 0.108066
-180.3 0.109204
-180.1 0.11043
-179.9 0.11166
-179.7 0.112773
-179.5 0.114009
-179.3 0.115142
-179.1 0.116229
-178.9 0.117424
-178.7 0.118793
-178.5 0.119921
-178.3 0.121029
-178.1 0.122162
-177.9 0.123373
-177.7 0.124465
-177.5 0.125649
-177.3 0.126788
-177.1 0.128018
-176.9 0.129034
-176.7 0.13007
-176.5 0.131311
-176.3 0.13229
-176.1 0.133198
-175.9 0.134305
-175.7 0.135315
-175.5 0.136331
-175.3 0.137474
-175.1 0.138587
-174.9 0.139684
-174.7 0.140782
-174.5 0.141807
-174.3 0.142853
-174.1 0.143864
-173.9 0.144812
-173.7 0.145874
-173.5 0.146899
-173.3 0.14794
-173.1 0.149022
-172.9 0.149986
-172.7 0.151104
-172.5 0.152017
-172.3 0.153022
-172.1 0.153981
-171.9 0.155002
-171.7 0.155945
-171.5 0.156904
-171.3 0.157955
-171.1 0.159063
-170.9 0.160094
-170.7 0.160924
-170.5 0.161837
-170.3 0.16276
-170.1 0.163688
-169.9 0.164637
-169.7 0.165545
-169.5 0.166468
-169.3 0.167493
-169.1 0.168396
-168.9 0.169437
-168.7 0.170303
-168.5 0.171272
-168.3 0.172201
-168.1 0.173139
-167.9 0.174103
-167.7 0.175159
-167.5 0.176077
-167.3 0.177128
-167.1 0.177903
-166.9 0.17881
-166.7 0.179744
-166.5 0.18059
-166.3 0.181405
-166.1 0.182318
-165.9 0.183308
-165.7 0.184154
-165.5 0.18502
-165.3 0.185923
-165.1 0.186851
-164.9 0.187836
-164.7 0.188748
-164.5 0.189646
-164.3 0.190574
-164.1 0.191456
-163.9 0.19242
-163.7 0.193287
-163.5 0.194174
-163.3 0.195051
-163.1 0.195999
-162.9 0.196922
-162.7 0.197897
-162.5 0.198902
-162.3 0.199814
-162.1 0.200743
-161.9 0.20166
-161.7 0.202424
-161.5 0.203373
-161.3 0.204404
-161.1 0.205327
-160.9 0.206152
-160.7 0.207024
-160.5 0.208081
-160.3 0.208988
-160.1 0.209788
-159.9 0.210716
-159.7 0.211557
-159.5 0.212342
-159.3 0.213296
-159.1 0.214162
-158.9 0.215065
-158.7 0.215931
-158.5 0.216865
-158.3 0.21786
-158.1 0.218829
-157.9 0.219716
-157.7 0.220618
-157.5 0.221495
-157.3 0.222331
-157.1 0.223244
-156.9 0.224095
-156.7 0.224839
-156.5 0.225669
-156.3 0.226556
-156.1 0.22731
-155.9 0.228259
-155.7 0.229182
-155.5 0.23009
-155.3 0.230946
-155.1 0.231931
-154.9 0.232823
-154.7 0.233843
-154.5 0.234761
-154.3 0.2357
-154.1 0.236648
-153.9 0.237525
-153.7 0.23854
-153.5 0.239428
-153.3 0.240227
-153.1 0.241258
-152.9 0.242007
-152.7 0.242904
-152.5 0.243858
-152.3 0.244863
-152.1 0.245848
-151.9 0.246812
-151.7 0.247673
-151.5 0.248673
-151.3 0.249606
-151.1 0.250478
-150.9 0.25134
-150.7 0.252258
-150.5 0.253114
-150.3 0.254022
-150.1 0.254904
-149.9 0.255816
-149.7 0.256652
-149.5 0.25758
-149.3 0.258585
-149.1 0.25957
-148.9 0.260472
-148.7 0.261467
-148.5 0.262395
-148.3 0.263288
-148.1 0.264077
-147.9 0.264836
-147.7 0.265847
-147.5 0.2668
-147.3 0.267626
-147.1 0.268508
-146.9 0.269339
-146.7 0.270169
-146.5 0.271005
-146.3 0.271877
-146.1 0.272708
-145.9 0.273513
-145.7 0.274456
-145.5 0.275451
-145.3 0.276323
-145.1 0.277205
-144.9 0.278036
-144.7 0.278877
-144.5 0.279692
-144.3 0.280538
-144.1 0.281415
-143.9 0.282307
-143.7 0.283184
-143.5 0.284128
-143.3 0.284958
-143.1 0.285784
-142.9 0.286697
-142.7 0.287589
-142.5 0.288327
-142.3 0.289281
-142.1 0.290122
-141.9 0.291076
-141.7 0.291912
-141.5 0.29266
-141.3 0.293399
-141.1 0.294332
-140.9 0.295188
-140.7 0.296086
-140.5 0.296942
-140.3 0.297834
-140.1 0.298696
-139.9 0.299537
-139.7 0.30045
-139.5 0.301306
-139.3 0.302137
-139.1 0.303003
-138.9 0.303978
-138.7 0.304829
-138.5 0.305824
-138.3 0.30669
-138.1 0.307516
-137.9 0.308511
-137.7 0.309285
-137.5 0.310321
-137.3 0.311213
-137.1 0.312116
-136.9 0.313059
-136.7 0.313962
-136.5 0.3149
-136.3 0.315828
-136.1 0.316762
-135.9 0.317603
-135.7 0.318428
-135.5 0.319413
-135.3 0.32029
-135.1 0.32111
-134.9 0.321987
-134.7 0.322813
-134.5 0.32372
-134.3 0.324566
-134.1 0.325464
-133.9 0.326341
-133.7 0.327161
-133.5 0.328274
-133.3 0.329181
-133.1 0.330187
-132.9 0.331212
-132.7 0.332109
-132.5 0.33295
-132.3 0.333961
-132.1 0.334832
-131.9 0.335694
-131.7 0.336699
-131.5 0.337473
-131.3 0.33836
-131.1 0.339371
-130.9 0.340283
-130.7 0.341196
-130.5 0.34216
-130.3 0.343017
-130.1 0.344006
-129.9 0.345083
-129.7 0.34596
-129.5 0.346893
-129.3 0.347765
-129.1 0.348498
-128.9 0.349437
-128.7 0.350308
-128.5 0.351283
-128.3 0.352231
-128.1 0.35316
-127.9 0.35416
-127.7 0.354985
-127.5 0.355888
-127.3 0.356749
-127.1 0.357693
-126.9 0.358611
-126.7 0.359559
-126.5 0.360416
-126.3 0.361287
-126.1 0.362144
-125.9 0.363154
-125.7 0.364072
-125.5 0.365005
-125.3 0.365928
-125.1 0.36682
-124.9 0.367728
-124.7 0.368615
-124.5 0.3696
-124.3 0.370477
-124.1 0.371446
-123.9 0.372425
-123.7 0.37322
-123.5 0.374266
-123.3 0.375107
-123.1 0.37602
-122.9 0.376907
-122.7 0.377866
-122.5 0.378635
-122.3 0.379579
-122.1 0.380532
-121.9 0.381491
-121.7 0.382373
-121.5 0.383327
-121.3 0.384168
-121.1 0.384855
-120.9 0.385737
-120.7 0.386655
-120.5 0.387542
-120.3 0.388491
-120.1 0.389368
-119.9 0.390234
-119.7 0.391106
-119.5 0.392045
-119.3 0.392983
-119.1 0.393839
-118.9 0.394675
-118.7 0.395598
-118.5 0.39649
-118.3 0.397383
-118.1 0.398326
-117.9 0.399183
-117.7 0.400034
-117.5 0.400859
-117.3 0.401777
-117.1 0.402664
-116.9 0.403541
-116.7 0.404444
-116.5 0.405264
-116.3 0.406105
-116.1 0.407157
-115.9 0.408044
-115.7 0.408869
-115.5 0.409695
-115.3 0.410587
-115.1 0.41151
-114.9 0.41249
-114.7 0.413402
-114.5 0.41433
-114.3 0.41532
-114.1 0.416218
-113.9 0.416915
-113.7 0.417766
-113.5 0.418653
-113.3 0.419407
-113.1 0.420192
-112.9 0.421135
-112.7 0.422002
-112.5 0.422761
-112.3 0.423674
-112.1 0.42453
-111.9 0.425417
-111.7 0.426309
-111.5 0.427171
-111.3 0.428037
-111.1 0.428894
-110.9 0.429673
-110.7 0.430509
-110.5 0.431365
-110.3 0.432345
-110.1 0.433309
-109.9 0.434232
-109.7 0.43515
-109.5 0.436119
-109.3 0.437011
-109.1 0.437873
-108.9 0.438693
-108.7 0.439565
-108.5 0.440498
-108.3 0.441396
-108.1 0.442293
-107.9 0.443139
-107.7 0.444078
-107.5 0.444939
-107.3 0.445903
-107.1 0.446729
-106.9 0.447575
-106.7 0.448308
-106.5 0.449175
-106.3 0.449918
-106.1 0.450826
-105.9 0.45159
-105.7 0.452446
-105.5 0.453215
-105.3 0.454226
-105.1 0.455267
-104.9 0.456159
-104.7 0.457
-104.5 0.457943
-104.3 0.458805
-104.1 0.459692
-103.9 0.460507
-103.7 0.461374
-103.5 0.462169
-103.3 0.463046
-103.1 0.46404
-102.9 0.464861
-102.7 0.465671
-102.5 0.466574
-102.3 0.467481
-102.1 0.468476
-101.9 0.469291
-101.7 0.470107
-101.5 0.470968
-101.3 0.471932
-101.1 0.472855
-100.9 0.473773
-100.7 0.474701
-100.5 0.475532
-100.3 0.476265
-100.1 0.477163
-99.9 0.478096
-99.7 0.478876
-99.5 0.479706
-99.3 0.480537
-99.1 0.481404
-98.9 0.482373
-98.7 0.483137
-98.5 0.484039
-98.3 0.484942
-98.1 0.485814
-97.9 0.486773
-97.7 0.487701
-97.5 0.48867
-97.3 0.489578
-97.1 0.490388
-96.9 0.491326
-96.7 0.492177
-96.5 0.493044
-96.3 0.493941
-96.1 0.494885
-95.9 0.495813
-95.7 0.496844
-95.5 0.497705
-95.3 0.498613
-95.1 0.499469
-94.9 0.500295
-94.7 0.501244
-94.5 0.50211
-94.3 0.503008
-94.1 0.503961
-93.9 0.504915
-93.7 0.505915
-93.5 0.506756
-93.3 0.507735
-93.1 0.508628
-92.9 0.50951
-92.7 0.510458
-92.5 0.51132
-92.3 0.512263
-92.1 0.513145
-91.9 0.514012
-91.7 0.514843
-91.5 0.515679
-91.3 0.516566
-91.1 0.517473
-90.9 0.518345
-90.7 0.51916
-90.5 0.52015
-90.3 0.521165
-90.1 0.521996
-89.9 0.522873
-89.7 0.523745
-89.5 0.524663
-89.3 0.525514
-89.1 0.52634
-88.9 0.527263
-88.7 0.528139
-88.5 0.529052
-88.3 0.529832
-88.1 0.530719
-87.9 0.53156
-87.7 0.532452
-87.5 0.533457
-87.3 0.534262
-87.1 0.535139
-86.9 0.536026
-86.7 0.536924
-86.5 0.537867
-86.3 0.538888
-86.1 0.539667
-85.9 0.5404
-85.7 0.541318
-85.5 0.542267
-85.3 0.542964
-85.1 0.543923
-84.9 0.544882
-84.7 0.545882
-84.5 0.546815
-84.3 0.547661
-84.1 0.548574
-83.9 0.549415
-83.7 0.550384
-83.5 0.551302
-83.3 0.552118
-83.1 0.552912
-82.9 0.553702
-82.7 0.554753
-82.5 0.555712
-82.3 0.556558
-82.1 0.557533
-81.9 0.558425
-81.7 0.559389
-81.5 0.560286
-81.3 0.561179
-81.1 0.562045
-80.9 0.562902
-80.7 0.563866
-80.5 0.564732
-80.3 0.565578
-80.1 0.56646
-79.9 0.567378
-79.7 0.56805
-79.5 0.568865
-79.3 0.569809
-79.1 0.570701
-78.9 0.57165
-78.7 0.572491
-78.5 0.573296
-78.3 0.574116
-78.1 0.574988
-77.9 0.575885
-77.7 0.576726
-77.5 0.577639
-77.3 0.578619
-77.1 0.579439
-76.9 0.580347
-76.7 0.581321
-76.5 0.582198
-76.3 0.582998
-76.1 0.58388
-75.9 0.584767
-75.7 0.58568
-75.5 0.586546
-75.3 0.587454
-75.1 0.588377
-74.9 0.589239
-74.7 0.590141
-74.5 0.590951
-74.3 0.591818
-74.1 0.59271
-73.9 0.593561
-73.7 0.594315
-73.5 0.59512
-73.3 0.595961
-73.1 0.596936
-72.9 0.597782
-72.7 0.598592
-72.5 0.599505
-72.3 0.600489
-72.1 0.60134
-71.9 0.60232
-71.7 0.603156
-71.5 0.604033
-71.3 0.604986
-71.1 0.605802
-70.9 0.606658
-70.7 0.60754
-70.5 0.608463
-70.3 0.60935
-70.1 0.610278
-69.9 0.611212
-69.7 0.612083
-69.5 0.612965
-69.3 0.613755
-69.1 0.61474
-68.9 0.615781
-68.7 0.616781
-68.5 0.617627
-68.3 0.618468
-68.1 0.619339
-67.9 0.620268
-67.7 0.621103
-67.5 0.622016
-67.3 0.622929
-67.1 0.623806
-66.9 0.624647
-66.7 0.625513
-66.5 0.626411
-66.3 0.627231
-66.1 0.6282
-65.9 0.629072
-65.7 0.62998
-65.5 0.630718
-65.3 0.631605
-65.1 0.632467
-64.9 0.633395
-64.7 0.634431
-64.5 0.635297
-64.3 0.636128
-64.1 0.637015
-63.9 0.637872
-63.7 0.638667
-63.5 0.639549
-63.3 0.640523
-63.1 0.641425
-62.9 0.642266
-62.7 0.643189
-62.5 0.64422
-62.3 0.645128
-62.1 0.645999
-61.9 0.646958
-61.7 0.647922
-61.5 0.648815
-61.3 0.649794
-61.1 0.650574
-60.9 0.65144
-60.7 0.652384
-60.5 0.65325
-60.3 0.654071
-60.1 0.654907
-59.9 0.655948
-59.7 0.656794
-59.5 0.657712
-59.3 0.65864
-59.1 0.659517
-58.9 0.660363
-58.7 0.661132
-58.5 0.662004
-58.3 0.662891
-58.1 0.663757
-57.9 0.664619
-57.7 0.665491
-57.5 0.66645
-57.3 0.667239
-57.1 0.668111
-56.9 0.668998
-56.7 0.66988
-56.5 0.670742
-56.3 0.671613
-56.1 0.672511
-55.9 0.673367
-55.7 0.674336
-55.5 0.675116
-55.3 0.675977
-55.1 0.676849
-54.9 0.677587
-54.7 0.678377
-54.5 0.67931
-54.3 0.680146
-54.1 0.681208
-53.9 0.682126
-53.7 0.682967
-53.5 0.683869
-53.3 0.684643
-53.1 0.685474
-52.9 0.686366
-52.7 0.687182
-52.5 0.688059
-52.3 0.688941
-52.1 0.689817
-51.9 0.690812
-51.7 0.691756
-51.5 0.692833
-51.3 0.693612
-51.1 0.694427
-50.9 0.695222
-50.7 0.695986
-50.5 0.696817
-50.3 0.69775
-50.1 0.698525
-49.9 0.699402
-49.7 0.700432
-49.5 0.701448
-49.3 0.702309
-49.1 0.703145
-48.9 0.704104
-48.7 0.705032
-48.5 0.705786
-48.3 0.706699
-48.1 0.707663
-47.9 0.708673
-47.7 0.709545
-47.5 0.710416
-47.3 0.711186
-47.1 0.712129
-46.9 0.71297
-46.7 0.713785
-46.5 0.714739
-46.3 0.715631
-46.1 0.716467
-45.9 0.71737
-45.7 0.718288
-45.5 0.71919
-45.3 0.720026
-45.1 0.720923
-44.9 0.721811
-44.7 0.722693
-44.5 0.723641
-44.3 0.72458
-44.1 0.725462
-43.9 0.726395
-43.7 0.727374
-43.5 0.728231
-43.3 0.729092
-43.1 0.729933
-42.9 0.73081
-42.7 0.731697
-42.5 0.732492
-42.3 0.733384
-42.1 0.734353
-41.9 0.735251
-41.7 0.736056
-41.5 0.737015
-41.3 0.737799
-41.1 0.738666
-40.9 0.739538
-40.7 0.740415
-40.5 0.741204
-40.3 0.74204
-40.1 0.742825
-39.9 0.743727
-39.7 0.744455
-39.5 0.745327
-39.3 0.74624
-39.1 0.747153
-38.9 0.74806
-38.7 0.74886
-38.5 0.749809
-38.3 0.750701
-38.1 0.751665
-37.9 0.752568
-37.7 0.75344
-37.5 0.754429
-37.3 0.755316
-37.1 0.756101
-36.9 0.756901
-36.7 0.757778
-36.5 0.758696
-36.3 0.759603
-36.1 0.760372
-35.9 0.761219
-35.7 0.76209
-35.5 0.762952
-35.3 0.763777
-35.1 0.764618
-34.9 0.76547
-34.7 0.76648
-34.5 0.767346
-34.3 0.768126
-34.1 0.768931
-33.9 0.76988
-33.7 0.770705
-33.5 0.771705
-33.3 0.772577
-33.1 0.773479
-32.9 0.774351
-32.7 0.775238
-32.5 0.776028
-32.3 0.776813
-32.1 0.777597
-31.9 0.778489
-31.7 0.779346
-31.5 0.780187
-31.3 0.781069
-31.1 0.781879
-30.9 0.78274
-30.7 0.783689
-30.5 0.784463
-30.3 0.785351
-30.1 0.786299
-29.9 0.78712
-29.7 0.788089
-29.5 0.788822
-29.3 0.789586
-29.1 0.79054
-28.9 0.791386
-28.7 0.792294
-28.5 0.793196
-28.3 0.794094
-28.1 0.795037
-27.9 0.796006
-27.7 0.796878
-27.5 0.797683
-27.3 0.798488
-27.1 0.799416
-26.9 0.800309
-26.7 0.801309
-26.5 0.802319
-26.3 0.803288
-26.1 0.804011
-25.9 0.804898
-25.7 0.805642
-25.5 0.806498
-25.3 0.80717
-25.1 0.807929
-24.9 0.808826
-24.7 0.809713
-24.5 0.810585
-24.3 0.811436
-24.1 0.812318
-23.9 0.813149
-23.7 0.814021
-23.5 0.814928
-23.3 0.815682
-23.1 0.816523
-22.9 0.817492
-22.7 0.818328
-22.5 0.8192
-22.3 0.820061
-22.1 0.82081
-21.9 0.821718
-21.7 0.822523
-21.5 0.823297
-21.3 0.824071
-21.1 0.825015
-20.9 0.825953
-20.7 0.826805
-20.5 0.827779
-20.3 0.828553
-20.1 0.829558
-19.9 0.83044
-19.7 0.831348
-19.5 0.832215
-19.3 0.833158
-19.1 0.833994
-18.9 0.834917
-18.7 0.835784
-18.5 0.836645
-18.3 0.837584
-18.1 0.83845
-17.9 0.839286
-17.7 0.840291
-17.5 0.841245
-17.3 0.842122
-17.1 0.843004
-16.9 0.844019
-16.7 0.844947
-16.5 0.84585
-16.3 0.84667
-16.1 0.847644
-15.9 0.848414
-15.7 0.849321
-15.5 0.850173
-15.3 0.850978
-15.1 0.851855
-14.9 0.852726
-14.7 0.853501
-14.5 0.854449
-14.3 0.855408
-14.1 0.856311
-13.9 0.857111
-13.7 0.857952
-13.5 0.858721
-13.3 0.859541
-13.1 0.860336
-12.9 0.861198
-12.7 0.862064
-12.5 0.863028
-12.3 0.8639
-12.1 0.864679
-11.9 0.86549
-11.7 0.866464
-11.5 0.867454
-11.3 0.868336
-11.1 0.869177
-10.9 0.869987
-10.7 0.870843
-10.5 0.871735
-10.3 0.872546
-10.1 0.873443
-9.9 0.874376
-9.7 0.875325
-9.5 0.876099
-9.3 0.876997
-9.1 0.877838
-8.9 0.878597
-8.7 0.879468
-8.5 0.880345
-8.3 0.881068
-8.1 0.88193
-7.9 0.882781
-7.7 0.883694
-7.5 0.88456
-7.3 0.885489
-7.1 0.886258
-6.9 0.887094
-6.7 0.887965
-6.5 0.888924
-6.3 0.889786
-6.1 0.890652
-5.9 0.891391
-5.7 0.892278
-5.5 0.893206
-5.3 0.894062
-5.1 0.894991
-4.9 0.895965
-4.7 0.896724
-4.5 0.897713
-4.3 0.898534
-4.1 0.899395
-3.9 0.900226
-3.7 0.901057
-3.5 0.901975
-3.3 0.902975
-3.1 0.903775
-2.9 0.904667
-2.7 0.905554
-2.5 0.906436
-2.3 0.907226
-2.1 0.908041
-1.9 0.908928
-1.7 0.9098
-1.5 0.910631
-1.3 0.911467
-1.1 0.91239
-0.899999 0.913297
-0.699999 0.914143
-0.499999 0.914984
-0.299999 0.915907
-0.0999993 0.916841
0.100001 0.917748
0.300001 0.918748
0.500001 0.919594
0.700001 0.92061
0.900001 0.921486
1.1 0.922322
1.3 0.923215
1.5 0.924132
1.7 0.92503
1.9 0.925912
2.1 0.926902
2.3 0.927722
2.5 0.928568
2.7 0.92946
2.9 0.930306
3.1 0.931163
3.3 0.932055
3.5 0.933004
3.7 0.933927
3.9 0.934655
4.1 0.935496
4.3 0.936388
4.5 0.937311
4.7 0.93807
4.9 0.938947
5.1 0.93986
5.3 0.940691
5.5 0.941567
5.7 0.942429
5.9 0.943331
6.1 0.944239
6.3 0.945095
6.5 0.945885
6.7 0.946685
6.9 0.947526
7.1 0.948413
7.3 0.949234
7.5 0.9501
7.7 0.950813
7.9 0.95168
8.1 0.952444
8.3 0.953198
8.5 0.954146
8.7 0.955156
8.9 0.955956
9.1 0.956823
9.3 0.957613
9.5 0.958387
9.7 0.959254
9.9 0.959982
10.1 0.960905
10.3 0.961694
10.5 0.962433
10.7 0.963274
10.9 0.96412
11.1 0.964725
11.3 0.965494
11.5 0.966228
11.7 0.967038
11.9 0.967904
12.1 0.968648
12.3 0.969417
12.5 0.970079
12.7 0.970709
12.9 0.971366
13.1 0.972048
13.3 0.972668
13.5 0.973325
13.7 0.974001
13.9 0.974704
14.1 0.97536
14.3 0.975986
14.5 0.976576
14.7 0.977176
14.9 0.977781
15.1 0.978376
15.3 0.979011
15.5 0.979555
15.7 0.980165
15.9 0.980781
16.1 0.981416
16.3 0.982001
16.5 0.982524
16.7 0.983083
16.9 0.98358
17.1 0.984093
17.3 0.984585
17.5 0.985114
17.7 0.985544
17.9 0.986016
18.1 0.986426
18.3 0.98696
18.5 0.987329
18.7 0.987729
18.9 0.98817
19.1 0.98858
19.3 0.988949
19.5 0.989406
19.7 0.989801
19.9 0.99018
20.1 0.990554
20.3 0.990867
20.5 0.991221
20.7 0.991585
20.9 0.991944
21.1 0.992277
21.3 0.992616
21.5 0.992985
21.7 0.993308
21.9 0.993549
22.1 0.993826
22.3 0.994031
22.5 0.994267
22.7 0.994529
22.9 0.99479
23.1 0.995077
23.3 0.995267
23.5 0.995605
23.7 0.995846
23.9 0.996149
24.1 0.996339
24.3 0.996477
24.5 0.996728
24.7 0.996949
24.9 0.997113
25.1 0.997308
25.3 0.997467
25.5 0.99761
25.7 0.997718
25.9 0.997903
26.1 0.998041
26.3 0.9982
26.5 0.998318
26.7 0.998436
26.9 0.998544
27.1 0.998682
27.3 0.998795
27.5 0.998908
27.7 0.999077
27.9 0.999154
28.1 0.999236
28.3 0.999395
28.5 0.999462
28.7 0.999554
28.9 0.999615
29.1 0.999672
29.3 0.999738
29.5 0.999795
29.7 0.999892
29.9 0.999949
30.1 1
