1144
-198.5 1.09962e-06
-198.3 1.09962e-06
-198.1 4.39847e-06
-197.9 7.14751e-06
-197.7 9.34674e-06
-197.5 1.97931e-05
-197.3 3.57376e-05
-197.1 6.3228e-05
-196.9 9.84157e-05
-196.7 0.000157795
-196.5 0.000247414
-196.3 0.000361224
-196.1 0.00051627
-195.9 0.000709803
-195.7 0.000968213
-195.5 0.00127501
-195.3 0.00164998
-195.1 0.00212171
-194.9 0.002732
-194.7 0.00350173
-194.5 0.00438912
-194.3 0.00547554
-194.1 0.00665543
-193.9 0.00799861
-193.7 0.00954413
-193.5 0.0112095
-193.3 0.0129881
-193.1 0.0149004
-192.9 0.0168384
-192.7 0.0188931
-192.5 0.0209867
-192.3 0.023109
-192.1 0.0252934
-191.9 0.0274442
-191.7 0.0296314
-191.5 0.0318064
-191.3 0.0340524
-191.1 0.0362533
-190.9 0.038436
-190.7 0.0405528
-190.5 0.0426569
-190.3 0.0447759
-190.1 0.046864
-189.9 0.0489874
-189.7 0.0510101
-189.5 0.0530747
-189.3 0.0551502
-189.1 0.0571405
-188.9 0.059105
-188.7 0.0610898
-188.5 0.0630213
-188.3 0.0649544
-188.1 0.0669007
-187.9 0.068836
-187.7 0.0707411
-187.5 0.0726281
-187.3 0.0744892
-187.1 0.0763305
-186.9 0.0781366
-186.7 0.0799746
-186.5 0.0817675
-186.3 0.0835863
-186.1 0.0853792
-185.9 0.0871304
-185.7 0.088926
-185.5 0.0906134
-185.3 0.0923508
-185.1 0.0941278
-184.9 0.0958454
-184.7 0.0976048
-184.5 0.0992883
-184.3 0.100975
-184.1 0.102688
-183.9 0.104337
-183.7 0.10601
-183.5 0.107691
-183.3 0.109362
-183.1 0.110926
-182.9 0.112574
-182.7 0.114203
-182.5 0.115854
-182.3 0.117419
-182.1 0.119022
-181.9 0.120638
-181.7 0.122197
-181.5 0.123789
-181.3 0.125321
-181.1 0.126797
-180.9 0.128316
-180.7 0.129832
-180.5 0.131369
-180.3 0.132865
-180.1 0.134362
-179.9 0.135798
-179.7 0.137183
-179.5 0.13858
-179.3 0.139964
-179.1 0.141308
-178.9 0.142675
-178.7 0.143977
-178.5 0.145288
-178.3 0.146654
-178.1 0.147952
-177.9 0.14923
-177.7 0.150466
-177.5 0.151688
-177.3 0.152889
-177.1 0.154074
-176.9 0.155295
-176.7 0.156475
-176.5 0.157637
-176.3 0.158828
-176.1 0.159906
-175.9 0.16103
-175.7 0.162128
-175.5 0.163188
-175.3 0.164264
-175.1 0.165365
-174.9 0.166417
-174.7 0.167481
-174.5 0.168535
-174.3 0.169597
-174.1 0.170642
-173.9 0.171663
-173.7 0.172702
-173.5 0.173759
-173.3 0.174788
-173.1 0.175818
-172.9 0.176847
-172.7 0.177869
-172.5 0.178857
-172.3 0.179861
-172.1 0.18089
-171.9 0.181849
-171.7 0.182818
-171.5 0.183792
-171.3 0.184768
-171.1 0.185787
-170.9 0.186744
-170.7 0.187714
-170.5 0.188701
-170.3 0.189688
-170.1 0.190638
-169.9 0.191607
-169.7 0.192554
-169.5 0.193509
-169.3 0.194451
-169.1 0.195355
-168.9 0.196337
-168.7 0.197288
-168.5 0.198239
-168.3 0.199162
-168.1 0.2001
-167.9 0.201055
-167.7 0.201984
-167.5 0.202883
-167.3 0.203784
-167.1 0.204714
-166.9 0.205671
-166.7 0.206608
-166.5 0.207554
-166.3 0.208488
-166.1 0.209434
-165.9 0.210347
-165.7 0.211256
-165.5 0.212173
-165.3 0.213067
-165.1 0.21401
-164.9 0.214914
-164.7 0.215842
-164.5 0.216758
-164.3 0.217678
-164.1 0.218588
-163.9 0.21951
-163.7 0.220453
-163.5 0.22132
-163.3 0.222227
-163.1 0.223097
-162.9 0.223995
-162.7 0.224899
-162.5 0.225804
-162.3 0.226741
-162.1 0.22761
-161.9 0.228494
-161.7 0.229433
-161.5 0.230304
-161.3 0.2312
-161.1 0.232096
-160.9 0.232946
-160.7 0.233847
-160.5 0.234736
-160.3 0.235628
-160.1 0.236526
-159.9 0.237445
-159.7 0.238311
-159.5 0.239199
-159.3 0.240107
-159.1 0.240979
-158.9 0.24186
-158.7 0.242744
-158.5 0.243645
-158.3 0.24456
-158.1 0.245431
-157.9 0.246299
-157.7 0.247191
-157.5 0.248042
-157.3 0.248947
-157.1 0.249801
-156.9 0.250663
-156.7 0.251543
-156.5 0.252413
-156.3 0.253311
-156.1 0.254171
-155.9 0.255032
-155.7 0.255906
-155.5 0.256811
-155.3 0.257668
-155.1 0.258584
-154.9 0.259424
-154.7 0.260298
-154.5 0.261152
-154.3 0.262009
-154.1 0.262885
-153.9 0.263739
-153.7 0.264556
-153.5 0.265394
-153.3 0.266219
-153.1 0.267036
-152.9 0.267851
-152.7 0.268686
-152.5 0.269511
-152.3 0.270336
-152.1 0.271126
-151.9 0.271925
-151.7 0.272726
-151.5 0.273509
-151.3 0.274322
-151.1 0.275158
-150.9 0.275963
-150.7 0.276813
-150.5 0.277576
-150.3 0.278373
-150.1 0.279144
-149.9 0.279963
-149.7 0.280781
-149.5 0.281566
-149.3 0.282368
-149.1 0.283153
-148.9 0.283943
-148.7 0.284725
-148.5 0.285499
-148.3 0.286273
-148.1 0.287058
-147.9 0.287787
-147.7 0.288557
-147.5 0.289337
-147.3 0.290099
-147.1 0.290906
-146.9 0.291715
-146.7 0.292493
-146.5 0.293255
-146.3 0.294025
-146.1 0.294862
-145.9 0.295631
-145.7 0.296442
-145.5 0.297235
-145.3 0.298014
-145.1 0.298786
-144.9 0.299604
-144.7 0.300422
-144.5 0.301219
-144.3 0.302035
-144.1 0.302858
-143.9 0.30367
-143.7 0.304459
-143.5 0.305284
-143.3 0.306091
-143.1 0.306935
-142.9 0.307815
-142.7 0.308657
-142.5 0.309526
-142.3 0.310402
-142.1 0.31124
-141.9 0.312012
-141.7 0.312897
-141.5 0.313788
-141.3 0.314649
-141.1 0.315529
-140.9 0.31641
-140.7 0.317331
-140.5 0.318256
-140.3 0.319152
-140.1 0.320019
-139.9 0.320862
-139.7 0.321765
-139.5 0.322675
-139.3 0.323543
-139.1 0.324441
-138.9 0.325319
-138.7 0.326219
-138.5 0.327113
-138.3 0.327998
-138.1 0.328878
-137.9 0.329814
-137.7 0.330693
-137.5 0.331579
-137.3 0.332473
-137.1 0.333374
-136.9 0.334267
-136.7 0.335148
-136.5 0.336061
-136.3 0.337009
-136.1 0.337963
-135.9 0.338875
-135.7 0.339761
-135.5 0.340668
-135.3 0.341563
-135.1 0.342481
-134.9 0.343416
-134.7 0.344366
-134.5 0.345291
-134.3 0.346157
-134.1 0.347116
-133.9 0.348035
-133.7 0.34891
-133.5 0.349865
-133.3 0.350802
-133.1 0.351731
-132.9 0.352607
-132.7 0.353535
-132.5 0.354478
-132.3 0.355423
-132.1 0.356357
-131.9 0.357244
-131.7 0.358143
-131.5 0.359076
-131.3 0.359977
-131.1 0.360904
-130.9 0.361804
-130.7 0.362732
-130.5 0.363633
-130.3 0.364577
-130.1 0.36551
-129.9 0.366434
-129.7 0.367298
-129.5 0.36819
-129.3 0.369089
-129.1 0.370038
-128.9 0.370972
-128.7 0.371866
-128.5 0.372754
-128.3 0.373663
-128.1 0.374562
-127.9 0.37546
-127.7 0.376344
-127.5 0.377282
-127.3 0.378236
-127.1 0.379134
-126.9 0.380031
-126.7 0.380922
-126.5 0.381808
-126.3 0.382692
-126.1 0.383572
-125.9 0.384431
-125.7 0.385323
-125.5 0.386146
-125.3 0.387014
-125.1 0.387925
-124.9 0.388824
-124.7 0.389703
-124.5 0.390584
-124.3 0.391456
-124.1 0.392346
-123.9 0.393214
-123.7 0.394096
-123.5 0.39497
-123.3 0.395863
-123.1 0.39673
-122.9 0.397636
-122.7 0.398552
-122.5 0.399428
-122.3 0.40031
-122.1 0.401179
-121.9 0.402035
-121.7 0.402894
-121.5 0.403815
-121.3 0.404722
-121.1 0.405618
-120.9 0.406523
-120.7 0.407396
-120.5 0.408255
-120.3 0.409109
-120.1 0.409983
-119.9 0.410871
-119.7 0.411739
-119.5 0.412613
-119.3 0.413509
-119.1 0.414402
-118.9 0.415294
-118.7 0.416182
-118.5 0.417025
-118.3 0.4179
-118.1 0.418763
-117.9 0.419628
-117.7 0.420519
-117.5 0.421382
-117.3 0.422273
-117.1 0.423147
-116.9 0.424041
-116.7 0.424921
-116.5 0.425792
-116.3 0.426681
-116.1 0.427517
-115.9 0.428387
-115.7 0.429277
-115.5 0.430131
-115.3 0.430976
-115.1 0.431839
-114.9 0.43272
-114.7 0.433604
-114.5 0.434462
-114.3 0.435369
-114.1 0.436259
-113.9 0.437127
-113.7 0.438013
-113.5 0.438903
-113.3 0.439741
-113.1 0.440588
-112.9 0.441459
-112.7 0.442328
-112.5 0.44323
-112.3 0.444076
-112.1 0.444936
-111.9 0.445852
-111.7 0.446729
-111.5 0.447609
-111.3 0.448446
-111.1 0.449328
-110.9 0.450224
-110.7 0.451108
-110.5 0.451964
-110.3 0.452827
-110.1 0.453704
-109.9 0.454576
-109.7 0.455434
-109.5 0.456303
-109.3 0.457187
-109.1 0.458052
-108.9 0.458894
-108.7 0.459779
-108.5 0.460647
-108.3 0.461501
-108.1 0.46239
-107.9 0.463259
-107.7 0.464115
-107.5 0.464992
-107.3 0.465835
-107.1 0.466706
-106.9 0.467526
-106.7 0.468379
-106.5 0.469242
-106.3 0.470111
-106.1 0.470975
-105.9 0.471801
-105.7 0.472624
-105.5 0.473462
-105.3 0.474335
-105.1 0.475174
-104.9 0.476002
-104.7 0.476834
-104.5 0.477679
-104.3 0.478574
-104.1 0.479396
-103.9 0.480273
-103.7 0.481108
-103.5 0.481964
-103.3 0.482832
-103.1 0.483704
-102.9 0.484469
-102.7 0.485294
-102.5 0.486116
-102.3 0.486978
-102.1 0.487846
-101.9 0.488701
-101.7 0.489547
-101.5 0.490382
-101.3 0.491217
-101.1 0.492011
-100.9 0.492859
-100.7 0.493695
-100.5 0.49452
-100.3 0.495346
-100.1 0.496182
-99.9 0.497043
-99.7 0.497875
-99.5 0.498698
-99.3 0.499547
-99.1 0.500368
-98.9 0.50119
-98.7 0.502019
-98.5 0.502878
-98.3 0.503705
-98.1 0.504513
-97.9 0.505343
-97.7 0.506199
-97.5 0.507047
-97.3 0.507892
-97.1 0.508758
-96.9 0.509602
-96.7 0.510434
-96.5 0.51125
-96.3 0.512099
-96.1 0.512958
-95.9 0.5138
-95.7 0.514619
-95.5 0.515478
-95.3 0.516302
-95.1 0.517152
-94.9 0.517989
-94.7 0.518819
-94.5 0.519658
-94.3 0.52048
-94.1 0.521315
-93.9 0.522189
-93.7 0.523031
-93.5 0.523833
-93.3 0.524643
-93.1 0.525481
-92.9 0.526241
-92.7 0.527112
-92.5 0.52794
-92.3 0.528756
-92.1 0.529555
-91.9 0.530389
-91.7 0.531173
-91.5 0.532005
-91.3 0.532758
-91.1 0.533586
-90.9 0.534422
-90.7 0.535241
-90.5 0.536037
-90.3 0.53689
-90.1 0.537707
-89.9 0.538529
-89.7 0.539344
-89.5 0.540209
-89.3 0.541023
-89.1 0.541841
-88.9 0.542646
-88.7 0.543482
-88.5 0.5443
-88.3 0.545109
-88.1 0.545931
-87.9 0.546727
-87.7 0.547552
-87.5 0.548382
-87.3 0.54919
-87.1 0.550017
-86.9 0.550829
-86.7 0.551655
-86.5 0.552434
-86.3 0.553268
-86.1 0.55411
-85.9 0.554913
-85.7 0.555766
-85.5 0.556579
-85.3 0.557426
-85.1 0.558242
-84.9 0.55906
-84.7 0.559921
-84.5 0.560769
-84.3 0.561562
-84.1 0.562388
-83.9 0.563241
-83.7 0.564058
-83.5 0.564855
-83.3 0.565683
-83.1 0.566518
-82.9 0.567314
-82.7 0.568144
-82.5 0.568966
-82.3 0.569787
-82.1 0.570636
-81.9 0.571518
-81.7 0.572333
-81.5 0.573173
-81.3 0.573979
-81.1 0.574772
-80.9 0.575655
-80.7 0.57651
-80.5 0.577327
-80.3 0.578137
-80.1 0.578975
-79.9 0.579801
-79.7 0.580648
-79.5 0.58148
-79.3 0.582333
-79.1 0.583185
-78.9 0.584023
-78.7 0.584814
-78.5 0.585632
-78.3 0.586486
-78.1 0.58732
-77.9 0.58814
-77.7 0.589002
-77.5 0.589864
-77.3 0.590699
-77.1 0.591534
-76.9 0.592345
-76.7 0.593201
-76.5 0.594069
-76.3 0.594893
-76.1 0.595752
-75.9 0.596619
-75.7 0.597477
-75.5 0.598339
-75.3 0.599229
-75.1 0.600063
-74.9 0.600903
-74.7 0.601761
-74.5 0.602603
-74.3 0.603454
-74.1 0.604295
-73.9 0.605101
-73.7 0.605964
-73.5 0.606799
-73.3 0.607654
-73.1 0.608524
-72.9 0.609361
-72.7 0.610223
-72.5 0.611087
-72.3 0.611953
-72.1 0.612793
-71.9 0.613622
-71.7 0.614485
-71.5 0.61532
-71.3 0.616167
-71.1 0.617044
-70.9 0.617905
-70.7 0.618726
-70.5 0.619581
-70.3 0.620442
-70.1 0.621305
-69.9 0.622129
-69.7 0.623024
-69.5 0.623849
-69.3 0.624727
-69.1 0.625587
-68.9 0.62643
-68.7 0.627286
-68.5 0.628115
-68.3 0.628972
-68.1 0.62986
-67.9 0.630724
-67.7 0.631556
-67.5 0.632385
-67.3 0.633219
-67.1 0.634123
-66.9 0.634967
-66.7 0.635852
-66.5 0.636759
-66.3 0.637605
-66.1 0.638461
-65.9 0.639374
-65.7 0.640201
-65.5 0.64106
-65.3 0.641932
-65.1 0.642781
-64.9 0.643625
-64.7 0.644511
-64.5 0.645311
-64.3 0.646151
-64.1 0.647017
-63.9 0.647902
-63.7 0.648774
-63.5 0.649671
-63.3 0.650493
-63.1 0.651343
-62.9 0.652188
-62.7 0.653071
-62.5 0.653919
-62.3 0.654808
-62.1 0.65565
-61.9 0.656487
-61.7 0.657313
-61.5 0.658157
-61.3 0.658991
-61.1 0.659815
-60.9 0.660693
-60.7 0.661542
-60.5 0.662384
-60.3 0.663216
-60.1 0.664096
-59.9 0.664932
-59.7 0.66576
-59.5 0.66658
-59.3 0.667428
-59.1 0.668265
-58.9 0.669103
-58.7 0.669982
-58.5 0.670843
-58.3 0.671707
-58.1 0.672537
-57.9 0.673392
-57.7 0.67419
-57.5 0.675032
-57.3 0.675901
-57.1 0.676722
-56.9 0.677546
-56.7 0.678397
-56.5 0.679254
-56.3 0.680099
-56.1 0.680931
-55.9 0.681805
-55.7 0.68266
-55.5 0.683509
-55.3 0.684348
-55.1 0.685218
-54.9 0.686133
-54.7 0.686967
-54.5 0.68784
-54.3 0.688669
-54.1 0.689535
-53.9 0.690379
-53.7 0.691245
-53.5 0.692115
-53.3 0.692963
-53.1 0.693803
-52.9 0.694665
-52.7 0.695476
-52.5 0.696318
-52.3 0.69715
-52.1 0.697982
-51.9 0.698824
-51.7 0.699667
-51.5 0.7005
-51.3 0.701341
-51.1 0.702175
-50.9 0.703001
-50.7 0.703854
-50.5 0.704724
-50.3 0.705586
-50.1 0.706429
-49.9 0.707281
-49.7 0.70813
-49.5 0.708923
-49.3 0.709763
-49.1 0.710652
-48.9 0.711536
-48.7 0.71238
-48.5 0.713209
-48.3 0.714061
-48.1 0.714902
-47.9 0.715752
-47.7 0.716609
-47.5 0.717457
-47.3 0.718333
-47.1 0.71916
-46.9 0.720015
-46.7 0.720864
-46.5 0.721702
-46.3 0.72252
-46.1 0.723346
-45.9 0.724173
-45.7 0.725031
-45.5 0.725893
-45.3 0.72672
-45.1 0.727571
-44.9 0.728441
-44.7 0.729289
-44.5 0.730091
-44.3 0.730927
-44.1 0.731776
-43.9 0.732613
-43.7 0.73349
-43.5 0.73433
-43.3 0.735155
-43.1 0.735978
-42.9 0.736797
-42.7 0.737615
-42.5 0.738501
-42.3 0.739323
-42.1 0.740191
-41.9 0.741089
-41.7 0.741923
-41.5 0.7428
-41.3 0.74365
-41.1 0.744513
-40.9 0.745355
-40.7 0.746231
-40.5 0.747063
-40.3 0.747933
-40.1 0.748802
-39.9 0.749661
-39.7 0.7505
-39.5 0.751344
-39.3 0.752188
-39.1 0.752989
-38.9 0.753812
-38.7 0.754667
-38.5 0.755505
-38.3 0.756355
-38.1 0.757207
-37.9 0.758044
-37.7 0.758894
-37.5 0.759711
-37.3 0.760603
-37.1 0.761417
-36.9 0.762273
-36.7 0.763103
-36.5 0.763961
-36.3 0.764796
-36.1 0.765645
-35.9 0.766489
-35.7 0.767324
-35.5 0.768129
-35.3 0.769005
-35.1 0.769843
-34.9 0.770689
-34.7 0.771552
-34.5 0.772414
-34.3 0.773298
-34.1 0.774141
-33.9 0.774969
-33.7 0.775802
-33.5 0.776631
-33.3 0.777468
-33.1 0.778305
-32.9 0.779146
-32.7 0.780019
-32.5 0.780886
-32.3 0.781743
-32.1 0.782575
-31.9 0.78341
-31.7 0.784251
-31.5 0.785084
-31.3 0.785923
-31.1 0.78676
-30.9 0.78761
-30.7 0.788441
-30.5 0.789278
-30.3 0.790093
-30.1 0.790899
-29.9 0.791719
-29.7 0.792534
-29.5 0.793386
-29.3 0.794205
-29.1 0.79503
-28.9 0.795832
-28.7 0.796673
-28.5 0.797528
-28.3 0.798338
-28.1 0.799163
-27.9 0.79998
-27.7 0.800783
-27.5 0.801665
-27.3 0.802464
-27.1 0.80332
-26.9 0.804144
-26.7 0.804938
-26.5 0.80576
-26.3 0.806614
-26.1 0.807441
-25.9 0.808324
-25.7 0.809168
-25.5 0.810018
-25.3 0.810831
-25.1 0.811654
-24.9 0.812498
-24.7 0.813317
-24.5 0.814146
-24.3 0.814964
-24.1 0.815798
-23.9 0.816635
-23.7 0.817429
-23.5 0.818267
-23.3 0.819109
-23.1 0.819923
-22.9 0.820722
-22.7 0.821543
-22.5 0.822352
-22.3 0.823197
-22.1 0.824022
-21.9 0.824839
-21.7 0.825711
-21.5 0.826547
-21.3 0.827374
-21.1 0.828245
-20.9 0.829088
-20.7 0.829896
-20.5 0.830726
-20.3 0.831577
-20.1 0.832421
-19.9 0.833238
-19.7 0.834115
-19.5 0.834932
-19.3 0.835777
-19.1 0.836562
-18.9 0.837429
-18.7 0.838257
-18.5 0.839097
-18.3 0.839902
-18.1 0.840746
-17.9 0.841595
-17.7 0.842465
-17.5 0.843288
-17.3 0.844107
-17.1 0.844956
-16.9 0.845765
-16.7 0.846567
-16.5 0.84741
-16.3 0.848247
-16.1 0.849091
-15.9 0.849902
-15.7 0.850787
-15.5 0.851586
-15.3 0.852411
-15.1 0.853247
-14.9 0.854088
-14.7 0.854924
-14.5 0.855788
-14.3 0.856606
-14.1 0.857462
-13.9 0.858302
-13.7 0.859112
-13.5 0.859954
-13.3 0.860807
-13.1 0.861607
-12.9 0.862474
-12.7 0.863349
-12.5 0.864196
-12.3 0.865019
-12.1 0.86581
-11.9 0.866634
-11.7 0.867444
-11.5 0.868306
-11.3 0.869133
-11.1 0.869946
-10.9 0.870756
-10.7 0.87155
-10.5 0.872391
-10.3 0.873215
-10.1 0.874067
-9.9 0.874892
-9.7 0.875744
-9.5 0.876615
-9.3 0.877489
-9.1 0.878336
-8.9 0.879135
-8.7 0.879947
-8.5 0.880805
-8.3 0.881633
-8.1 0.882477
-7.9 0.883311
-7.7 0.884144
-7.5 0.884992
-7.3 0.88579
-7.1 0.886578
-6.9 0.887392
-6.7 0.888243
-6.5 0.88906
-6.3 0.889874
-6.1 0.890689
-5.9 0.891527
-5.7 0.89238
-5.5 0.893212
-5.3 0.894047
-5.1 0.894887
-4.9 0.895706
-4.7 0.896504
-4.5 0.897298
-4.3 0.898171
-4.1 0.89904
-3.9 0.899868
-3.7 0.900745
-3.5 0.901597
-3.3 0.902429
-3.1 0.903267
-2.9 0.904125
-2.7 0.904985
-2.5 0.905841
-2.3 0.906672
-2.1 0.907513
-1.9 0.908358
-1.7 0.909186
-1.5 0.910021
-1.3 0.910853
-1.1 0.911663
-0.899999 0.912532
-0.699999 0.913374
-0.499999 0.914189
-0.299999 0.915022
-0.0999993 0.915863
0.100001 0.916717
0.300001 0.917543
0.500001 0.918401
0.700001 0.919214
0.900001 0.920029
1.1 0.920861
1.3 0.921727
1.5 0.922577
1.7 0.923418
1.9 0.924254
2.1 0.92512
2.3 0.925968
2.5 0.926756
2.7 0.927609
2.9 0.928431
3.1 0.929237
3.3 0.930114
3.5 0.93096
3.7 0.93178
3.9 0.9326
4.1 0.933445
4.3 0.934291
4.5 0.9351
4.7 0.935969
4.9 0.9368
5.1 0.937604
5.3 0.938415
5.5 0.93921
5.7 0.940018
5.9 0.940844
6.1 0.941676
6.3 0.942477
6.5 0.943282
6.7 0.944137
6.9 0.944972
7.1 0.945791
7.3 0.946613
7.5 0.947445
7.7 0.948257
7.9 0.949079
8.1 0.949893
8.3 0.950705
8.5 0.951544
8.7 0.95237
8.9 0.953203
9.1 0.954032
9.3 0.954872
9.5 0.955663
9.7 0.956453
9.9 0.957231
10.1 0.958025
10.3 0.958844
10.5 0.95962
10.7 0.960404
10.9 0.961176
11.1 0.96193
11.3 0.9627
11.5 0.963464
11.7 0.964215
11.9 0.964939
12.1 0.965714
12.3 0.966488
12.5 0.967234
12.7 0.967997
12.9 0.968724
13.1 0.969455
13.3 0.970157
13.5 0.970825
13.7 0.971495
13.9 0.972175
14.1 0.972863
14.3 0.973561
14.5 0.974208
14.7 0.974856
14.9 0.97553
15.1 0.976148
15.3 0.976821
15.5 0.977458
15.7 0.978055
15.9 0.978665
16.1 0.979262
16.3 0.979838
16.5 0.980427
16.7 0.980974
16.9 0.981544
17.1 0.982114
17.3 0.982688
17.5 0.983268
17.7 0.983782
17.9 0.984304
18.1 0.984832
18.3 0.985314
18.5 0.985817
18.7 0.986297
18.9 0.986739
19.1 0.987221
19.3 0.987691
19.5 0.988148
19.7 0.988605
19.9 0.989034
20.1 0.989449
20.3 0.989843
20.5 0.990234
20.7 0.990624
20.9 0.990999
21.1 0.991364
21.3 0.991719
21.5 0.99207
21.7 0.992415
21.9 0.992745
22.1 0.993051
22.3 0.993364
22.5 0.993669
22.7 0.99397
22.9 0.99426
23.1 0.99455
23.3 0.994827
23.5 0.995096
23.7 0.995336
23.9 0.995589
24.1 0.995814
24.3 0.996057
24.5 0.996296
24.7 0.996533
24.9 0.996718
25.1 0.996919
25.3 0.997111
25.5 0.997298
25.7 0.997474
25.9 0.997644
26.1 0.997807
26.3 0.99798
26.5 0.998148
26.7 0.998292
26.9 0.998453
27.1 0.998586
27.3 0.998713
27.5 0.998825
27.7 0.998937
27.9 0.99905
28.1 0.999163
28.3 0.999281
28.5 0.999378
28.7 0.999467
28.9 0.999564
29.1 0.999639
29.3 0.999722
29.5 0.999802
29.7 0.999877
29.9 0.999945
30.1 1
