1144
-198.5 5.96368e-07
-198.3 1.19274e-06
-198.1 1.78911e-06
-197.9 2.98184e-06
-197.7 5.96368e-06
-197.5 1.72947e-05
-197.3 3.75712e-05
-197.1 6.7986e-05
-196.9 0.000107346
-196.7 0.000156845
-196.5 0.000218867
-196.3 0.000299377
-196.1 0.000409705
-195.9 0.000564761
-195.7 0.000762755
-195.5 0.00102874
-195.3 0.00134123
-195.1 0.00175511
-194.9 0.00227455
-194.7 0.00286376
-194.5 0.0035627
-194.3 0.00433977
-194.1 0.00526355
-193.9 0.00628513
-193.7 0.0074057
-193.5 0.00863064
-193.3 0.00994206
-193.1 0.0113906
-192.9 0.0128535
-192.7 0.0143928
-192.5 0.0159218
-192.3 0.0174974
-192.1 0.0191494
-191.9 0.0208168
-191.7 0.0225195
-191.5 0.0242656
-191.3 0.0260112
-191.1 0.0276948
-190.9 0.0294445
-190.7 0.0312247
-190.5 0.0329094
-190.3 0.0346377
-190.1 0.0363147
-189.9 0.0380376
-189.7 0.0397837
-189.5 0.0414637
-189.3 0.0431306
-189.1 0.0448344
-188.9 0.0465263
-188.7 0.0481895
-188.5 0.0498588
-188.3 0.0514576
-188.1 0.0531114
-187.9 0.0547693
-187.7 0.0563819
-187.5 0.0579694
-187.3 0.0595539
-187.1 0.0611588
-186.9 0.0627445
-186.7 0.0643499
-186.5 0.0658593
-186.3 0.0674338
-186.1 0.0689575
-185.9 0.0704526
-185.7 0.0719763
-185.5 0.0734905
-185.3 0.0749933
-185.1 0.0764658
-184.9 0.0779233
-184.7 0.0794112
-184.5 0.0808735
-184.3 0.0823149
-184.1 0.0837772
-183.9 0.0851835
-183.7 0.0865635
-183.5 0.0880216
-183.3 0.0893837
-183.1 0.0907422
-182.9 0.0921109
-182.7 0.0934456
-182.5 0.0948059
-182.3 0.096162
-182.1 0.0975241
-181.9 0.0988415
-181.7 0.100149
-181.5 0.101468
-181.3 0.102766
-181.1 0.104041
-180.9 0.105312
-180.7 0.106633
-180.5 0.107863
-180.3 0.109089
-180.1 0.110308
-179.9 0.11153
-179.7 0.112702
-179.5 0.11394
-179.3 0.115133
-179.1 0.116328
-178.9 0.117492
-178.7 0.118652
-178.5 0.119806
-178.3 0.120961
-178.1 0.122121
-177.9 0.123244
-177.7 0.124392
-177.5 0.125515
-177.3 0.12661
-177.1 0.127745
-176.9 0.128897
-176.7 0.130012
-176.5 0.131061
-176.3 0.132156
-176.1 0.133234
-175.9 0.134305
-175.7 0.135366
-175.5 0.136417
-175.3 0.137465
-175.1 0.138516
-174.9 0.139604
-174.7 0.140621
-174.5 0.141658
-174.3 0.142663
-174.1 0.143669
-173.9 0.144707
-173.7 0.145717
-173.5 0.146753
-173.3 0.147783
-173.1 0.148759
-172.9 0.149782
-172.7 0.150804
-172.5 0.15178
-172.3 0.152806
-172.1 0.153775
-171.9 0.154764
-171.7 0.155767
-171.5 0.156728
-171.3 0.157691
-171.1 0.158638
-170.9 0.159651
-170.7 0.160635
-170.5 0.161619
-170.3 0.162555
-170.1 0.163513
-169.9 0.164498
-169.7 0.165458
-169.5 0.166396
-169.3 0.167356
-169.1 0.168315
-168.9 0.169322
-168.7 0.170286
-168.5 0.17122
-168.3 0.172173
-168.1 0.173125
-167.9 0.174085
-167.7 0.175057
-167.5 0.176007
-167.3 0.176978
-167.1 0.177954
-166.9 0.17893
-166.7 0.179852
-166.5 0.180797
-166.3 0.181749
-166.1 0.182686
-165.9 0.18363
-165.7 0.184583
-165.5 0.185512
-165.3 0.186458
-165.1 0.187362
-164.9 0.188282
-164.7 0.189238
-164.5 0.190178
-164.3 0.191118
-164.1 0.192034
-163.9 0.192943
-163.7 0.193851
-163.5 0.194743
-163.3 0.195649
-163.1 0.196587
-162.9 0.197502
-162.7 0.198436
-162.5 0.199365
-162.3 0.200277
-162.1 0.201219
-161.9 0.202149
-161.7 0.203034
-161.5 0.203923
-161.3 0.204768
-161.1 0.205707
-160.9 0.206621
-160.7 0.207512
-160.5 0.208436
-160.3 0.209384
-160.1 0.210297
-159.9 0.21125
-159.7 0.212225
-159.5 0.213169
-159.3 0.214063
-159.1 0.215007
-158.9 0.215917
-158.7 0.216806
-158.5 0.217723
-158.3 0.21859
-158.1 0.219523
-157.9 0.220387
-157.7 0.221317
-157.5 0.222175
-157.3 0.223123
-157.1 0.22404
-156.9 0.224942
-156.7 0.225831
-156.5 0.226761
-156.3 0.227708
-156.1 0.228629
-155.9 0.229542
-155.7 0.23045
-155.5 0.23134
-155.3 0.232267
-155.1 0.233193
-154.9 0.234148
-154.7 0.235082
-154.5 0.235951
-154.3 0.236876
-154.1 0.237801
-153.9 0.238692
-153.7 0.239635
-153.5 0.240514
-153.3 0.241406
-153.1 0.242262
-152.9 0.243206
-152.7 0.244151
-152.5 0.245074
-152.3 0.245952
-152.1 0.246829
-151.9 0.247737
-151.7 0.24863
-151.5 0.249522
-151.3 0.250403
-151.1 0.251289
-150.9 0.25219
-150.7 0.253062
-150.5 0.253951
-150.3 0.254813
-150.1 0.255716
-149.9 0.256621
-149.7 0.257527
-149.5 0.258409
-149.3 0.259309
-149.1 0.260196
-148.9 0.261104
-148.7 0.262
-148.5 0.262828
-148.3 0.263711
-148.1 0.264622
-147.9 0.265528
-147.7 0.266408
-147.5 0.267324
-147.3 0.268203
-147.1 0.269079
-146.9 0.26996
-146.7 0.270851
-146.5 0.271772
-146.3 0.272652
-146.1 0.273539
-145.9 0.274442
-145.7 0.275334
-145.5 0.276213
-145.3 0.277095
-145.1 0.277966
-144.9 0.278867
-144.7 0.279703
-144.5 0.280595
-144.3 0.281464
-144.1 0.282337
-143.9 0.283245
-143.7 0.284091
-143.5 0.284999
-143.3 0.285898
-143.1 0.286742
-142.9 0.287608
-142.7 0.288485
-142.5 0.289361
-142.3 0.290246
-142.1 0.291119
-141.9 0.29198
-141.7 0.292857
-141.5 0.293671
-141.3 0.294514
-141.1 0.295347
-140.9 0.296188
-140.7 0.297077
-140.5 0.297922
-140.3 0.298743
-140.1 0.29958
-139.9 0.300461
-139.7 0.301328
-139.5 0.302152
-139.3 0.303025
-139.1 0.303889
-138.9 0.30476
-138.7 0.30566
-138.5 0.306516
-138.3 0.307408
-138.1 0.308246
-137.9 0.309087
-137.7 0.309959
-137.5 0.310879
-137.3 0.311784
-137.1 0.312711
-136.9 0.313597
-136.7 0.314498
-136.5 0.315372
-136.3 0.316304
-136.1 0.317193
-135.9 0.318072
-135.7 0.318983
-135.5 0.319851
-135.3 0.320766
-135.1 0.321635
-134.9 0.322515
-134.7 0.323416
-134.5 0.324272
-134.3 0.325164
-134.1 0.326066
-133.9 0.326983
-133.7 0.327845
-133.5 0.328788
-133.3 0.329692
-133.1 0.330643
-132.9 0.331547
-132.7 0.332446
-132.5 0.333369
-132.3 0.334258
-132.1 0.335177
-131.9 0.336089
-131.7 0.336989
-131.5 0.337919
-131.3 0.338854
-131.1 0.339794
-130.9 0.340714
-130.7 0.341597
-130.5 0.342524
-130.3 0.34343
-130.1 0.34434
-129.9 0.345287
-129.7 0.346203
-129.5 0.34714
-129.3 0.348057
-129.1 0.348981
-128.9 0.349912
-128.7 0.350798
-128.5 0.351745
-128.3 0.352682
-128.1 0.353592
-127.9 0.354511
-127.7 0.355432
-127.5 0.35632
-127.3 0.357285
-127.1 0.358161
-126.9 0.359087
-126.7 0.360032
-126.5 0.360955
-126.3 0.361838
-126.1 0.362745
-125.9 0.363642
-125.7 0.364552
-125.5 0.365477
-125.3 0.366424
-125.1 0.36733
-124.9 0.36824
-124.7 0.369187
-124.5 0.370113
-124.3 0.371052
-124.1 0.371951
-123.9 0.372861
-123.7 0.373783
-123.5 0.374719
-123.3 0.375563
-123.1 0.376505
-122.9 0.377412
-122.7 0.378322
-122.5 0.379237
-122.3 0.38011
-122.1 0.380989
-121.9 0.381851
-121.7 0.382765
-121.5 0.383675
-121.3 0.384555
-121.1 0.385444
-120.9 0.386351
-120.7 0.387222
-120.5 0.388124
-120.3 0.389047
-120.1 0.389912
-119.9 0.390809
-119.7 0.391701
-119.5 0.392608
-119.3 0.393502
-119.1 0.394391
-118.9 0.395285
-118.7 0.39615
-118.5 0.397065
-118.3 0.397924
-118.1 0.398804
-117.9 0.399677
-117.7 0.400565
-117.5 0.40146
-117.3 0.402332
-117.1 0.403237
-116.9 0.404111
-116.7 0.404988
-116.5 0.405908
-116.3 0.406805
-116.1 0.407725
-115.9 0.408595
-115.7 0.409499
-115.5 0.410387
-115.3 0.41129
-115.1 0.412166
-114.9 0.413047
-114.7 0.413943
-114.5 0.414837
-114.3 0.415733
-114.1 0.416612
-113.9 0.417456
-113.7 0.418397
-113.5 0.419234
-113.3 0.420119
-113.1 0.421019
-112.9 0.4219
-112.7 0.422744
-112.5 0.423603
-112.3 0.424514
-112.1 0.425394
-111.9 0.426289
-111.7 0.427194
-111.5 0.428117
-111.3 0.428994
-111.1 0.429846
-110.9 0.430749
-110.7 0.431636
-110.5 0.432524
-110.3 0.433417
-110.1 0.434285
-109.9 0.435171
-109.7 0.436085
-109.5 0.436966
-109.3 0.437861
-109.1 0.438755
-108.9 0.439648
-108.7 0.440537
-108.5 0.441416
-108.3 0.442306
-108.1 0.443214
-107.9 0.444136
-107.7 0.445059
-107.5 0.44598
-107.3 0.44686
-107.1 0.447721
-106.9 0.448613
-106.7 0.449517
-106.5 0.450393
-106.3 0.451233
-106.1 0.452099
-105.9 0.45296
-105.7 0.453829
-105.5 0.454707
-105.3 0.455577
-105.1 0.456473
-104.9 0.457312
-104.7 0.4582
-104.5 0.459085
-104.3 0.459965
-104.1 0.460844
-103.9 0.461712
-103.7 0.462591
-103.5 0.463474
-103.3 0.464354
-103.1 0.465234
-102.9 0.466148
-102.7 0.467023
-102.5 0.467951
-102.3 0.468819
-102.1 0.469675
-101.9 0.470576
-101.7 0.471474
-101.5 0.472366
-101.3 0.473281
-101.1 0.474144
-100.9 0.475028
-100.7 0.475925
-100.5 0.476813
-100.3 0.477698
-100.1 0.478651
-99.9 0.479547
-99.7 0.480433
-99.5 0.481357
-99.3 0.482273
-99.1 0.483156
-98.9 0.48406
-98.7 0.484912
-98.5 0.485815
-98.3 0.48671
-98.1 0.487585
-97.9 0.488445
-97.7 0.489316
-97.5 0.490199
-97.3 0.491092
-97.1 0.491957
-96.9 0.492875
-96.7 0.493791
-96.5 0.494694
-96.3 0.495577
-96.1 0.496443
-95.9 0.497305
-95.7 0.498237
-95.5 0.499083
-95.3 0.499982
-95.1 0.500875
-94.9 0.501743
-94.7 0.502608
-94.5 0.50345
-94.3 0.504305
-94.1 0.505215
-93.9 0.506078
-93.7 0.506933
-93.5 0.507842
-93.3 0.508693
-93.1 0.509588
-92.9 0.510497
-92.7 0.511374
-92.5 0.512274
-92.3 0.513145
-92.1 0.514046
-91.9 0.514944
-91.7 0.515832
-91.5 0.516722
-91.3 0.517554
-91.1 0.518456
-90.9 0.519358
-90.7 0.520268
-90.5 0.521147
-90.3 0.522045
-90.1 0.522954
-89.9 0.523843
-89.7 0.524735
-89.5 0.52564
-89.3 0.526522
-89.1 0.527385
-88.9 0.528236
-88.7 0.529072
-88.5 0.529939
-88.3 0.530811
-88.1 0.531743
-87.9 0.532638
-87.7 0.533512
-87.5 0.534415
-87.3 0.535274
-87.1 0.53618
-86.9 0.53704
-86.7 0.537899
-86.5 0.538807
-86.3 0.539714
-86.1 0.540575
-85.9 0.541457
-85.7 0.542325
-85.5 0.543198
-85.3 0.544053
-85.1 0.54493
-84.9 0.54582
-84.7 0.546715
-84.5 0.547626
-84.3 0.5485
-84.1 0.549373
-83.9 0.550284
-83.7 0.551164
-83.5 0.552029
-83.3 0.552904
-83.1 0.553778
-82.9 0.554646
-82.7 0.555528
-82.5 0.556405
-82.3 0.557313
-82.1 0.558192
-81.9 0.559051
-81.7 0.55992
-81.5 0.560825
-81.3 0.561732
-81.1 0.562651
-80.9 0.563532
-80.7 0.564405
-80.5 0.565282
-80.3 0.566184
-80.1 0.567078
-79.9 0.567948
-79.7 0.568826
-79.5 0.569691
-79.3 0.570568
-79.1 0.571463
-78.9 0.572315
-78.7 0.573215
-78.5 0.574096
-78.3 0.574995
-78.1 0.57588
-77.9 0.576766
-77.7 0.577651
-77.5 0.57854
-77.3 0.57943
-77.1 0.580314
-76.9 0.581207
-76.7 0.582065
-76.5 0.582926
-76.3 0.583836
-76.1 0.584752
-75.9 0.585668
-75.7 0.586526
-75.5 0.58743
-75.3 0.588302
-75.1 0.589119
-74.9 0.59003
-74.7 0.590893
-74.5 0.591799
-74.3 0.592659
-74.1 0.593548
-73.9 0.594414
-73.7 0.595302
-73.5 0.596199
-73.3 0.59704
-73.1 0.597955
-72.9 0.598812
-72.7 0.599729
-72.5 0.600563
-72.3 0.601438
-72.1 0.602358
-71.9 0.603277
-71.7 0.604174
-71.5 0.605057
-71.3 0.605938
-71.1 0.606808
-70.9 0.607636
-70.7 0.608506
-70.5 0.609378
-70.3 0.610291
-70.1 0.611157
-69.9 0.612047
-69.7 0.612915
-69.5 0.613834
-69.3 0.614691
-69.1 0.615591
-68.9 0.616489
-68.7 0.61738
-68.5 0.618278
-68.3 0.619198
-68.1 0.620035
-67.9 0.620887
-67.7 0.621754
-67.5 0.62263
-67.3 0.623494
-67.1 0.624328
-66.9 0.625241
-66.7 0.626147
-66.5 0.627026
-66.3 0.627914
-66.1 0.628849
-65.9 0.629721
-65.7 0.630614
-65.5 0.631473
-65.3 0.632389
-65.1 0.633245
-64.9 0.63414
-64.7 0.635014
-64.5 0.635872
-64.3 0.636787
-64.1 0.637653
-63.9 0.638561
-63.7 0.639449
-63.5 0.640358
-63.3 0.641267
-63.1 0.642123
-62.9 0.643005
-62.7 0.643892
-62.5 0.644785
-62.3 0.645686
-62.1 0.646606
-61.9 0.647515
-61.7 0.648447
-61.5 0.649333
-61.3 0.650244
-61.1 0.65112
-60.9 0.651988
-60.7 0.652875
-60.5 0.653778
-60.3 0.654663
-60.1 0.655534
-59.9 0.656388
-59.7 0.657281
-59.5 0.65817
-59.3 0.659079
-59.1 0.659984
-58.9 0.660828
-58.7 0.66172
-58.5 0.662606
-58.3 0.663484
-58.1 0.664332
-57.9 0.665261
-57.7 0.666148
-57.5 0.667018
-57.3 0.667905
-57.1 0.668768
-56.9 0.669664
-56.7 0.67053
-56.5 0.671413
-56.3 0.672303
-56.1 0.6732
-55.9 0.674098
-55.7 0.674985
-55.5 0.675893
-55.3 0.676776
-55.1 0.677677
-54.9 0.678572
-54.7 0.679448
-54.5 0.680279
-54.3 0.681147
-54.1 0.682073
-53.9 0.682955
-53.7 0.683848
-53.5 0.68475
-53.3 0.685657
-53.1 0.686531
-52.9 0.687426
-52.7 0.688311
-52.5 0.689191
-52.3 0.690063
-52.1 0.690947
-51.9 0.691809
-51.7 0.692662
-51.5 0.693554
-51.3 0.694419
-51.1 0.695304
-50.9 0.696202
-50.7 0.697109
-50.5 0.697962
-50.3 0.698808
-50.1 0.699676
-49.9 0.700557
-49.7 0.701438
-49.5 0.702339
-49.3 0.703199
-49.1 0.704046
-48.9 0.704912
-48.7 0.705807
-48.5 0.706698
-48.3 0.707564
-48.1 0.70844
-47.9 0.709371
-47.7 0.7102
-47.5 0.711067
-47.3 0.711936
-47.1 0.712828
-46.9 0.713707
-46.7 0.714576
-46.5 0.71547
-46.3 0.716365
-46.1 0.717218
-45.9 0.718097
-45.7 0.718992
-45.5 0.719883
-45.3 0.720761
-45.1 0.721627
-44.9 0.722504
-44.7 0.723367
-44.5 0.724275
-44.3 0.725179
-44.1 0.726044
-43.9 0.726955
-43.7 0.727836
-43.5 0.728729
-43.3 0.729605
-43.1 0.730523
-42.9 0.731432
-42.7 0.732299
-42.5 0.733199
-42.3 0.734078
-42.1 0.73493
-41.9 0.735827
-41.7 0.736716
-41.5 0.737606
-41.3 0.738479
-41.1 0.739348
-40.9 0.740214
-40.7 0.741093
-40.5 0.741997
-40.3 0.742878
-40.1 0.743737
-39.9 0.74462
-39.7 0.745499
-39.5 0.746378
-39.3 0.747219
-39.1 0.748105
-38.9 0.74902
-38.7 0.749875
-38.5 0.750748
-38.3 0.751659
-38.1 0.752574
-37.9 0.753454
-37.7 0.754333
-37.5 0.755195
-37.3 0.756115
-37.1 0.756979
-36.9 0.757829
-36.7 0.758718
-36.5 0.759573
-36.3 0.760448
-36.1 0.761296
-35.9 0.76215
-35.7 0.763065
-35.5 0.763928
-35.3 0.764826
-35.1 0.76572
-34.9 0.766605
-34.7 0.767515
-34.5 0.768353
-34.3 0.769257
-34.1 0.77011
-33.9 0.77101
-33.7 0.771891
-33.5 0.772766
-33.3 0.773633
-33.1 0.774538
-32.9 0.775448
-32.7 0.776322
-32.5 0.777219
-32.3 0.778082
-32.1 0.779005
-31.9 0.779897
-31.7 0.780808
-31.5 0.781725
-31.3 0.782603
-31.1 0.783474
-30.9 0.784323
-30.7 0.785217
-30.5 0.786078
-30.3 0.787005
-30.1 0.787871
-29.9 0.788744
-29.7 0.789614
-29.5 0.790458
-29.3 0.791339
-29.1 0.792256
-28.9 0.793144
-28.7 0.793986
-28.5 0.794868
-28.3 0.795759
-28.1 0.796616
-27.9 0.797438
-27.7 0.798331
-27.5 0.799215
-27.3 0.800054
-27.1 0.80091
-26.9 0.801812
-26.7 0.802649
-26.5 0.803517
-26.3 0.804401
-26.1 0.805259
-25.9 0.806149
-25.7 0.806977
-25.5 0.807834
-25.3 0.808718
-25.1 0.809606
-24.9 0.810477
-24.7 0.811376
-24.5 0.812248
-24.3 0.81311
-24.1 0.813975
-23.9 0.814854
-23.7 0.815717
-23.5 0.816628
-23.3 0.817561
-23.1 0.818432
-22.9 0.819329
-22.7 0.820215
-22.5 0.821073
-22.3 0.821948
-22.1 0.822782
-21.9 0.823679
-21.7 0.824537
-21.5 0.825395
-21.3 0.826263
-21.1 0.82714
-20.9 0.828049
-20.7 0.828941
-20.5 0.829793
-20.3 0.830683
-20.1 0.831565
-19.9 0.832433
-19.7 0.8333
-19.5 0.834142
-19.3 0.835007
-19.1 0.835884
-18.9 0.836741
-18.7 0.837623
-18.5 0.838516
-18.3 0.839344
-18.1 0.840192
-17.9 0.841051
-17.7 0.841921
-17.5 0.842807
-17.3 0.843702
-17.1 0.844569
-16.9 0.84542
-16.7 0.846292
-16.5 0.84716
-16.3 0.848054
-16.1 0.848906
-15.9 0.849785
-15.7 0.85072
-15.5 0.851586
-15.3 0.852453
-15.1 0.85334
-14.9 0.854231
-14.7 0.855152
-14.5 0.85607
-14.3 0.856956
-14.1 0.857838
-13.9 0.858709
-13.7 0.859624
-13.5 0.86046
-13.3 0.86133
-13.1 0.862198
-12.9 0.863008
-12.7 0.863892
-12.5 0.864784
-12.3 0.865645
-12.1 0.866518
-11.9 0.867402
-11.7 0.868305
-11.5 0.869169
-11.3 0.870106
-11.1 0.870992
-10.9 0.871846
-10.7 0.872723
-10.5 0.873628
-10.3 0.874495
-10.1 0.875372
-9.9 0.876243
-9.7 0.877118
-9.5 0.87804
-9.3 0.878881
-9.1 0.879764
-8.9 0.880649
-8.7 0.881492
-8.5 0.882363
-8.3 0.883243
-8.1 0.884124
-7.9 0.885003
-7.7 0.885862
-7.5 0.886761
-7.3 0.88762
-7.1 0.888513
-6.9 0.889394
-6.7 0.890278
-6.5 0.89116
-6.3 0.89202
-6.1 0.89289
-5.9 0.893777
-5.7 0.894683
-5.5 0.895537
-5.3 0.896365
-5.1 0.897234
-4.9 0.898101
-4.7 0.89896
-4.5 0.899783
-4.3 0.900663
-4.1 0.901556
-3.9 0.902466
-3.7 0.903345
-3.5 0.904263
-3.3 0.905151
-3.1 0.90602
-2.9 0.906902
-2.7 0.907757
-2.5 0.90862
-2.3 0.909486
-2.1 0.910355
-1.9 0.911237
-1.7 0.912122
-1.5 0.913018
-1.3 0.913869
-1.1 0.914731
-0.899999 0.91555
-0.699999 0.91643
-0.499999 0.917329
-0.299999 0.918185
-0.0999993 0.919033
0.100001 0.919872
0.300001 0.920755
0.500001 0.921564
0.700001 0.922413
0.900001 0.923264
1.1 0.924169
1.3 0.925047
1.5 0.925896
1.7 0.926771
1.9 0.92762
2.1 0.928491
2.3 0.929353
2.5 0.930267
2.7 0.931128
2.9 0.931969
3.1 0.932866
3.3 0.933692
3.5 0.934581
3.7 0.935423
3.9 0.936307
4.1 0.937188
4.3 0.938046
4.5 0.93889
4.7 0.939766
4.9 0.940627
5.1 0.94149
5.3 0.942344
5.5 0.9432
5.7 0.944002
5.9 0.944873
6.1 0.945711
6.3 0.946556
6.5 0.947411
6.7 0.948265
6.9 0.949103
7.1 0.949935
7.3 0.950797
7.5 0.951674
7.7 0.952499
7.9 0.953324
8.1 0.954176
8.3 0.955008
8.5 0.955844
8.7 0.956674
8.9 0.957504
9.1 0.958339
9.3 0.959127
9.5 0.959908
9.7 0.960761
9.9 0.961563
10.1 0.962343
10.3 0.963133
10.5 0.963924
10.7 0.964673
10.9 0.965426
11.1 0.966177
11.3 0.966918
11.5 0.967691
11.7 0.968442
11.9 0.969165
12.1 0.969851
12.3 0.970558
12.5 0.97129
12.7 0.971965
12.9 0.972687
13.1 0.973437
13.3 0.974103
13.5 0.974781
13.7 0.975419
13.9 0.976079
14.1 0.97672
14.3 0.977357
14.5 0.97798
14.7 0.978574
14.9 0.979178
15.1 0.979767
15.3 0.980308
15.5 0.980873
15.7 0.981422
15.9 0.981946
16.1 0.982483
16.3 0.983011
16.5 0.983546
16.7 0.984068
16.9 0.984576
17.1 0.985068
17.3 0.985551
17.5 0.986003
17.7 0.986503
17.9 0.98694
18.1 0.987375
18.3 0.987813
18.5 0.988248
18.7 0.98867
18.9 0.989058
19.1 0.98944
19.3 0.989833
19.5 0.990212
19.7 0.990583
19.9 0.990943
20.1 0.991308
20.3 0.991664
20.5 0.991996
20.7 0.99233
20.9 0.99264
21.1 0.992936
21.3 0.993227
21.5 0.99352
21.7 0.99381
21.9 0.994099
22.1 0.994372
22.3 0.99464
22.5 0.994895
22.7 0.995133
22.9 0.995384
23.1 0.995603
23.3 0.995826
23.5 0.996065
23.7 0.996275
23.9 0.99648
24.1 0.996656
24.3 0.996845
24.5 0.997034
24.7 0.997202
24.9 0.997369
25.1 0.997539
25.3 0.997711
25.5 0.997855
25.7 0.997982
25.9 0.998131
26.1 0.998269
26.3 0.998388
26.5 0.998497
26.7 0.998633
26.9 0.998745
27.1 0.998845
27.3 0.998952
27.5 0.999048
27.7 0.999143
27.9 0.999233
28.1 0.999313
28.3 0.999399
28.5 0.999474
28.7 0.999535
28.9 0.999606
29.1 0.999685
29.3 0.99976
29.5 0.99982
29.7 0.999893
29.9 0.999943
30.1 1
