1299
-209.5 4.33694e-07
-209.3 4.33694e-07
-209.1 8.67388e-07
-208.9 8.67388e-07
-208.7 8.67388e-07
-208.5 1.30108e-06
-208.3 2.16847e-06
-208.1 2.16847e-06
-207.9 3.03586e-06
-207.7 3.46955e-06
-207.5 3.46955e-06
-207.3 3.46955e-06
-207.1 3.90325e-06
-206.9 4.33694e-06
-206.7 4.77063e-06
-206.5 4.77063e-06
-206.3 4.77063e-06
-206.1 4.77063e-06
-205.9 4.77063e-06
-205.7 5.20433e-06
-205.5 5.20433e-06
-205.3 5.20433e-06
-205.1 5.20433e-06
-204.9 5.63802e-06
-204.7 5.63802e-06
-204.5 6.07172e-06
-204.3 6.07172e-06
-204.1 6.50541e-06
-203.9 6.50541e-06
-203.7 6.50541e-06
-203.5 6.50541e-06
-203.3 7.3728e-06
-203.1 7.3728e-06
-202.9 7.3728e-06
-202.7 7.3728e-06
-202.5 7.3728e-06
-202.3 7.3728e-06
-202.1 7.80649e-06
-201.9 7.80649e-06
-201.7 8.67388e-06
-201.5 8.67388e-06
-201.3 8.67388e-06
-201.1 8.67388e-06
-200.9 9.10757e-06
-200.7 9.54127e-06
-200.5 9.54127e-06
-200.3 9.54127e-06
-200.1 9.54127e-06
-199.9 9.97496e-06
-199.7 9.97496e-06
-199.5 9.97496e-06
-199.3 1.04087e-05
-199.1 1.08424e-05
-198.9 1.17097e-05
-198.7 1.34445e-05
-198.5 1.60467e-05
-198.3 1.90825e-05
-198.1 2.38532e-05
-197.9 3.77314e-05
-197.7 5.76813e-05
-197.5 8.84736e-05
-197.3 0.000138782
-197.1 0.000212944
-196.9 0.000327873
-196.7 0.000494845
-196.5 0.000708222
-196.3 0.0010053
-196.1 0.00138565
-195.9 0.00189524
-195.7 0.00253147
-195.5 0.0033286
-195.3 0.00435299
-195.1 0.00559248
-194.9 0.00702021
-194.7 0.00866651
-194.5 0.0104754
-194.3 0.0124882
-194.1 0.0146844
-193.9 0.0169423
-193.7 0.0192361
-193.5 0.0215698
-193.3 0.0239707
-193.1 0.0263421
-192.9 0.0286702
-192.7 0.0309827
-192.5 0.0332804
-192.3 0.0355594
-192.1 0.0377565
-191.9 0.0399194
-191.7 0.0420835
-191.5 0.0441791
-191.3 0.0462318
-191.1 0.048271
-190.9 0.0503215
-190.7 0.0522671
-190.5 0.0542265
-190.3 0.0561742
-190.1 0.0581111
-189.9 0.0600519
-189.7 0.0619042
-189.5 0.0636945
-189.3 0.0655724
-189.1 0.0674004
-188.9 0.0692046
-188.7 0.0709597
-188.5 0.0727071
-188.3 0.0744601
-188.1 0.0762538
-187.9 0.0780181
-187.7 0.0797186
-187.5 0.0814503
-187.3 0.0831313
-187.1 0.0848089
-186.9 0.0864829
-186.7 0.08815
-186.5 0.0898488
-186.3 0.0915337
-186.1 0.0931436
-185.9 0.0947817
-185.7 0.0963946
-185.5 0.0980404
-185.3 0.0997019
-185.1 0.101373
-184.9 0.103005
-184.7 0.10458
-184.5 0.106208
-184.3 0.107812
-184.1 0.109434
-183.9 0.111027
-183.7 0.112602
-183.5 0.114123
-183.3 0.115718
-183.1 0.117302
-182.9 0.11882
-182.7 0.120369
-182.5 0.121919
-182.3 0.123407
-182.1 0.12494
-181.9 0.126406
-181.7 0.127867
-181.5 0.129343
-181.3 0.1308
-181.1 0.13228
-180.9 0.133725
-180.7 0.135109
-180.5 0.136518
-180.3 0.137881
-180.1 0.139266
-179.9 0.140646
-179.7 0.141957
-179.5 0.143238
-179.3 0.144533
-179.1 0.145814
-178.9 0.147084
-178.7 0.14835
-178.5 0.149612
-178.3 0.150824
-178.1 0.152044
-177.9 0.153218
-177.7 0.154393
-177.5 0.15556
-177.3 0.15672
-177.1 0.157866
-176.9 0.158997
-176.7 0.160094
-176.5 0.161235
-176.3 0.162343
-176.1 0.163423
-175.9 0.16452
-175.7 0.16564
-175.5 0.166745
-175.3 0.167826
-175.1 0.168887
-174.9 0.169941
-174.7 0.170998
-174.5 0.172052
-174.3 0.173062
-174.1 0.174078
-173.9 0.175104
-173.7 0.176111
-173.5 0.177148
-173.3 0.178166
-173.1 0.179212
-172.9 0.180187
-172.7 0.181197
-172.5 0.182175
-172.3 0.183147
-172.1 0.184138
-171.9 0.185072
-171.7 0.186092
-171.5 0.187052
-171.3 0.187977
-171.1 0.18892
-170.9 0.18989
-170.7 0.190859
-170.5 0.191802
-170.3 0.192754
-170.1 0.193716
-169.9 0.194656
-169.7 0.195613
-169.5 0.196582
-169.3 0.19752
-169.1 0.19849
-168.9 0.199389
-168.7 0.200306
-168.5 0.201261
-168.3 0.202162
-168.1 0.203072
-167.9 0.20402
-167.7 0.204949
-167.5 0.205841
-167.3 0.206753
-167.1 0.207707
-166.9 0.208613
-166.7 0.209533
-166.5 0.210434
-166.3 0.211332
-166.1 0.212262
-165.9 0.213171
-165.7 0.214051
-165.5 0.214989
-165.3 0.215881
-165.1 0.216759
-164.9 0.217665
-164.7 0.218549
-164.5 0.219431
-164.3 0.220368
-164.1 0.221279
-163.9 0.222178
-163.7 0.223097
-163.5 0.224003
-163.3 0.224906
-163.1 0.225782
-162.9 0.226665
-162.7 0.227508
-162.5 0.228418
-162.3 0.229324
-162.1 0.230223
-161.9 0.231143
-161.7 0.232029
-161.5 0.232882
-161.3 0.233791
-161.1 0.234654
-160.9 0.235527
-160.7 0.236418
-160.5 0.237264
-160.3 0.238167
-160.1 0.239019
-159.9 0.239893
-159.7 0.24079
-159.5 0.241672
-159.3 0.242549
-159.1 0.243414
-158.9 0.244304
-158.7 0.245189
-158.5 0.246042
-158.3 0.246916
-158.1 0.24781
-157.9 0.24867
-157.7 0.249541
-157.5 0.250423
-157.3 0.251294
-157.1 0.252144
-156.9 0.252998
-156.7 0.253884
-156.5 0.25476
-156.3 0.255644
-156.1 0.256528
-155.9 0.257369
-155.7 0.25826
-155.5 0.259098
-155.3 0.259937
-155.1 0.26076
-154.9 0.261619
-154.7 0.262459
-154.5 0.263311
-154.3 0.264135
-154.1 0.264941
-153.9 0.26577
-153.7 0.266574
-153.5 0.267385
-153.3 0.268185
-153.1 0.268987
-152.9 0.269789
-152.7 0.270597
-152.5 0.271406
-152.3 0.2722
-152.1 0.272996
-151.9 0.273788
-151.7 0.274583
-151.5 0.275367
-151.3 0.276166
-151.1 0.276962
-150.9 0.277752
-150.7 0.278536
-150.5 0.279332
-150.3 0.280148
-150.1 0.280927
-149.9 0.28174
-149.7 0.282528
-149.5 0.283285
-149.3 0.284051
-149.1 0.284816
-148.9 0.285596
-148.7 0.286351
-148.5 0.28715
-148.3 0.28794
-148.1 0.288734
-147.9 0.289543
-147.7 0.290337
-147.5 0.291123
-147.3 0.291913
-147.1 0.292689
-146.9 0.293478
-146.7 0.294253
-146.5 0.295063
-146.3 0.295819
-146.1 0.29662
-145.9 0.297439
-145.7 0.298231
-145.5 0.29904
-145.3 0.299903
-145.1 0.300691
-144.9 0.301496
-144.7 0.302321
-144.5 0.303154
-144.3 0.303978
-144.1 0.30485
-143.9 0.30569
-143.7 0.306515
-143.5 0.307344
-143.3 0.308198
-143.1 0.309046
-142.9 0.309866
-142.7 0.310727
-142.5 0.311568
-142.3 0.312421
-142.1 0.313294
-141.9 0.314162
-141.7 0.315018
-141.5 0.315872
-141.3 0.316747
-141.1 0.317594
-140.9 0.31848
-140.7 0.319352
-140.5 0.320192
-140.3 0.321058
-140.1 0.321941
-139.9 0.322804
-139.7 0.323687
-139.5 0.324572
-139.3 0.325467
-139.1 0.326352
-138.9 0.327236
-138.7 0.3281
-138.5 0.328965
-138.3 0.329864
-138.1 0.330749
-137.9 0.331618
-137.7 0.33251
-137.5 0.333411
-137.3 0.334294
-137.1 0.335219
-136.9 0.336129
-136.7 0.337024
-136.5 0.337932
-136.3 0.338858
-136.1 0.33975
-135.9 0.340638
-135.7 0.34152
-135.5 0.342357
-135.3 0.343231
-135.1 0.344163
-134.9 0.345037
-134.7 0.345967
-134.5 0.34688
-134.3 0.347779
-134.1 0.348689
-133.9 0.349584
-133.7 0.350508
-133.5 0.351419
-133.3 0.352325
-133.1 0.353228
-132.9 0.354132
-132.7 0.355008
-132.5 0.355936
-132.3 0.356824
-132.1 0.357732
-131.9 0.358627
-131.7 0.359521
-131.5 0.360433
-131.3 0.361349
-131.1 0.362194
-130.9 0.363103
-130.7 0.363982
-130.5 0.364856
-130.3 0.365777
-130.1 0.366697
-129.9 0.367619
-129.7 0.368522
-129.5 0.369423
-129.3 0.370337
-129.1 0.371222
-128.9 0.372138
-128.7 0.373038
-128.5 0.373926
-128.3 0.374818
-128.1 0.375726
-127.9 0.3766
-127.7 0.377488
-127.5 0.378361
-127.3 0.379273
-127.1 0.38015
-126.9 0.381039
-126.7 0.381927
-126.5 0.382802
-126.3 0.383713
-126.1 0.384576
-125.9 0.385477
-125.7 0.386356
-125.5 0.387231
-125.3 0.388085
-125.1 0.388981
-124.9 0.389858
-124.7 0.39077
-124.5 0.391699
-124.3 0.392581
-124.1 0.393461
-123.9 0.394305
-123.7 0.3952
-123.5 0.396039
-123.3 0.396898
-123.1 0.397748
-122.9 0.398652
-122.7 0.399513
-122.5 0.400386
-122.3 0.401238
-122.1 0.402133
-121.9 0.403012
-121.7 0.403858
-121.5 0.404746
-121.3 0.405636
-121.1 0.406515
-120.9 0.407371
-120.7 0.408201
-120.5 0.409037
-120.3 0.409894
-120.1 0.410795
-119.9 0.411667
-119.7 0.41253
-119.5 0.413397
-119.3 0.41425
-119.1 0.415148
-118.9 0.415998
-118.7 0.416862
-118.5 0.417748
-118.3 0.418612
-118.1 0.419471
-117.9 0.420362
-117.7 0.421228
-117.5 0.42208
-117.3 0.422944
-117.1 0.423805
-116.9 0.424674
-116.7 0.425531
-116.5 0.426369
-116.3 0.427229
-116.1 0.428075
-115.9 0.428928
-115.7 0.42984
-115.5 0.430724
-115.3 0.431583
-115.1 0.43246
-114.9 0.433338
-114.7 0.434232
-114.5 0.435088
-114.3 0.435932
-114.1 0.436796
-113.9 0.437646
-113.7 0.438493
-113.5 0.43931
-113.3 0.440175
-113.1 0.441043
-112.9 0.441916
-112.7 0.442773
-112.5 0.443623
-112.3 0.444466
-112.1 0.445338
-111.9 0.446219
-111.7 0.447088
-111.5 0.447947
-111.3 0.448805
-111.1 0.449651
-110.9 0.450515
-110.7 0.451367
-110.5 0.45219
-110.3 0.45306
-110.1 0.453896
-109.9 0.45471
-109.7 0.455532
-109.5 0.456389
-109.3 0.457236
-109.1 0.458074
-108.9 0.458936
-108.7 0.459739
-108.5 0.460599
-108.3 0.461452
-108.1 0.462297
-107.9 0.463122
-107.7 0.463972
-107.5 0.464807
-107.3 0.465639
-107.1 0.466491
-106.9 0.467317
-106.7 0.468173
-106.5 0.468981
-106.3 0.469833
-106.1 0.470669
-105.9 0.471534
-105.7 0.472383
-105.5 0.473244
-105.3 0.474088
-105.1 0.474909
-104.9 0.475703
-104.7 0.476575
-104.5 0.477407
-104.3 0.478277
-104.1 0.479101
-103.9 0.479947
-103.7 0.48078
-103.5 0.481619
-103.3 0.482455
-103.1 0.483301
-102.9 0.484142
-102.7 0.484966
-102.5 0.485832
-102.3 0.486689
-102.1 0.487504
-101.9 0.48832
-101.7 0.489171
-101.5 0.49001
-101.3 0.490841
-101.1 0.491699
-100.9 0.492513
-100.7 0.493346
-100.5 0.494206
-100.3 0.49505
-100.1 0.495855
-99.9 0.496681
-99.7 0.497521
-99.5 0.49838
-99.3 0.499188
-99.1 0.500047
-98.9 0.500888
-98.7 0.501705
-98.5 0.502574
-98.3 0.503393
-98.1 0.504229
-97.9 0.505054
-97.7 0.50588
-97.5 0.506705
-97.3 0.507531
-97.1 0.508352
-96.9 0.509197
-96.7 0.510003
-96.5 0.51085
-96.3 0.51171
-96.1 0.512529
-95.9 0.513345
-95.7 0.514143
-95.5 0.514983
-95.3 0.515843
-95.1 0.516698
-94.9 0.517519
-94.7 0.518322
-94.5 0.51917
-94.3 0.519982
-94.1 0.520799
-93.9 0.521629
-93.7 0.522457
-93.5 0.523307
-93.3 0.52417
-93.1 0.524999
-92.9 0.525838
-92.7 0.526667
-92.5 0.527516
-92.3 0.528372
-92.1 0.529174
-91.9 0.530004
-91.7 0.530855
-91.5 0.531685
-91.3 0.532506
-91.1 0.533314
-90.9 0.534157
-90.7 0.534982
-90.5 0.535802
-90.3 0.536617
-90.1 0.53748
-89.9 0.538295
-89.7 0.539128
-89.5 0.539934
-89.3 0.54075
-89.1 0.541566
-88.9 0.54238
-88.7 0.543206
-88.5 0.544025
-88.3 0.54485
-88.1 0.545656
-87.9 0.546456
-87.7 0.547269
-87.5 0.548099
-87.3 0.548906
-87.1 0.549721
-86.9 0.550525
-86.7 0.551324
-86.5 0.552168
-86.3 0.552955
-86.1 0.553782
-85.9 0.5546
-85.7 0.555419
-85.5 0.556255
-85.3 0.55709
-85.1 0.5579
-84.9 0.558702
-84.7 0.559527
-84.5 0.560365
-84.3 0.561201
-84.1 0.562015
-83.9 0.562828
-83.7 0.563643
-83.5 0.564471
-83.3 0.565315
-83.1 0.56612
-82.9 0.566953
-82.7 0.567732
-82.5 0.568561
-82.3 0.569405
-82.1 0.570217
-81.9 0.571052
-81.7 0.571888
-81.5 0.572694
-81.3 0.573514
-81.1 0.574385
-80.9 0.575195
-80.7 0.576043
-80.5 0.576884
-80.3 0.577744
-80.1 0.578563
-79.9 0.57939
-79.7 0.580193
-79.5 0.581014
-79.3 0.581818
-79.1 0.582693
-78.9 0.583526
-78.7 0.584331
-78.5 0.585179
-78.3 0.586027
-78.1 0.586862
-77.9 0.587701
-77.7 0.588525
-77.5 0.589378
-77.3 0.590228
-77.1 0.59108
-76.9 0.591889
-76.7 0.592724
-76.5 0.593559
-76.3 0.594382
-76.1 0.595227
-75.9 0.59605
-75.7 0.5969
-75.5 0.597734
-75.3 0.598576
-75.1 0.599418
-74.9 0.60026
-74.7 0.601129
-74.5 0.601967
-74.3 0.602829
-74.1 0.603678
-73.9 0.604534
-73.7 0.605402
-73.5 0.606242
-73.3 0.607073
-73.1 0.607933
-72.9 0.608778
-72.7 0.609642
-72.5 0.610482
-72.3 0.611319
-72.1 0.61216
-71.9 0.613001
-71.7 0.613831
-71.5 0.614684
-71.3 0.615547
-71.1 0.616399
-70.9 0.617304
-70.7 0.61815
-70.5 0.61897
-70.3 0.619814
-70.1 0.620658
-69.9 0.62151
-69.7 0.622381
-69.5 0.623225
-69.3 0.624077
-69.1 0.624895
-68.9 0.625706
-68.7 0.626566
-68.5 0.627391
-68.3 0.628243
-68.1 0.629095
-67.9 0.629931
-67.7 0.630782
-67.5 0.631669
-67.3 0.632491
-67.1 0.633292
-66.9 0.634104
-66.7 0.634961
-66.5 0.635822
-66.3 0.636661
-66.1 0.637498
-65.9 0.638352
-65.7 0.639206
-65.5 0.640047
-65.3 0.640902
-65.1 0.641766
-64.9 0.642618
-64.7 0.643509
-64.5 0.644326
-64.3 0.645123
-64.1 0.645984
-63.9 0.646817
-63.7 0.647672
-63.5 0.648475
-63.3 0.649313
-63.1 0.650158
-62.9 0.651014
-62.7 0.651882
-62.5 0.652716
-62.3 0.653535
-62.1 0.654393
-61.9 0.655263
-61.7 0.656113
-61.5 0.656937
-61.3 0.657765
-61.1 0.658593
-60.9 0.659455
-60.7 0.660269
-60.5 0.661142
-60.3 0.661975
-60.1 0.662815
-59.9 0.663662
-59.7 0.664512
-59.5 0.665373
-59.3 0.666219
-59.1 0.667041
-58.9 0.667839
-58.7 0.668666
-58.5 0.669469
-58.3 0.670299
-58.1 0.671161
-57.9 0.671991
-57.7 0.672846
-57.5 0.673691
-57.3 0.674517
-57.1 0.675323
-56.9 0.676169
-56.7 0.677023
-56.5 0.677862
-56.3 0.6787
-56.1 0.679543
-55.9 0.680386
-55.7 0.681211
-55.5 0.682034
-55.3 0.682868
-55.1 0.683709
-54.9 0.684528
-54.7 0.685373
-54.5 0.6862
-54.3 0.68706
-54.1 0.687873
-53.9 0.688707
-53.7 0.689564
-53.5 0.690385
-53.3 0.691223
-53.1 0.692034
-52.9 0.692862
-52.7 0.69368
-52.5 0.694499
-52.3 0.695327
-52.1 0.696156
-51.9 0.696991
-51.7 0.697835
-51.5 0.698654
-51.3 0.699486
-51.1 0.700309
-50.9 0.701175
-50.7 0.702001
-50.5 0.702827
-50.3 0.703686
-50.1 0.704532
-49.9 0.70533
-49.7 0.70614
-49.5 0.706982
-49.3 0.707823
-49.1 0.708637
-48.9 0.709463
-48.7 0.710315
-48.5 0.711189
-48.3 0.712038
-48.1 0.712892
-47.9 0.713779
-47.7 0.714595
-47.5 0.71546
-47.3 0.716322
-47.1 0.717169
-46.9 0.717987
-46.7 0.718834
-46.5 0.719655
-46.3 0.720508
-46.1 0.721337
-45.9 0.722174
-45.7 0.72303
-45.5 0.72385
-45.3 0.724678
-45.1 0.725528
-44.9 0.726348
-44.7 0.727213
-44.5 0.728058
-44.3 0.728911
-44.1 0.729712
-43.9 0.730568
-43.7 0.731386
-43.5 0.73219
-43.3 0.73299
-43.1 0.733808
-42.9 0.734643
-42.7 0.735473
-42.5 0.736324
-42.3 0.737152
-42.1 0.737985
-41.9 0.738797
-41.7 0.739621
-41.5 0.740488
-41.3 0.741324
-41.1 0.742161
-40.9 0.742981
-40.7 0.74381
-40.5 0.744611
-40.3 0.745493
-40.1 0.746306
-39.9 0.747143
-39.7 0.748029
-39.5 0.748846
-39.3 0.749688
-39.1 0.750534
-38.9 0.751351
-38.7 0.752177
-38.5 0.753003
-38.3 0.753843
-38.1 0.754696
-37.9 0.755506
-37.7 0.756343
-37.5 0.757189
-37.3 0.758017
-37.1 0.758879
-36.9 0.759684
-36.7 0.76053
-36.5 0.761373
-36.3 0.762195
-36.1 0.763017
-35.9 0.763847
-35.7 0.764691
-35.5 0.765521
-35.3 0.766381
-35.1 0.767196
-34.9 0.768037
-34.7 0.768885
-34.5 0.7697
-34.3 0.770542
-34.1 0.771386
-33.9 0.772207
-33.7 0.773051
-33.5 0.77388
-33.3 0.774696
-33.1 0.775494
-32.9 0.776325
-32.7 0.777185
-32.5 0.777987
-32.3 0.778781
-32.1 0.779583
-31.9 0.78039
-31.7 0.781186
-31.5 0.782017
-31.3 0.782812
-31.1 0.783617
-30.9 0.784443
-30.7 0.785255
-30.5 0.786075
-30.3 0.786878
-30.1 0.787677
-29.9 0.78851
-29.7 0.789324
-29.5 0.790122
-29.3 0.790963
-29.1 0.791768
-28.9 0.792603
-28.7 0.793421
-28.5 0.794233
-28.3 0.795081
-28.1 0.795928
-27.9 0.79675
-27.7 0.797581
-27.5 0.798372
-27.3 0.799229
-27.1 0.800068
-26.9 0.80091
-26.7 0.801754
-26.5 0.80257
-26.3 0.803376
-26.1 0.804225
-25.9 0.805068
-25.7 0.805881
-25.5 0.806686
-25.3 0.807498
-25.1 0.808317
-24.9 0.809087
-24.7 0.809922
-24.5 0.810716
-24.3 0.811538
-24.1 0.812359
-23.9 0.813179
-23.7 0.81402
-23.5 0.814835
-23.3 0.815685
-23.1 0.816521
-22.9 0.817337
-22.7 0.818192
-22.5 0.819029
-22.3 0.819844
-22.1 0.820622
-21.9 0.821463
-21.7 0.822275
-21.5 0.823084
-21.3 0.82391
-21.1 0.824721
-20.9 0.82554
-20.7 0.826339
-20.5 0.827172
-20.3 0.827979
-20.1 0.828786
-19.9 0.829584
-19.7 0.83039
-19.5 0.831195
-19.3 0.832011
-19.1 0.832856
-18.9 0.833667
-18.7 0.834492
-18.5 0.835318
-18.3 0.836101
-18.1 0.836927
-17.9 0.837729
-17.7 0.838539
-17.5 0.839341
-17.3 0.840185
-17.1 0.841018
-16.9 0.841841
-16.7 0.842674
-16.5 0.843477
-16.3 0.844306
-16.1 0.845135
-15.9 0.845945
-15.7 0.846735
-15.5 0.847549
-15.3 0.848384
-15.1 0.8492
-14.9 0.85001
-14.7 0.850853
-14.5 0.851659
-14.3 0.852485
-14.1 0.853292
-13.9 0.85414
-13.7 0.854982
-13.5 0.855829
-13.3 0.85669
-13.1 0.857506
-12.9 0.858315
-12.7 0.859144
-12.5 0.859964
-12.3 0.860805
-12.1 0.861606
-11.9 0.862417
-11.7 0.863213
-11.5 0.86404
-11.3 0.864857
-11.1 0.865667
-10.9 0.866516
-10.7 0.867353
-10.5 0.868163
-10.3 0.86896
-10.1 0.869772
-9.9 0.87062
-9.7 0.871434
-9.5 0.872245
-9.3 0.873063
-9.1 0.873889
-8.9 0.874704
-8.7 0.875515
-8.5 0.876359
-8.3 0.877191
-8.1 0.878011
-7.9 0.878842
-7.7 0.879684
-7.5 0.880486
-7.3 0.881307
-7.1 0.882111
-6.9 0.882918
-6.7 0.883728
-6.5 0.884549
-6.3 0.88535
-6.1 0.8862
-5.9 0.887033
-5.7 0.887862
-5.5 0.888665
-5.3 0.889487
-5.1 0.890283
-4.9 0.891099
-4.7 0.891891
-4.5 0.892695
-4.3 0.893508
-4.1 0.894363
-3.9 0.895188
-3.7 0.896043
-3.5 0.896835
-3.3 0.897688
-3.1 0.898517
-2.9 0.899313
-2.7 0.900158
-2.5 0.900972
-2.3 0.901782
-2.1 0.902613
-1.9 0.903422
-1.7 0.904209
-1.5 0.905036
-1.3 0.905853
-1.1 0.90668
-0.899999 0.907531
-0.699999 0.908347
-0.499999 0.909143
-0.299999 0.909973
-0.0999994 0.910809
0.100001 0.911636
0.300001 0.912481
0.500001 0.913268
0.700001 0.91413
0.900001 0.914938
1.1 0.915743
1.3 0.916604
1.5 0.917402
1.7 0.9182
1.9 0.919023
2.1 0.91984
2.3 0.920626
2.5 0.921448
2.7 0.922223
2.9 0.923033
3.1 0.923868
3.3 0.924722
3.5 0.925524
3.7 0.926389
3.9 0.927191
4.1 0.928035
4.3 0.928857
4.5 0.929676
4.7 0.930507
4.9 0.931334
5.1 0.932159
5.3 0.932962
5.5 0.933769
5.7 0.934566
5.9 0.935366
6.1 0.936203
6.3 0.937024
6.5 0.937831
6.7 0.938654
6.9 0.939481
7.1 0.940309
7.3 0.941123
7.5 0.941914
7.7 0.942704
7.9 0.943538
8.1 0.944336
8.3 0.945153
8.5 0.945937
8.7 0.946745
8.9 0.947548
9.1 0.948348
9.3 0.949155
9.5 0.949954
9.7 0.950794
9.9 0.951599
10.1 0.952395
10.3 0.953187
10.5 0.953981
10.7 0.954758
10.9 0.955557
11.1 0.956316
11.3 0.957069
11.5 0.957826
11.7 0.95858
11.9 0.959374
12.1 0.960118
12.3 0.960844
12.5 0.961632
12.7 0.96238
12.9 0.963134
13.1 0.963826
13.3 0.964561
13.5 0.965258
13.7 0.965983
13.9 0.966666
14.1 0.967363
14.3 0.968034
14.5 0.968734
14.7 0.969409
14.9 0.97011
15.1 0.970787
15.3 0.971436
15.5 0.972075
15.7 0.972714
15.9 0.973359
16.1 0.973994
16.3 0.974592
16.5 0.975215
16.7 0.975847
16.9 0.976449
17.1 0.977041
17.3 0.977625
17.5 0.97819
17.7 0.97876
17.9 0.97932
18.1 0.979892
18.3 0.980431
18.5 0.980958
18.7 0.981507
18.9 0.982064
19.1 0.982578
19.3 0.983063
19.5 0.98358
19.7 0.984044
19.9 0.984559
20.1 0.985011
20.3 0.985473
20.5 0.985927
20.7 0.986363
20.9 0.9868
21.1 0.987248
21.3 0.987658
21.5 0.988042
21.7 0.988437
21.9 0.988832
22.1 0.989223
22.3 0.9896
22.5 0.989974
22.7 0.990346
22.9 0.990704
23.1 0.991023
23.3 0.991354
23.5 0.991673
23.7 0.991965
23.9 0.992271
24.1 0.992584
24.3 0.992877
24.5 0.993183
24.7 0.993467
24.9 0.993746
25.1 0.994001
25.3 0.994276
25.5 0.994524
25.7 0.994765
25.9 0.994983
26.1 0.995202
26.3 0.995413
26.5 0.995625
26.7 0.995825
26.9 0.996018
27.1 0.996193
27.3 0.996359
27.5 0.996544
27.7 0.996719
27.9 0.996881
28.1 0.997044
28.3 0.997172
28.5 0.997308
28.7 0.997436
28.9 0.997564
29.1 0.997692
29.3 0.997805
29.5 0.997923
29.7 0.998031
29.9 0.998123
30.1 0.998224
30.3 0.998332
30.5 0.998426
30.7 0.998512
30.9 0.998582
31.1 0.998659
31.3 0.998731
31.5 0.998814
31.7 0.998882
31.9 0.998942
32.1 0.999004
32.3 0.999071
32.5 0.999116
32.7 0.999176
32.9 0.999221
33.1 0.999264
33.3 0.999303
33.5 0.999343
33.7 0.99938
33.9 0.999415
34.1 0.999447
34.3 0.999475
34.5 0.999509
34.7 0.999535
34.9 0.999562
35.1 0.999589
35.3 0.999609
35.5 0.99963
35.7 0.99965
35.9 0.999672
36.1 0.999684
36.3 0.999703
36.5 0.999719
36.7 0.99974
36.9 0.999756
37.1 0.999769
37.3 0.999784
37.5 0.999792
37.7 0.999803
37.9 0.999813
38.1 0.999824
38.3 0.999835
38.5 0.999841
38.7 0.999851
38.9 0.999856
39.1 0.999867
39.3 0.999874
39.5 0.999876
39.7 0.999884
39.9 0.999891
40.1 0.999895
40.3 0.999901
40.5 0.999906
40.7 0.99991
40.9 0.999914
41.1 0.999919
41.3 0.999924
41.5 0.999927
41.7 0.99993
41.9 0.999931
42.1 0.999935
42.3 0.999938
42.5 0.99994
42.7 0.999942
42.9 0.999944
43.1 0.999946
43.3 0.999947
43.5 0.999948
43.7 0.999951
43.9 0.999951
44.1 0.999954
44.3 0.999957
44.5 0.999959
44.7 0.999961
44.9 0.999962
45.1 0.999964
45.3 0.999967
45.5 0.999968
45.7 0.999969
45.9 0.999971
46.1 0.999974
46.3 0.999975
46.5 0.999977
46.7 0.999978
46.9 0.999979
47.1 0.99998
47.3 0.999981
47.5 0.999983
47.7 0.999985
47.9 0.999986
48.1 0.999988
48.3 0.999989
48.5 0.99999
48.7 0.99999
48.9 0.999991
49.1 0.999992
49.3 0.999994
49.5 0.999995
49.7 0.999997
49.9 0.999999
50.1 1
