1293
-208.3 4.71802e-07
-208.1 4.71802e-07
-207.9 4.71802e-07
-207.7 4.71802e-07
-207.5 4.71802e-07
-207.3 4.71802e-07
-207.1 4.71802e-07
-206.9 4.71802e-07
-206.7 4.71802e-07
-206.5 4.71802e-07
-206.3 4.71802e-07
-206.1 9.43604e-07
-205.9 9.43604e-07
-205.7 9.43604e-07
-205.5 9.43604e-07
-205.3 9.43604e-07
-205.1 9.43604e-07
-204.9 9.43604e-07
-204.7 1.41541e-06
-204.5 1.41541e-06
-204.3 1.41541e-06
-204.1 1.88721e-06
-203.9 2.35901e-06
-203.7 2.83081e-06
-203.5 2.83081e-06
-203.3 2.83081e-06
-203.1 2.83081e-06
-202.9 2.83081e-06
-202.7 2.83081e-06
-202.5 3.77442e-06
-202.3 3.77442e-06
-202.1 4.24622e-06
-201.9 4.24622e-06
-201.7 4.24622e-06
-201.5 4.24622e-06
-201.3 4.71802e-06
-201.1 4.71802e-06
-200.9 5.18982e-06
-200.7 6.13343e-06
-200.5 6.13343e-06
-200.3 6.13343e-06
-200.1 6.60523e-06
-199.9 6.60523e-06
-199.7 6.60523e-06
-199.5 7.07703e-06
-199.3 7.07703e-06
-199.1 7.07703e-06
-198.9 7.07703e-06
-198.7 8.96424e-06
-198.5 9.43604e-06
-198.3 1.27387e-05
-198.1 1.74567e-05
-197.9 2.50055e-05
-197.7 4.7652e-05
-197.5 7.17139e-05
-197.3 0.000117007
-197.1 0.000170792
-196.9 0.000244393
-196.7 0.00035857
-196.5 0.000516151
-196.3 0.000743088
-196.1 0.00101107
-195.9 0.00138757
-195.7 0.00185937
-195.5 0.0024227
-195.3 0.0031606
-195.1 0.00405514
-194.9 0.00508272
-194.7 0.00624194
-194.5 0.00751298
-194.3 0.00892933
-194.1 0.0104891
-193.9 0.0121692
-193.7 0.0139064
-193.5 0.0156945
-193.3 0.0175119
-193.1 0.0193793
-192.9 0.0212707
-192.7 0.0231353
-192.5 0.0249895
-192.3 0.026896
-192.1 0.028661
-191.9 0.0304732
-191.7 0.0322977
-191.5 0.0340985
-191.3 0.0358485
-191.1 0.0376413
-190.9 0.0394082
-190.7 0.0411303
-190.5 0.0427453
-190.3 0.0443895
-190.1 0.0460205
-189.9 0.0476515
-189.7 0.0492415
-189.5 0.0508423
-189.3 0.052438
-189.1 0.0539732
-188.9 0.0555018
-188.7 0.0570036
-188.5 0.0584987
-188.3 0.0599538
-188.1 0.0614574
-187.9 0.0629549
-187.7 0.0644293
-187.5 0.0658636
-187.3 0.067337
-187.1 0.0687581
-186.9 0.0702008
-186.7 0.0715964
-186.5 0.0730293
-186.3 0.0744225
-186.1 0.0758389
-185.9 0.0772165
-185.7 0.0786291
-185.5 0.0799907
-185.3 0.0814477
-185.1 0.0828206
-184.9 0.0842252
-184.7 0.0855967
-184.5 0.0869116
-184.3 0.0882185
-184.1 0.0895768
-183.9 0.0908941
-183.7 0.0922307
-183.5 0.093555
-183.3 0.0948841
-183.1 0.0962136
-182.9 0.0974936
-182.7 0.0987552
-182.5 0.100031
-182.3 0.101288
-182.1 0.102583
-181.9 0.103842
-181.7 0.105046
-181.5 0.106322
-181.3 0.107609
-181.1 0.108844
-180.9 0.110053
-180.7 0.111272
-180.5 0.112454
-180.3 0.113644
-180.1 0.114889
-179.9 0.116034
-179.7 0.11718
-179.5 0.118313
-179.3 0.119433
-179.1 0.120579
-178.9 0.121714
-178.7 0.122821
-178.5 0.123908
-178.3 0.125006
-178.1 0.126086
-177.9 0.127203
-177.7 0.128294
-177.5 0.129354
-177.3 0.130448
-177.1 0.131536
-176.9 0.132543
-176.7 0.133618
-176.5 0.134683
-176.3 0.135734
-176.1 0.136733
-175.9 0.137776
-175.7 0.138839
-175.5 0.139851
-175.3 0.140885
-175.1 0.141911
-174.9 0.142904
-174.7 0.143912
-174.5 0.144921
-174.3 0.145924
-174.1 0.146939
-173.9 0.147923
-173.7 0.148932
-173.5 0.149934
-173.3 0.150946
-173.1 0.151942
-172.9 0.152966
-172.7 0.153971
-172.5 0.15495
-172.3 0.155938
-172.1 0.156944
-171.9 0.157842
-171.7 0.158808
-171.5 0.159818
-171.3 0.160771
-171.1 0.161738
-170.9 0.162719
-170.7 0.163676
-170.5 0.164636
-170.3 0.165604
-170.1 0.166522
-169.9 0.167466
-169.7 0.168394
-169.5 0.16936
-169.3 0.170295
-169.1 0.171246
-168.9 0.172203
-168.7 0.173143
-168.5 0.174075
-168.3 0.175005
-168.1 0.175941
-167.9 0.176891
-167.7 0.177872
-167.5 0.178861
-167.3 0.179769
-167.1 0.180709
-166.9 0.181648
-166.7 0.18257
-166.5 0.183509
-166.3 0.184439
-166.1 0.185375
-165.9 0.186313
-165.7 0.187218
-165.5 0.188131
-165.3 0.189071
-165.1 0.190001
-164.9 0.19091
-164.7 0.191854
-164.5 0.19277
-164.3 0.193707
-164.1 0.19463
-163.9 0.195483
-163.7 0.196387
-163.5 0.19732
-163.3 0.198241
-163.1 0.199131
-162.9 0.200045
-162.7 0.200947
-162.5 0.201851
-162.3 0.202773
-162.1 0.203674
-161.9 0.204601
-161.7 0.205536
-161.5 0.206459
-161.3 0.207372
-161.1 0.208263
-160.9 0.209165
-160.7 0.210037
-160.5 0.210944
-160.3 0.211838
-160.1 0.212714
-159.9 0.213623
-159.7 0.214529
-159.5 0.215408
-159.3 0.216319
-159.1 0.217229
-158.9 0.218195
-158.7 0.219083
-158.5 0.219997
-158.3 0.220905
-158.1 0.221822
-157.9 0.222721
-157.7 0.223653
-157.5 0.224552
-157.3 0.225427
-157.1 0.226318
-156.9 0.227222
-156.7 0.22814
-156.5 0.229024
-156.3 0.229917
-156.1 0.230786
-155.9 0.231714
-155.7 0.232618
-155.5 0.233525
-155.3 0.234433
-155.1 0.23536
-154.9 0.236261
-154.7 0.237158
-154.5 0.238052
-154.3 0.238962
-154.1 0.23987
-153.9 0.240783
-153.7 0.241697
-153.5 0.24259
-153.3 0.243461
-153.1 0.244332
-152.9 0.245207
-152.7 0.246073
-152.5 0.246935
-152.3 0.247854
-152.1 0.248733
-151.9 0.249621
-151.7 0.250507
-151.5 0.251395
-151.3 0.252299
-151.1 0.253211
-150.9 0.254093
-150.7 0.254977
-150.5 0.255912
-150.3 0.25681
-150.1 0.257703
-149.9 0.258553
-149.7 0.25941
-149.5 0.26027
-149.3 0.261179
-149.1 0.262071
-148.9 0.262959
-148.7 0.263814
-148.5 0.264732
-148.3 0.265642
-148.1 0.266568
-147.9 0.267444
-147.7 0.268329
-147.5 0.269265
-147.3 0.270136
-147.1 0.271033
-146.9 0.271917
-146.7 0.272783
-146.5 0.273679
-146.3 0.274537
-146.1 0.275381
-145.9 0.276252
-145.7 0.277124
-145.5 0.277981
-145.3 0.27886
-145.1 0.27972
-144.9 0.280566
-144.7 0.281438
-144.5 0.282313
-144.3 0.283187
-144.1 0.284048
-143.9 0.284919
-143.7 0.28578
-143.5 0.286652
-143.3 0.287527
-143.1 0.288378
-142.9 0.289276
-142.7 0.290103
-142.5 0.290935
-142.3 0.291787
-142.1 0.292611
-141.9 0.293458
-141.7 0.294292
-141.5 0.295157
-141.3 0.296031
-141.1 0.296868
-140.9 0.297717
-140.7 0.298576
-140.5 0.299453
-140.3 0.300331
-140.1 0.301192
-139.9 0.302062
-139.7 0.302916
-139.5 0.303755
-139.3 0.30459
-139.1 0.305465
-138.9 0.306327
-138.7 0.3072
-138.5 0.308037
-138.3 0.308944
-138.1 0.309802
-137.9 0.310664
-137.7 0.311517
-137.5 0.312389
-137.3 0.313261
-137.1 0.314138
-136.9 0.315034
-136.7 0.315926
-136.5 0.316812
-136.3 0.317712
-136.1 0.318587
-135.9 0.319511
-135.7 0.320395
-135.5 0.321297
-135.3 0.322184
-135.1 0.32308
-134.9 0.323998
-134.7 0.32489
-134.5 0.325757
-134.3 0.326645
-134.1 0.327526
-133.9 0.328409
-133.7 0.329327
-133.5 0.330199
-133.3 0.331099
-133.1 0.331988
-132.9 0.332896
-132.7 0.333828
-132.5 0.334736
-132.3 0.335598
-132.1 0.33651
-131.9 0.337424
-131.7 0.338314
-131.5 0.339235
-131.3 0.340156
-131.1 0.341075
-130.9 0.341972
-130.7 0.342875
-130.5 0.343791
-130.3 0.344705
-130.1 0.345592
-129.9 0.346502
-129.7 0.347394
-129.5 0.348312
-129.3 0.349196
-129.1 0.350118
-128.9 0.351052
-128.7 0.35197
-128.5 0.352863
-128.3 0.353772
-128.1 0.354703
-127.9 0.355632
-127.7 0.356538
-127.5 0.357452
-127.3 0.358359
-127.1 0.359298
-126.9 0.360193
-126.7 0.361055
-126.5 0.361981
-126.3 0.362905
-126.1 0.363824
-125.9 0.36472
-125.7 0.365653
-125.5 0.366552
-125.3 0.367495
-125.1 0.368367
-124.9 0.369234
-124.7 0.370134
-124.5 0.371052
-124.3 0.37197
-124.1 0.372893
-123.9 0.373812
-123.7 0.374693
-123.5 0.37562
-123.3 0.376519
-123.1 0.377427
-122.9 0.378317
-122.7 0.37923
-122.5 0.38018
-122.3 0.381076
-122.1 0.381975
-121.9 0.382843
-121.7 0.383736
-121.5 0.384641
-121.3 0.385493
-121.1 0.38636
-120.9 0.387228
-120.7 0.388105
-120.5 0.388968
-120.3 0.389848
-120.1 0.390712
-119.9 0.391616
-119.7 0.392488
-119.5 0.393362
-119.3 0.39425
-119.1 0.395124
-118.9 0.395993
-118.7 0.396861
-118.5 0.397722
-118.3 0.398634
-118.1 0.399517
-117.9 0.400374
-117.7 0.401221
-117.5 0.402082
-117.3 0.402984
-117.1 0.40385
-116.9 0.404723
-116.7 0.405586
-116.5 0.406465
-116.3 0.407325
-116.1 0.40817
-115.9 0.409041
-115.7 0.409886
-115.5 0.410797
-115.3 0.411677
-115.1 0.412547
-114.9 0.413417
-114.7 0.414278
-114.5 0.415164
-114.3 0.41607
-114.1 0.416947
-113.9 0.417848
-113.7 0.418722
-113.5 0.419588
-113.3 0.420465
-113.1 0.421366
-112.9 0.422271
-112.7 0.423172
-112.5 0.424041
-112.3 0.424891
-112.1 0.425766
-111.9 0.426645
-111.7 0.427522
-111.5 0.428389
-111.3 0.429223
-111.1 0.4301
-110.9 0.430981
-110.7 0.431856
-110.5 0.432744
-110.3 0.433595
-110.1 0.434401
-109.9 0.435299
-109.7 0.436163
-109.5 0.437032
-109.3 0.437905
-109.1 0.438743
-108.9 0.439653
-108.7 0.440546
-108.5 0.441435
-108.3 0.442314
-108.1 0.443192
-107.9 0.444046
-107.7 0.444932
-107.5 0.445817
-107.3 0.446688
-107.1 0.447575
-106.9 0.448448
-106.7 0.449335
-106.5 0.450215
-106.3 0.451096
-106.1 0.451952
-105.9 0.452827
-105.7 0.453694
-105.5 0.454593
-105.3 0.455447
-105.1 0.456341
-104.9 0.457206
-104.7 0.45807
-104.5 0.458927
-104.3 0.459823
-104.1 0.460704
-103.9 0.461585
-103.7 0.462452
-103.5 0.463322
-103.3 0.464202
-103.1 0.465069
-102.9 0.465968
-102.7 0.466839
-102.5 0.467731
-102.3 0.468593
-102.1 0.469435
-101.9 0.470294
-101.7 0.471169
-101.5 0.472056
-101.3 0.472945
-101.1 0.47382
-100.9 0.47469
-100.7 0.475552
-100.5 0.476416
-100.3 0.477312
-100.1 0.478203
-99.9 0.479073
-99.7 0.479991
-99.5 0.480873
-99.3 0.481771
-99.1 0.482618
-98.9 0.48348
-98.7 0.484346
-98.5 0.485223
-98.3 0.486108
-98.1 0.486964
-97.9 0.487852
-97.7 0.488735
-97.5 0.489592
-97.3 0.490452
-97.1 0.49136
-96.9 0.492236
-96.7 0.493121
-96.5 0.493998
-96.3 0.494899
-96.1 0.495728
-95.9 0.496621
-95.7 0.49749
-95.5 0.498374
-95.3 0.499248
-95.1 0.5001
-94.9 0.500949
-94.7 0.501847
-94.5 0.502715
-94.3 0.503609
-94.1 0.504476
-93.9 0.505361
-93.7 0.506254
-93.5 0.507129
-93.3 0.508057
-93.1 0.508899
-92.9 0.509771
-92.7 0.510638
-92.5 0.511467
-92.3 0.512344
-92.1 0.513213
-91.9 0.5141
-91.7 0.514989
-91.5 0.515866
-91.3 0.516736
-91.1 0.517617
-90.9 0.518488
-90.7 0.519397
-90.5 0.520308
-90.3 0.521138
-90.1 0.522016
-89.9 0.522854
-89.7 0.523707
-89.5 0.524582
-89.3 0.525445
-89.1 0.526309
-88.9 0.527169
-88.7 0.528015
-88.5 0.528892
-88.3 0.52978
-88.1 0.530633
-87.9 0.531515
-87.7 0.532364
-87.5 0.533258
-87.3 0.534133
-87.1 0.535018
-86.9 0.535863
-86.7 0.536732
-86.5 0.537587
-86.3 0.53846
-86.1 0.539326
-85.9 0.540196
-85.7 0.541023
-85.5 0.541879
-85.3 0.542719
-85.1 0.543607
-84.9 0.544459
-84.7 0.545318
-84.5 0.546238
-84.3 0.547111
-84.1 0.54793
-83.9 0.54877
-83.7 0.549606
-83.5 0.550454
-83.3 0.551329
-83.1 0.552187
-82.9 0.553041
-82.7 0.553913
-82.5 0.554771
-82.3 0.555677
-82.1 0.556561
-81.9 0.55742
-81.7 0.558278
-81.5 0.559157
-81.3 0.560023
-81.1 0.560915
-80.9 0.56179
-80.7 0.562707
-80.5 0.563552
-80.3 0.564431
-80.1 0.565283
-79.9 0.566147
-79.7 0.567037
-79.5 0.5679
-79.3 0.56875
-79.1 0.569616
-78.9 0.570495
-78.7 0.571386
-78.5 0.57223
-78.3 0.573075
-78.1 0.573942
-77.9 0.574797
-77.7 0.575692
-77.5 0.576573
-77.3 0.577418
-77.1 0.578273
-76.9 0.579136
-76.7 0.580007
-76.5 0.58088
-76.3 0.581758
-76.1 0.582627
-75.9 0.583502
-75.7 0.584364
-75.5 0.585249
-75.3 0.586123
-75.1 0.58701
-74.9 0.587909
-74.7 0.588799
-74.5 0.589713
-74.3 0.590572
-74.1 0.591434
-73.9 0.592267
-73.7 0.593145
-73.5 0.593992
-73.3 0.59487
-73.1 0.59577
-72.9 0.596646
-72.7 0.597515
-72.5 0.598429
-72.3 0.599296
-72.1 0.600154
-71.9 0.601024
-71.7 0.60187
-71.5 0.602769
-71.3 0.603667
-71.1 0.604555
-70.9 0.605464
-70.7 0.606338
-70.5 0.607207
-70.3 0.608059
-70.1 0.608902
-69.9 0.609767
-69.7 0.610643
-69.5 0.611516
-69.3 0.612416
-69.1 0.6133
-68.9 0.614215
-68.7 0.615075
-68.5 0.615937
-68.3 0.616758
-68.1 0.617649
-67.9 0.618513
-67.7 0.619374
-67.5 0.620236
-67.3 0.621149
-67.1 0.622013
-66.9 0.622861
-66.7 0.623756
-66.5 0.624633
-66.3 0.625495
-66.1 0.626411
-65.9 0.627251
-65.7 0.628093
-65.5 0.628958
-65.3 0.629819
-65.1 0.630728
-64.9 0.631578
-64.7 0.63245
-64.5 0.633312
-64.3 0.634167
-64.1 0.635032
-63.9 0.635904
-63.7 0.636785
-63.5 0.63765
-63.3 0.638544
-63.1 0.639444
-62.9 0.640287
-62.7 0.641131
-62.5 0.642018
-62.3 0.642908
-62.1 0.643765
-61.9 0.64462
-61.7 0.645511
-61.5 0.646357
-61.3 0.647288
-61.1 0.648168
-60.9 0.649023
-60.7 0.649892
-60.5 0.650766
-60.3 0.651637
-60.1 0.65247
-59.9 0.65336
-59.7 0.654257
-59.5 0.655145
-59.3 0.65602
-59.1 0.656865
-58.9 0.657747
-58.7 0.658638
-58.5 0.659507
-58.3 0.660371
-58.1 0.661277
-57.9 0.66217
-57.7 0.663042
-57.5 0.663904
-57.3 0.664782
-57.1 0.665655
-56.9 0.666548
-56.7 0.667413
-56.5 0.668289
-56.3 0.66913
-56.1 0.670033
-55.9 0.670896
-55.7 0.671756
-55.5 0.672642
-55.3 0.673517
-55.1 0.674424
-54.9 0.675311
-54.7 0.676216
-54.5 0.677121
-54.3 0.677984
-54.1 0.678849
-53.9 0.679755
-53.7 0.680624
-53.5 0.681539
-53.3 0.682397
-53.1 0.68329
-52.9 0.684137
-52.7 0.685039
-52.5 0.685935
-52.3 0.686808
-52.1 0.68768
-51.9 0.688515
-51.7 0.689405
-51.5 0.690284
-51.3 0.691167
-51.1 0.69204
-50.9 0.69293
-50.7 0.693789
-50.5 0.694676
-50.3 0.69554
-50.1 0.696396
-49.9 0.697279
-49.7 0.698164
-49.5 0.699015
-49.3 0.699877
-49.1 0.700757
-48.9 0.7016
-48.7 0.702477
-48.5 0.70333
-48.3 0.704197
-48.1 0.705044
-47.9 0.705911
-47.7 0.70682
-47.5 0.707653
-47.3 0.708494
-47.1 0.709386
-46.9 0.710277
-46.7 0.711164
-46.5 0.712034
-46.3 0.712909
-46.1 0.7138
-45.9 0.714643
-45.7 0.715542
-45.5 0.716391
-45.3 0.717296
-45.1 0.71815
-44.9 0.719045
-44.7 0.719893
-44.5 0.720791
-44.3 0.721626
-44.1 0.72248
-43.9 0.723347
-43.7 0.724192
-43.5 0.725092
-43.3 0.725939
-43.1 0.726804
-42.9 0.727673
-42.7 0.728553
-42.5 0.729386
-42.3 0.730249
-42.1 0.731114
-41.9 0.731953
-41.7 0.732807
-41.5 0.733703
-41.3 0.734556
-41.1 0.735399
-40.9 0.736265
-40.7 0.737133
-40.5 0.73803
-40.3 0.738875
-40.1 0.739746
-39.9 0.740601
-39.7 0.74143
-39.5 0.742265
-39.3 0.743149
-39.1 0.74402
-38.9 0.744881
-38.7 0.745743
-38.5 0.746615
-38.3 0.747496
-38.1 0.748396
-37.9 0.749254
-37.7 0.750141
-37.5 0.751017
-37.3 0.751852
-37.1 0.752745
-36.9 0.753617
-36.7 0.754506
-36.5 0.755393
-36.3 0.756271
-36.1 0.757135
-35.9 0.757971
-35.7 0.75885
-35.5 0.7597
-35.3 0.760533
-35.1 0.761408
-34.9 0.762241
-34.7 0.763095
-34.5 0.763966
-34.3 0.764834
-34.1 0.765718
-33.9 0.76658
-33.7 0.76743
-33.5 0.768263
-33.3 0.769085
-33.1 0.76995
-32.9 0.770859
-32.7 0.771722
-32.5 0.772614
-32.3 0.773473
-32.1 0.774324
-31.9 0.775191
-31.7 0.776091
-31.5 0.776975
-31.3 0.777838
-31.1 0.778718
-30.9 0.779565
-30.7 0.78044
-30.5 0.781306
-30.3 0.782164
-30.1 0.783083
-29.9 0.783931
-29.7 0.784787
-29.5 0.785636
-29.3 0.78654
-29.1 0.787388
-28.9 0.788266
-28.7 0.789129
-28.5 0.789977
-28.3 0.790806
-28.1 0.79166
-27.9 0.792529
-27.7 0.793377
-27.5 0.794258
-27.3 0.795153
-27.1 0.796013
-26.9 0.796873
-26.7 0.797742
-26.5 0.798617
-26.3 0.799498
-26.1 0.800383
-25.9 0.801266
-25.7 0.802172
-25.5 0.803049
-25.3 0.80392
-25.1 0.804798
-24.9 0.805695
-24.7 0.806576
-24.5 0.807429
-24.3 0.80826
-24.1 0.809114
-23.9 0.80996
-23.7 0.810805
-23.5 0.811688
-23.3 0.812539
-23.1 0.813428
-22.9 0.814297
-22.7 0.815147
-22.5 0.816034
-22.3 0.816877
-22.1 0.817747
-21.9 0.818644
-21.7 0.819493
-21.5 0.820347
-21.3 0.821182
-21.1 0.822062
-20.9 0.822925
-20.7 0.823773
-20.5 0.824648
-20.3 0.825508
-20.1 0.826379
-19.9 0.827236
-19.7 0.828107
-19.5 0.828978
-19.3 0.829885
-19.1 0.830748
-18.9 0.83161
-18.7 0.83248
-18.5 0.833346
-18.3 0.834205
-18.1 0.835058
-17.9 0.835951
-17.7 0.836818
-17.5 0.837673
-17.3 0.838543
-17.1 0.839408
-16.9 0.840282
-16.7 0.841141
-16.5 0.84201
-16.3 0.842882
-16.1 0.84374
-15.9 0.844607
-15.7 0.845483
-15.5 0.846366
-15.3 0.84721
-15.1 0.848093
-14.9 0.848936
-14.7 0.84981
-14.5 0.850711
-14.3 0.851601
-14.1 0.852478
-13.9 0.853353
-13.7 0.854238
-13.5 0.855075
-13.3 0.855948
-13.1 0.85681
-12.9 0.857648
-12.7 0.858521
-12.5 0.859389
-12.3 0.860272
-12.1 0.861147
-11.9 0.862034
-11.7 0.86287
-11.5 0.863711
-11.3 0.864553
-11.1 0.865434
-10.9 0.866273
-10.7 0.867171
-10.5 0.868035
-10.3 0.868886
-10.1 0.869749
-9.9 0.870613
-9.7 0.871471
-9.5 0.872342
-9.3 0.873214
-9.1 0.874084
-8.9 0.874959
-8.7 0.875824
-8.5 0.876684
-8.3 0.877555
-8.1 0.878388
-7.9 0.87926
-7.7 0.880125
-7.5 0.880954
-7.3 0.881786
-7.1 0.882671
-6.9 0.88356
-6.7 0.884429
-6.5 0.885284
-6.3 0.886122
-6.1 0.887045
-5.9 0.88788
-5.7 0.888727
-5.5 0.889595
-5.3 0.890425
-5.1 0.891269
-4.9 0.892111
-4.7 0.892996
-4.5 0.893829
-4.3 0.894712
-4.1 0.89554
-3.9 0.89637
-3.7 0.897229
-3.5 0.8981
-3.3 0.898977
-3.1 0.899826
-2.9 0.900693
-2.7 0.901575
-2.5 0.902458
-2.3 0.903337
-2.1 0.904161
-1.9 0.90502
-1.7 0.905865
-1.5 0.906744
-1.3 0.907576
-1.1 0.908439
-0.899999 0.909305
-0.699999 0.910192
-0.499999 0.911031
-0.299999 0.91192
-0.0999994 0.912768
0.100001 0.913622
0.300001 0.914485
0.500001 0.915368
0.700001 0.916256
0.900001 0.917157
1.1 0.917986
1.3 0.918851
1.5 0.919695
1.7 0.92054
1.9 0.921369
2.1 0.922233
2.3 0.92312
2.5 0.923965
2.7 0.924837
2.9 0.92567
3.1 0.926526
3.3 0.92737
3.5 0.928236
3.7 0.929058
3.9 0.929893
4.1 0.930731
4.3 0.931579
4.5 0.932471
4.7 0.933311
4.9 0.934157
5.1 0.934985
5.3 0.935838
5.5 0.936665
5.7 0.937546
5.9 0.938383
6.1 0.939247
6.3 0.940112
6.5 0.940952
6.7 0.941793
6.9 0.942664
7.1 0.943517
7.3 0.944353
7.5 0.945209
7.7 0.946
7.9 0.946825
8.1 0.947651
8.3 0.948479
8.5 0.949295
8.7 0.950123
8.9 0.950926
9.1 0.951759
9.3 0.9526
9.5 0.953409
9.7 0.95423
9.9 0.955067
10.1 0.955901
10.3 0.956691
10.5 0.957487
10.7 0.958283
10.9 0.959049
11.1 0.959864
11.3 0.960615
11.5 0.961369
11.7 0.962131
11.9 0.962878
12.1 0.963622
12.3 0.964375
12.5 0.965139
12.7 0.965873
12.9 0.966589
13.1 0.967339
13.3 0.968026
13.5 0.968749
13.7 0.969449
13.9 0.970166
14.1 0.970847
14.3 0.971527
14.5 0.972209
14.7 0.972836
14.9 0.973519
15.1 0.974156
15.3 0.974785
15.5 0.97543
15.7 0.976052
15.9 0.976671
16.1 0.977273
16.3 0.977865
16.5 0.97845
16.7 0.979032
16.9 0.979615
17.1 0.98016
17.3 0.980696
17.5 0.981245
17.7 0.981763
17.9 0.982272
18.1 0.982796
18.3 0.983293
18.5 0.983777
18.7 0.984262
18.9 0.984739
19.1 0.985189
19.3 0.985674
19.5 0.986107
19.7 0.986563
19.9 0.986984
20.1 0.987414
20.3 0.987826
20.5 0.98823
20.7 0.988632
20.9 0.989016
21.1 0.989387
21.3 0.989733
21.5 0.990101
21.7 0.990443
21.9 0.990805
22.1 0.991151
22.3 0.99148
22.5 0.991799
22.7 0.992115
22.9 0.992406
23.1 0.992708
23.3 0.992978
23.5 0.993258
23.7 0.993544
23.9 0.99381
24.1 0.994044
24.3 0.994293
24.5 0.994515
24.7 0.994736
24.9 0.994967
25.1 0.995182
25.3 0.995392
25.5 0.995593
25.7 0.995793
25.9 0.995987
26.1 0.996163
26.3 0.996336
26.5 0.996517
26.7 0.996669
26.9 0.996835
27.1 0.996996
27.3 0.997135
27.5 0.997272
27.7 0.997423
27.9 0.997548
28.1 0.99766
28.3 0.997793
28.5 0.997906
28.7 0.998018
28.9 0.998118
29.1 0.998229
29.3 0.998326
29.5 0.998412
29.7 0.998498
29.9 0.998582
30.1 0.998674
30.3 0.998751
30.5 0.998827
30.7 0.9989
30.9 0.998963
31.1 0.99903
31.3 0.99909
31.5 0.999142
31.7 0.999185
31.9 0.999233
32.1 0.999278
32.3 0.999327
32.5 0.999367
32.7 0.999411
32.9 0.999448
33.1 0.999485
33.3 0.999522
33.5 0.999549
33.7 0.999575
33.9 0.9996
34.1 0.999627
34.3 0.999647
34.5 0.999674
34.7 0.999688
34.9 0.999706
35.1 0.999722
35.3 0.999737
35.5 0.999748
35.7 0.999757
35.9 0.999775
36.1 0.999786
36.3 0.999795
36.5 0.999806
36.7 0.999816
36.9 0.999823
37.1 0.999829
37.3 0.999838
37.5 0.999845
37.7 0.999852
37.9 0.999859
38.1 0.999865
38.3 0.999866
38.5 0.999874
38.7 0.99988
38.9 0.999886
39.1 0.999889
39.3 0.999893
39.5 0.999896
39.7 0.999902
39.9 0.999906
40.1 0.999908
40.3 0.99991
40.5 0.999915
40.7 0.99992
40.9 0.999925
41.1 0.999928
41.3 0.999931
41.5 0.999932
41.7 0.999933
41.9 0.999936
42.1 0.999939
42.3 0.999942
42.5 0.999944
42.7 0.999945
42.9 0.999949
43.1 0.999951
43.3 0.999952
43.5 0.999953
43.7 0.999955
43.9 0.999957
44.1 0.999958
44.3 0.99996
44.5 0.999964
44.7 0.999966
44.9 0.99997
45.1 0.999971
45.3 0.999975
45.5 0.999976
45.7 0.999977
45.9 0.999979
46.1 0.99998
46.3 0.99998
46.5 0.999981
46.7 0.999981
46.9 0.999981
47.1 0.999983
47.3 0.999985
47.5 0.999986
47.7 0.999986
47.9 0.999986
48.1 0.999987
48.3 0.999988
48.5 0.99999
48.7 0.999992
48.9 0.999993
49.1 0.999995
49.3 0.999996
49.5 0.999997
49.7 0.999998
49.9 0.999999
50.1 1
