-699.9 0
-699.7 0
-699.5 0
-699.3 0
-699.1 0
-698.9 0
-698.7 1
-698.5 0
-698.3 0
-698.1 0
-697.9 1
-697.7 0
-697.5 0
-697.3 0
-697.1 0
-696.9 0
-696.7 0
-696.5 0
-696.3 0
-696.1 0
-695.9 0
-695.7 0
-695.5 0
-695.3 0
-695.1 0
-694.9 0
-694.7 0
-694.5 0
-694.3 0
-694.1 0
-693.9 0
-693.7 0
-693.5 0
-693.3 0
-693.1 0
-692.9 0
-692.7 0
-692.5 0
-692.3 0
-692.1 0
-691.9 0
-691.7 0
-691.5 0
-691.3 0
-691.1 0
-690.9 0
-690.7 0
-690.5 0
-690.3 0
-690.1 0
-689.9 0
-689.7 0
-689.5 0
-689.3 0
-689.1 0
-688.9 0
-688.7 0
-688.5 0
-688.3 0
-688.1 0
-687.9 0
-687.7 0
-687.5 0
-687.3 0
-687.1 0
-686.9 0
-686.7 0
-686.5 0
-686.3 0
-686.1 0
-685.9 1
-685.7 0
-685.5 0
-685.3 0
-685.1 0
-684.9 0
-684.7 0
-684.5 0
-684.3 0
-684.1 0
-683.9 0
-683.7 0
-683.5 0
-683.3 0
-683.1 0
-682.9 0
-682.7 0
-682.5 0
-682.3 0
-682.1 0
-681.9 0
-681.7 0
-681.5 0
-681.3 0
-681.1 0
-680.9 0
-680.7 0
-680.5 0
-680.3 0
-680.1 0
-679.9 0
-679.7 0
-679.5 0
-679.3 0
-679.1 0
-678.9 0
-678.7 0
-678.5 0
-678.3 0
-678.1 0
-677.9 0
-677.7 0
-677.5 0
-677.3 0
-677.1 0
-676.9 0
-676.7 0
-676.5 0
-676.3 1
-676.1 0
-675.9 0
-675.7 0
-675.5 0
-675.3 0
-675.1 0
-674.9 1
-674.7 1
-674.5 2
-674.3 1
-674.1 2
-673.9 5
-673.7 3
-673.5 5
-673.3 8
-673.1 7
-672.9 9
-672.7 12
-672.5 11
-672.3 7
-672.1 9
-671.9 12
-671.7 10
-671.5 19
-671.3 18
-671.1 18
-670.9 20
-670.7 23
-670.5 19
-670.3 35
-670.1 35
-669.9 27
-669.7 17
-669.5 29
-669.3 41
-669.1 39
-668.9 46
-668.7 44
-668.5 34
-668.3 45
-668.1 59
-667.9 43
-667.7 53
-667.5 53
-667.3 51
-667.1 58
-666.9 59
-666.7 56
-666.5 77
-666.3 64
-666.1 79
-665.9 83
-665.7 94
-665.5 95
-665.3 103
-665.1 81
-664.9 107
-664.7 95
-664.5 89
-664.3 92
-664.1 111
-663.9 110
-663.7 139
-663.5 104
-663.3 118
-663.1 135
-662.9 125
-662.7 123
-662.5 114
-662.3 129
-662.1 152
-661.9 145
-661.7 157
-661.5 159
-661.3 149
-661.1 163
-660.9 143
-660.7 152
-660.5 172
-660.3 177
-660.1 176
-659.9 197
-659.7 174
-659.5 188
-659.3 203
-659.1 172
-658.9 221
-658.7 231
-658.5 223
-658.3 203
-658.1 219
-657.9 236
-657.7 193
-657.5 227
-657.3 236
-657.1 263
-656.9 233
-656.7 239
-656.5 283
-656.3 247
-656.1 238
-655.9 248
-655.7 266
-655.5 289
-655.3 273
-655.1 300
-654.9 261
-654.7 287
-654.5 304
-654.3 317
-654.1 316
-653.9 325
-653.7 337
-653.5 294
-653.3 323
-653.1 332
-652.9 311
-652.7 339
-652.5 360
-652.3 336
-652.1 409
-651.9 376
-651.7 380
-651.5 379
-651.3 397
-651.1 385
-650.9 366
-650.7 370
-650.5 372
-650.3 428
-650.1 388
-649.9 424
-649.7 447
-649.5 411
-649.3 441
-649.1 447
-648.9 411
-648.7 472
-648.5 446
-648.3 453
-648.1 467
-647.9 411
-647.7 461
-647.5 480
-647.3 465
-647.1 503
-646.9 485
-646.7 483
-646.5 471
-646.3 481
-646.1 520
-645.9 498
-645.7 481
-645.5 529
-645.3 515
-645.1 498
-644.9 516
-644.7 529
-644.5 534
-644.3 494
-644.1 494
-643.9 535
-643.7 543
-643.5 572
-643.3 483
-643.1 578
-642.9 541
-642.7 518
-642.5 528
-642.3 550
-642.1 548
-641.9 537
-641.7 521
-641.5 539
-641.3 529
-641.1 551
-640.9 553
-640.7 484
-640.5 561
-640.3 541
-640.1 565
-639.9 505
-639.7 561
-639.5 528
-639.3 558
-639.1 545
-638.9 606
-638.7 597
-638.5 569
-638.3 541
-638.1 550
-637.9 573
-637.7 537
-637.5 532
-637.3 626
-637.1 516
-636.9 586
-636.7 537
-636.5 561
-636.3 553
-636.1 518
-635.9 543
-635.7 523
-635.5 520
-635.3 540
-635.1 540
-634.9 511
-634.7 594
-634.5 561
-634.3 542
-634.1 555
-633.9 513
-633.7 536
-633.5 542
-633.3 533
-633.1 520
-632.9 573
-632.7 525
-632.5 546
-632.3 557
-632.1 485
-631.9 523
-631.7 549
-631.5 523
-631.3 543
-631.1 482
-630.9 504
-630.7 550
-630.5 509
-630.3 551
-630.1 506
-629.9 539
-629.7 522
-629.5 459
-629.3 496
-629.1 532
-628.9 539
-628.7 490
-628.5 486
-628.3 481
-628.1 481
-627.9 494
-627.7 476
-627.5 451
-627.3 540
-627.1 457
-626.9 493
-626.7 497
-626.5 491
-626.3 450
-626.1 454
-625.9 481
-625.7 516
-625.5 460
-625.3 457
-625.1 452
-624.9 473
-624.7 484
-624.5 463
-624.3 438
-624.1 463
-623.9 448
-623.7 437
-623.5 450
-623.3 417
-623.1 452
-622.9 450
-622.7 414
-622.5 438
-622.3 464
-622.1 423
-621.9 431
-621.7 431
-621.5 433
-621.3 409
-621.1 417
-620.9 414
-620.7 446
-620.5 423
-620.3 444
-620.1 393
-619.9 373
-619.7 467
-619.5 402
-619.3 461
-619.1 390
-618.9 423
-618.7 385
-618.5 382
-618.3 418
-618.1 404
-617.9 424
-617.7 421
-617.5 420
-617.3 392
-617.1 400
-616.9 365
-616.7 392
-616.5 413
-616.3 387
-616.1 400
-615.9 373
-615.7 396
-615.5 359
-615.3 386
-615.1 370
-614.9 384
-614.7 395
-614.5 379
-614.3 386
-614.1 409
-613.9 375
-613.7 371
-613.5 379
-613.3 398
-613.1 373
-612.9 398
-612.7 369
-612.5 382
-612.3 410
-612.1 403
-611.9 412
-611.7 396
-611.5 380
-611.3 359
-611.1 327
-610.9 362
-610.7 382
-610.5 310
-610.3 357
-610.1 357
-609.9 374
-609.7 385
-609.5 364
-609.3 366
-609.1 386
-608.9 379
-608.7 357
-608.5 340
-608.3 335
-608.1 381
-607.9 364
-607.7 354
-607.5 360
-607.3 375
-607.1 364
-606.9 374
-606.7 377
-606.5 340
-606.3 347
-606.1 381
-605.9 351
-605.7 346
-605.5 407
-605.3 373
-605.1 355
-604.9 333
-604.7 336
-604.5 316
-604.3 366
-604.1 349
-603.9 367
-603.7 363
-603.5 344
-603.3 384
-603.1 354
-602.9 351
-602.7 390
-602.5 382
-602.3 357
-602.1 350
-601.9 358
-601.7 336
-601.5 365
-601.3 370
-601.1 373
-600.9 348
-600.7 372
-600.5 357
-600.3 357
-600.1 393
-599.9 351
-599.7 362
-599.5 353
-599.3 369
-599.1 355
-598.9 374
-598.7 364
-598.5 356
-598.3 399
-598.1 377
-597.9 381
-597.7 368
-597.5 368
-597.3 391
-597.1 365
-596.9 364
-596.7 389
-596.5 364
-596.3 348
-596.1 372
-595.9 353
-595.7 370
-595.5 349
-595.3 383
-595.1 390
-594.9 353
-594.7 394
-594.5 403
-594.3 398
-594.1 371
-593.9 371
-593.7 338
-593.5 368
-593.3 361
-593.1 362
-592.9 382
-592.7 336
-592.5 344
-592.3 361
-592.1 387
-591.9 348
-591.7 353
-591.5 392
-591.3 370
-591.1 363
-590.9 399
-590.7 379
-590.5 408
-590.3 396
-590.1 366
-589.9 360
-589.7 378
-589.5 359
-589.3 362
-589.1 390
-588.9 371
-588.7 339
-588.5 364
-588.3 381
-588.1 409
-587.9 361
-587.7 369
-587.5 372
-587.3 380
-587.1 371
-586.9 331
-586.7 412
-586.5 361
-586.3 358
-586.1 361
-585.9 365
-585.7 369
-585.5 379
-585.3 399
-585.1 420
-584.9 361
-584.7 341
-584.5 365
-584.3 376
-584.1 346
-583.9 385
-583.7 375
-583.5 394
-583.3 338
-583.1 380
-582.9 357
-582.7 401
-582.5 409
-582.3 386
-582.1 372
-581.9 373
-581.7 346
-581.5 366
-581.3 371
-581.1 347
-580.9 378
-580.7 356
-580.5 395
-580.3 383
-580.1 402
-579.9 372
-579.7 381
-579.5 353
-579.3 387
-579.1 399
-578.9 394
-578.7 376
-578.5 339
-578.3 350
-578.1 347
-577.9 367
-577.7 346
-577.5 389
-577.3 391
-577.1 374
-576.9 371
-576.7 395
-576.5 402
-576.3 341
-576.1 340
-575.9 370
-575.7 388
-575.5 369
-575.3 373
-575.1 357
-574.9 361
-574.7 354
-574.5 355
-574.3 360
-574.1 400
-573.9 356
-573.7 381
-573.5 380
-573.3 366
-573.1 391
-572.9 365
-572.7 374
-572.5 354
-572.3 359
-572.1 401
-571.9 376
-571.7 362
-571.5 358
-571.3 360
-571.1 372
-570.9 358
-570.7 346
-570.5 343
-570.3 369
-570.1 357
-569.9 381
-569.7 335
-569.5 356
-569.3 380
-569.1 353
-568.9 366
-568.7 360
-568.5 380
-568.3 359
-568.1 411
-567.9 327
-567.7 350
-567.5 368
-567.3 382
-567.1 355
-566.9 346
-566.7 380
-566.5 345
-566.3 375
-566.1 366
-565.9 358
-565.7 349
-565.5 355
-565.3 328
-565.1 348
-564.9 374
-564.7 353
-564.5 365
-564.3 372
-564.1 345
-563.9 324
-563.7 362
-563.5 362
-563.3 378
-563.1 380
-562.9 343
-562.7 379
-562.5 347
-562.3 368
-562.1 348
-561.9 358
-561.7 375
-561.5 370
-561.3 359
-561.1 347
-560.9 382
-560.7 359
-560.5 380
-560.3 367
-560.1 371
-559.9 372
-559.7 354
-559.5 367
-559.3 384
-559.1 410
-558.9 380
-558.7 387
-558.5 347
-558.3 353
-558.1 385
-557.9 340
-557.7 401
-557.5 369
-557.3 334
-557.1 351
-556.9 395
-556.7 350
-556.5 380
-556.3 353
-556.1 351
-555.9 343
-555.7 401
-555.5 340
-555.3 338
-555.1 354
-554.9 351
-554.7 354
-554.5 353
-554.3 345
-554.1 345
-553.9 368
-553.7 379
-553.5 335
-553.3 346
-553.1 364
-552.9 365
-552.7 352
-552.5 360
-552.3 357
-552.1 319
-551.9 300
-551.7 329
-551.5 360
-551.3 340
-551.1 343
-550.9 369
-550.7 394
-550.5 331
-550.3 354
-550.1 378
-549.9 379
-549.7 359
-549.5 329
-549.3 340
-549.1 345
-548.9 407
-548.7 353
-548.5 344
-548.3 377
-548.1 360
-547.9 347
-547.7 342
-547.5 344
-547.3 350
-547.1 344
-546.9 345
-546.7 328
-546.5 348
-546.3 376
-546.1 363
-545.9 368
-545.7 362
-545.5 346
-545.3 325
-545.1 337
-544.9 350
-544.7 368
-544.5 368
-544.3 341
-544.1 329
-543.9 352
-543.7 393
-543.5 398
-543.3 320
-543.1 340
-542.9 324
-542.7 355
-542.5 344
-542.3 345
-542.1 327
-541.9 388
-541.7 372
-541.5 317
-541.3 342
-541.1 345
-540.9 367
-540.7 339
-540.5 352
-540.3 389
-540.1 379
-539.9 351
-539.7 399
-539.5 340
-539.3 378
-539.1 321
-538.9 379
-538.7 361
-538.5 326
-538.3 352
-538.1 392
-537.9 351
-537.7 366
-537.5 353
-537.3 333
-537.1 350
-536.9 340
-536.7 344
-536.5 352
-536.3 357
-536.1 343
-535.9 379
-535.7 394
-535.5 356
-535.3 343
-535.1 350
-534.9 343
-534.7 350
-534.5 331
-534.3 373
-534.1 361
-533.9 373
-533.7 356
-533.5 368
-533.3 343
-533.1 328
-532.9 345
-532.7 333
-532.5 355
-532.3 364
-532.1 341
-531.9 337
-531.7 352
-531.5 357
-531.3 328
-531.1 375
-530.9 359
-530.7 338
-530.5 353
-530.3 366
-530.1 360
-529.9 344
-529.7 377
-529.5 381
-529.3 351
-529.1 332
-528.9 328
-528.7 342
-528.5 363
-528.3 329
-528.1 354
-527.9 333
-527.7 352
-527.5 367
-527.3 321
-527.1 360
-526.9 324
-526.7 363
-526.5 381
-526.3 356
-526.1 378
-525.9 329
-525.7 374
-525.5 366
-525.3 358
-525.1 365
-524.9 359
-524.7 365
-524.5 363
-524.3 345
-524.1 331
-523.9 357
-523.7 363
-523.5 371
-523.3 342
-523.1 375
-522.9 364
-522.7 371
-522.5 367
-522.3 345
-522.1 345
-521.9 339
-521.7 365
-521.5 324
-521.3 399
-521.1 369
-520.9 338
-520.7 336
-520.5 357
-520.3 339
-520.1 380
-519.9 371
-519.7 349
-519.5 342
-519.3 395
-519.1 354
-518.9 368
-518.7 376
-518.5 348
-518.3 359
-518.1 381
-517.9 367
-517.7 359
-517.5 368
-517.3 390
-517.1 343
-516.9 356
-516.7 340
-516.5 347
-516.3 338
-516.1 383
-515.9 342
-515.7 330
-515.5 381
-515.3 347
-515.1 382
-514.9 361
-514.7 361
-514.5 324
-514.3 361
-514.1 362
-513.9 376
-513.7 382
-513.5 348
-513.3 368
-513.1 362
-512.9 387
-512.7 357
-512.5 348
-512.3 338
-512.1 320
-511.9 381
-511.7 341
-511.5 367
-511.3 381
-511.1 362
-510.9 352
-510.7 340
-510.5 362
-510.3 367
-510.1 362
-509.9 363
-509.7 361
-509.5 349
-509.3 370
-509.1 390
-508.9 357
-508.7 329
-508.5 333
-508.3 370
-508.1 347
-507.9 356
-507.7 368
-507.5 354
-507.3 382
-507.1 359
-506.9 368
-506.7 374
-506.5 359
-506.3 358
-506.1 391
-505.9 382
-505.7 378
-505.5 386
-505.3 391
-505.1 360
-504.9 343
-504.7 364
-504.5 356
-504.3 375
-504.1 399
-503.9 340
-503.7 349
-503.5 372
-503.3 367
-503.1 402
-502.9 338
-502.7 361
-502.5 355
-502.3 347
-502.1 311
-501.9 377
-501.7 372
-501.5 383
-501.3 348
-501.1 350
-500.9 340
-500.7 361
-500.5 371
-500.3 328
-500.1 348
-499.9 354
-499.7 371
-499.5 356
-499.3 364
-499.1 370
-498.9 345
-498.7 345
-498.5 329
-498.3 351
-498.1 388
-497.9 329
-497.7 321
-497.5 360
-497.3 352
-497.1 378
-496.9 327
-496.7 359
-496.5 376
-496.3 350
-496.1 323
-495.9 357
-495.7 376
-495.5 354
-495.3 347
-495.1 339
-494.9 338
-494.7 339
-494.5 349
-494.3 350
-494.1 358
-493.9 355
-493.7 335
-493.5 360
-493.3 378
-493.1 343
-492.9 353
-492.7 357
-492.5 355
-492.3 327
-492.1 346
-491.9 386
-491.7 354
-491.5 342
-491.3 360
-491.1 349
-490.9 360
-490.7 305
-490.5 346
-490.3 339
-490.1 371
-489.9 382
-489.7 329
-489.5 332
-489.3 362
-489.1 358
-488.9 352
-488.7 350
-488.5 351
-488.3 365
-488.1 347
-487.9 358
-487.7 395
-487.5 323
-487.3 347
-487.1 364
-486.9 312
-486.7 367
-486.5 332
-486.3 374
-486.1 336
-485.9 390
-485.7 358
-485.5 352
-485.3 348
-485.1 326
-484.9 362
-484.7 308
-484.5 355
-484.3 332
-484.1 372
-483.9 347
-483.7 358
-483.5 336
-483.3 354
-483.1 359
-482.9 332
-482.7 349
-482.5 384
-482.3 363
-482.1 366
-481.9 346
-481.7 371
-481.5 358
-481.3 368
-481.1 360
-480.9 350
-480.7 338
-480.5 355
-480.3 351
-480.1 358
-479.9 343
-479.7 339
-479.5 330
-479.3 376
-479.1 406
-478.9 334
-478.7 372
-478.5 362
-478.3 344
-478.1 351
-477.9 304
-477.7 347
-477.5 359
-477.3 319
-477.1 309
-476.9 322
-476.7 337
-476.5 338
-476.3 359
-476.1 357
-475.9 349
-475.7 343
-475.5 351
-475.3 361
-475.1 383
-474.9 359
-474.7 390
-474.5 340
-474.3 352
-474.1 330
-473.9 385
-473.7 338
-473.5 360
-473.3 366
-473.1 336
-472.9 377
-472.7 354
-472.5 341
-472.3 338
-472.1 363
-471.9 368
-471.7 351
-471.5 374
-471.3 341
-471.1 345
-470.9 371
-470.7 376
-470.5 374
-470.3 344
-470.1 328
-469.9 372
-469.7 355
-469.5 362
-469.3 319
-469.1 338
-468.9 341
-468.7 366
-468.5 351
-468.3 363
-468.1 348
-467.9 316
-467.7 362
-467.5 338
-467.3 339
-467.1 334
-466.9 371
-466.7 362
-466.5 323
-466.3 375
-466.1 384
-465.9 337
-465.7 366
-465.5 362
-465.3 346
-465.1 365
-464.9 343
-464.7 317
-464.5 386
-464.3 382
-464.1 328
-463.9 305
-463.7 347
-463.5 349
-463.3 362
-463.1 341
-462.9 360
-462.7 344
-462.5 368
-462.3 347
-462.1 325
-461.9 362
-461.7 334
-461.5 366
-461.3 335
-461.1 310
-460.9 326
-460.7 375
-460.5 334
-460.3 315
-460.1 302
-459.9 341
-459.7 354
-459.5 368
-459.3 337
-459.1 345
-458.9 325
-458.7 358
-458.5 341
-458.3 318
-458.1 354
-457.9 344
-457.7 354
-457.5 354
-457.3 320
-457.1 375
-456.9 350
-456.7 349
-456.5 341
-456.3 359
-456.1 310
-455.9 374
-455.7 352
-455.5 325
-455.3 334
-455.1 354
-454.9 317
-454.7 368
-454.5 367
-454.3 347
-454.1 350
-453.9 332
-453.7 367
-453.5 361
-453.3 375
-453.1 321
-452.9 337
-452.7 342
-452.5 336
-452.3 352
-452.1 352
-451.9 354
-451.7 312
-451.5 309
-451.3 320
-451.1 338
-450.9 329
-450.7 338
-450.5 323
-450.3 336
-450.1 318
-449.9 350
-449.7 346
-449.5 309
-449.3 327
-449.1 324
-448.9 346
-448.7 327
-448.5 333
-448.3 342
-448.1 332
-447.9 306
-447.7 341
-447.5 310
-447.3 317
-447.1 286
-446.9 318
-446.7 335
-446.5 279
-446.3 342
-446.1 331
-445.9 329
-445.7 303
-445.5 297
-445.3 282
-445.1 298
-444.9 290
-444.7 299
-444.5 314
-444.3 274
-444.1 282
-443.9 300
-443.7 310
-443.5 278
-443.3 333
-443.1 289
-442.9 265
-442.7 298
-442.5 317
-442.3 315
-442.1 285
-441.9 290
-441.7 300
-441.5 305
-441.3 302
-441.1 286
-440.9 291
-440.7 281
-440.5 295
-440.3 258
-440.1 263
-439.9 282
-439.7 260
-439.5 254
-439.3 263
-439.1 256
-438.9 285
-438.7 269
-438.5 261
-438.3 264
-438.1 276
-437.9 251
-437.7 260
-437.5 243
-437.3 252
-437.1 251
-436.9 196
-436.7 220
-436.5 228
-436.3 228
-436.1 249
-435.9 255
-435.7 213
-435.5 221
-435.3 252
-435.1 207
-434.9 218
-434.7 216
-434.5 212
-434.3 227
-434.1 212
-433.9 220
-433.7 220
-433.5 222
-433.3 207
-433.1 208
-432.9 190
-432.7 217
-432.5 198
-432.3 204
-432.1 199
-431.9 233
-431.7 200
-431.5 178
-431.3 171
-431.1 167
-430.9 183
-430.7 170
-430.5 169
-430.3 186
-430.1 177
-429.9 157
-429.7 181
-429.5 161
-429.3 187
-429.1 173
-428.9 167
-428.7 166
-428.5 156
-428.3 171
-428.1 139
-427.9 129
-427.7 142
-427.5 148
-427.3 170
-427.1 144
-426.9 134
-426.7 137
-426.5 143
-426.3 133
-426.1 122
-425.9 141
-425.7 123
-425.5 122
-425.3 132
-425.1 140
-424.9 106
-424.7 117
-424.5 121
-424.3 87
-424.1 126
-423.9 111
-423.7 100
-423.5 105
-423.3 105
-423.1 102
-422.9 106
-422.7 113
-422.5 90
-422.3 106
-422.1 96
-421.9 88
-421.7 79
-421.5 99
-421.3 90
-421.1 79
-420.9 76
-420.7 77
-420.5 94
-420.3 87
-420.1 74
-419.9 73
-419.7 70
-419.5 71
-419.3 57
-419.1 74
-418.9 64
-418.7 74
-418.5 58
-418.3 67
-418.1 53
-417.9 67
-417.7 63
-417.5 70
-417.3 52
-417.1 53
-416.9 44
-416.7 44
-416.5 57
-416.3 44
-416.1 50
-415.9 41
-415.7 43
-415.5 49
-415.3 42
-415.1 40
-414.9 29
-414.7 37
-414.5 46
-414.3 40
-414.1 28
-413.9 27
-413.7 32
-413.5 31
-413.3 33
-413.1 41
-412.9 32
-412.7 38
-412.5 20
-412.3 19
-412.1 26
-411.9 27
-411.7 17
-411.5 22
-411.3 20
-411.1 21
-410.9 29
-410.7 18
-410.5 20
-410.3 26
-410.1 17
-409.9 18
-409.7 22
-409.5 17
-409.3 16
-409.1 19
-408.9 13
-408.7 22
-408.5 17
-408.3 17
-408.1 10
-407.9 15
-407.7 12
-407.5 8
-407.3 8
-407.1 8
-406.9 7
-406.7 7
-406.5 8
-406.3 7
-406.1 6
-405.9 4
-405.7 9
-405.5 8
-405.3 14
-405.1 6
-404.9 6
-404.7 5
-404.5 8
-404.3 8
-404.1 4
-403.9 6
-403.7 5
-403.5 3
-403.3 7
-403.1 1
-402.9 4
-402.7 5
-402.5 2
-402.3 8
-402.1 1
-401.9 4
-401.7 3
-401.5 1
-401.3 4
-401.1 2
-400.9 2
-400.7 3
-400.5 0
-400.3 1
-400.1 2
-399.9 6
-399.7 0
-399.5 0
-399.3 3
-399.1 3
-398.9 1
-398.7 0
-398.5 0
-398.3 1
-398.1 1
-397.9 2
-397.7 1
-397.5 1
-397.3 0
-397.1 2
-396.9 0
-396.7 1
-396.5 1
-396.3 3
-396.1 0
-395.9 0
-395.7 0
-395.5 0
-395.3 0
-395.1 1
-394.9 2
-394.7 1
-394.5 0
-394.3 0
-394.1 0
-393.9 2
-393.7 2
-393.5 1
-393.3 0
-393.1 0
-392.9 0
-392.7 0
-392.5 0
-392.3 0
-392.1 0
-391.9 0
-391.7 1
-391.5 0
-391.3 1
-391.1 0
-390.9 1
-390.7 1
-390.5 0
-390.3 0
-390.1 1
-389.9 0
-389.7 0
-389.5 0
-389.3 1
-389.1 1
-388.9 0
-388.7 0
-388.5 0
-388.3 0
-388.1 0
-387.9 0
-387.7 0
-387.5 0
-387.3 0
-387.1 0
-386.9 0
-386.7 0
-386.5 0
-386.3 0
-386.1 0
-385.9 0
-385.7 0
-385.5 0
-385.3 0
-385.1 0
-384.9 0
-384.7 0
-384.5 1
-384.3 1
-384.1 0
-383.9 0
-383.7 2
-383.5 1
-383.3 0
-383.1 0
-382.9 0
-382.7 2
-382.5 1
-382.3 1
-382.1 0
-381.9 0
-381.7 0
-381.5 0
-381.3 0
-381.1 0
-380.9 0
-380.7 0
-380.5 0
-380.3 0
-380.1 2
-379.9 0
-379.7 1
-379.5 0
-379.3 0
-379.1 0
-378.9 1
-378.7 1
-378.5 0
-378.3 0
-378.1 1
-377.9 1
-377.7 0
-377.5 0
-377.3 0
-377.1 1
-376.9 1
-376.7 0
-376.5 0
-376.3 0
-376.1 0
-375.9 0
-375.7 0
-375.5 0
-375.3 0
-375.1 0
-374.9 0
-374.7 1
-374.5 0
-374.3 0
-374.1 1
-373.9 0
-373.7 0
-373.5 0
-373.3 0
-373.1 0
-372.9 0
-372.7 0
-372.5 0
-372.3 1
-372.1 0
-371.9 0
-371.7 0
-371.5 0
-371.3 1
-371.1 0
-370.9 0
-370.7 1
-370.5 0
-370.3 1
-370.1 0
-369.9 1
-369.7 0
-369.5 0
-369.3 0
-369.1 1
-368.9 0
-368.7 0
-368.5 0
-368.3 0
-368.1 0
-367.9 0
-367.7 0
-367.5 0
-367.3 1
-367.1 1
-366.9 0
-366.7 0
-366.5 0
-366.3 0
-366.1 0
-365.9 0
-365.7 0
-365.5 1
-365.3 0
-365.1 0
-364.9 0
-364.7 0
-364.5 0
-364.3 0
-364.1 2
-363.9 0
-363.7 0
-363.5 0
-363.3 0
-363.1 0
-362.9 1
-362.7 0
-362.5 2
-362.3 0
-362.1 1
-361.9 0
-361.7 0
-361.5 0
-361.3 0
-361.1 0
-360.9 0
-360.7 0
-360.5 0
-360.3 0
-360.1 0
-359.9 0
-359.7 0
-359.5 0
-359.3 0
-359.1 0
-358.9 0
-358.7 0
-358.5 2
-358.3 0
-358.1 0
-357.9 0
-357.7 0
-357.5 0
-357.3 0
-357.1 0
-356.9 0
-356.7 0
-356.5 0
-356.3 0
-356.1 1
-355.9 0
-355.7 0
-355.5 0
-355.3 1
-355.1 1
-354.9 0
-354.7 0
-354.5 1
-354.3 0
-354.1 0
-353.9 0
-353.7 0
-353.5 0
-353.3 0
-353.1 1
-352.9 2
-352.7 0
-352.5 0
-352.3 1
-352.1 0
-351.9 0
-351.7 0
-351.5 0
-351.3 0
-351.1 0
-350.9 0
-350.7 0
-350.5 1
-350.3 0
-350.1 2
