-699.9 0
-699.7 0
-699.5 0
-699.3 0
-699.1 0
-698.9 0
-698.7 0
-698.5 0
-698.3 0
-698.1 0
-697.9 0
-697.7 0
-697.5 0
-697.3 0
-697.1 0
-696.9 0
-696.7 0
-696.5 0
-696.3 0
-696.1 0
-695.9 0
-695.7 0
-695.5 0
-695.3 0
-695.1 0
-694.9 0
-694.7 0
-694.5 0
-694.3 0
-694.1 0
-693.9 0
-693.7 0
-693.5 0
-693.3 0
-693.1 0
-692.9 0
-692.7 0
-692.5 0
-692.3 0
-692.1 0
-691.9 0
-691.7 0
-691.5 0
-691.3 0
-691.1 0
-690.9 0
-690.7 0
-690.5 0
-690.3 0
-690.1 0
-689.9 0
-689.7 0
-689.5 0
-689.3 0
-689.1 0
-688.9 0
-688.7 0
-688.5 0
-688.3 0
-688.1 0
-687.9 0
-687.7 0
-687.5 0
-687.3 0
-687.1 0
-686.9 0
-686.7 0
-686.5 0
-686.3 0
-686.1 0
-685.9 0
-685.7 0
-685.5 0
-685.3 0
-685.1 0
-684.9 0
-684.7 0
-684.5 0
-684.3 0
-684.1 0
-683.9 0
-683.7 0
-683.5 0
-683.3 0
-683.1 0
-682.9 0
-682.7 0
-682.5 0
-682.3 0
-682.1 0
-681.9 0
-681.7 0
-681.5 0
-681.3 0
-681.1 0
-680.9 0
-680.7 0
-680.5 0
-680.3 0
-680.1 0
-679.9 0
-679.7 0
-679.5 0
-679.3 0
-679.1 0
-678.9 0
-678.7 0
-678.5 0
-678.3 0
-678.1 0
-677.9 0
-677.7 0
-677.5 0
-677.3 0
-677.1 0
-676.9 0
-676.7 1
-676.5 0
-676.3 0
-676.1 1
-675.9 0
-675.7 0
-675.5 1
-675.3 1
-675.1 0
-674.9 2
-674.7 1
-674.5 1
-674.3 2
-674.1 3
-673.9 4
-673.7 7
-673.5 4
-673.3 5
-673.1 11
-672.9 4
-672.7 10
-672.5 5
-672.3 11
-672.1 15
-671.9 11
-671.7 16
-671.5 15
-671.3 19
-671.1 18
-670.9 22
-670.7 15
-670.5 22
-670.3 16
-670.1 24
-669.9 26
-669.7 27
-669.5 36
-669.3 48
-669.1 31
-668.9 36
-668.7 35
-668.5 40
-668.3 41
-668.1 42
-667.9 44
-667.7 38
-667.5 47
-667.3 47
-667.1 50
-666.9 46
-666.7 69
-666.5 53
-666.3 46
-666.1 65
-665.9 60
-665.7 65
-665.5 66
-665.3 79
-665.1 64
-664.9 70
-664.7 75
-664.5 67
-664.3 78
-664.1 79
-663.9 77
-663.7 95
-663.5 81
-663.3 117
-663.1 99
-662.9 125
-662.7 79
-662.5 84
-662.3 107
-662.1 123
-661.9 112
-661.7 115
-661.5 118
-661.3 127
-661.1 125
-660.9 132
-660.7 133
-660.5 159
-660.3 147
-660.1 142
-659.9 149
-659.7 133
-659.5 132
-659.3 164
-659.1 136
-658.9 165
-658.7 168
-658.5 178
-658.3 183
-658.1 147
-657.9 185
-657.7 188
-657.5 188
-657.3 195
-657.1 221
-656.9 201
-656.7 208
-656.5 230
-656.3 200
-656.1 225
-655.9 209
-655.7 213
-655.5 220
-655.3 187
-655.1 214
-654.9 240
-654.7 248
-654.5 244
-654.3 222
-654.1 217
-653.9 241
-653.7 262
-653.5 278
-653.3 273
-653.1 273
-652.9 286
-652.7 264
-652.5 283
-652.3 325
-652.1 279
-651.9 259
-651.7 264
-651.5 277
-651.3 324
-651.1 312
-650.9 322
-650.7 320
-650.5 309
-650.3 351
-650.1 343
-649.9 305
-649.7 365
-649.5 358
-649.3 304
-649.1 353
-648.9 326
-648.7 344
-648.5 359
-648.3 347
-648.1 363
-647.9 340
-647.7 365
-647.5 363
-647.3 370
-647.1 393
-646.9 361
-646.7 369
-646.5 391
-646.3 392
-646.1 393
-645.9 384
-645.7 407
-645.5 344
-645.3 393
-645.1 412
-644.9 401
-644.7 397
-644.5 414
-644.3 397
-644.1 412
-643.9 386
-643.7 374
-643.5 426
-643.3 410
-643.1 410
-642.9 421
-642.7 413
-642.5 419
-642.3 445
-642.1 432
-641.9 447
-641.7 417
-641.5 412
-641.3 400
-641.1 469
-640.9 430
-640.7 442
-640.5 401
-640.3 447
-640.1 461
-639.9 477
-639.7 451
-639.5 460
-639.3 459
-639.1 417
-638.9 434
-638.7 418
-638.5 454
-638.3 447
-638.1 455
-637.9 417
-637.7 470
-637.5 437
-637.3 453
-637.1 474
-636.9 498
-636.7 456
-636.5 404
-636.3 451
-636.1 451
-635.9 447
-635.7 471
-635.5 441
-635.3 468
-635.1 471
-634.9 426
-634.7 450
-634.5 484
-634.3 465
-634.1 454
-633.9 456
-633.7 488
-633.5 442
-633.3 467
-633.1 460
-632.9 463
-632.7 435
-632.5 430
-632.3 447
-632.1 435
-631.9 425
-631.7 433
-631.5 447
-631.3 444
-631.1 444
-630.9 419
-630.7 421
-630.5 432
-630.3 439
-630.1 406
-629.9 432
-629.7 422
-629.5 405
-629.3 408
-629.1 382
-628.9 404
-628.7 397
-628.5 446
-628.3 453
-628.1 438
-627.9 463
-627.7 407
-627.5 428
-627.3 443
-627.1 370
-626.9 399
-626.7 420
-626.5 423
-626.3 442
-626.1 400
-625.9 424
-625.7 394
-625.5 383
-625.3 374
-625.1 421
-624.9 422
-624.7 421
-624.5 407
-624.3 387
-624.1 406
-623.9 393
-623.7 366
-623.5 388
-623.3 410
-623.1 410
-622.9 418
-622.7 381
-622.5 408
-622.3 435
-622.1 404
-621.9 370
-621.7 393
-621.5 425
-621.3 363
-621.1 390
-620.9 405
-620.7 397
-620.5 373
-620.3 348
-620.1 391
-619.9 395
-619.7 376
-619.5 407
-619.3 416
-619.1 365
-618.9 356
-618.7 362
-618.5 373
-618.3 381
-618.1 375
-617.9 378
-617.7 361
-617.5 347
-617.3 370
-617.1 408
-616.9 384
-616.7 355
-616.5 388
-616.3 394
-616.1 373
-615.9 381
-615.7 369
-615.5 351
-615.3 361
-615.1 349
-614.9 359
-614.7 361
-614.5 348
-614.3 387
-614.1 381
-613.9 371
-613.7 361
-613.5 407
-613.3 358
-613.1 358
-612.9 379
-612.7 356
-612.5 370
-612.3 358
-612.1 393
-611.9 380
-611.7 358
-611.5 343
-611.3 346
-611.1 355
-610.9 380
-610.7 351
-610.5 369
-610.3 346
-610.1 362
-609.9 332
-609.7 408
-609.5 339
-609.3 379
-609.1 351
-608.9 370
-608.7 371
-608.5 356
-608.3 351
-608.1 330
-607.9 378
-607.7 343
-607.5 345
-607.3 340
-607.1 346
-606.9 352
-606.7 367
-606.5 380
-606.3 354
-606.1 387
-605.9 339
-605.7 336
-605.5 353
-605.3 338
-605.1 355
-604.9 375
-604.7 346
-604.5 349
-604.3 340
-604.1 360
-603.9 318
-603.7 394
-603.5 335
-603.3 357
-603.1 340
-602.9 341
-602.7 379
-602.5 363
-602.3 375
-602.1 374
-601.9 384
-601.7 377
-601.5 376
-601.3 349
-601.1 329
-600.9 347
-600.7 343
-600.5 345
-600.3 342
-600.1 347
-599.9 337
-599.7 318
-599.5 354
-599.3 326
-599.1 343
-598.9 367
-598.7 334
-598.5 360
-598.3 291
-598.1 326
-597.9 337
-597.7 365
-597.5 333
-597.3 325
-597.1 328
-596.9 369
-596.7 353
-596.5 367
-596.3 324
-596.1 333
-595.9 355
-595.7 327
-595.5 324
-595.3 357
-595.1 340
-594.9 330
-594.7 343
-594.5 347
-594.3 332
-594.1 351
-593.9 373
-593.7 342
-593.5 338
-593.3 341
-593.1 359
-592.9 326
-592.7 334
-592.5 342
-592.3 349
-592.1 358
-591.9 388
-591.7 343
-591.5 342
-591.3 350
-591.1 381
-590.9 362
-590.7 372
-590.5 353
-590.3 334
-590.1 304
-589.9 357
-589.7 325
-589.5 400
-589.3 318
-589.1 344
-588.9 332
-588.7 358
-588.5 339
-588.3 359
-588.1 368
-587.9 333
-587.7 355
-587.5 372
-587.3 366
-587.1 349
-586.9 338
-586.7 358
-586.5 372
-586.3 383
-586.1 349
-585.9 332
-585.7 394
-585.5 373
-585.3 325
-585.1 368
-584.9 364
-584.7 334
-584.5 324
-584.3 337
-584.1 340
-583.9 321
-583.7 357
-583.5 357
-583.3 348
-583.1 365
-582.9 378
-582.7 333
-582.5 376
-582.3 332
-582.1 342
-581.9 331
-581.7 331
-581.5 337
-581.3 325
-581.1 340
-580.9 326
-580.7 356
-580.5 321
-580.3 345
-580.1 330
-579.9 362
-579.7 338
-579.5 350
-579.3 359
-579.1 362
-578.9 341
-578.7 346
-578.5 351
-578.3 347
-578.1 339
-577.9 322
-577.7 371
-577.5 361
-577.3 360
-577.1 333
-576.9 358
-576.7 346
-576.5 338
-576.3 349
-576.1 355
-575.9 370
-575.7 365
-575.5 371
-575.3 345
-575.1 333
-574.9 345
-574.7 365
-574.5 326
-574.3 333
-574.1 375
-573.9 329
-573.7 328
-573.5 323
-573.3 371
-573.1 344
-572.9 353
-572.7 335
-572.5 341
-572.3 370
-572.1 339
-571.9 343
-571.7 359
-571.5 320
-571.3 377
-571.1 318
-570.9 340
-570.7 336
-570.5 333
-570.3 351
-570.1 365
-569.9 334
-569.7 312
-569.5 319
-569.3 347
-569.1 334
-568.9 333
-568.7 327
-568.5 355
-568.3 330
-568.1 357
-567.9 346
-567.7 342
-567.5 336
-567.3 321
-567.1 344
-566.9 346
-566.7 312
-566.5 347
-566.3 349
-566.1 329
-565.9 316
-565.7 335
-565.5 336
-565.3 341
-565.1 362
-564.9 343
-564.7 351
-564.5 348
-564.3 314
-564.1 344
-563.9 335
-563.7 317
-563.5 328
-563.3 342
-563.1 334
-562.9 359
-562.7 342
-562.5 355
-562.3 373
-562.1 321
-561.9 337
-561.7 325
-561.5 330
-561.3 352
-561.1 337
-560.9 365
-560.7 340
-560.5 352
-560.3 349
-560.1 348
-559.9 365
-559.7 355
-559.5 340
-559.3 352
-559.1 356
-558.9 362
-558.7 372
-558.5 372
-558.3 380
-558.1 325
-557.9 359
-557.7 336
-557.5 358
-557.3 330
-557.1 346
-556.9 312
-556.7 370
-556.5 346
-556.3 341
-556.1 329
-555.9 357
-555.7 346
-555.5 325
-555.3 315
-555.1 344
-554.9 345
-554.7 346
-554.5 359
-554.3 354
-554.1 356
-553.9 346
-553.7 324
-553.5 365
-553.3 341
-553.1 356
-552.9 360
-552.7 368
-552.5 336
-552.3 348
-552.1 311
-551.9 345
-551.7 333
-551.5 338
-551.3 327
-551.1 354
-550.9 383
-550.7 334
-550.5 350
-550.3 315
-550.1 365
-549.9 322
-549.7 371
-549.5 379
-549.3 321
-549.1 346
-548.9 360
-548.7 328
-548.5 316
-548.3 355
-548.1 375
-547.9 335
-547.7 326
-547.5 347
-547.3 365
-547.1 386
-546.9 322
-546.7 317
-546.5 351
-546.3 337
-546.1 323
-545.9 305
-545.7 327
-545.5 332
-545.3 355
-545.1 364
-544.9 335
-544.7 334
-544.5 332
-544.3 353
-544.1 350
-543.9 333
-543.7 341
-543.5 355
-543.3 333
-543.1 334
-542.9 360
-542.7 344
-542.5 381
-542.3 333
-542.1 352
-541.9 352
-541.7 297
-541.5 331
-541.3 345
-541.1 366
-540.9 348
-540.7 346
-540.5 343
-540.3 323
-540.1 346
-539.9 326
-539.7 358
-539.5 337
-539.3 379
-539.1 350
-538.9 339
-538.7 351
-538.5 345
-538.3 332
-538.1 335
-537.9 335
-537.7 358
-537.5 344
-537.3 347
-537.1 315
-536.9 333
-536.7 319
-536.5 344
-536.3 362
-536.1 335
-535.9 341
-535.7 345
-535.5 340
-535.3 368
-535.1 350
-534.9 348
-534.7 357
-534.5 366
-534.3 364
-534.1 339
-533.9 360
-533.7 314
-533.5 369
-533.3 350
-533.1 359
-532.9 340
-532.7 359
-532.5 326
-532.3 327
-532.1 314
-531.9 357
-531.7 341
-531.5 324
-531.3 358
-531.1 341
-530.9 367
-530.7 313
-530.5 345
-530.3 297
-530.1 346
-529.9 340
-529.7 388
-529.5 340
-529.3 372
-529.1 303
-528.9 356
-528.7 304
-528.5 319
-528.3 346
-528.1 336
-527.9 369
-527.7 378
-527.5 309
-527.3 331
-527.1 358
-526.9 349
-526.7 319
-526.5 377
-526.3 359
-526.1 342
-525.9 324
-525.7 373
-525.5 360
-525.3 327
-525.1 303
-524.9 374
-524.7 362
-524.5 349
-524.3 359
-524.1 337
-523.9 325
-523.7 326
-523.5 346
-523.3 343
-523.1 351
-522.9 370
-522.7 328
-522.5 329
-522.3 357
-522.1 342
-521.9 324
-521.7 353
-521.5 374
-521.3 373
-521.1 361
-520.9 351
-520.7 346
-520.5 368
-520.3 342
-520.1 307
-519.9 318
-519.7 393
-519.5 303
-519.3 372
-519.1 368
-518.9 340
-518.7 345
-518.5 349
-518.3 364
-518.1 344
-517.9 375
-517.7 346
-517.5 328
-517.3 336
-517.1 369
-516.9 352
-516.7 339
-516.5 342
-516.3 332
-516.1 337
-515.9 334
-515.7 320
-515.5 320
-515.3 353
-515.1 335
-514.9 355
-514.7 359
-514.5 340
-514.3 333
-514.1 351
-513.9 334
-513.7 349
-513.5 343
-513.3 350
-513.1 337
-512.9 344
-512.7 328
-512.5 339
-512.3 351
-512.1 342
-511.9 357
-511.7 320
-511.5 338
-511.3 331
-511.1 365
-510.9 316
-510.7 330
-510.5 339
-510.3 360
-510.1 319
-509.9 323
-509.7 392
-509.5 327
-509.3 342
-509.1 361
-508.9 360
-508.7 385
-508.5 333
-508.3 364
-508.1 371
-507.9 377
-507.7 341
-507.5 341
-507.3 322
-507.1 354
-506.9 337
-506.7 360
-506.5 340
-506.3 332
-506.1 375
-505.9 357
-505.7 333
-505.5 330
-505.3 298
-505.1 338
-504.9 331
-504.7 346
-504.5 360
-504.3 339
-504.1 337
-503.9 342
-503.7 373
-503.5 332
-503.3 367
-503.1 321
-502.9 344
-502.7 356
-502.5 338
-502.3 341
-502.1 379
-501.9 344
-501.7 334
-501.5 324
-501.3 328
-501.1 298
-500.9 354
-500.7 321
-500.5 334
-500.3 338
-500.1 339
-499.9 318
-499.7 355
-499.5 366
-499.3 337
-499.1 321
-498.9 351
-498.7 329
-498.5 349
-498.3 357
-498.1 340
-497.9 333
-497.7 335
-497.5 355
-497.3 346
-497.1 339
-496.9 347
-496.7 360
-496.5 344
-496.3 345
-496.1 363
-495.9 360
-495.7 332
-495.5 333
-495.3 374
-495.1 364
-494.9 361
-494.7 332
-494.5 328
-494.3 353
-494.1 342
-493.9 346
-493.7 358
-493.5 344
-493.3 344
-493.1 335
-492.9 353
-492.7 374
-492.5 340
-492.3 329
-492.1 340
-491.9 361
-491.7 301
-491.5 338
-491.3 359
-491.1 342
-490.9 344
-490.7 371
-490.5 352
-490.3 375
-490.1 331
-489.9 340
-489.7 344
-489.5 382
-489.3 333
-489.1 341
-488.9 343
-488.7 357
-488.5 351
-488.3 355
-488.1 346
-487.9 365
-487.7 363
-487.5 360
-487.3 314
-487.1 306
-486.9 379
-486.7 322
-486.5 357
-486.3 346
-486.1 346
-485.9 332
-485.7 339
-485.5 342
-485.3 343
-485.1 343
-484.9 330
-484.7 320
-484.5 344
-484.3 329
-484.1 376
-483.9 349
-483.7 354
-483.5 337
-483.3 356
-483.1 340
-482.9 347
-482.7 350
-482.5 318
-482.3 343
-482.1 322
-481.9 342
-481.7 348
-481.5 334
-481.3 372
-481.1 350
-480.9 377
-480.7 340
-480.5 322
-480.3 308
-480.1 345
-479.9 355
-479.7 380
-479.5 342
-479.3 326
-479.1 348
-478.9 340
-478.7 317
-478.5 350
-478.3 365
-478.1 338
-477.9 347
-477.7 379
-477.5 334
-477.3 339
-477.1 303
-476.9 326
-476.7 339
-476.5 338
-476.3 347
-476.1 323
-475.9 341
-475.7 344
-475.5 335
-475.3 330
-475.1 346
-474.9 331
-474.7 295
-474.5 345
-474.3 347
-474.1 357
-473.9 334
-473.7 359
-473.5 349
-473.3 326
-473.1 360
-472.9 356
-472.7 337
-472.5 343
-472.3 373
-472.1 346
-471.9 316
-471.7 335
-471.5 307
-471.3 325
-471.1 343
-470.9 343
-470.7 327
-470.5 343
-470.3 342
-470.1 355
-469.9 327
-469.7 343
-469.5 352
-469.3 352
-469.1 349
-468.9 363
-468.7 360
-468.5 337
-468.3 334
-468.1 362
-467.9 348
-467.7 338
-467.5 335
-467.3 350
-467.1 356
-466.9 350
-466.7 382
-466.5 371
-466.3 323
-466.1 341
-465.9 359
-465.7 369
-465.5 366
-465.3 339
-465.1 375
-464.9 334
-464.7 349
-464.5 351
-464.3 363
-464.1 370
-463.9 378
-463.7 317
-463.5 367
-463.3 356
-463.1 323
-462.9 372
-462.7 332
-462.5 328
-462.3 345
-462.1 321
-461.9 340
-461.7 310
-461.5 292
-461.3 327
-461.1 317
-460.9 365
-460.7 340
-460.5 321
-460.3 333
-460.1 334
-459.9 366
-459.7 371
-459.5 353
-459.3 334
-459.1 345
-458.9 346
-458.7 317
-458.5 329
-458.3 314
-458.1 339
-457.9 360
-457.7 339
-457.5 334
-457.3 340
-457.1 315
-456.9 361
-456.7 355
-456.5 333
-456.3 316
-456.1 312
-455.9 335
-455.7 344
-455.5 322
-455.3 340
-455.1 307
-454.9 325
-454.7 327
-454.5 334
-454.3 328
-454.1 327
-453.9 314
-453.7 340
-453.5 333
-453.3 365
-453.1 299
-452.9 297
-452.7 288
-452.5 298
-452.3 291
-452.1 320
-451.9 324
-451.7 304
-451.5 290
-451.3 318
-451.1 288
-450.9 320
-450.7 301
-450.5 303
-450.3 267
-450.1 333
-449.9 327
-449.7 320
-449.5 313
-449.3 297
-449.1 325
-448.9 311
-448.7 302
-448.5 321
-448.3 266
-448.1 306
-447.9 318
-447.7 309
-447.5 319
-447.3 283
-447.1 295
-446.9 336
-446.7 292
-446.5 295
-446.3 307
-446.1 285
-445.9 308
-445.7 292
-445.5 271
-445.3 288
-445.1 259
-444.9 312
-444.7 262
-444.5 298
-444.3 292
-444.1 255
-443.9 296
-443.7 245
-443.5 262
-443.3 280
-443.1 271
-442.9 256
-442.7 257
-442.5 256
-442.3 244
-442.1 257
-441.9 265
-441.7 260
-441.5 240
-441.3 245
-441.1 278
-440.9 259
-440.7 227
-440.5 230
-440.3 252
-440.1 255
-439.9 244
-439.7 256
-439.5 277
-439.3 226
-439.1 224
-438.9 239
-438.7 230
-438.5 225
-438.3 212
-438.1 225
-437.9 210
-437.7 232
-437.5 208
-437.3 220
-437.1 216
-436.9 216
-436.7 221
-436.5 200
-436.3 202
-436.1 183
-435.9 190
-435.7 221
-435.5 187
-435.3 177
-435.1 193
-434.9 186
-434.7 203
-434.5 216
-434.3 204
-434.1 196
-433.9 171
-433.7 195
-433.5 207
-433.3 205
-433.1 198
-432.9 168
-432.7 179
-432.5 161
-432.3 145
-432.1 147
-431.9 174
-431.7 156
-431.5 173
-431.3 160
-431.1 149
-430.9 135
-430.7 164
-430.5 156
-430.3 156
-430.1 139
-429.9 144
-429.7 141
-429.5 147
-429.3 136
-429.1 130
-428.9 147
-428.7 134
-428.5 121
-428.3 146
-428.1 138
-427.9 123
-427.7 138
-427.5 117
-427.3 111
-427.1 95
-426.9 120
-426.7 110
-426.5 94
-426.3 112
-426.1 106
-425.9 92
-425.7 97
-425.5 70
-425.3 112
-425.1 100
-424.9 92
-424.7 104
-424.5 86
-424.3 101
-424.1 82
-423.9 102
-423.7 92
-423.5 75
-423.3 87
-423.1 88
-422.9 82
-422.7 96
-422.5 83
-422.3 73
-422.1 76
-421.9 64
-421.7 76
-421.5 78
-421.3 66
-421.1 79
-420.9 68
-420.7 72
-420.5 64
-420.3 51
-420.1 62
-419.9 57
-419.7 60
-419.5 41
-419.3 46
-419.1 49
-418.9 53
-418.7 47
-418.5 53
-418.3 43
-418.1 43
-417.9 56
-417.7 38
-417.5 51
-417.3 41
-417.1 37
-416.9 38
-416.7 29
-416.5 36
-416.3 28
-416.1 39
-415.9 37
-415.7 44
-415.5 33
-415.3 33
-415.1 30
-414.9 31
-414.7 35
-414.5 20
-414.3 31
-414.1 28
-413.9 27
-413.7 22
-413.5 26
-413.3 33
-413.1 31
-412.9 25
-412.7 14
-412.5 21
-412.3 20
-412.1 19
-411.9 22
-411.7 11
-411.5 15
-411.3 17
-411.1 22
-410.9 11
-410.7 19
-410.5 10
-410.3 16
-410.1 14
-409.9 12
-409.7 16
-409.5 11
-409.3 11
-409.1 11
-408.9 11
-408.7 14
-408.5 9
-408.3 6
-408.1 5
-407.9 4
-407.7 6
-407.5 9
-407.3 4
-407.1 7
-406.9 7
-406.7 11
-406.5 1
-406.3 7
-406.1 7
-405.9 4
-405.7 1
-405.5 3
-405.3 5
-405.1 4
-404.9 7
-404.7 3
-404.5 3
-404.3 5
-404.1 4
-403.9 4
-403.7 2
-403.5 2
-403.3 5
-403.1 2
-402.9 1
-402.7 3
-402.5 1
-402.3 2
-402.1 2
-401.9 1
-401.7 1
-401.5 1
-401.3 1
-401.1 1
-400.9 0
-400.7 0
-400.5 1
-400.3 5
-400.1 0
-399.9 2
-399.7 1
-399.5 0
-399.3 0
-399.1 1
-398.9 1
-398.7 2
-398.5 1
-398.3 1
-398.1 1
-397.9 0
-397.7 1
-397.5 0
-397.3 0
-397.1 2
-396.9 0
-396.7 0
-396.5 0
-396.3 1
-396.1 0
-395.9 0
-395.7 0
-395.5 0
-395.3 1
-395.1 0
-394.9 1
-394.7 1
-394.5 0
-394.3 0
-394.1 0
-393.9 1
-393.7 0
-393.5 0
-393.3 1
-393.1 0
-392.9 0
-392.7 0
-392.5 0
-392.3 0
-392.1 0
-391.9 0
-391.7 0
-391.5 0
-391.3 0
-391.1 0
-390.9 0
-390.7 1
-390.5 0
-390.3 1
-390.1 0
-389.9 1
-389.7 0
-389.5 0
-389.3 0
-389.1 0
-388.9 1
-388.7 0
-388.5 0
-388.3 0
-388.1 1
-387.9 0
-387.7 0
-387.5 0
-387.3 0
-387.1 0
-386.9 0
-386.7 1
-386.5 0
-386.3 0
-386.1 0
-385.9 1
-385.7 0
-385.5 1
-385.3 0
-385.1 0
-384.9 0
-384.7 0
-384.5 1
-384.3 0
-384.1 0
-383.9 0
-383.7 0
-383.5 0
-383.3 0
-383.1 0
-382.9 0
-382.7 0
-382.5 0
-382.3 0
-382.1 0
-381.9 0
-381.7 0
-381.5 0
-381.3 0
-381.1 0
-380.9 0
-380.7 0
-380.5 0
-380.3 1
-380.1 1
-379.9 1
-379.7 0
-379.5 0
-379.3 0
-379.1 0
-378.9 0
-378.7 0
-378.5 0
-378.3 0
-378.1 0
-377.9 0
-377.7 0
-377.5 0
-377.3 0
-377.1 0
-376.9 0
-376.7 0
-376.5 0
-376.3 0
-376.1 0
-375.9 1
-375.7 0
-375.5 0
-375.3 0
-375.1 0
-374.9 0
-374.7 0
-374.5 0
-374.3 0
-374.1 0
-373.9 1
-373.7 0
-373.5 1
-373.3 1
-373.1 0
-372.9 1
-372.7 0
-372.5 0
-372.3 0
-372.1 0
-371.9 0
-371.7 0
-371.5 0
-371.3 0
-371.1 0
-370.9 1
-370.7 0
-370.5 0
-370.3 1
-370.1 0
-369.9 0
-369.7 0
-369.5 0
-369.3 0
-369.1 0
-368.9 1
-368.7 0
-368.5 0
-368.3 0
-368.1 1
-367.9 0
-367.7 1
-367.5 0
-367.3 0
-367.1 1
-366.9 0
-366.7 0
-366.5 0
-366.3 1
-366.1 0
-365.9 0
-365.7 0
-365.5 0
-365.3 0
-365.1 0
-364.9 0
-364.7 0
-364.5 1
-364.3 1
-364.1 0
-363.9 0
-363.7 0
-363.5 0
-363.3 1
-363.1 1
-362.9 1
-362.7 0
-362.5 0
-362.3 0
-362.1 0
-361.9 0
-361.7 0
-361.5 0
-361.3 0
-361.1 2
-360.9 0
-360.7 0
-360.5 0
-360.3 1
-360.1 0
-359.9 0
-359.7 0
-359.5 0
-359.3 0
-359.1 0
-358.9 0
-358.7 0
-358.5 1
-358.3 0
-358.1 0
-357.9 1
-357.7 0
-357.5 0
-357.3 0
-357.1 0
-356.9 0
-356.7 0
-356.5 1
-356.3 0
-356.1 0
-355.9 0
-355.7 2
-355.5 1
-355.3 0
-355.1 0
-354.9 0
-354.7 1
-354.5 0
-354.3 1
-354.1 1
-353.9 0
-353.7 0
-353.5 0
-353.3 0
-353.1 1
-352.9 0
-352.7 0
-352.5 0
-352.3 0
-352.1 0
-351.9 0
-351.7 0
-351.5 0
-351.3 0
-351.1 0
-350.9 0
-350.7 0
-350.5 0
-350.3 0
-350.1 0
