-1599.9 0
-1599.7 13
-1599.5 5
-1599.3 9
-1599.1 3
-1598.9 7
-1598.7 3
-1598.5 5
-1598.3 4
-1598.1 5
-1597.9 7
-1597.7 3
-1597.5 4
-1597.3 4
-1597.1 4
-1596.9 6
-1596.7 3
-1596.5 6
-1596.3 1
-1596.1 1
-1595.9 0
-1595.7 2
-1595.5 2
-1595.3 1
-1595.1 2
-1594.9 4
-1594.7 2
-1594.5 0
-1594.3 2
-1594.1 4
-1593.9 5
-1593.7 3
-1593.5 4
-1593.3 1
-1593.1 4
-1592.9 0
-1592.7 4
-1592.5 2
-1592.3 5
-1592.1 1
-1591.9 4
-1591.7 4
-1591.5 4
-1591.3 1
-1591.1 5
-1590.9 1
-1590.7 2
-1590.5 2
-1590.3 4
-1590.1 0
-1589.9 0
-1589.7 1
-1589.5 0
-1589.3 2
-1589.1 2
-1588.9 1
-1588.7 2
-1588.5 4
-1588.3 2
-1588.1 2
-1587.9 1
-1587.7 3
-1587.5 3
-1587.3 4
-1587.1 4
-1586.9 2
-1586.7 4
-1586.5 6
-1586.3 5
-1586.1 10
-1585.9 3
-1585.7 9
-1585.5 9
-1585.3 9
-1585.1 10
-1584.9 13
-1584.7 21
-1584.5 16
-1584.3 23
-1584.1 29
-1583.9 27
-1583.7 35
-1583.5 51
-1583.3 43
-1583.1 43
-1582.9 41
-1582.7 69
-1582.5 64
-1582.3 78
-1582.1 117
-1581.9 91
-1581.7 93
-1581.5 104
-1581.3 124
-1581.1 126
-1580.9 156
-1580.7 171
-1580.5 168
-1580.3 173
-1580.1 194
-1579.9 172
-1579.7 208
-1579.5 223
-1579.3 213
-1579.1 224
-1578.9 243
-1578.7 251
-1578.5 262
-1578.3 252
-1578.1 246
-1577.9 283
-1577.7 287
-1577.5 256
-1577.3 275
-1577.1 309
-1576.9 288
-1576.7 336
-1576.5 332
-1576.3 333
-1576.1 328
-1575.9 348
-1575.7 316
-1575.5 351
-1575.3 337
-1575.1 364
-1574.9 342
-1574.7 361
-1574.5 361
-1574.3 406
-1574.1 442
-1573.9 457
-1573.7 439
-1573.5 449
-1573.3 452
-1573.1 465
-1572.9 470
-1572.7 509
-1572.5 459
-1572.3 490
-1572.1 511
-1571.9 488
-1571.7 517
-1571.5 534
-1571.3 541
-1571.1 560
-1570.9 577
-1570.7 629
-1570.5 595
-1570.3 627
-1570.1 640
-1569.9 657
-1569.7 633
-1569.5 714
-1569.3 700
-1569.1 657
-1568.9 747
-1568.7 750
-1568.5 711
-1568.3 750
-1568.1 784
-1567.9 818
-1567.7 737
-1567.5 796
-1567.3 792
-1567.1 785
-1566.9 901
-1566.7 856
-1566.5 855
-1566.3 861
-1566.1 907
-1565.9 893
-1565.7 959
-1565.5 981
-1565.3 967
-1565.1 893
-1564.9 906
-1564.7 926
-1564.5 954
-1564.3 946
-1564.1 953
-1563.9 980
-1563.7 980
-1563.5 1025
-1563.3 942
-1563.1 948
-1562.9 1006
-1562.7 999
-1562.5 1042
-1562.3 1037
-1562.1 985
-1561.9 1061
-1561.7 1003
-1561.5 1017
-1561.3 1060
-1561.1 973
-1560.9 1029
-1560.7 1005
-1560.5 949
-1560.3 1012
-1560.1 1019
-1559.9 1055
-1559.7 1013
-1559.5 998
-1559.3 1006
-1559.1 948
-1558.9 1003
-1558.7 1012
-1558.5 978
-1558.3 940
-1558.1 975
-1557.9 972
-1557.7 961
-1557.5 970
-1557.3 928
-1557.1 993
-1556.9 962
-1556.7 963
-1556.5 931
-1556.3 993
-1556.1 948
-1555.9 966
-1555.7 931
-1555.5 966
-1555.3 1024
-1555.1 937
-1554.9 970
-1554.7 971
-1554.5 970
-1554.3 977
-1554.1 876
-1553.9 947
-1553.7 953
-1553.5 914
-1553.3 902
-1553.1 915
-1552.9 958
-1552.7 914
-1552.5 861
-1552.3 922
-1552.1 921
-1551.9 833
-1551.7 895
-1551.5 941
-1551.3 897
-1551.1 958
-1550.9 941
-1550.7 878
-1550.5 853
-1550.3 930
-1550.1 909
-1549.9 881
-1549.7 852
-1549.5 874
-1549.3 861
-1549.1 854
-1548.9 849
-1548.7 849
-1548.5 814
-1548.3 880
-1548.1 795
-1547.9 878
-1547.7 894
-1547.5 872
-1547.3 850
-1547.1 899
-1546.9 875
-1546.7 901
-1546.5 827
-1546.3 827
-1546.1 893
-1545.9 816
-1545.7 866
-1545.5 884
-1545.3 856
-1545.1 869
-1544.9 901
-1544.7 844
-1544.5 847
-1544.3 826
-1544.1 857
-1543.9 842
-1543.7 896
-1543.5 870
-1543.3 845
-1543.1 851
-1542.9 864
-1542.7 845
-1542.5 774
-1542.3 863
-1542.1 845
-1541.9 776
-1541.7 810
-1541.5 823
-1541.3 831
-1541.1 819
-1540.9 782
-1540.7 788
-1540.5 799
-1540.3 812
-1540.1 847
-1539.9 821
-1539.7 845
-1539.5 812
-1539.3 756
-1539.1 806
-1538.9 826
-1538.7 813
-1538.5 826
-1538.3 783
-1538.1 842
-1537.9 805
-1537.7 796
-1537.5 827
-1537.3 795
-1537.1 785
-1536.9 788
-1536.7 769
-1536.5 793
-1536.3 752
-1536.1 805
-1535.9 758
-1535.7 773
-1535.5 783
-1535.3 794
-1535.1 816
-1534.9 790
-1534.7 796
-1534.5 741
-1534.3 717
-1534.1 789
-1533.9 794
-1533.7 791
-1533.5 777
-1533.3 749
-1533.1 778
-1532.9 728
-1532.7 768
-1532.5 778
-1532.3 790
-1532.1 786
-1531.9 777
-1531.7 776
-1531.5 787
-1531.3 846
-1531.1 840
-1530.9 713
-1530.7 779
-1530.5 808
-1530.3 731
-1530.1 809
-1529.9 780
-1529.7 756
-1529.5 738
-1529.3 705
-1529.1 764
-1528.9 732
-1528.7 779
-1528.5 786
-1528.3 746
-1528.1 771
-1527.9 722
-1527.7 774
-1527.5 759
-1527.3 748
-1527.1 772
-1526.9 744
-1526.7 775
-1526.5 758
-1526.3 771
-1526.1 778
-1525.9 754
-1525.7 807
-1525.5 711
-1525.3 774
-1525.1 770
-1524.9 793
-1524.7 785
-1524.5 782
-1524.3 743
-1524.1 732
-1523.9 767
-1523.7 750
-1523.5 812
-1523.3 773
-1523.1 775
-1522.9 748
-1522.7 770
-1522.5 760
-1522.3 812
-1522.1 735
-1521.9 710
-1521.7 804
-1521.5 820
-1521.3 757
-1521.1 798
-1520.9 765
-1520.7 750
-1520.5 744
-1520.3 826
-1520.1 715
-1519.9 810
-1519.7 753
-1519.5 729
-1519.3 730
-1519.1 750
-1518.9 732
-1518.7 735
-1518.5 734
-1518.3 770
-1518.1 728
-1517.9 755
-1517.7 745
-1517.5 779
-1517.3 782
-1517.1 733
-1516.9 757
-1516.7 797
-1516.5 720
-1516.3 734
-1516.1 805
-1515.9 727
-1515.7 846
-1515.5 763
-1515.3 753
-1515.1 796
-1514.9 773
-1514.7 824
-1514.5 799
-1514.3 788
-1514.1 750
-1513.9 765
-1513.7 735
-1513.5 787
-1513.3 732
-1513.1 743
-1512.9 773
-1512.7 756
-1512.5 806
-1512.3 762
-1512.1 745
-1511.9 773
-1511.7 787
-1511.5 789
-1511.3 745
-1511.1 738
-1510.9 787
-1510.7 733
-1510.5 762
-1510.3 775
-1510.1 749
-1509.9 734
-1509.7 761
-1509.5 776
-1509.3 799
-1509.1 800
-1508.9 771
-1508.7 796
-1508.5 786
-1508.3 731
-1508.1 802
-1507.9 828
-1507.7 802
-1507.5 799
-1507.3 762
-1507.1 791
-1506.9 754
-1506.7 723
-1506.5 744
-1506.3 751
-1506.1 775
-1505.9 764
-1505.7 807
-1505.5 786
-1505.3 780
-1505.1 823
-1504.9 785
-1504.7 804
-1504.5 729
-1504.3 770
-1504.1 778
-1503.9 742
-1503.7 766
-1503.5 798
-1503.3 772
-1503.1 772
-1502.9 763
-1502.7 759
-1502.5 814
-1502.3 787
-1502.1 798
-1501.9 788
-1501.7 744
-1501.5 751
-1501.3 728
-1501.1 820
-1500.9 794
-1500.7 790
-1500.5 768
-1500.3 777
-1500.1 760
-1499.9 805
-1499.7 751
-1499.5 785
-1499.3 734
-1499.1 775
-1498.9 765
-1498.7 772
-1498.5 821
-1498.3 814
-1498.1 793
-1497.9 788
-1497.7 788
-1497.5 765
-1497.3 806
-1497.1 755
-1496.9 812
-1496.7 798
-1496.5 788
-1496.3 801
-1496.1 810
-1495.9 811
-1495.7 686
-1495.5 786
-1495.3 777
-1495.1 771
-1494.9 811
-1494.7 779
-1494.5 808
-1494.3 733
-1494.1 809
-1493.9 772
-1493.7 761
-1493.5 826
-1493.3 760
-1493.1 757
-1492.9 724
-1492.7 725
-1492.5 758
-1492.3 783
-1492.1 767
-1491.9 755
-1491.7 811
-1491.5 801
-1491.3 811
-1491.1 789
-1490.9 785
-1490.7 851
-1490.5 797
-1490.3 779
-1490.1 805
-1489.9 780
-1489.7 762
-1489.5 771
-1489.3 758
-1489.1 751
-1488.9 749
-1488.7 773
-1488.5 750
-1488.3 813
-1488.1 740
-1487.9 762
-1487.7 827
-1487.5 809
-1487.3 701
-1487.1 767
-1486.9 815
-1486.7 802
-1486.5 782
-1486.3 742
-1486.1 699
-1485.9 736
-1485.7 783
-1485.5 764
-1485.3 803
-1485.1 801
-1484.9 731
-1484.7 780
-1484.5 785
-1484.3 781
-1484.1 738
-1483.9 768
-1483.7 779
-1483.5 797
-1483.3 791
-1483.1 742
-1482.9 772
-1482.7 773
-1482.5 752
-1482.3 814
-1482.1 767
-1481.9 779
-1481.7 720
-1481.5 730
-1481.3 757
-1481.1 770
-1480.9 778
-1480.7 781
-1480.5 754
-1480.3 826
-1480.1 734
-1479.9 722
-1479.7 695
-1479.5 768
-1479.3 767
-1479.1 812
-1478.9 777
-1478.7 727
-1478.5 720
-1478.3 787
-1478.1 796
-1477.9 789
-1477.7 761
-1477.5 823
-1477.3 736
-1477.1 784
-1476.9 759
-1476.7 756
-1476.5 793
-1476.3 793
-1476.1 765
-1475.9 811
-1475.7 793
-1475.5 708
-1475.3 726
-1475.1 805
-1474.9 748
-1474.7 734
-1474.5 719
-1474.3 782
-1474.1 732
-1473.9 792
-1473.7 789
-1473.5 798
-1473.3 725
-1473.1 790
-1472.9 776
-1472.7 805
-1472.5 784
-1472.3 751
-1472.1 768
-1471.9 835
-1471.7 787
-1471.5 765
-1471.3 854
-1471.1 759
-1470.9 771
-1470.7 814
-1470.5 820
-1470.3 808
-1470.1 802
-1469.9 739
-1469.7 776
-1469.5 783
-1469.3 802
-1469.1 725
-1468.9 803
-1468.7 780
-1468.5 831
-1468.3 791
-1468.1 769
-1467.9 743
-1467.7 799
-1467.5 825
-1467.3 814
-1467.1 808
-1466.9 810
-1466.7 832
-1466.5 750
-1466.3 761
-1466.1 769
-1465.9 736
-1465.7 767
-1465.5 806
-1465.3 812
-1465.1 791
-1464.9 807
-1464.7 776
-1464.5 785
-1464.3 789
-1464.1 799
-1463.9 791
-1463.7 776
-1463.5 750
-1463.3 768
-1463.1 815
-1462.9 845
-1462.7 752
-1462.5 790
-1462.3 796
-1462.1 736
-1461.9 779
-1461.7 732
-1461.5 755
-1461.3 810
-1461.1 758
-1460.9 799
-1460.7 808
-1460.5 767
-1460.3 779
-1460.1 800
-1459.9 807
-1459.7 777
-1459.5 809
-1459.3 759
-1459.1 754
-1458.9 780
-1458.7 737
-1458.5 803
-1458.3 801
-1458.1 767
-1457.9 843
-1457.7 759
-1457.5 764
-1457.3 774
-1457.1 778
-1456.9 788
-1456.7 759
-1456.5 758
-1456.3 758
-1456.1 759
-1455.9 752
-1455.7 743
-1455.5 772
-1455.3 778
-1455.1 758
-1454.9 736
-1454.7 778
-1454.5 752
-1454.3 780
-1454.1 788
-1453.9 748
-1453.7 742
-1453.5 697
-1453.3 774
-1453.1 775
-1452.9 733
-1452.7 809
-1452.5 783
-1452.3 791
-1452.1 788
-1451.9 771
-1451.7 756
-1451.5 765
-1451.3 799
-1451.1 763
-1450.9 798
-1450.7 776
-1450.5 732
-1450.3 780
-1450.1 795
-1449.9 772
-1449.7 721
-1449.5 758
-1449.3 781
-1449.1 797
-1448.9 754
-1448.7 790
-1448.5 743
-1448.3 803
-1448.1 837
-1447.9 784
-1447.7 782
-1447.5 780
-1447.3 831
-1447.1 744
-1446.9 780
-1446.7 781
-1446.5 769
-1446.3 829
-1446.1 868
-1445.9 754
-1445.7 800
-1445.5 763
-1445.3 791
-1445.1 800
-1444.9 788
-1444.7 780
-1444.5 783
-1444.3 821
-1444.1 769
-1443.9 750
-1443.7 777
-1443.5 787
-1443.3 775
-1443.1 790
-1442.9 784
-1442.7 744
-1442.5 791
-1442.3 807
-1442.1 816
-1441.9 804
-1441.7 747
-1441.5 757
-1441.3 786
-1441.1 774
-1440.9 785
-1440.7 782
-1440.5 756
-1440.3 776
-1440.1 781
-1439.9 785
-1439.7 781
-1439.5 767
-1439.3 763
-1439.1 777
-1438.9 786
-1438.7 811
-1438.5 767
-1438.3 755
-1438.1 797
-1437.9 791
-1437.7 785
-1437.5 785
-1437.3 773
-1437.1 736
-1436.9 813
-1436.7 820
-1436.5 797
-1436.3 790
-1436.1 816
-1435.9 752
-1435.7 793
-1435.5 744
-1435.3 806
-1435.1 771
-1434.9 727
-1434.7 716
-1434.5 770
-1434.3 769
-1434.1 753
-1433.9 758
-1433.7 747
-1433.5 821
-1433.3 727
-1433.1 775
-1432.9 790
-1432.7 758
-1432.5 770
-1432.3 799
-1432.1 764
-1431.9 785
-1431.7 802
-1431.5 777
-1431.3 773
-1431.1 789
-1430.9 751
-1430.7 766
-1430.5 742
-1430.3 805
-1430.1 783
-1429.9 767
-1429.7 749
-1429.5 757
-1429.3 776
-1429.1 780
-1428.9 783
-1428.7 818
-1428.5 798
-1428.3 779
-1428.1 745
-1427.9 778
-1427.7 758
-1427.5 787
-1427.3 771
-1427.1 781
-1426.9 778
-1426.7 775
-1426.5 746
-1426.3 751
-1426.1 786
-1425.9 756
-1425.7 789
-1425.5 764
-1425.3 842
-1425.1 817
-1424.9 794
-1424.7 810
-1424.5 747
-1424.3 739
-1424.1 730
-1423.9 735
-1423.7 723
-1423.5 722
-1423.3 775
-1423.1 792
-1422.9 831
-1422.7 791
-1422.5 779
-1422.3 785
-1422.1 724
-1421.9 752
-1421.7 721
-1421.5 779
-1421.3 793
-1421.1 770
-1420.9 725
-1420.7 731
-1420.5 731
-1420.3 799
-1420.1 767
-1419.9 740
-1419.7 768
-1419.5 784
-1419.3 784
-1419.1 741
-1418.9 761
-1418.7 760
-1418.5 738
-1418.3 771
-1418.1 777
-1417.9 703
-1417.7 772
-1417.5 743
-1417.3 747
-1417.1 775
-1416.9 786
-1416.7 807
-1416.5 826
-1416.3 768
-1416.1 729
-1415.9 744
-1415.7 853
-1415.5 774
-1415.3 809
-1415.1 752
-1414.9 766
-1414.7 763
-1414.5 746
-1414.3 772
-1414.1 785
-1413.9 753
-1413.7 759
-1413.5 787
-1413.3 779
-1413.1 802
-1412.9 750
-1412.7 811
-1412.5 773
-1412.3 765
-1412.1 716
-1411.9 755
-1411.7 776
-1411.5 798
-1411.3 792
-1411.1 776
-1410.9 787
-1410.7 786
-1410.5 714
-1410.3 768
-1410.1 772
-1409.9 753
-1409.7 802
-1409.5 764
-1409.3 727
-1409.1 759
-1408.9 797
-1408.7 749
-1408.5 824
-1408.3 757
-1408.1 788
-1407.9 763
-1407.7 800
-1407.5 772
-1407.3 791
-1407.1 779
-1406.9 765
-1406.7 707
-1406.5 760
-1406.3 739
-1406.1 769
-1405.9 785
-1405.7 737
-1405.5 772
-1405.3 758
-1405.1 766
-1404.9 776
-1404.7 783
-1404.5 791
-1404.3 789
-1404.1 750
-1403.9 794
-1403.7 749
-1403.5 787
-1403.3 714
-1403.1 754
-1402.9 765
-1402.7 753
-1402.5 736
-1402.3 773
-1402.1 746
-1401.9 799
-1401.7 772
-1401.5 776
-1401.3 732
-1401.1 734
-1400.9 794
-1400.7 763
-1400.5 781
-1400.3 799
-1400.1 804
-1399.9 754
-1399.7 771
-1399.5 769
-1399.3 787
-1399.1 766
-1398.9 736
-1398.7 796
-1398.5 748
-1398.3 785
-1398.1 783
-1397.9 736
-1397.7 810
-1397.5 744
-1397.3 772
-1397.1 770
-1396.9 780
-1396.7 755
-1396.5 790
-1396.3 771
-1396.1 729
-1395.9 771
-1395.7 768
-1395.5 762
-1395.3 774
-1395.1 795
-1394.9 752
-1394.7 762
-1394.5 763
-1394.3 773
-1394.1 745
-1393.9 772
-1393.7 704
-1393.5 750
-1393.3 729
-1393.1 760
-1392.9 682
-1392.7 776
-1392.5 718
-1392.3 765
-1392.1 761
-1391.9 758
-1391.7 742
-1391.5 741
-1391.3 764
-1391.1 711
-1390.9 734
-1390.7 775
-1390.5 760
-1390.3 738
-1390.1 749
-1389.9 802
-1389.7 744
-1389.5 767
-1389.3 732
-1389.1 722
-1388.9 774
-1388.7 731
-1388.5 749
-1388.3 806
-1388.1 722
-1387.9 780
-1387.7 786
-1387.5 793
-1387.3 758
-1387.1 746
-1386.9 760
-1386.7 743
-1386.5 723
-1386.3 771
-1386.1 766
-1385.9 792
-1385.7 764
-1385.5 743
-1385.3 763
-1385.1 768
-1384.9 789
-1384.7 783
-1384.5 784
-1384.3 790
-1384.1 774
-1383.9 750
-1383.7 735
-1383.5 787
-1383.3 741
-1383.1 719
-1382.9 786
-1382.7 743
-1382.5 746
-1382.3 728
-1382.1 746
-1381.9 741
-1381.7 767
-1381.5 802
-1381.3 796
-1381.1 791
-1380.9 722
-1380.7 727
-1380.5 788
-1380.3 760
-1380.1 716
-1379.9 751
-1379.7 773
-1379.5 760
-1379.3 773
-1379.1 737
-1378.9 751
-1378.7 725
-1378.5 748
-1378.3 733
-1378.1 756
-1377.9 704
-1377.7 747
-1377.5 757
-1377.3 732
-1377.1 750
-1376.9 749
-1376.7 737
-1376.5 722
-1376.3 779
-1376.1 761
-1375.9 763
-1375.7 726
-1375.5 689
-1375.3 715
-1375.1 731
-1374.9 767
-1374.7 770
-1374.5 743
-1374.3 711
-1374.1 721
-1373.9 747
-1373.7 715
-1373.5 696
-1373.3 678
-1373.1 733
-1372.9 683
-1372.7 676
-1372.5 668
-1372.3 675
-1372.1 639
-1371.9 637
-1371.7 610
-1371.5 645
-1371.3 610
-1371.1 644
-1370.9 652
-1370.7 600
-1370.5 666
-1370.3 632
-1370.1 631
-1369.9 600
-1369.7 600
-1369.5 553
-1369.3 547
-1369.1 556
-1368.9 606
-1368.7 548
-1368.5 546
-1368.3 519
-1368.1 536
-1367.9 531
-1367.7 558
-1367.5 523
-1367.3 517
-1367.1 518
-1366.9 491
-1366.7 505
-1366.5 484
-1366.3 505
-1366.1 486
-1365.9 439
-1365.7 482
-1365.5 485
-1365.3 429
-1365.1 425
-1364.9 480
-1364.7 478
-1364.5 474
-1364.3 447
-1364.1 403
-1363.9 453
-1363.7 390
-1363.5 399
-1363.3 379
-1363.1 420
-1362.9 393
-1362.7 394
-1362.5 368
-1362.3 366
-1362.1 392
-1361.9 353
-1361.7 351
-1361.5 354
-1361.3 322
-1361.1 318
-1360.9 312
-1360.7 345
-1360.5 312
-1360.3 300
-1360.1 301
-1359.9 272
-1359.7 296
-1359.5 278
-1359.3 286
-1359.1 239
-1358.9 273
-1358.7 236
-1358.5 262
-1358.3 246
-1358.1 251
-1357.9 237
-1357.7 215
-1357.5 201
-1357.3 216
-1357.1 219
-1356.9 207
-1356.7 210
-1356.5 213
-1356.3 204
-1356.1 214
-1355.9 197
-1355.7 189
-1355.5 184
-1355.3 165
-1355.1 166
-1354.9 140
-1354.7 154
-1354.5 164
-1354.3 152
-1354.1 128
-1353.9 128
-1353.7 135
-1353.5 155
-1353.3 137
-1353.1 135
-1352.9 145
-1352.7 125
-1352.5 111
-1352.3 126
-1352.1 115
-1351.9 114
-1351.7 98
-1351.5 100
-1351.3 111
-1351.1 112
-1350.9 86
-1350.7 103
-1350.5 85
-1350.3 97
-1350.1 96
-1349.9 76
-1349.7 66
-1349.5 90
-1349.3 71
-1349.1 74
-1348.9 88
-1348.7 70
-1348.5 65
-1348.3 59
-1348.1 65
-1347.9 69
-1347.7 52
-1347.5 41
-1347.3 55
-1347.1 45
-1346.9 49
-1346.7 60
-1346.5 64
-1346.3 68
-1346.1 47
-1345.9 57
-1345.7 57
-1345.5 55
-1345.3 31
-1345.1 31
-1344.9 39
-1344.7 31
-1344.5 35
-1344.3 29
-1344.1 34
-1343.9 22
-1343.7 26
-1343.5 27
-1343.3 31
-1343.1 25
-1342.9 31
-1342.7 33
-1342.5 23
-1342.3 27
-1342.1 38
-1341.9 21
-1341.7 18
-1341.5 21
-1341.3 17
-1341.1 22
-1340.9 29
-1340.7 15
-1340.5 13
-1340.3 20
-1340.1 18
-1339.9 15
-1339.7 14
-1339.5 16
-1339.3 19
-1339.1 23
-1338.9 16
-1338.7 16
-1338.5 11
-1338.3 15
-1338.1 13
-1337.9 11
-1337.7 11
-1337.5 8
-1337.3 6
-1337.1 11
-1336.9 7
-1336.7 7
-1336.5 11
-1336.3 8
-1336.1 14
-1335.9 9
-1335.7 12
-1335.5 7
-1335.3 9
-1335.1 14
-1334.9 11
-1334.7 9
-1334.5 6
-1334.3 6
-1334.1 7
-1333.9 7
-1333.7 5
-1333.5 14
-1333.3 2
-1333.1 7
-1332.9 9
-1332.7 14
-1332.5 8
-1332.3 7
-1332.1 4
-1331.9 7
-1331.7 6
-1331.5 3
-1331.3 5
-1331.1 3
-1330.9 4
-1330.7 9
-1330.5 9
-1330.3 4
-1330.1 7
-1329.9 8
-1329.7 6
-1329.5 14
-1329.3 8
-1329.1 6
-1328.9 5
-1328.7 3
-1328.5 4
-1328.3 2
-1328.1 8
-1327.9 3
-1327.7 4
-1327.5 2
-1327.3 5
-1327.1 2
-1326.9 5
-1326.7 5
-1326.5 4
-1326.3 4
-1326.1 3
-1325.9 4
-1325.7 5
-1325.5 7
-1325.3 6
-1325.1 2
-1324.9 1
-1324.7 2
-1324.5 8
-1324.3 4
-1324.1 0
-1323.9 1
-1323.7 2
-1323.5 1
-1323.3 2
-1323.1 0
-1322.9 2
-1322.7 3
-1322.5 4
-1322.3 4
-1322.1 2
-1321.9 3
-1321.7 1
-1321.5 3
-1321.3 4
-1321.1 1
-1320.9 3
-1320.7 1
-1320.5 5
-1320.3 2
-1320.1 7
-1319.9 4
-1319.7 1
-1319.5 2
-1319.3 3
-1319.1 4
-1318.9 3
-1318.7 4
-1318.5 2
-1318.3 5
-1318.1 4
-1317.9 3
-1317.7 4
-1317.5 6
-1317.3 5
-1317.1 1
-1316.9 0
-1316.7 2
-1316.5 1
-1316.3 3
-1316.1 2
-1315.9 3
-1315.7 5
-1315.5 6
-1315.3 4
-1315.1 0
-1314.9 1
-1314.7 4
-1314.5 3
-1314.3 4
-1314.1 2
-1313.9 3
-1313.7 2
-1313.5 4
-1313.3 2
-1313.1 3
-1312.9 1
-1312.7 4
-1312.5 2
-1312.3 6
-1312.1 2
-1311.9 5
-1311.7 2
-1311.5 6
-1311.3 3
-1311.1 3
-1310.9 1
-1310.7 4
-1310.5 2
-1310.3 5
-1310.1 2
-1309.9 2
-1309.7 2
-1309.5 3
-1309.3 2
-1309.1 1
-1308.9 5
-1308.7 2
-1308.5 5
-1308.3 3
-1308.1 4
-1307.9 3
-1307.7 2
-1307.5 2
-1307.3 1
-1307.1 3
-1306.9 4
-1306.7 1
-1306.5 4
-1306.3 2
-1306.1 1
-1305.9 3
-1305.7 4
-1305.5 1
-1305.3 3
-1305.1 1
-1304.9 3
-1304.7 3
-1304.5 2
-1304.3 1
-1304.1 4
-1303.9 2
-1303.7 2
-1303.5 8
-1303.3 4
-1303.1 6
-1302.9 4
-1302.7 6
-1302.5 4
-1302.3 8
-1302.1 7
-1301.9 7
-1301.7 7
-1301.5 4
-1301.3 9
-1301.1 7
-1300.9 8
-1300.7 5
-1300.5 7
-1300.3 5
-1300.1 6
