-209.9 0
-209.7 0
-209.5 0
-209.3 0
-209.1 0
-208.9 0
-208.7 0
-208.5 1
-208.3 0
-208.1 1
-207.9 0
-207.7 0
-207.5 0
-207.3 0
-207.1 1
-206.9 1
-206.7 1
-206.5 2
-206.3 1
-206.1 1
-205.9 1
-205.7 0
-205.5 1
-205.3 0
-205.1 0
-204.9 1
-204.7 0
-204.5 0
-204.3 0
-204.1 2
-203.9 1
-203.7 0
-203.5 1
-203.3 1
-203.1 0
-202.9 0
-202.7 1
-202.5 1
-202.3 2
-202.1 3
-201.9 2
-201.7 4
-201.5 10
-201.3 5
-201.1 13
-200.9 16
-200.7 17
-200.5 34
-200.3 29
-200.1 33
-199.9 41
-199.7 83
-199.5 93
-199.3 136
-199.1 169
-198.9 213
-198.7 299
-198.5 371
-198.3 453
-198.1 651
-197.9 762
-197.7 923
-197.5 1180
-197.3 1442
-197.1 1762
-196.9 2153
-196.7 2410
-196.5 2891
-196.3 3220
-196.1 3548
-195.9 3868
-195.7 4381
-195.5 4478
-195.3 4689
-195.1 4936
-194.9 4912
-194.7 5158
-194.5 5019
-194.3 5125
-194.1 5170
-193.9 5082
-193.7 5115
-193.5 4962
-193.3 4879
-193.1 4784
-192.9 4693
-192.7 4698
-192.5 4576
-192.3 4430
-192.1 4347
-191.9 4384
-191.7 4281
-191.5 4311
-191.3 4030
-191.1 4121
-190.9 4062
-190.7 4072
-190.5 4024
-190.3 4061
-190.1 4047
-189.9 3894
-189.7 4061
-189.5 3883
-189.3 3857
-189.1 3893
-188.9 3871
-188.7 3787
-188.5 3756
-188.3 3736
-188.1 3799
-187.9 3749
-187.7 3805
-187.5 3730
-187.3 3733
-187.1 3643
-186.9 3665
-186.7 3636
-186.5 3548
-186.3 3582
-186.1 3517
-185.9 3542
-185.7 3539
-185.5 3493
-185.3 3437
-185.1 3524
-184.9 3520
-184.7 3393
-184.5 3403
-184.3 3375
-184.1 3318
-183.9 3378
-183.7 3383
-183.5 3273
-183.3 3226
-183.1 3260
-182.9 3254
-182.7 3290
-182.5 3155
-182.3 3014
-182.1 2964
-181.9 3044
-181.7 3082
-181.5 2886
-181.3 2953
-181.1 2923
-180.9 2809
-180.7 2751
-180.5 2801
-180.3 2682
-180.1 2694
-179.9 2678
-179.7 2660
-179.5 2581
-179.3 2562
-179.1 2624
-178.9 2506
-178.7 2585
-178.5 2496
-178.3 2489
-178.1 2402
-177.9 2363
-177.7 2471
-177.5 2383
-177.3 2404
-177.1 2307
-176.9 2324
-176.7 2343
-176.5 2312
-176.3 2416
-176.1 2326
-175.9 2318
-175.7 2254
-175.5 2241
-175.3 2165
-175.1 2169
-174.9 2263
-174.7 2237
-174.5 2224
-174.3 2190
-174.1 2141
-173.9 2230
-173.7 2179
-173.5 2064
-173.3 2075
-173.1 2122
-172.9 2119
-172.7 2103
-172.5 2175
-172.3 2159
-172.1 2110
-171.9 2114
-171.7 2065
-171.5 2115
-171.3 2087
-171.1 2087
-170.9 2066
-170.7 2114
-170.5 2054
-170.3 1984
-170.1 2055
-169.9 2052
-169.7 2007
-169.5 2060
-169.3 2058
-169.1 1977
-168.9 2016
-168.7 1998
-168.5 2026
-168.3 2022
-168.1 2056
-167.9 1983
-167.7 1996
-167.5 1980
-167.3 1982
-167.1 2033
-166.9 1974
-166.7 2024
-166.5 2097
-166.3 2075
-166.1 2006
-165.9 2028
-165.7 2037
-165.5 2036
-165.3 1935
-165.1 2070
-164.9 2009
-164.7 1940
-164.5 2001
-164.3 1983
-164.1 1973
-163.9 1952
-163.7 1900
-163.5 1968
-163.3 1955
-163.1 1983
-162.9 1908
-162.7 2012
-162.5 1996
-162.3 1986
-162.1 1984
-161.9 1949
-161.7 2020
-161.5 1983
-161.3 1881
-161.1 1958
-160.9 1909
-160.7 1867
-160.5 1935
-160.3 1952
-160.1 1972
-159.9 1997
-159.7 1889
-159.5 1893
-159.3 1935
-159.1 1951
-158.9 1910
-158.7 1854
-158.5 1898
-158.3 1852
-158.1 1919
-157.9 1983
-157.7 1928
-157.5 1856
-157.3 1816
-157.1 1872
-156.9 1828
-156.7 1844
-156.5 1875
-156.3 1940
-156.1 1844
-155.9 1845
-155.7 1819
-155.5 1807
-155.3 1830
-155.1 1848
-154.9 1809
-154.7 1759
-154.5 1825
-154.3 1767
-154.1 1792
-153.9 1827
-153.7 1812
-153.5 1783
-153.3 1719
-153.1 1775
-152.9 1760
-152.7 1667
-152.5 1777
-152.3 1668
-152.1 1751
-151.9 1711
-151.7 1773
-151.5 1721
-151.3 1786
-151.1 1700
-150.9 1681
-150.7 1690
-150.5 1670
-150.3 1663
-150.1 1709
-149.9 1724
-149.7 1681
-149.5 1706
-149.3 1719
-149.1 1736
-148.9 1830
-148.7 1698
-148.5 1798
-148.3 1725
-148.1 1729
-147.9 1738
-147.7 1790
-147.5 1713
-147.3 1774
-147.1 1785
-146.9 1854
-146.7 1850
-146.5 1802
-146.3 1819
-146.1 1793
-145.9 1817
-145.7 1909
-145.5 1785
-145.3 1911
-145.1 1925
-144.9 1879
-144.7 1879
-144.5 1887
-144.3 1886
-144.1 1901
-143.9 1887
-143.7 1967
-143.5 1908
-143.3 1917
-143.1 1918
-142.9 1962
-142.7 1955
-142.5 2045
-142.3 1885
-142.1 1956
-141.9 1929
-141.7 1995
-141.5 1918
-141.3 1997
-141.1 1955
-140.9 1970
-140.7 1965
-140.5 2004
-140.3 1940
-140.1 2015
-139.9 2102
-139.7 2042
-139.5 1997
-139.3 1982
-139.1 1960
-138.9 2017
-138.7 1937
-138.5 2009
-138.3 1934
-138.1 2052
-137.9 2091
-137.7 2063
-137.5 2059
-137.3 1953
-137.1 1985
-136.9 2083
-136.7 2118
-136.5 1959
-136.3 1983
-136.1 2108
-135.9 2011
-135.7 1979
-135.5 2019
-135.3 1972
-135.1 2056
-134.9 1991
-134.7 1959
-134.5 2083
-134.3 2095
-134.1 2014
-133.9 1997
-133.7 2031
-133.5 1984
-133.3 2005
-133.1 2023
-132.9 1999
-132.7 2004
-132.5 1959
-132.3 1954
-132.1 1960
-131.9 2048
-131.7 2025
-131.5 2032
-131.3 1927
-131.1 2046
-130.9 2017
-130.7 2068
-130.5 1905
-130.3 1904
-130.1 1959
-129.9 1901
-129.7 1951
-129.5 1963
-129.3 1982
-129.1 2008
-128.9 1979
-128.7 1980
-128.5 1929
-128.3 1977
-128.1 1984
-127.9 1997
-127.7 1992
-127.5 1855
-127.3 2006
-127.1 1858
-126.9 1898
-126.7 1897
-126.5 1942
-126.3 1938
-126.1 1989
-125.9 1925
-125.7 1910
-125.5 1960
-125.3 1914
-125.1 1948
-124.9 1881
-124.7 2029
-124.5 1821
-124.3 1955
-124.1 1983
-123.9 1868
-123.7 1954
-123.5 1956
-123.3 1924
-123.1 1863
-122.9 1890
-122.7 1969
-122.5 1948
-122.3 1982
-122.1 1957
-121.9 2030
-121.7 1989
-121.5 1978
-121.3 1838
-121.1 1910
-120.9 1904
-120.7 1920
-120.5 1944
-120.3 1886
-120.1 1870
-119.9 1949
-119.7 1921
-119.5 1886
-119.3 1906
-119.1 1887
-118.9 1878
-118.7 1853
-118.5 1844
-118.3 1873
-118.1 1969
-117.9 1871
-117.7 1903
-117.5 1901
-117.3 1914
-117.1 1892
-116.9 1856
-116.7 1912
-116.5 1982
-116.3 1902
-116.1 1892
-115.9 1906
-115.7 1878
-115.5 1861
-115.3 1895
-115.1 1873
-114.9 1892
-114.7 1886
-114.5 1792
-114.3 1818
-114.1 1914
-113.9 1928
-113.7 1908
-113.5 1845
-113.3 1868
-113.1 1881
-112.9 1891
-112.7 1841
-112.5 1847
-112.3 1882
-112.1 1896
-111.9 1867
-111.7 1823
-111.5 1910
-111.3 1819
-111.1 1832
-110.9 1888
-110.7 1877
-110.5 1832
-110.3 1909
-110.1 1967
-109.9 1825
-109.7 1825
-109.5 1919
-109.3 1846
-109.1 1870
-108.9 1882
-108.7 1806
-108.5 1922
-108.3 1801
-108.1 1773
-107.9 1836
-107.7 1917
-107.5 1877
-107.3 1921
-107.1 1881
-106.9 1832
-106.7 1800
-106.5 1868
-106.3 1908
-106.1 1903
-105.9 1862
-105.7 1806
-105.5 1811
-105.3 1763
-105.1 1920
-104.9 1898
-104.7 1811
-104.5 1852
-104.3 1889
-104.1 1903
-103.9 1886
-103.7 1853
-103.5 1856
-103.3 1810
-103.1 1791
-102.9 1812
-102.7 1801
-102.5 1821
-102.3 1827
-102.1 1868
-101.9 1785
-101.7 1843
-101.5 1762
-101.3 1795
-101.1 1799
-100.9 1798
-100.7 1784
-100.5 1862
-100.3 1821
-100.1 1914
-99.9 1942
-99.7 1862
-99.5 1829
-99.3 1786
-99.1 1780
-98.9 1807
-98.7 1792
-98.5 1785
-98.3 1756
-98.1 1814
-97.9 1868
-97.7 1854
-97.5 1807
-97.3 1827
-97.1 1802
-96.9 1898
-96.7 1814
-96.5 1816
-96.3 1806
-96.1 1849
-95.9 1900
-95.7 1834
-95.5 1898
-95.3 1736
-95.1 1868
-94.9 1830
-94.7 1828
-94.5 1881
-94.3 1868
-94.1 1788
-93.9 1726
-93.7 1774
-93.5 1834
-93.3 1795
-93.1 1736
-92.9 1775
-92.7 1847
-92.5 1868
-92.3 1800
-92.1 1839
-91.9 1769
-91.7 1733
-91.5 1811
-91.3 1773
-91.1 1876
-90.9 1843
-90.7 1855
-90.5 1846
-90.3 1814
-90.1 1791
-89.9 1801
-89.7 1816
-89.5 1733
-89.3 1827
-89.1 1791
-88.9 1729
-88.7 1745
-88.5 1826
-88.3 1852
-88.1 1787
-87.9 1842
-87.7 1820
-87.5 1877
-87.3 1773
-87.1 1769
-86.9 1839
-86.7 1711
-86.5 1813
-86.3 1821
-86.1 1785
-85.9 1834
-85.7 1783
-85.5 1798
-85.3 1854
-85.1 1832
-84.9 1795
-84.7 1818
-84.5 1806
-84.3 1881
-84.1 1849
-83.9 1846
-83.7 1844
-83.5 1798
-83.3 1816
-83.1 1758
-82.9 1873
-82.7 1785
-82.5 1833
-82.3 1854
-82.1 1867
-81.9 1854
-81.7 1857
-81.5 1825
-81.3 1855
-81.1 1860
-80.9 1811
-80.7 1807
-80.5 1945
-80.3 1866
-80.1 1893
-79.9 1809
-79.7 1836
-79.5 1897
-79.3 1848
-79.1 1750
-78.9 1852
-78.7 1963
-78.5 1882
-78.3 1927
-78.1 1844
-77.9 1809
-77.7 1900
-77.5 1826
-77.3 1840
-77.1 1899
-76.9 1836
-76.7 1861
-76.5 1792
-76.3 1852
-76.1 1860
-75.9 1837
-75.7 1892
-75.5 1941
-75.3 1949
-75.1 1902
-74.9 1879
-74.7 1830
-74.5 1881
-74.3 1867
-74.1 1877
-73.9 1921
-73.7 1839
-73.5 1905
-73.3 1884
-73.1 1826
-72.9 1798
-72.7 1875
-72.5 1897
-72.3 1916
-72.1 1858
-71.9 1842
-71.7 1892
-71.5 1861
-71.3 1834
-71.1 1944
-70.9 1846
-70.7 1864
-70.5 1876
-70.3 1958
-70.1 1783
-69.9 1849
-69.7 1866
-69.5 1830
-69.3 1897
-69.1 1874
-68.9 1884
-68.7 1872
-68.5 1958
-68.3 1859
-68.1 1829
-67.9 1919
-67.7 1870
-67.5 1873
-67.3 1904
-67.1 1848
-66.9 1923
-66.7 1814
-66.5 1840
-66.3 1821
-66.1 1872
-65.9 1858
-65.7 1931
-65.5 1913
-65.3 1936
-65.1 1885
-64.9 1888
-64.7 1864
-64.5 1836
-64.3 1871
-64.1 1807
-63.9 1943
-63.7 1909
-63.5 1844
-63.3 1846
-63.1 1889
-62.9 1834
-62.7 1916
-62.5 1883
-62.3 1827
-62.1 1831
-61.9 1835
-61.7 1889
-61.5 1910
-61.3 1882
-61.1 1890
-60.9 1831
-60.7 1879
-60.5 1912
-60.3 1824
-60.1 1873
-59.9 1839
-59.7 1899
-59.5 1826
-59.3 1792
-59.1 1886
-58.9 1828
-58.7 1873
-58.5 1842
-58.3 1839
-58.1 1833
-57.9 1850
-57.7 1869
-57.5 1867
-57.3 1762
-57.1 1932
-56.9 1809
-56.7 1831
-56.5 1877
-56.3 1871
-56.1 1891
-55.9 1923
-55.7 1699
-55.5 1821
-55.3 1882
-55.1 1862
-54.9 1800
-54.7 1816
-54.5 1804
-54.3 1848
-54.1 1871
-53.9 1834
-53.7 1895
-53.5 1856
-53.3 1834
-53.1 1906
-52.9 1860
-52.7 1924
-52.5 1846
-52.3 1843
-52.1 1801
-51.9 1801
-51.7 1836
-51.5 1806
-51.3 1843
-51.1 1871
-50.9 1842
-50.7 1798
-50.5 1865
-50.3 1842
-50.1 1832
-49.9 1861
-49.7 1917
-49.5 1887
-49.3 1851
-49.1 1790
-48.9 1873
-48.7 1842
-48.5 1737
-48.3 1819
-48.1 1859
-47.9 1902
-47.7 1795
-47.5 1828
-47.3 1818
-47.1 1880
-46.9 1820
-46.7 1843
-46.5 1853
-46.3 1902
-46.1 1827
-45.9 1859
-45.7 1869
-45.5 1847
-45.3 1918
-45.1 1886
-44.9 1794
-44.7 1853
-44.5 1834
-44.3 1826
-44.1 1805
-43.9 1912
-43.7 1877
-43.5 1835
-43.3 1859
-43.1 1862
-42.9 1855
-42.7 1885
-42.5 1872
-42.3 1837
-42.1 1837
-41.9 1821
-41.7 1952
-41.5 1817
-41.3 1946
-41.1 1927
-40.9 1825
-40.7 1861
-40.5 1939
-40.3 1855
-40.1 1852
-39.9 1825
-39.7 1895
-39.5 1835
-39.3 1844
-39.1 1820
-38.9 1805
-38.7 1899
-38.5 1868
-38.3 1823
-38.1 1840
-37.9 1838
-37.7 1787
-37.5 1877
-37.3 1853
-37.1 1764
-36.9 1891
-36.7 1869
-36.5 1877
-36.3 1821
-36.1 1841
-35.9 1802
-35.7 1851
-35.5 1819
-35.3 1866
-35.1 1808
-34.9 1837
-34.7 1875
-34.5 1810
-34.3 1815
-34.1 1783
-33.9 1919
-33.7 1834
-33.5 1857
-33.3 1778
-33.1 1891
-32.9 1778
-32.7 1814
-32.5 1808
-32.3 1875
-32.1 1839
-31.9 1716
-31.7 1806
-31.5 1810
-31.3 1879
-31.1 1768
-30.9 1790
-30.7 1873
-30.5 1885
-30.3 1829
-30.1 1811
-29.9 1841
-29.7 1812
-29.5 1845
-29.3 1866
-29.1 1919
-28.9 1847
-28.7 1794
-28.5 1814
-28.3 1870
-28.1 1825
-27.9 1778
-27.7 1929
-27.5 1722
-27.3 1806
-27.1 1871
-26.9 1883
-26.7 1791
-26.5 1899
-26.3 1762
-26.1 1793
-25.9 1860
-25.7 1865
-25.5 1784
-25.3 1823
-25.1 1801
-24.9 1824
-24.7 1745
-24.5 1845
-24.3 1750
-24.1 1847
-23.9 1836
-23.7 1824
-23.5 1788
-23.3 1801
-23.1 1865
-22.9 1837
-22.7 1861
-22.5 1847
-22.3 1778
-22.1 1865
-21.9 1862
-21.7 1784
-21.5 1820
-21.3 1889
-21.1 1719
-20.9 1829
-20.7 1860
-20.5 1792
-20.3 1796
-20.1 1739
-19.9 1736
-19.7 1811
-19.5 1778
-19.3 1891
-19.1 1850
-18.9 1835
-18.7 1778
-18.5 1854
-18.3 1854
-18.1 1845
-17.9 1861
-17.7 1834
-17.5 1837
-17.3 1867
-17.1 1796
-16.9 1893
-16.7 1882
-16.5 1907
-16.3 1804
-16.1 1821
-15.9 1762
-15.7 1815
-15.5 1809
-15.3 1814
-15.1 1848
-14.9 1906
-14.7 1789
-14.5 1875
-14.3 1814
-14.1 1820
-13.9 1877
-13.7 1817
-13.5 1851
-13.3 1882
-13.1 1887
-12.9 1789
-12.7 1891
-12.5 1808
-12.3 1783
-12.1 1843
-11.9 1880
-11.7 1835
-11.5 1836
-11.3 1862
-11.1 1826
-10.9 1760
-10.7 1878
-10.5 1823
-10.3 1802
-10.1 1803
-9.9 1777
-9.7 1847
-9.5 1843
-9.3 1878
-9.1 1850
-8.9 1918
-8.7 1862
-8.5 1780
-8.3 1762
-8.1 1873
-7.9 1858
-7.7 1834
-7.5 1768
-7.3 1839
-7.1 1829
-6.9 1807
-6.7 1884
-6.5 1755
-6.3 1763
-6.1 1905
-5.9 1829
-5.7 1900
-5.5 1807
-5.3 1848
-5.1 1835
-4.9 1857
-4.7 1865
-4.5 1888
-4.3 1801
-4.1 1883
-3.9 1862
-3.7 1779
-3.5 1818
-3.3 1880
-3.1 1824
-2.9 1807
-2.7 1778
-2.5 1838
-2.3 1825
-2.1 1862
-1.9 1826
-1.7 1816
-1.5 1879
-1.3 1784
-1.1 1852
-0.9 1848
-0.7 1803
-0.5 1820
-0.3 1918
-0.1 1837
0.1 1846
0.3 1935
0.5 1847
0.7 1798
0.9 1744
1.1 1768
1.3 1841
1.5 1841
1.7 1771
1.9 1852
2.1 1827
2.3 1809
2.5 1780
2.7 1837
2.9 1833
3.1 1794
3.3 1874
3.5 1759
3.7 1797
3.9 1761
4.1 1785
4.3 1828
4.5 1805
4.7 1878
4.9 1827
5.1 1847
5.3 1701
5.5 1827
5.7 1794
5.9 1828
6.1 1819
6.3 1767
6.5 1859
6.7 1810
6.9 1817
7.1 1823
7.3 1826
7.5 1771
7.7 1817
7.9 1747
8.1 1700
8.3 1685
8.5 1795
8.7 1741
8.9 1771
9.1 1826
9.3 1690
9.5 1825
9.7 1689
9.9 1663
10.1 1757
10.3 1720
10.5 1645
10.7 1741
10.9 1778
11.1 1714
11.3 1619
11.5 1671
11.7 1710
11.9 1647
12.1 1687
12.3 1657
12.5 1660
12.7 1635
12.9 1599
13.1 1640
13.3 1665
13.5 1745
13.7 1591
13.9 1552
14.1 1533
14.3 1595
14.5 1556
14.7 1564
14.9 1520
15.1 1524
15.3 1452
15.5 1489
15.7 1448
15.9 1424
16.1 1428
16.3 1453
16.5 1352
16.7 1368
16.9 1379
17.1 1337
17.3 1277
17.5 1317
17.7 1302
17.9 1277
18.1 1282
18.3 1242
18.5 1208
18.7 1205
18.9 1174
19.1 1174
19.3 1133
19.5 1088
19.7 1055
19.9 1136
20.1 1083
20.3 1060
20.5 982
20.7 992
20.9 997
21.1 1007
21.3 939
21.5 899
21.7 899
21.9 928
22.1 857
22.3 802
22.5 834
22.7 790
22.9 730
23.1 752
23.3 731
23.5 747
23.7 741
23.9 692
24.1 670
24.3 679
24.5 649
24.7 611
24.9 630
25.1 563
25.3 560
25.5 556
25.7 469
25.9 497
26.1 463
26.3 453
26.5 420
26.7 441
26.9 389
27.1 432
27.3 399
27.5 382
27.7 358
27.9 339
28.1 309
28.3 286
28.5 261
28.7 301
28.9 259
29.1 259
29.3 245
29.5 268
29.7 263
29.9 210
30.1 211
30.3 194
30.5 180
30.7 167
30.9 181
31.1 153
31.3 142
31.5 150
31.7 131
31.9 121
32.1 118
32.3 126
32.5 115
32.7 103
32.9 97
33.1 93
33.3 86
33.5 67
33.7 71
33.9 62
34.1 61
34.3 70
34.5 51
34.7 45
34.9 53
35.1 45
35.3 47
35.5 37
35.7 43
35.9 32
36.1 26
36.3 30
36.5 34
36.7 27
36.9 17
37.1 17
37.3 22
37.5 18
37.7 10
37.9 10
38.1 15
38.3 9
38.5 17
38.7 9
38.9 12
39.1 9
39.3 4
39.5 4
39.7 7
39.9 10
40.1 8
40.3 5
40.5 5
40.7 4
40.9 5
41.1 7
41.3 4
41.5 4
41.7 3
41.9 2
42.1 1
42.3 5
42.5 1
42.7 1
42.9 2
43.1 7
43.3 4
43.5 2
43.7 2
43.9 5
44.1 0
44.3 2
44.5 1
44.7 2
44.9 2
45.1 2
45.3 4
45.5 1
45.7 5
45.9 1
46.1 0
46.3 3
46.5 2
46.7 3
46.9 3
47.1 2
47.3 1
47.5 1
47.7 4
47.9 4
48.1 3
48.3 4
48.5 1
48.7 3
48.9 2
49.1 1
49.3 6
49.5 2
49.7 3
49.9 3
50.1 5
50.3 2
50.5 4
50.7 2
50.9 1
51.1 2
51.3 1
51.5 0
51.7 3
51.9 0
52.1 2
52.3 3
52.5 0
52.7 4
52.9 4
53.1 1
53.3 0
53.5 2
53.7 6
53.9 1
54.1 1
54.3 0
54.5 1
54.7 1
54.9 2
55.1 3
55.3 3
55.5 0
55.7 2
55.9 1
56.1 3
56.3 1
56.5 0
56.7 3
56.9 0
57.1 4
57.3 1
57.5 4
57.7 2
57.9 0
58.1 3
58.3 0
58.5 3
58.7 2
58.9 1
59.1 1
59.3 2
59.5 2
59.7 3
59.9 5
