-209.9 0
-209.7 1
-209.5 1
-209.3 0
-209.1 0
-208.9 0
-208.7 0
-208.5 0
-208.3 0
-208.1 0
-207.9 0
-207.7 0
-207.5 1
-207.3 0
-207.1 0
-206.9 0
-206.7 0
-206.5 0
-206.3 0
-206.1 0
-205.9 0
-205.7 0
-205.5 0
-205.3 0
-205.1 0
-204.9 0
-204.7 0
-204.5 0
-204.3 0
-204.1 0
-203.9 0
-203.7 0
-203.5 0
-203.3 0
-203.1 1
-202.9 0
-202.7 0
-202.5 0
-202.3 0
-202.1 0
-201.9 0
-201.7 0
-201.5 0
-201.3 0
-201.1 0
-200.9 1
-200.7 0
-200.5 0
-200.3 0
-200.1 1
-199.9 0
-199.7 0
-199.5 0
-199.3 1
-199.1 0
-198.9 0
-198.7 0
-198.5 1
-198.3 4
-198.1 7
-197.9 16
-197.7 13
-197.5 31
-197.3 48
-197.1 60
-196.9 84
-196.7 109
-196.5 175
-196.3 247
-196.1 323
-195.9 420
-195.7 549
-195.5 693
-195.3 845
-195.1 937
-194.9 1163
-194.7 1367
-194.5 1414
-194.3 1485
-194.1 1520
-193.9 1659
-193.7 1611
-193.5 1540
-193.3 1541
-193.1 1555
-192.9 1560
-192.7 1494
-192.5 1429
-192.3 1407
-192.1 1435
-191.9 1327
-191.7 1362
-191.5 1298
-191.3 1278
-191.1 1258
-190.9 1257
-190.7 1231
-190.5 1225
-190.3 1248
-190.1 1204
-189.9 1093
-189.7 1202
-189.5 1190
-189.3 1102
-189.1 1104
-188.9 1149
-188.7 1111
-188.5 1090
-188.3 1101
-188.1 1103
-187.9 1087
-187.7 1051
-187.5 1101
-187.3 1095
-187.1 1033
-186.9 1128
-186.7 1068
-186.5 1060
-186.3 1038
-186.1 1057
-185.9 997
-185.7 1006
-185.5 1020
-185.3 1063
-185.1 1035
-184.9 1047
-184.7 990
-184.5 1040
-184.3 994
-184.1 1043
-183.9 1031
-183.7 978
-183.5 997
-183.3 1008
-183.1 946
-182.9 1011
-182.7 1031
-182.5 1023
-182.3 959
-182.1 960
-181.9 1009
-181.7 976
-181.5 920
-181.3 895
-181.1 956
-180.9 905
-180.7 930
-180.5 833
-180.3 907
-180.1 905
-179.9 873
-179.7 843
-179.5 846
-179.3 832
-179.1 865
-178.9 815
-178.7 806
-178.5 768
-178.3 781
-178.1 780
-177.9 807
-177.7 730
-177.5 722
-177.3 701
-177.1 746
-176.9 700
-176.7 754
-176.5 741
-176.3 741
-176.1 712
-175.9 646
-175.7 718
-175.5 703
-175.3 726
-175.1 671
-174.9 704
-174.7 658
-174.5 667
-174.3 666
-174.1 680
-173.9 641
-173.7 683
-173.5 638
-173.3 672
-173.1 649
-172.9 646
-172.7 640
-172.5 631
-172.3 603
-172.1 673
-171.9 663
-171.7 639
-171.5 616
-171.3 606
-171.1 661
-170.9 617
-170.7 649
-170.5 591
-170.3 626
-170.1 578
-169.9 616
-169.7 593
-169.5 593
-169.3 602
-169.1 649
-168.9 595
-168.7 608
-168.5 599
-168.3 612
-168.1 606
-167.9 590
-167.7 565
-167.5 600
-167.3 594
-167.1 542
-166.9 598
-166.7 577
-166.5 578
-166.3 586
-166.1 616
-165.9 597
-165.7 585
-165.5 620
-165.3 593
-165.1 613
-164.9 591
-164.7 598
-164.5 548
-164.3 547
-164.1 601
-163.9 566
-163.7 607
-163.5 609
-163.3 569
-163.1 560
-162.9 524
-162.7 619
-162.5 621
-162.3 582
-162.1 604
-161.9 546
-161.7 540
-161.5 540
-161.3 563
-161.1 543
-160.9 553
-160.7 554
-160.5 567
-160.3 565
-160.1 567
-159.9 581
-159.7 621
-159.5 578
-159.3 545
-159.1 554
-158.9 589
-158.7 567
-158.5 580
-158.3 564
-158.1 546
-157.9 571
-157.7 555
-157.5 538
-157.3 581
-157.1 576
-156.9 540
-156.7 535
-156.5 533
-156.3 543
-156.1 539
-155.9 542
-155.7 571
-155.5 554
-155.3 548
-155.1 572
-154.9 524
-154.7 540
-154.5 526
-154.3 553
-154.1 545
-153.9 538
-153.7 521
-153.5 538
-153.3 518
-153.1 527
-152.9 528
-152.7 498
-152.5 507
-152.3 552
-152.1 510
-151.9 485
-151.7 489
-151.5 508
-151.3 505
-151.1 482
-150.9 517
-150.7 509
-150.5 505
-150.3 478
-150.1 540
-149.9 515
-149.7 489
-149.5 496
-149.3 535
-149.1 525
-148.9 483
-148.7 504
-148.5 481
-148.3 540
-148.1 478
-147.9 523
-147.7 471
-147.5 480
-147.3 510
-147.1 510
-146.9 502
-146.7 485
-146.5 503
-146.3 545
-146.1 547
-145.9 501
-145.7 536
-145.5 533
-145.3 574
-145.1 532
-144.9 578
-144.7 542
-144.5 527
-144.3 564
-144.1 549
-143.9 522
-143.7 522
-143.5 577
-143.3 537
-143.1 521
-142.9 546
-142.7 557
-142.5 603
-142.3 584
-142.1 546
-141.9 568
-141.7 531
-141.5 554
-141.3 537
-141.1 553
-140.9 588
-140.7 559
-140.5 604
-140.3 541
-140.1 556
-139.9 549
-139.7 513
-139.5 561
-139.3 594
-139.1 582
-138.9 594
-138.7 599
-138.5 569
-138.3 553
-138.1 526
-137.9 549
-137.7 577
-137.5 585
-137.3 595
-137.1 599
-136.9 561
-136.7 560
-136.5 594
-136.3 533
-136.1 582
-135.9 576
-135.7 601
-135.5 612
-135.3 593
-135.1 576
-134.9 602
-134.7 578
-134.5 610
-134.3 565
-134.1 587
-133.9 575
-133.7 581
-133.5 655
-133.3 549
-133.1 546
-132.9 585
-132.7 589
-132.5 590
-132.3 600
-132.1 566
-131.9 541
-131.7 569
-131.5 589
-131.3 577
-131.1 587
-130.9 579
-130.7 595
-130.5 580
-130.3 583
-130.1 596
-129.9 608
-129.7 556
-129.5 571
-129.3 556
-129.1 597
-128.9 594
-128.7 562
-128.5 607
-128.3 583
-128.1 620
-127.9 640
-127.7 558
-127.5 587
-127.3 556
-127.1 573
-126.9 562
-126.7 548
-126.5 562
-126.3 576
-126.1 605
-125.9 589
-125.7 551
-125.5 612
-125.3 553
-125.1 592
-124.9 593
-124.7 562
-124.5 571
-124.3 516
-124.1 605
-123.9 550
-123.7 548
-123.5 559
-123.3 580
-123.1 556
-122.9 573
-122.7 573
-122.5 592
-122.3 571
-122.1 550
-121.9 583
-121.7 560
-121.5 557
-121.3 494
-121.1 546
-120.9 551
-120.7 561
-120.5 586
-120.3 561
-120.1 580
-119.9 575
-119.7 601
-119.5 562
-119.3 567
-119.1 547
-118.9 547
-118.7 549
-118.5 555
-118.3 603
-118.1 602
-117.9 562
-117.7 551
-117.5 556
-117.3 539
-117.1 533
-116.9 539
-116.7 561
-116.5 525
-116.3 552
-116.1 571
-115.9 551
-115.7 549
-115.5 574
-115.3 567
-115.1 565
-114.9 580
-114.7 577
-114.5 567
-114.3 547
-114.1 505
-113.9 552
-113.7 560
-113.5 531
-113.3 558
-113.1 509
-112.9 540
-112.7 539
-112.5 514
-112.3 531
-112.1 580
-111.9 532
-111.7 550
-111.5 568
-111.3 526
-111.1 522
-110.9 543
-110.7 500
-110.5 557
-110.3 575
-110.1 562
-109.9 554
-109.7 559
-109.5 540
-109.3 561
-109.1 525
-108.9 527
-108.7 562
-108.5 556
-108.3 530
-108.1 551
-107.9 495
-107.7 527
-107.5 559
-107.3 585
-107.1 558
-106.9 523
-106.7 534
-106.5 586
-106.3 533
-106.1 561
-105.9 537
-105.7 547
-105.5 577
-105.3 506
-105.1 537
-104.9 506
-104.7 581
-104.5 543
-104.3 576
-104.1 498
-103.9 516
-103.7 595
-103.5 528
-103.3 500
-103.1 510
-102.9 514
-102.7 532
-102.5 549
-102.3 523
-102.1 519
-101.9 536
-101.7 512
-101.5 514
-101.3 528
-101.1 530
-100.9 526
-100.7 516
-100.5 581
-100.3 562
-100.1 527
-99.9 530
-99.7 568
-99.5 506
-99.3 542
-99.1 560
-98.9 516
-98.7 507
-98.5 514
-98.3 515
-98.1 495
-97.9 511
-97.7 536
-97.5 562
-97.3 534
-97.1 514
-96.9 556
-96.7 519
-96.5 501
-96.3 538
-96.1 482
-95.9 537
-95.7 519
-95.5 496
-95.3 500
-95.1 505
-94.9 548
-94.7 553
-94.5 537
-94.3 600
-94.1 514
-93.9 510
-93.7 517
-93.5 541
-93.3 525
-93.1 569
-92.9 510
-92.7 486
-92.5 550
-92.3 531
-92.1 515
-91.9 543
-91.7 561
-91.5 525
-91.3 528
-91.1 557
-90.9 502
-90.7 517
-90.5 528
-90.3 537
-90.1 491
-89.9 561
-89.7 553
-89.5 530
-89.3 508
-89.1 501
-88.9 488
-88.7 528
-88.5 563
-88.3 530
-88.1 516
-87.9 504
-87.7 556
-87.5 485
-87.3 510
-87.1 533
-86.9 520
-86.7 497
-86.5 506
-86.3 507
-86.1 513
-85.9 498
-85.7 563
-85.5 533
-85.3 494
-85.1 491
-84.9 542
-84.7 495
-84.5 508
-84.3 508
-84.1 542
-83.9 540
-83.7 517
-83.5 538
-83.3 543
-83.1 538
-82.9 518
-82.7 503
-82.5 539
-82.3 510
-82.1 493
-81.9 536
-81.7 510
-81.5 563
-81.3 490
-81.1 504
-80.9 556
-80.7 511
-80.5 530
-80.3 513
-80.1 495
-79.9 574
-79.7 529
-79.5 490
-79.3 570
-79.1 561
-78.9 547
-78.7 538
-78.5 502
-78.3 507
-78.1 509
-77.9 521
-77.7 560
-77.5 497
-77.3 537
-77.1 525
-76.9 513
-76.7 579
-76.5 503
-76.3 512
-76.1 541
-75.9 559
-75.7 530
-75.5 534
-75.3 548
-75.1 546
-74.9 582
-74.7 559
-74.5 545
-74.3 595
-74.1 527
-73.9 546
-73.7 502
-73.5 539
-73.3 559
-73.1 557
-72.9 500
-72.7 565
-72.5 585
-72.3 544
-72.1 536
-71.9 534
-71.7 597
-71.5 562
-71.3 547
-71.1 557
-70.9 545
-70.7 552
-70.5 554
-70.3 516
-70.1 535
-69.9 600
-69.7 541
-69.5 553
-69.3 535
-69.1 548
-68.9 569
-68.7 601
-68.5 570
-68.3 563
-68.1 585
-67.9 562
-67.7 559
-67.5 544
-67.3 552
-67.1 555
-66.9 535
-66.7 538
-66.5 547
-66.3 553
-66.1 533
-65.9 499
-65.7 559
-65.5 508
-65.3 483
-65.1 562
-64.9 534
-64.7 542
-64.5 529
-64.3 596
-64.1 539
-63.9 530
-63.7 537
-63.5 516
-63.3 548
-63.1 542
-62.9 509
-62.7 554
-62.5 545
-62.3 537
-62.1 519
-61.9 553
-61.7 549
-61.5 582
-61.3 545
-61.1 560
-60.9 504
-60.7 488
-60.5 515
-60.3 524
-60.1 537
-59.9 533
-59.7 580
-59.5 568
-59.3 505
-59.1 544
-58.9 570
-58.7 506
-58.5 526
-58.3 491
-58.1 544
-57.9 536
-57.7 518
-57.5 533
-57.3 524
-57.1 559
-56.9 512
-56.7 518
-56.5 590
-56.3 550
-56.1 539
-55.9 540
-55.7 529
-55.5 544
-55.3 519
-55.1 514
-54.9 521
-54.7 550
-54.5 515
-54.3 518
-54.1 562
-53.9 529
-53.7 535
-53.5 540
-53.3 567
-53.1 533
-52.9 547
-52.7 530
-52.5 555
-52.3 543
-52.1 549
-51.9 520
-51.7 572
-51.5 526
-51.3 545
-51.1 506
-50.9 522
-50.7 549
-50.5 524
-50.3 525
-50.1 516
-49.9 502
-49.7 507
-49.5 490
-49.3 481
-49.1 538
-48.9 545
-48.7 557
-48.5 546
-48.3 512
-48.1 540
-47.9 546
-47.7 549
-47.5 517
-47.3 545
-47.1 540
-46.9 528
-46.7 506
-46.5 552
-46.3 541
-46.1 527
-45.9 567
-45.7 559
-45.5 511
-45.3 559
-45.1 546
-44.9 520
-44.7 551
-44.5 563
-44.3 514
-44.1 500
-43.9 547
-43.7 528
-43.5 606
-43.3 527
-43.1 567
-42.9 587
-42.7 535
-42.5 540
-42.3 532
-42.1 512
-41.9 534
-41.7 551
-41.5 524
-41.3 525
-41.1 482
-40.9 537
-40.7 530
-40.5 563
-40.3 491
-40.1 534
-39.9 535
-39.7 512
-39.5 539
-39.3 517
-39.1 527
-38.9 521
-38.7 536
-38.5 545
-38.3 541
-38.1 538
-37.9 503
-37.7 551
-37.5 518
-37.3 541
-37.1 556
-36.9 564
-36.7 521
-36.5 559
-36.3 540
-36.1 507
-35.9 568
-35.7 561
-35.5 538
-35.3 544
-35.1 575
-34.9 520
-34.7 545
-34.5 521
-34.3 502
-34.1 540
-33.9 530
-33.7 525
-33.5 501
-33.3 501
-33.1 529
-32.9 502
-32.7 539
-32.5 553
-32.3 531
-32.1 544
-31.9 505
-31.7 567
-31.5 531
-31.3 499
-31.1 519
-30.9 543
-30.7 553
-30.5 517
-30.3 539
-30.1 536
-29.9 542
-29.7 496
-29.5 527
-29.3 533
-29.1 512
-28.9 513
-28.7 492
-28.5 518
-28.3 508
-28.1 540
-27.9 528
-27.7 514
-27.5 530
-27.3 502
-27.1 523
-26.9 511
-26.7 534
-26.5 533
-26.3 520
-26.1 556
-25.9 518
-25.7 540
-25.5 516
-25.3 515
-25.1 516
-24.9 534
-24.7 541
-24.5 541
-24.3 549
-24.1 502
-23.9 521
-23.7 535
-23.5 506
-23.3 510
-23.1 533
-22.9 553
-22.7 519
-22.5 527
-22.3 521
-22.1 542
-21.9 543
-21.7 512
-21.5 516
-21.3 516
-21.1 519
-20.9 524
-20.7 510
-20.5 518
-20.3 579
-20.1 524
-19.9 508
-19.7 522
-19.5 511
-19.3 509
-19.1 546
-18.9 566
-18.7 500
-18.5 527
-18.3 546
-18.1 520
-17.9 516
-17.7 529
-17.5 555
-17.3 517
-17.1 569
-16.9 558
-16.7 560
-16.5 535
-16.3 574
-16.1 542
-15.9 544
-15.7 540
-15.5 526
-15.3 534
-15.1 545
-14.9 517
-14.7 516
-14.5 551
-14.3 553
-14.1 530
-13.9 541
-13.7 510
-13.5 559
-13.3 563
-13.1 547
-12.9 516
-12.7 505
-12.5 531
-12.3 540
-12.1 517
-11.9 542
-11.7 517
-11.5 496
-11.3 487
-11.1 511
-10.9 519
-10.7 516
-10.5 504
-10.3 515
-10.1 538
-9.9 553
-9.7 490
-9.5 496
-9.3 513
-9.1 535
-8.9 518
-8.7 566
-8.5 537
-8.3 516
-8.1 499
-7.9 504
-7.7 544
-7.5 510
-7.3 513
-7.1 509
-6.9 526
-6.7 542
-6.5 513
-6.3 545
-6.1 537
-5.9 540
-5.7 492
-5.5 526
-5.3 534
-5.1 483
-4.9 495
-4.7 557
-4.5 494
-4.3 512
-4.1 543
-3.9 540
-3.7 504
-3.5 519
-3.3 521
-3.1 515
-2.9 544
-2.7 544
-2.5 527
-2.3 546
-2.1 546
-1.9 556
-1.7 511
-1.5 569
-1.3 548
-1.1 518
-0.9 559
-0.7 560
-0.5 565
-0.3 559
-0.1 530
0.1 564
0.3 489
0.5 523
0.7 529
0.9 534
1.1 590
1.3 542
1.5 550
1.7 548
1.9 570
2.1 552
2.3 530
2.5 541
2.7 528
2.9 513
3.1 531
3.3 523
3.5 517
3.7 515
3.9 536
4.1 541
4.3 526
4.5 554
4.7 506
4.9 537
5.1 504
5.3 530
5.5 523
5.7 500
5.9 505
6.1 506
6.3 536
6.5 502
6.7 524
6.9 525
7.1 547
7.3 556
7.5 532
7.7 490
7.9 513
8.1 498
8.3 509
8.5 497
8.7 516
8.9 499
9.1 518
9.3 561
9.5 524
9.7 506
9.9 514
10.1 475
10.3 485
10.5 492
10.7 486
10.9 502
11.1 470
11.3 483
11.5 489
11.7 495
11.9 473
12.1 462
12.3 447
12.5 473
12.7 481
12.9 475
13.1 447
13.3 483
13.5 441
13.7 451
13.9 446
14.1 455
14.3 484
14.5 413
14.7 438
14.9 447
15.1 417
15.3 421
15.5 398
15.7 386
15.9 410
16.1 448
16.3 398
16.5 403
16.7 394
16.9 416
17.1 378
17.3 392
17.5 369
17.7 379
17.9 353
18.1 378
18.3 366
18.5 362
18.7 331
18.9 350
19.1 354
19.3 322
19.5 315
19.7 313
19.9 336
20.1 323
20.3 276
20.5 321
20.7 303
20.9 314
21.1 265
21.3 278
21.5 236
21.7 281
21.9 263
22.1 249
22.3 246
22.5 253
22.7 268
22.9 229
23.1 231
23.3 224
23.5 254
23.7 191
23.9 186
24.1 196
24.3 197
24.5 171
24.7 189
24.9 180
25.1 160
25.3 180
25.5 192
25.7 159
25.9 173
26.1 171
26.3 171
26.5 134
26.7 140
26.9 105
27.1 115
27.3 127
27.5 117
27.7 125
27.9 97
28.1 110
28.3 109
28.5 87
28.7 91
28.9 98
29.1 79
29.3 76
29.5 66
29.7 73
29.9 83
30.1 65
30.3 64
30.5 45
30.7 54
30.9 43
31.1 45
31.3 36
31.5 46
31.7 54
31.9 32
32.1 33
32.3 37
32.5 32
32.7 36
32.9 27
33.1 29
33.3 33
33.5 33
33.7 33
33.9 23
34.1 20
34.3 22
34.5 20
34.7 23
34.9 24
35.1 15
35.3 11
35.5 15
35.7 19
35.9 12
36.1 9
36.3 14
36.5 16
36.7 16
36.9 8
37.1 12
37.3 10
37.5 12
37.7 5
37.9 6
38.1 8
38.3 7
38.5 8
38.7 5
38.9 5
39.1 4
39.3 5
39.5 1
39.7 6
39.9 6
40.1 1
40.3 1
40.5 3
40.7 3
40.9 1
41.1 1
41.3 2
41.5 1
41.7 0
41.9 2
42.1 0
42.3 0
42.5 1
42.7 1
42.9 4
43.1 0
43.3 3
43.5 1
43.7 2
43.9 2
44.1 0
44.3 2
44.5 0
44.7 0
44.9 0
45.1 0
45.3 1
45.5 0
45.7 0
45.9 2
46.1 0
46.3 1
46.5 0
46.7 0
46.9 0
47.1 1
47.3 2
47.5 0
47.7 0
47.9 0
48.1 1
48.3 0
48.5 0
48.7 2
48.9 1
49.1 2
49.3 1
49.5 0
49.7 0
49.9 1
