1175
-199.7 3.69401e-06
-199.5 6.46452e-06
-199.3 1.61613e-05
-199.1 3.09373e-05
-198.9 5.63336e-05
-198.7 9.14267e-05
-198.5 0.000146375
-198.3 0.000223949
-198.1 0.000310758
-197.9 0.00042204
-197.7 0.000598429
-197.5 0.000789133
-197.3 0.00101216
-197.1 0.00132523
-196.9 0.00172787
-196.7 0.00215222
-196.5 0.00268
-196.3 0.00332461
-196.1 0.00405602
-195.9 0.00491442
-195.7 0.00586793
-195.5 0.00693181
-195.3 0.00805663
-195.1 0.00931721
-194.9 0.0105995
-194.7 0.0120157
-194.5 0.0134882
-194.3 0.0150231
-194.1 0.016587
-193.9 0.0181976
-193.7 0.0198682
-193.5 0.0215725
-193.3 0.0232686
-193.1 0.0249867
-192.9 0.026716
-192.7 0.0284369
-192.5 0.0301837
-192.3 0.0319195
-192.1 0.0336122
-191.9 0.03533
-191.7 0.0370126
-191.5 0.0386786
-191.3 0.0403681
-191.1 0.0420498
-190.9 0.0436775
-190.7 0.0452802
-190.5 0.0469421
-190.3 0.0485508
-190.1 0.0501554
-189.9 0.0517706
-189.7 0.0534278
-189.5 0.0550158
-189.3 0.0565811
-189.1 0.0581645
-188.9 0.059698
-188.7 0.0612319
-188.5 0.0627663
-188.3 0.0642744
-188.1 0.0657584
-187.9 0.0672379
-187.7 0.0686869
-187.5 0.070182
-187.3 0.0716439
-187.1 0.0731501
-186.9 0.0746005
-186.7 0.0760555
-186.5 0.0774998
-186.3 0.0789049
-186.1 0.0803447
-185.9 0.0816948
-185.7 0.0830769
-185.5 0.0844829
-185.3 0.0858598
-185.1 0.0872603
-184.9 0.0886271
-184.7 0.0899916
-184.5 0.0913616
-184.3 0.0927275
-184.1 0.094037
-183.9 0.0954001
-183.7 0.0967378
-183.5 0.0980736
-183.3 0.0993416
-183.1 0.10063
-182.9 0.101911
-182.7 0.103202
-182.5 0.104469
-182.3 0.105744
-182.1 0.10697
-181.9 0.108199
-181.7 0.109394
-181.5 0.110579
-181.3 0.111771
-181.1 0.112985
-180.9 0.114179
-180.7 0.115322
-180.5 0.116493
-180.3 0.117685
-180.1 0.118827
-179.9 0.119944
-179.7 0.121082
-179.5 0.122207
-179.3 0.123316
-179.1 0.124411
-178.9 0.125507
-178.7 0.126608
-178.5 0.127687
-178.3 0.128757
-178.1 0.12983
-177.9 0.130872
-177.7 0.131914
-177.5 0.132941
-177.3 0.133953
-177.1 0.135014
-176.9 0.136068
-176.7 0.137105
-176.5 0.138132
-176.3 0.139109
-176.1 0.140161
-175.9 0.141192
-175.7 0.142179
-175.5 0.143201
-175.3 0.144203
-175.1 0.14519
-174.9 0.146223
-174.7 0.147197
-174.5 0.148201
-174.3 0.149171
-174.1 0.150134
-173.9 0.151111
-173.7 0.152048
-173.5 0.153015
-173.3 0.153995
-173.1 0.154991
-172.9 0.155962
-172.7 0.156933
-172.5 0.157894
-172.3 0.158839
-172.1 0.159792
-171.9 0.160721
-171.7 0.16165
-171.5 0.162624
-171.3 0.163567
-171.1 0.164482
-170.9 0.165415
-170.7 0.166344
-170.5 0.167291
-170.3 0.16825
-170.1 0.169153
-169.9 0.170102
-169.7 0.171058
-169.5 0.171991
-169.3 0.172941
-169.1 0.173863
-168.9 0.174804
-168.7 0.17572
-168.5 0.176655
-168.3 0.177618
-168.1 0.178537
-167.9 0.179452
-167.7 0.180352
-167.5 0.181227
-167.3 0.182161
-167.1 0.183104
-166.9 0.183992
-166.7 0.184965
-166.5 0.185886
-166.3 0.186788
-166.1 0.187701
-165.9 0.188597
-165.7 0.189485
-165.5 0.190407
-165.3 0.191319
-165.1 0.192245
-164.9 0.193163
-164.7 0.194093
-164.5 0.195023
-164.3 0.195944
-164.1 0.196842
-163.9 0.197777
-163.7 0.198689
-163.5 0.199625
-163.3 0.200547
-163.1 0.201444
-162.9 0.202371
-162.7 0.203262
-162.5 0.204156
-162.3 0.205074
-162.1 0.205953
-161.9 0.20687
-161.7 0.20776
-161.5 0.208668
-161.3 0.209566
-161.1 0.210463
-160.9 0.211395
-160.7 0.212351
-160.5 0.213285
-160.3 0.21418
-160.1 0.215101
-159.9 0.215965
-159.7 0.216848
-159.5 0.217773
-159.3 0.218683
-159.1 0.219599
-158.9 0.220503
-158.7 0.221391
-158.5 0.222293
-158.3 0.223208
-158.1 0.224061
-157.9 0.224956
-157.7 0.225883
-157.5 0.226786
-157.3 0.227711
-157.1 0.228603
-156.9 0.229501
-156.7 0.230397
-156.5 0.231275
-156.3 0.232155
-156.1 0.233054
-155.9 0.233951
-155.7 0.234795
-155.5 0.235687
-155.3 0.236585
-155.1 0.237464
-154.9 0.238349
-154.7 0.239217
-154.5 0.240091
-154.3 0.241005
-154.1 0.241922
-153.9 0.242788
-153.7 0.243677
-153.5 0.244557
-153.3 0.245451
-153.1 0.246337
-152.9 0.247247
-152.7 0.248129
-152.5 0.24902
-152.3 0.2499
-152.1 0.250796
-151.9 0.251647
-151.7 0.252526
-151.5 0.253385
-151.3 0.25426
-151.1 0.255171
-150.9 0.256046
-150.7 0.256916
-150.5 0.257787
-150.3 0.258683
-150.1 0.259599
-149.9 0.260502
-149.7 0.261327
-149.5 0.262238
-149.3 0.263168
-149.1 0.264047
-148.9 0.264931
-148.7 0.265838
-148.5 0.266722
-148.3 0.267602
-148.1 0.268474
-147.9 0.269322
-147.7 0.270188
-147.5 0.27106
-147.3 0.271903
-147.1 0.272753
-146.9 0.27362
-146.7 0.274492
-146.5 0.275354
-146.3 0.276218
-146.1 0.277052
-145.9 0.277949
-145.7 0.278813
-145.5 0.279686
-145.3 0.280553
-145.1 0.281438
-144.9 0.282281
-144.7 0.283102
-144.5 0.283951
-144.3 0.284781
-144.1 0.285622
-143.9 0.286478
-143.7 0.287334
-143.5 0.288181
-143.3 0.289023
-143.1 0.289909
-142.9 0.29075
-142.7 0.291597
-142.5 0.292514
-142.3 0.293328
-142.1 0.294194
-141.9 0.295077
-141.7 0.295972
-141.5 0.296838
-141.3 0.297683
-141.1 0.29854
-140.9 0.299384
-140.7 0.300251
-140.5 0.3011
-140.3 0.301958
-140.1 0.302816
-139.9 0.303693
-139.7 0.304535
-139.5 0.30538
-139.3 0.306256
-139.1 0.307167
-138.9 0.308015
-138.7 0.308888
-138.5 0.30979
-138.3 0.310625
-138.1 0.311511
-137.9 0.312405
-137.7 0.313286
-137.5 0.314151
-137.3 0.31505
-137.1 0.315956
-136.9 0.316832
-136.7 0.317722
-136.5 0.3186
-136.3 0.31952
-136.1 0.320453
-135.9 0.321337
-135.7 0.322275
-135.5 0.323196
-135.3 0.32411
-135.1 0.32501
-134.9 0.325894
-134.7 0.326813
-134.5 0.327721
-134.3 0.328628
-134.1 0.329522
-133.9 0.330424
-133.7 0.331344
-133.5 0.332283
-133.3 0.333172
-133.1 0.334086
-132.9 0.334957
-132.7 0.335863
-132.5 0.336779
-132.3 0.337678
-132.1 0.33859
-131.9 0.339475
-131.7 0.340384
-131.5 0.341313
-131.3 0.342198
-131.1 0.343138
-130.9 0.344035
-130.7 0.344969
-130.5 0.345821
-130.3 0.346721
-130.1 0.347625
-129.9 0.348533
-129.7 0.349441
-129.5 0.350365
-129.3 0.351258
-129.1 0.352194
-128.9 0.353084
-128.7 0.353967
-128.5 0.354883
-128.3 0.35582
-128.1 0.356706
-127.9 0.357651
-127.7 0.358543
-127.5 0.359463
-127.3 0.360333
-127.1 0.361223
-126.9 0.362106
-126.7 0.363017
-126.5 0.363942
-126.3 0.364838
-126.1 0.365754
-125.9 0.366658
-125.7 0.367515
-125.5 0.368389
-125.3 0.369275
-125.1 0.370153
-124.9 0.371058
-124.7 0.371939
-124.5 0.37284
-124.3 0.373723
-124.1 0.37461
-123.9 0.375523
-123.7 0.376411
-123.5 0.37728
-123.3 0.378164
-123.1 0.379029
-122.9 0.379922
-122.7 0.380782
-122.5 0.381676
-122.3 0.382544
-122.1 0.383427
-121.9 0.384304
-121.7 0.385193
-121.5 0.386079
-121.3 0.38698
-121.1 0.38784
-120.9 0.388718
-120.7 0.389584
-120.5 0.390459
-120.3 0.391361
-120.1 0.39225
-119.9 0.393126
-119.7 0.39399
-119.5 0.394878
-119.3 0.395722
-119.1 0.396593
-118.9 0.397485
-118.7 0.398367
-118.5 0.399223
-118.3 0.400115
-118.1 0.400974
-117.9 0.401829
-117.7 0.402669
-117.5 0.403568
-117.3 0.404438
-117.1 0.405326
-116.9 0.406208
-116.7 0.407061
-116.5 0.407948
-116.3 0.408828
-116.1 0.409714
-115.9 0.410626
-115.7 0.411499
-115.5 0.412357
-115.3 0.41321
-115.1 0.414118
-114.9 0.414995
-114.7 0.415866
-114.5 0.416747
-114.3 0.417616
-114.1 0.418474
-113.9 0.419341
-113.7 0.420224
-113.5 0.42113
-113.3 0.422009
-113.1 0.422885
-112.9 0.423765
-112.7 0.42461
-112.5 0.425503
-112.3 0.426354
-112.1 0.427251
-111.9 0.428143
-111.7 0.429016
-111.5 0.429889
-111.3 0.430764
-111.1 0.431595
-110.9 0.432504
-110.7 0.433364
-110.5 0.434254
-110.3 0.435164
-110.1 0.436082
-109.9 0.436965
-109.7 0.437872
-109.5 0.438737
-109.3 0.439625
-109.1 0.440499
-108.9 0.441373
-108.7 0.442263
-108.5 0.443142
-108.3 0.444046
-108.1 0.444937
-107.9 0.445828
-107.7 0.446693
-107.5 0.447546
-107.3 0.448394
-107.1 0.449245
-106.9 0.450095
-106.7 0.450937
-106.5 0.451815
-106.3 0.452704
-106.1 0.453533
-105.9 0.454396
-105.7 0.455279
-105.5 0.456145
-105.3 0.457036
-105.1 0.457897
-104.9 0.45872
-104.7 0.459631
-104.5 0.460492
-104.3 0.461375
-104.1 0.462274
-103.9 0.463129
-103.7 0.464015
-103.5 0.464887
-103.3 0.465764
-103.1 0.466668
-102.9 0.467547
-102.7 0.468431
-102.5 0.469309
-102.3 0.47017
-102.1 0.471055
-101.9 0.471885
-101.7 0.47273
-101.5 0.4736
-101.3 0.474448
-101.1 0.47531
-100.9 0.476182
-100.7 0.477012
-100.5 0.477885
-100.3 0.478766
-100.1 0.47962
-99.9 0.480483
-99.7 0.481363
-99.5 0.482252
-99.3 0.483167
-99.1 0.484026
-98.9 0.484902
-98.7 0.485752
-98.5 0.486611
-98.3 0.487482
-98.1 0.488344
-97.9 0.489225
-97.7 0.49012
-97.5 0.490998
-97.3 0.49186
-97.1 0.492729
-96.9 0.493585
-96.7 0.494472
-96.5 0.495325
-96.3 0.496203
-96.1 0.497065
-95.9 0.497945
-95.7 0.498801
-95.5 0.499624
-95.3 0.500509
-95.1 0.501366
-94.9 0.502237
-94.7 0.503125
-94.5 0.503996
-94.3 0.504863
-94.1 0.505724
-93.9 0.506621
-93.7 0.507484
-93.5 0.508376
-93.3 0.509265
-93.1 0.510144
-92.9 0.511019
-92.7 0.511882
-92.5 0.512752
-92.3 0.513611
-92.1 0.514475
-91.9 0.515362
-91.7 0.516273
-91.5 0.517101
-91.3 0.517974
-91.1 0.518844
-90.9 0.519749
-90.7 0.520628
-90.5 0.52154
-90.3 0.522401
-90.1 0.52328
-89.9 0.524162
-89.7 0.525029
-89.5 0.525885
-89.3 0.526732
-89.1 0.527638
-88.9 0.528507
-88.7 0.529375
-88.5 0.530265
-88.3 0.531107
-88.1 0.531991
-87.9 0.532911
-87.7 0.533794
-87.5 0.534692
-87.3 0.535585
-87.1 0.536431
-86.9 0.537295
-86.7 0.538195
-86.5 0.539062
-86.3 0.539937
-86.1 0.540821
-85.9 0.541688
-85.7 0.542543
-85.5 0.543418
-85.3 0.544259
-85.1 0.545103
-84.9 0.546002
-84.7 0.546852
-84.5 0.547754
-84.3 0.548631
-84.1 0.54948
-83.9 0.550326
-83.7 0.551181
-83.5 0.552073
-83.3 0.552934
-83.1 0.553816
-82.9 0.554659
-82.7 0.555511
-82.5 0.556375
-82.3 0.557258
-82.1 0.558154
-81.9 0.559021
-81.7 0.559895
-81.5 0.560749
-81.3 0.561606
-81.1 0.562444
-80.9 0.563322
-80.7 0.564194
-80.5 0.56506
-80.3 0.565917
-80.1 0.56679
-79.9 0.567646
-79.7 0.568525
-79.5 0.569358
-79.3 0.570243
-79.1 0.571089
-78.9 0.571962
-78.7 0.572833
-78.5 0.573714
-78.3 0.574606
-78.1 0.575478
-77.9 0.576343
-77.7 0.577186
-77.5 0.578073
-77.3 0.578912
-77.1 0.57982
-76.9 0.580653
-76.7 0.581546
-76.5 0.582393
-76.3 0.583245
-76.1 0.584119
-75.9 0.584976
-75.7 0.585849
-75.5 0.586707
-75.3 0.587564
-75.1 0.588412
-74.9 0.589248
-74.7 0.590155
-74.5 0.591021
-74.3 0.591909
-74.1 0.592763
-73.9 0.593648
-73.7 0.594527
-73.5 0.595437
-73.3 0.596313
-73.1 0.597197
-72.9 0.598071
-72.7 0.598934
-72.5 0.599786
-72.3 0.600672
-72.1 0.601586
-71.9 0.602479
-71.7 0.603373
-71.5 0.604273
-71.3 0.605139
-71.1 0.606032
-70.9 0.606912
-70.7 0.607756
-70.5 0.608625
-70.3 0.609518
-70.1 0.610398
-69.9 0.611298
-69.7 0.612139
-69.5 0.612986
-69.3 0.613881
-69.1 0.614775
-68.9 0.615618
-68.7 0.616557
-68.5 0.617391
-68.3 0.618269
-68.1 0.619143
-67.9 0.620009
-67.7 0.620861
-67.5 0.621716
-67.3 0.622606
-67.1 0.623493
-66.9 0.624384
-66.7 0.625242
-66.5 0.626112
-66.3 0.626972
-66.1 0.627879
-65.9 0.628755
-65.7 0.629638
-65.5 0.630515
-65.3 0.631397
-65.1 0.632263
-64.9 0.633136
-64.7 0.634021
-64.5 0.634932
-64.3 0.635793
-64.1 0.636689
-63.9 0.637571
-63.7 0.638448
-63.5 0.639303
-63.3 0.640169
-63.1 0.641018
-62.9 0.641899
-62.7 0.642739
-62.5 0.643615
-62.3 0.644466
-62.1 0.645372
-61.9 0.646214
-61.7 0.6471
-61.5 0.647981
-61.3 0.648848
-61.1 0.649738
-60.9 0.650575
-60.7 0.651455
-60.5 0.652325
-60.3 0.65321
-60.1 0.654093
-59.9 0.654971
-59.7 0.655849
-59.5 0.656734
-59.3 0.657607
-59.1 0.65847
-58.9 0.659343
-58.7 0.660232
-58.5 0.661104
-58.3 0.661991
-58.1 0.662902
-57.9 0.663772
-57.7 0.664655
-57.5 0.665539
-57.3 0.666429
-57.1 0.667304
-56.9 0.668185
-56.7 0.669036
-56.5 0.66992
-56.3 0.670786
-56.1 0.671644
-55.9 0.67253
-55.7 0.673385
-55.5 0.674278
-55.3 0.675146
-55.1 0.676015
-54.9 0.676837
-54.7 0.677713
-54.5 0.678573
-54.3 0.679453
-54.1 0.680321
-53.9 0.681202
-53.7 0.682061
-53.5 0.682965
-53.3 0.683835
-53.1 0.684731
-52.9 0.685625
-52.7 0.686472
-52.5 0.687355
-52.3 0.688209
-52.1 0.689082
-51.9 0.689939
-51.7 0.690787
-51.5 0.691647
-51.3 0.692513
-51.1 0.693383
-50.9 0.69427
-50.7 0.695163
-50.5 0.696021
-50.3 0.696888
-50.1 0.697762
-49.9 0.698636
-49.7 0.699478
-49.5 0.700383
-49.3 0.701257
-49.1 0.702119
-48.9 0.703004
-48.7 0.70389
-48.5 0.704758
-48.3 0.705639
-48.1 0.70652
-47.9 0.707398
-47.7 0.708278
-47.5 0.709107
-47.3 0.70996
-47.1 0.710797
-46.9 0.711688
-46.7 0.712553
-46.5 0.713415
-46.3 0.714307
-46.1 0.715176
-45.9 0.716021
-45.7 0.716907
-45.5 0.71776
-45.3 0.7186
-45.1 0.719455
-44.9 0.720312
-44.7 0.721203
-44.5 0.722073
-44.3 0.722945
-44.1 0.723813
-43.9 0.724691
-43.7 0.725548
-43.5 0.726406
-43.3 0.72725
-43.1 0.728135
-42.9 0.728997
-42.7 0.729853
-42.5 0.730728
-42.3 0.731631
-42.1 0.732487
-41.9 0.733337
-41.7 0.734202
-41.5 0.735076
-41.3 0.735958
-41.1 0.736799
-40.9 0.737691
-40.7 0.73855
-40.5 0.739413
-40.3 0.74027
-40.1 0.741168
-39.9 0.742048
-39.7 0.742919
-39.5 0.743762
-39.3 0.744601
-39.1 0.745474
-38.9 0.746337
-38.7 0.74721
-38.5 0.74806
-38.3 0.748959
-38.1 0.749805
-37.9 0.750681
-37.7 0.751561
-37.5 0.752415
-37.3 0.753296
-37.1 0.754123
-36.9 0.755006
-36.7 0.755871
-36.5 0.756756
-36.3 0.757617
-36.1 0.758474
-35.9 0.759364
-35.7 0.76024
-35.5 0.761133
-35.3 0.762009
-35.1 0.762899
-34.9 0.763767
-34.7 0.764652
-34.5 0.76552
-34.3 0.766385
-34.1 0.767253
-33.9 0.768075
-33.7 0.768944
-33.5 0.769793
-33.3 0.770675
-33.1 0.77152
-32.9 0.772378
-32.7 0.773241
-32.5 0.774099
-32.3 0.774934
-32.1 0.775778
-31.9 0.776655
-31.7 0.777489
-31.5 0.778374
-31.3 0.779262
-31.1 0.780129
-30.9 0.781048
-30.7 0.781913
-30.5 0.782788
-30.3 0.783668
-30.1 0.784558
-29.9 0.785392
-29.7 0.786285
-29.5 0.787143
-29.3 0.788006
-29.1 0.788906
-28.9 0.789738
-28.7 0.790594
-28.5 0.791455
-28.3 0.792331
-28.1 0.793203
-27.9 0.794056
-27.7 0.794908
-27.5 0.795775
-27.3 0.79664
-27.1 0.79749
-26.9 0.798359
-26.7 0.799253
-26.5 0.800118
-26.3 0.800994
-26.1 0.801864
-25.9 0.802711
-25.7 0.803573
-25.5 0.80442
-25.3 0.805286
-25.1 0.806176
-24.9 0.807031
-24.7 0.807886
-24.5 0.808715
-24.3 0.809591
-24.1 0.810427
-23.9 0.811292
-23.7 0.812138
-23.5 0.812958
-23.3 0.813832
-23.1 0.814693
-22.9 0.815576
-22.7 0.816456
-22.5 0.817307
-22.3 0.818196
-22.1 0.819065
-21.9 0.819923
-21.7 0.820798
-21.5 0.821668
-21.3 0.822547
-21.1 0.82341
-20.9 0.824263
-20.7 0.825115
-20.5 0.825964
-20.3 0.826834
-20.1 0.827704
-19.9 0.828541
-19.7 0.829382
-19.5 0.830271
-19.3 0.831131
-19.1 0.832011
-18.9 0.832859
-18.7 0.833718
-18.5 0.834571
-18.3 0.835423
-18.1 0.836306
-17.9 0.83717
-17.7 0.83802
-17.5 0.838899
-17.3 0.839778
-17.1 0.840629
-16.9 0.841485
-16.7 0.84236
-16.5 0.843195
-16.3 0.844052
-16.1 0.844939
-15.9 0.845813
-15.7 0.846665
-15.5 0.847537
-15.3 0.848432
-15.1 0.849283
-14.9 0.850151
-14.7 0.851022
-14.5 0.85186
-14.3 0.852705
-14.1 0.853618
-13.9 0.854515
-13.7 0.855362
-13.5 0.856239
-13.3 0.857106
-13.1 0.857953
-12.9 0.858813
-12.7 0.85966
-12.5 0.860505
-12.3 0.861347
-12.1 0.862204
-11.9 0.863061
-11.7 0.863926
-11.5 0.864781
-11.3 0.86564
-11.1 0.86647
-10.9 0.867364
-10.7 0.868253
-10.5 0.869125
-10.3 0.870026
-10.1 0.870873
-9.9 0.871787
-9.7 0.872631
-9.5 0.873495
-9.3 0.874345
-9.1 0.875188
-8.9 0.876042
-8.7 0.876908
-8.5 0.877784
-8.3 0.878656
-8.1 0.879519
-7.9 0.88038
-7.7 0.881251
-7.5 0.882125
-7.3 0.882972
-7.1 0.883885
-6.9 0.884744
-6.7 0.885608
-6.5 0.886447
-6.3 0.887331
-6.1 0.888211
-5.9 0.889045
-5.7 0.889892
-5.5 0.890776
-5.3 0.89162
-5.1 0.892456
-4.9 0.893315
-4.7 0.894193
-4.5 0.895072
-4.3 0.89595
-4.1 0.896797
-3.9 0.897658
-3.7 0.898528
-3.5 0.899354
-3.3 0.900208
-3.1 0.901079
-2.9 0.901932
-2.7 0.902783
-2.5 0.903635
-2.3 0.904506
-2.1 0.905366
-1.9 0.906239
-1.7 0.907091
-1.5 0.907954
-1.3 0.908815
-1.1 0.909701
-0.899999 0.910563
-0.699999 0.911398
-0.499999 0.912265
-0.299999 0.913118
-0.0999994 0.914001
0.100001 0.914825
0.300001 0.915673
0.500001 0.916558
0.700001 0.917388
0.900001 0.918234
1.1 0.9191
1.3 0.919994
1.5 0.920862
1.7 0.921729
1.9 0.92258
2.1 0.923415
2.3 0.924263
2.5 0.925153
2.7 0.926012
2.9 0.926885
3.1 0.927754
3.3 0.928603
3.5 0.929447
3.7 0.930306
3.9 0.931155
4.1 0.932034
4.3 0.932905
4.5 0.933734
4.7 0.934588
4.9 0.935463
5.1 0.936337
5.3 0.937195
5.5 0.938061
5.7 0.938931
5.9 0.939766
6.1 0.940617
6.3 0.941507
6.5 0.942343
6.7 0.943218
6.9 0.944081
7.1 0.944954
7.3 0.945777
7.5 0.946579
7.7 0.947438
7.9 0.94829
8.1 0.949146
8.3 0.95004
8.5 0.950913
8.7 0.95177
8.9 0.952578
9.1 0.953404
9.3 0.954228
9.5 0.955029
9.7 0.955842
9.9 0.956685
10.1 0.957489
10.3 0.958305
10.5 0.959095
10.7 0.959877
10.9 0.960705
11.1 0.961497
11.3 0.962297
11.5 0.963088
11.7 0.963864
11.9 0.964611
12.1 0.965357
12.3 0.966105
12.5 0.966879
12.7 0.967612
12.9 0.968358
13.1 0.96906
13.3 0.969765
13.5 0.970528
13.7 0.971242
13.9 0.971907
14.1 0.97261
14.3 0.973284
14.5 0.97399
14.7 0.974678
14.9 0.975347
15.1 0.975982
15.3 0.976609
15.5 0.977247
15.7 0.977869
15.9 0.978458
16.1 0.97903
16.3 0.979616
16.5 0.980201
16.7 0.980746
16.9 0.981314
17.1 0.981875
17.3 0.98241
17.5 0.982924
17.7 0.983445
17.9 0.983965
18.1 0.984446
18.3 0.984953
18.5 0.985412
18.7 0.985883
18.9 0.986363
19.1 0.986811
19.3 0.987248
19.5 0.987682
19.7 0.988114
19.9 0.988513
20.1 0.988903
20.3 0.989297
20.5 0.989677
20.7 0.990089
20.9 0.990475
21.1 0.990805
21.3 0.991159
21.5 0.991501
21.7 0.991833
21.9 0.992153
22.1 0.992449
22.3 0.992767
22.5 0.993058
22.7 0.993345
22.9 0.993638
23.1 0.993912
23.3 0.994163
23.5 0.994408
23.7 0.994642
23.9 0.994895
24.1 0.995113
24.3 0.995354
24.5 0.995547
24.7 0.995751
24.9 0.995976
25.1 0.996177
25.3 0.996363
25.5 0.996545
25.7 0.996716
25.9 0.996887
26.1 0.997035
26.3 0.997175
26.5 0.997326
26.7 0.997473
26.9 0.997616
27.1 0.99775
27.3 0.997872
27.5 0.997994
27.7 0.998109
27.9 0.998216
28.1 0.998324
28.3 0.998421
28.5 0.998538
28.7 0.998641
28.9 0.998725
29.1 0.998811
29.3 0.998895
29.5 0.998976
29.7 0.999043
29.9 0.999109
30.1 0.99918
30.3 0.999247
30.5 0.999305
30.7 0.999364
30.9 0.999414
31.1 0.999467
31.3 0.999514
31.5 0.999562
31.7 0.999596
31.9 0.999633
32.1 0.999668
32.3 0.999698
32.5 0.999731
32.7 0.999759
32.9 0.999785
33.1 0.999811
33.3 0.999833
33.5 0.999856
33.7 0.999881
33.9 0.999905
34.1 0.999929
34.3 0.999949
34.5 0.999968
34.7 0.99998
34.9 0.999988
35.1 1
