-199.9 0
-199.7 1
-199.5 0
-199.3 1
-199.1 0
-198.9 0
-198.7 0
-198.5 2
-198.3 9
-198.1 7
-197.9 12
-197.7 27
-197.5 56
-197.3 65
-197.1 101
-196.9 146
-196.7 214
-196.5 306
-196.3 401
-196.1 529
-195.9 719
-195.7 883
-195.5 1257
-195.3 1533
-195.1 1846
-194.9 2239
-194.7 2789
-194.5 3102
-194.3 3470
-194.1 3838
-193.9 4289
-193.7 4516
-193.5 4746
-193.3 4891
-193.1 5055
-192.9 5169
-192.7 5080
-192.5 5120
-192.3 5158
-192.1 5164
-191.9 5077
-191.7 5058
-191.5 5008
-191.3 4886
-191.1 4874
-190.9 4861
-190.7 4733
-190.5 4769
-190.3 4621
-190.1 4663
-189.9 4533
-189.7 4596
-189.5 4398
-189.3 4418
-189.1 4333
-188.9 4371
-188.7 4416
-188.5 4289
-188.3 4248
-188.1 4208
-187.9 4281
-187.7 3962
-187.5 4065
-187.3 4081
-187.1 4081
-186.9 4085
-186.7 4036
-186.5 3911
-186.3 4036
-186.1 3928
-185.9 3898
-185.7 3922
-185.5 3877
-185.3 3946
-185.1 3867
-184.9 3848
-184.7 3847
-184.5 3847
-184.3 3858
-184.1 3798
-183.9 3688
-183.7 3818
-183.5 3766
-183.3 3671
-183.1 3676
-182.9 3665
-182.7 3664
-182.5 3671
-182.3 3611
-182.1 3551
-181.9 3677
-181.7 3502
-181.5 3502
-181.3 3535
-181.1 3387
-180.9 3405
-180.7 3426
-180.5 3321
-180.3 3347
-180.1 3209
-179.9 3243
-179.7 3124
-179.5 3154
-179.3 3088
-179.1 3114
-178.9 2994
-178.7 2920
-178.5 3011
-178.3 2888
-178.1 2685
-177.9 2720
-177.7 2771
-177.5 2733
-177.3 2708
-177.1 2676
-176.9 2640
-176.7 2628
-176.5 2637
-176.3 2625
-176.1 2527
-175.9 2591
-175.7 2579
-175.5 2502
-175.3 2467
-175.1 2469
-174.9 2568
-174.7 2474
-174.5 2452
-174.3 2437
-174.1 2401
-173.9 2449
-173.7 2358
-173.5 2427
-173.3 2430
-173.1 2414
-172.9 2349
-172.7 2273
-172.5 2336
-172.3 2288
-172.1 2288
-171.9 2233
-171.7 2292
-171.5 2268
-171.3 2279
-171.1 2214
-170.9 2225
-170.7 2345
-170.5 2195
-170.3 2221
-170.1 2277
-169.9 2142
-169.7 2238
-169.5 2095
-169.3 2155
-169.1 2146
-168.9 2168
-168.7 2150
-168.5 2200
-168.3 2180
-168.1 2111
-167.9 2111
-167.7 2141
-167.5 2164
-167.3 2126
-167.1 2167
-166.9 2123
-166.7 2100
-166.5 2029
-166.3 2172
-166.1 2070
-165.9 2064
-165.7 2064
-165.5 2085
-165.3 2117
-165.1 2168
-164.9 2109
-164.7 2102
-164.5 2120
-164.3 2092
-164.1 2049
-163.9 2156
-163.7 2042
-163.5 2127
-163.3 2076
-163.1 2123
-162.9 1995
-162.7 2068
-162.5 2112
-162.3 2060
-162.1 2137
-161.9 2074
-161.7 2032
-161.5 2133
-161.3 2021
-161.1 2032
-160.9 2060
-160.7 2034
-160.5 2068
-160.3 2062
-160.1 2052
-159.9 2012
-159.7 2025
-159.5 2050
-159.3 2088
-159.1 2092
-158.9 2148
-158.7 2037
-158.5 1985
-158.3 1948
-158.1 2016
-157.9 2042
-157.7 2055
-157.5 2013
-157.3 2007
-157.1 1997
-156.9 1944
-156.7 1981
-156.5 2013
-156.3 2019
-156.1 1974
-155.9 1935
-155.7 2017
-155.5 2027
-155.3 1996
-155.1 1967
-154.9 1928
-154.7 1995
-154.5 1877
-154.3 1916
-154.1 1882
-153.9 1870
-153.7 1977
-153.5 1899
-153.3 1876
-153.1 1878
-152.9 1898
-152.7 1855
-152.5 1898
-152.3 1900
-152.1 1896
-151.9 1849
-151.7 1886
-151.5 1884
-151.3 1799
-151.1 1801
-150.9 1769
-150.7 1875
-150.5 1842
-150.3 1882
-150.1 1793
-149.9 1802
-149.7 1797
-149.5 1844
-149.3 1816
-149.1 1824
-148.9 1852
-148.7 1854
-148.5 1821
-148.3 1818
-148.1 1823
-147.9 1834
-147.7 1804
-147.5 1808
-147.3 1849
-147.1 1816
-146.9 1914
-146.7 1856
-146.5 1870
-146.3 1860
-146.1 1891
-145.9 1804
-145.7 1980
-145.5 1930
-145.3 1940
-145.1 1901
-144.9 1987
-144.7 1881
-144.5 1844
-144.3 1893
-144.1 1927
-143.9 1913
-143.7 1929
-143.5 1913
-143.3 1940
-143.1 1868
-142.9 1925
-142.7 1962
-142.5 2015
-142.3 1939
-142.1 2028
-141.9 2018
-141.7 1920
-141.5 2029
-141.3 1994
-141.1 2057
-140.9 1948
-140.7 1977
-140.5 1985
-140.3 2058
-140.1 2073
-139.9 2007
-139.7 2034
-139.5 1997
-139.3 2025
-139.1 2074
-138.9 2029
-138.7 1991
-138.5 2017
-138.3 2019
-138.1 2063
-137.9 2150
-137.7 2033
-137.5 2059
-137.3 2083
-137.1 2127
-136.9 2069
-136.7 2062
-136.5 2037
-136.3 2011
-136.1 2110
-135.9 2128
-135.7 2104
-135.5 2023
-135.3 2096
-135.1 2083
-134.9 2099
-134.7 2135
-134.5 2086
-134.3 2088
-134.1 2095
-133.9 2112
-133.7 2125
-133.5 2156
-133.3 2083
-133.1 2072
-132.9 2156
-132.7 2012
-132.5 2076
-132.3 2041
-132.1 2119
-131.9 2077
-131.7 2096
-131.5 2107
-131.3 2109
-131.1 2154
-130.9 2180
-130.7 2109
-130.5 2107
-130.3 2042
-130.1 2067
-129.9 1946
-129.7 2134
-129.5 2106
-129.3 2161
-129.1 2041
-128.9 2081
-128.7 2155
-128.5 2207
-128.3 2120
-128.1 2039
-127.9 2078
-127.7 2071
-127.5 2129
-127.3 2081
-127.1 2070
-126.9 2026
-126.7 2018
-126.5 2078
-126.3 2080
-126.1 2048
-125.9 2119
-125.7 2073
-125.5 2086
-125.3 2122
-125.1 2035
-124.9 2068
-124.7 2166
-124.5 2065
-124.3 1951
-124.1 2000
-123.9 2040
-123.7 1975
-123.5 2010
-123.3 1999
-123.1 2006
-122.9 2044
-122.7 1997
-122.5 2077
-122.3 2022
-122.1 1964
-121.9 2037
-121.7 2045
-121.5 2066
-121.3 2004
-121.1 2074
-120.9 2001
-120.7 2047
-120.5 2009
-120.3 1956
-120.1 2063
-119.9 2098
-119.7 1968
-119.5 2023
-119.3 1981
-119.1 2018
-118.9 1911
-118.7 2128
-118.5 2006
-118.3 1949
-118.1 2042
-117.9 1958
-117.7 1956
-117.5 2016
-117.3 2041
-117.1 1938
-116.9 2078
-116.7 1975
-116.5 1982
-116.3 2019
-116.1 2010
-115.9 2013
-115.7 2069
-115.5 1983
-115.3 1998
-115.1 2048
-114.9 2002
-114.7 2011
-114.5 2028
-114.3 1912
-114.1 1980
-113.9 2029
-113.7 2019
-113.5 1971
-113.3 1956
-113.1 2016
-112.9 1984
-112.7 1934
-112.5 1928
-112.3 1956
-112.1 1990
-111.9 1924
-111.7 1928
-111.5 2064
-111.3 2025
-111.1 1998
-110.9 1893
-110.7 2030
-110.5 2009
-110.3 2008
-110.1 1951
-109.9 2026
-109.7 2000
-109.5 1972
-109.3 1965
-109.1 1966
-108.9 1921
-108.7 1999
-108.5 1936
-108.3 1880
-108.1 1903
-107.9 1972
-107.7 2009
-107.5 1988
-107.3 1944
-107.1 1955
-106.9 1933
-106.7 1947
-106.5 1941
-106.3 2019
-106.1 2031
-105.9 2012
-105.7 1955
-105.5 1926
-105.3 1961
-105.1 2040
-104.9 2050
-104.7 1927
-104.5 1941
-104.3 1989
-104.1 1964
-103.9 1911
-103.7 1931
-103.5 1890
-103.3 1910
-103.1 1951
-102.9 1975
-102.7 1942
-102.5 1989
-102.3 1936
-102.1 1900
-101.9 1948
-101.7 1987
-101.5 1917
-101.3 2031
-101.1 1990
-100.9 1966
-100.7 1906
-100.5 1899
-100.3 1966
-100.1 1977
-99.9 1953
-99.7 1935
-99.5 1862
-99.3 1880
-99.1 1999
-98.9 1930
-98.7 1899
-98.5 1839
-98.3 1891
-98.1 1872
-97.9 1968
-97.7 1998
-97.5 1972
-97.3 1981
-97.1 1895
-96.9 1934
-96.7 1867
-96.5 1920
-96.3 2015
-96.1 1942
-95.9 1935
-95.7 1833
-95.5 1908
-95.3 1848
-95.1 1963
-94.9 1925
-94.7 1884
-94.5 1932
-94.3 1924
-94.1 1941
-93.9 1914
-93.7 1945
-93.5 1895
-93.3 1887
-93.1 1894
-92.9 1879
-92.7 1881
-92.5 1897
-92.3 1930
-92.1 1881
-91.9 1905
-91.7 1944
-91.5 1948
-91.3 1867
-91.1 1935
-90.9 1882
-90.7 1954
-90.5 1895
-90.3 1886
-90.1 1922
-89.9 1848
-89.7 1872
-89.5 1889
-89.3 1891
-89.1 1891
-88.9 1846
-88.7 1846
-88.5 1876
-88.3 1899
-88.1 1907
-87.9 1873
-87.7 1927
-87.5 1892
-87.3 1838
-87.1 1862
-86.9 2011
-86.7 1887
-86.5 1861
-86.3 1862
-86.1 1916
-85.9 1884
-85.7 1855
-85.5 1799
-85.3 1927
-85.1 1952
-84.9 1869
-84.7 1868
-84.5 1955
-84.3 1886
-84.1 1949
-83.9 1952
-83.7 1898
-83.5 1805
-83.3 1961
-83.1 1892
-82.9 1851
-82.7 1897
-82.5 1954
-82.3 1958
-82.1 1937
-81.9 1926
-81.7 1908
-81.5 1863
-81.3 1917
-81.1 1977
-80.9 1841
-80.7 1937
-80.5 1941
-80.3 1957
-80.1 1979
-79.9 1912
-79.7 1910
-79.5 1961
-79.3 1929
-79.1 1898
-78.9 1931
-78.7 1910
-78.5 2002
-78.3 1913
-78.1 1940
-77.9 1995
-77.7 1858
-77.5 1952
-77.3 1972
-77.1 1956
-76.9 2028
-76.7 1884
-76.5 1952
-76.3 1901
-76.1 1924
-75.9 1982
-75.7 1957
-75.5 1921
-75.3 1986
-75.1 1945
-74.9 1972
-74.7 1972
-74.5 1967
-74.3 1937
-74.1 1974
-73.9 2003
-73.7 1966
-73.5 1898
-73.3 1922
-73.1 1990
-72.9 1955
-72.7 1964
-72.5 2009
-72.3 1901
-72.1 1947
-71.9 1943
-71.7 2008
-71.5 2085
-71.3 2028
-71.1 1945
-70.9 1864
-70.7 1949
-70.5 2001
-70.3 1948
-70.1 2029
-69.9 1934
-69.7 1958
-69.5 1978
-69.3 1935
-69.1 1905
-68.9 1955
-68.7 1961
-68.5 1951
-68.3 1937
-68.1 1995
-67.9 2009
-67.7 1917
-67.5 1945
-67.3 1916
-67.1 1983
-66.9 1952
-66.7 1969
-66.5 2058
-66.3 2014
-66.1 1964
-65.9 1971
-65.7 2007
-65.5 1963
-65.3 1985
-65.1 1965
-64.9 1970
-64.7 1909
-64.5 1947
-64.3 1992
-64.1 1994
-63.9 1943
-63.7 1936
-63.5 1940
-63.3 1975
-63.1 1975
-62.9 1978
-62.7 1881
-62.5 1919
-62.3 1964
-62.1 2028
-61.9 2003
-61.7 1883
-61.5 2014
-61.3 1942
-61.1 1906
-60.9 1989
-60.7 1961
-60.5 1981
-60.3 1904
-60.1 1985
-59.9 1926
-59.7 1914
-59.5 1864
-59.3 1972
-59.1 1981
-58.9 1955
-58.7 1951
-58.5 1975
-58.3 2011
-58.1 1934
-57.9 1987
-57.7 1954
-57.5 1923
-57.3 1966
-57.1 1926
-56.9 1887
-56.7 1939
-56.5 1906
-56.3 1936
-56.1 1850
-55.9 1893
-55.7 1905
-55.5 2031
-55.3 2001
-55.1 1966
-54.9 1997
-54.7 1972
-54.5 1894
-54.3 1909
-54.1 1928
-53.9 1981
-53.7 1928
-53.5 1903
-53.3 1887
-53.1 1958
-52.9 1969
-52.7 1902
-52.5 1915
-52.3 1997
-52.1 1960
-51.9 1961
-51.7 1974
-51.5 1927
-51.3 1936
-51.1 1856
-50.9 1936
-50.7 1908
-50.5 1969
-50.3 1973
-50.1 1980
-49.9 1901
-49.7 2047
-49.5 1940
-49.3 1980
-49.1 1996
-48.9 1982
-48.7 1978
-48.5 1918
-48.3 1950
-48.1 1962
-47.9 1939
-47.7 1931
-47.5 2010
-47.3 1901
-47.1 1979
-46.9 1912
-46.7 1975
-46.5 2006
-46.3 1937
-46.1 1877
-45.9 1996
-45.7 2050
-45.5 1981
-45.3 1961
-45.1 1962
-44.9 1929
-44.7 1900
-44.5 1828
-44.3 1971
-44.1 1961
-43.9 1904
-43.7 1910
-43.5 1973
-43.3 2008
-43.1 1893
-42.9 1960
-42.7 1991
-42.5 1934
-42.3 1906
-42.1 1818
-41.9 1890
-41.7 1988
-41.5 1926
-41.3 1985
-41.1 1934
-40.9 1978
-40.7 1862
-40.5 1936
-40.3 1896
-40.1 1963
-39.9 1963
-39.7 1962
-39.5 1954
-39.3 1973
-39.1 1972
-38.9 1887
-38.7 1926
-38.5 1930
-38.3 1854
-38.1 2009
-37.9 1901
-37.7 1907
-37.5 1897
-37.3 1934
-37.1 1919
-36.9 2057
-36.7 1873
-36.5 1950
-36.3 1859
-36.1 1857
-35.9 1955
-35.7 1970
-35.5 1961
-35.3 1885
-35.1 1874
-34.9 1873
-34.7 1924
-34.5 1914
-34.3 1853
-34.1 1986
-33.9 1999
-33.7 1908
-33.5 1909
-33.3 1922
-33.1 1863
-32.9 1973
-32.7 2023
-32.5 1965
-32.3 1957
-32.1 1961
-31.9 1900
-31.7 1931
-31.5 1960
-31.3 1897
-31.1 1875
-30.9 1930
-30.7 1907
-30.5 1950
-30.3 1946
-30.1 1851
-29.9 1960
-29.7 1818
-29.5 1875
-29.3 1906
-29.1 1863
-28.9 1893
-28.7 1840
-28.5 1834
-28.3 1870
-28.1 1908
-27.9 1847
-27.7 1914
-27.5 1817
-27.3 1968
-27.1 1931
-26.9 1896
-26.7 1952
-26.5 1903
-26.3 1981
-26.1 1915
-25.9 1895
-25.7 1925
-25.5 1840
-25.3 1851
-25.1 1840
-24.9 1910
-24.7 1986
-24.5 1922
-24.3 2003
-24.1 1850
-23.9 1888
-23.7 1909
-23.5 1964
-23.3 1846
-23.1 1855
-22.9 1906
-22.7 1979
-22.5 1901
-22.3 1874
-22.1 1929
-21.9 1947
-21.7 1899
-21.5 1877
-21.3 1851
-21.1 1956
-20.9 1923
-20.7 1976
-20.5 1897
-20.3 1856
-20.1 1894
-19.9 1935
-19.7 1912
-19.5 1855
-19.3 1860
-19.1 1919
-18.9 1901
-18.7 1967
-18.5 1910
-18.3 1933
-18.1 1866
-17.9 1917
-17.7 1928
-17.5 2030
-17.3 1914
-17.1 1919
-16.9 1952
-16.7 1973
-16.5 1900
-16.3 1945
-16.1 1928
-15.9 1930
-15.7 1913
-15.5 1891
-15.3 1927
-15.1 1896
-14.9 1924
-14.7 1899
-14.5 1913
-14.3 1977
-14.1 1925
-13.9 1810
-13.7 1842
-13.5 1862
-13.3 1911
-13.1 1864
-12.9 1878
-12.7 1904
-12.5 1894
-12.3 1983
-12.1 1919
-11.9 1991
-11.7 1910
-11.5 1981
-11.3 1889
-11.1 1923
-10.9 1848
-10.7 1919
-10.5 1963
-10.3 1951
-10.1 1899
-9.9 1937
-9.7 1874
-9.5 1890
-9.3 1819
-9.1 1924
-8.9 1876
-8.7 1947
-8.5 1850
-8.3 1909
-8.1 1935
-7.9 1901
-7.7 1830
-7.5 1950
-7.3 1956
-7.1 1962
-6.9 1958
-6.7 1913
-6.5 1957
-6.3 1900
-6.1 1895
-5.9 1917
-5.7 1905
-5.5 1988
-5.3 1929
-5.1 1858
-4.9 1915
-4.7 1902
-4.5 1829
-4.3 1893
-4.1 1864
-3.9 1996
-3.7 1917
-3.5 1929
-3.3 1884
-3.1 1946
-2.9 1846
-2.7 1909
-2.5 1935
-2.3 1912
-2.1 1905
-1.9 1897
-1.7 1907
-1.5 1896
-1.3 1970
-1.1 1915
-0.9 1982
-0.7 1907
-0.5 1866
-0.3 1918
-0.1 1991
0.1 1965
0.3 1978
0.5 1906
0.7 1904
0.9 1913
1.1 1925
1.3 1897
1.5 1911
1.7 1936
1.9 1886
2.1 1948
2.3 1857
2.5 1924
2.7 1968
2.9 1942
3.1 1906
3.3 1900
3.5 1842
3.7 1904
3.9 1883
4.1 1966
4.3 1939
4.5 1956
4.7 1895
4.9 1916
5.1 1977
5.3 1886
5.5 1845
5.7 1876
5.9 1917
6.1 1970
6.3 1853
6.5 1864
6.7 1887
6.9 1914
7.1 1880
7.3 1853
7.5 1900
7.7 1843
7.9 1787
8.1 1951
8.3 1850
8.5 1854
8.7 1891
8.9 1869
9.1 1812
9.3 1825
9.5 1827
9.7 1872
9.9 1848
10.1 1868
10.3 1712
10.5 1794
10.7 1809
10.9 1796
11.1 1792
11.3 1760
11.5 1740
11.7 1808
11.9 1693
12.1 1748
12.3 1785
12.5 1747
12.7 1667
12.9 1706
13.1 1662
13.3 1750
13.5 1693
13.7 1641
13.9 1702
14.1 1659
14.3 1652
14.5 1638
14.7 1608
14.9 1527
15.1 1542
15.3 1540
15.5 1508
15.7 1529
15.9 1470
16.1 1452
16.3 1426
16.5 1398
16.7 1408
16.9 1385
17.1 1384
17.3 1333
17.5 1306
17.7 1291
17.9 1325
18.1 1246
18.3 1230
18.5 1271
18.7 1232
18.9 1213
19.1 1227
19.3 1142
19.5 1085
19.7 1041
19.9 1093
20.1 1113
20.3 1054
20.5 993
20.7 1001
20.9 969
21.1 952
21.3 943
21.5 948
21.7 909
21.9 840
22.1 886
22.3 821
22.5 783
22.7 748
22.9 767
23.1 794
23.3 739
23.5 728
23.7 666
23.9 638
24.1 651
24.3 649
24.5 612
24.7 591
24.9 602
25.1 602
25.3 549
25.5 554
25.7 528
25.9 516
26.1 506
26.3 507
26.5 463
26.7 411
26.9 396
27.1 409
27.3 386
27.5 393
27.7 379
27.9 333
28.1 329
28.3 302
28.5 302
28.7 306
28.9 263
29.1 277
29.3 262
29.5 239
29.7 233
29.9 238
30.1 225
30.3 203
30.5 192
30.7 192
30.9 169
31.1 149
31.3 138
31.5 133
31.7 143
31.9 126
32.1 113
32.3 120
32.5 132
32.7 100
32.9 113
33.1 101
33.3 110
33.5 83
33.7 89
33.9 64
34.1 68
34.3 61
34.5 62
34.7 55
34.9 62
