-199.9 0
-199.7 8
-199.5 6
-199.3 21
-199.1 32
-198.9 55
-198.7 76
-198.5 119
-198.3 168
-198.1 188
-197.9 241
-197.7 382
-197.5 413
-197.3 483
-197.1 678
-196.9 872
-196.7 919
-196.5 1143
-196.3 1396
-196.1 1584
-195.9 1859
-195.7 2065
-195.5 2304
-195.3 2436
-195.1 2730
-194.9 2777
-194.7 3067
-194.5 3189
-194.3 3324
-194.1 3387
-193.9 3488
-193.7 3618
-193.5 3691
-193.3 3673
-193.1 3721
-192.9 3745
-192.7 3727
-192.5 3783
-192.3 3759
-192.1 3666
-191.9 3720
-191.7 3644
-191.5 3608
-191.3 3659
-191.1 3642
-190.9 3525
-190.7 3471
-190.5 3599
-190.3 3484
-190.1 3475
-189.9 3498
-189.7 3589
-189.5 3439
-189.3 3390
-189.1 3429
-188.9 3321
-188.7 3322
-188.5 3323
-188.3 3266
-188.1 3214
-187.9 3204
-187.7 3138
-187.5 3238
-187.3 3166
-187.1 3262
-186.9 3141
-186.7 3151
-186.5 3128
-186.3 3043
-186.1 3118
-185.9 2924
-185.7 2993
-185.5 3045
-185.3 2982
-185.1 3033
-184.9 2960
-184.7 2955
-184.5 2967
-184.3 2958
-184.1 2836
-183.9 2952
-183.7 2897
-183.5 2893
-183.3 2746
-183.1 2791
-182.9 2773
-182.7 2797
-182.5 2744
-182.3 2761
-182.1 2655
-181.9 2662
-181.7 2587
-181.5 2566
-181.3 2581
-181.1 2630
-180.9 2585
-180.7 2477
-180.5 2536
-180.3 2580
-180.1 2474
-179.9 2420
-179.7 2464
-179.5 2436
-179.3 2402
-179.1 2372
-178.9 2373
-178.7 2385
-178.5 2336
-178.3 2318
-178.1 2323
-177.9 2257
-177.7 2257
-177.5 2223
-177.3 2192
-177.1 2297
-176.9 2284
-176.7 2246
-176.5 2224
-176.3 2115
-176.1 2279
-175.9 2232
-175.7 2137
-175.5 2214
-175.3 2171
-175.1 2137
-174.9 2237
-174.7 2109
-174.5 2174
-174.3 2100
-174.1 2086
-173.9 2116
-173.7 2029
-173.5 2094
-173.3 2123
-173.1 2158
-172.9 2101
-172.7 2104
-172.5 2082
-172.3 2046
-172.1 2063
-171.9 2012
-171.7 2013
-171.5 2108
-171.3 2042
-171.1 1983
-170.9 2020
-170.7 2011
-170.5 2053
-170.3 2075
-170.1 1956
-169.9 2055
-169.7 2070
-169.5 2022
-169.3 2058
-169.1 1996
-168.9 2037
-168.7 1985
-168.5 2025
-168.3 2084
-168.1 1992
-167.9 1981
-167.7 1949
-167.5 1894
-167.3 2024
-167.1 2041
-166.9 1924
-166.7 2108
-166.5 1994
-166.3 1952
-166.1 1979
-165.9 1940
-165.7 1922
-165.5 1997
-165.3 1975
-165.1 2006
-164.9 1989
-164.7 2013
-164.5 2014
-164.3 1994
-164.1 1945
-163.9 2025
-163.7 1976
-163.5 2027
-163.3 1997
-163.1 1943
-162.9 2006
-162.7 1931
-162.5 1935
-162.3 1988
-162.1 1904
-161.9 1985
-161.7 1928
-161.5 1966
-161.3 1946
-161.1 1943
-160.9 2018
-160.7 2069
-160.5 2024
-160.3 1937
-160.1 1996
-159.9 1871
-159.7 1913
-159.5 2002
-159.3 1972
-159.1 1983
-158.9 1957
-158.7 1923
-158.5 1954
-158.3 1981
-158.1 1848
-157.9 1939
-157.7 2006
-157.5 1957
-157.3 2003
-157.1 1932
-156.9 1945
-156.7 1939
-156.5 1903
-156.3 1904
-156.1 1948
-155.9 1942
-155.7 1829
-155.5 1930
-155.3 1945
-155.1 1904
-154.9 1917
-154.7 1879
-154.5 1894
-154.3 1979
-154.1 1987
-153.9 1875
-153.7 1924
-153.5 1906
-153.3 1936
-153.1 1920
-152.9 1970
-152.7 1911
-152.5 1928
-152.3 1907
-152.1 1940
-151.9 1844
-151.7 1903
-151.5 1861
-151.3 1894
-151.1 1972
-150.9 1895
-150.7 1884
-150.5 1887
-150.3 1940
-150.1 1984
-149.9 1957
-149.7 1785
-149.5 1973
-149.3 2015
-149.1 1903
-148.9 1915
-148.7 1964
-148.5 1914
-148.3 1907
-148.1 1888
-147.9 1836
-147.7 1876
-147.5 1888
-147.3 1826
-147.1 1840
-146.9 1878
-146.7 1888
-146.5 1867
-146.3 1871
-146.1 1808
-145.9 1941
-145.7 1872
-145.5 1891
-145.3 1877
-145.1 1916
-144.9 1826
-144.7 1779
-144.5 1838
-144.3 1797
-144.1 1821
-143.9 1855
-143.7 1854
-143.5 1834
-143.3 1823
-143.1 1920
-142.9 1820
-142.7 1835
-142.5 1985
-142.3 1764
-142.1 1874
-141.9 1914
-141.7 1937
-141.5 1876
-141.3 1829
-141.1 1857
-140.9 1827
-140.7 1879
-140.5 1837
-140.3 1859
-140.1 1858
-139.9 1899
-139.7 1824
-139.5 1830
-139.3 1898
-139.1 1971
-138.9 1837
-138.7 1892
-138.5 1952
-138.3 1810
-138.1 1917
-137.9 1936
-137.7 1908
-137.5 1874
-137.3 1948
-137.1 1961
-136.9 1897
-136.7 1927
-136.5 1902
-136.3 1993
-136.1 2020
-135.9 1915
-135.7 2030
-135.5 1995
-135.3 1980
-135.1 1948
-134.9 1915
-134.7 1990
-134.5 1967
-134.3 1964
-134.1 1937
-133.9 1952
-133.7 1994
-133.5 2034
-133.3 1924
-133.1 1980
-132.9 1885
-132.7 1964
-132.5 1982
-132.3 1947
-132.1 1975
-131.9 1918
-131.7 1968
-131.5 2013
-131.3 1916
-131.1 2036
-130.9 1942
-130.7 2023
-130.5 1845
-130.3 1950
-130.1 1956
-129.9 1967
-129.7 1967
-129.5 2001
-129.3 1933
-129.1 2027
-128.9 1929
-128.7 1912
-128.5 1984
-128.3 2029
-128.1 1919
-127.9 2046
-127.7 1931
-127.5 1993
-127.3 1884
-127.1 1927
-126.9 1912
-126.7 1973
-126.5 2003
-126.3 1942
-126.1 1984
-125.9 1957
-125.7 1855
-125.5 1893
-125.3 1919
-125.1 1902
-124.9 1959
-124.7 1909
-124.5 1952
-124.3 1912
-124.1 1921
-123.9 1977
-123.7 1923
-123.5 1882
-123.3 1913
-123.1 1874
-122.9 1934
-122.7 1862
-122.5 1936
-122.3 1880
-122.1 1913
-121.9 1899
-121.7 1926
-121.5 1918
-121.3 1952
-121.1 1863
-120.9 1901
-120.7 1874
-120.5 1895
-120.3 1955
-120.1 1925
-119.9 1896
-119.7 1873
-119.5 1922
-119.3 1827
-119.1 1888
-118.9 1931
-118.7 1909
-118.5 1854
-118.3 1932
-118.1 1861
-117.9 1852
-117.7 1818
-117.5 1948
-117.3 1883
-117.1 1923
-116.9 1910
-116.7 1848
-116.5 1922
-116.3 1906
-116.1 1918
-115.9 1974
-115.7 1892
-115.5 1857
-115.3 1849
-115.1 1966
-114.9 1899
-114.7 1887
-114.5 1907
-114.3 1881
-114.1 1859
-113.9 1878
-113.7 1912
-113.5 1962
-113.3 1903
-113.1 1899
-112.9 1904
-112.7 1830
-112.5 1934
-112.3 1843
-112.1 1944
-111.9 1931
-111.7 1891
-111.5 1891
-111.3 1895
-111.1 1798
-110.9 1970
-110.7 1861
-110.5 1928
-110.3 1971
-110.1 1989
-109.9 1911
-109.7 1964
-109.5 1875
-109.3 1923
-109.1 1891
-108.9 1894
-108.7 1928
-108.5 1903
-108.3 1957
-108.1 1930
-107.9 1930
-107.7 1873
-107.5 1847
-107.3 1836
-107.1 1843
-106.9 1842
-106.7 1824
-106.5 1901
-106.3 1924
-106.1 1796
-105.9 1870
-105.7 1911
-105.5 1876
-105.3 1929
-105.1 1865
-104.9 1783
-104.7 1973
-104.5 1865
-104.3 1912
-104.1 1946
-103.9 1852
-103.7 1919
-103.5 1889
-103.3 1898
-103.1 1958
-102.9 1905
-102.7 1914
-102.5 1901
-102.3 1865
-102.1 1917
-101.9 1796
-101.7 1831
-101.5 1883
-101.3 1838
-101.1 1866
-100.9 1889
-100.7 1797
-100.5 1891
-100.3 1908
-100.1 1849
-99.9 1869
-99.7 1905
-99.5 1926
-99.3 1981
-99.1 1862
-98.9 1897
-98.7 1839
-98.5 1861
-98.3 1886
-98.1 1867
-97.9 1908
-97.7 1939
-97.5 1902
-97.3 1867
-97.1 1881
-96.9 1853
-96.7 1922
-96.5 1847
-96.3 1902
-96.1 1866
-95.9 1907
-95.7 1852
-95.5 1784
-95.3 1915
-95.1 1857
-94.9 1887
-94.7 1923
-94.5 1885
-94.3 1879
-94.1 1864
-93.9 1942
-93.7 1869
-93.5 1932
-93.3 1925
-93.1 1905
-92.9 1893
-92.7 1871
-92.5 1883
-92.3 1861
-92.1 1870
-91.9 1921
-91.7 1973
-91.5 1793
-91.3 1891
-91.1 1884
-90.9 1960
-90.7 1903
-90.5 1977
-90.3 1863
-90.1 1905
-89.9 1909
-89.7 1878
-89.5 1853
-89.3 1835
-89.1 1962
-88.9 1882
-88.7 1880
-88.5 1927
-88.3 1825
-88.1 1914
-87.9 1992
-87.7 1912
-87.5 1944
-87.3 1934
-87.1 1834
-86.9 1870
-86.7 1950
-86.5 1876
-86.3 1896
-86.1 1915
-85.9 1876
-85.7 1853
-85.5 1895
-85.3 1821
-85.1 1828
-84.9 1947
-84.7 1840
-84.5 1953
-84.3 1901
-84.1 1838
-83.9 1833
-83.7 1850
-83.5 1933
-83.3 1865
-83.1 1910
-82.9 1825
-82.7 1845
-82.5 1872
-82.3 1911
-82.1 1940
-81.9 1879
-81.7 1893
-81.5 1848
-81.3 1856
-81.1 1815
-80.9 1902
-80.7 1889
-80.5 1875
-80.3 1856
-80.1 1890
-79.9 1854
-79.7 1903
-79.5 1806
-79.3 1916
-79.1 1831
-78.9 1891
-78.7 1887
-78.5 1907
-78.3 1933
-78.1 1887
-77.9 1875
-77.7 1825
-77.5 1921
-77.3 1817
-77.1 1967
-76.9 1804
-76.7 1933
-76.5 1834
-76.3 1846
-76.1 1893
-75.9 1855
-75.7 1892
-75.5 1858
-75.3 1856
-75.1 1836
-74.9 1811
-74.7 1963
-74.5 1876
-74.3 1924
-74.1 1849
-73.9 1916
-73.7 1903
-73.5 1972
-73.3 1896
-73.1 1914
-72.9 1894
-72.7 1869
-72.5 1844
-72.3 1920
-72.1 1980
-71.9 1933
-71.7 1936
-71.5 1949
-71.3 1876
-71.1 1933
-70.9 1906
-70.7 1829
-70.5 1882
-70.3 1933
-70.1 1905
-69.9 1951
-69.7 1821
-69.5 1833
-69.3 1939
-69.1 1936
-68.9 1825
-68.7 2034
-68.5 1806
-68.3 1903
-68.1 1892
-67.9 1875
-67.7 1845
-67.5 1853
-67.3 1926
-67.1 1921
-66.9 1929
-66.7 1860
-66.5 1883
-66.3 1863
-66.1 1965
-65.9 1896
-65.7 1913
-65.5 1899
-65.3 1910
-65.1 1875
-64.9 1892
-64.7 1916
-64.5 1972
-64.3 1865
-64.1 1940
-63.9 1910
-63.7 1900
-63.5 1851
-63.3 1877
-63.1 1838
-62.9 1908
-62.7 1820
-62.5 1897
-62.3 1843
-62.1 1961
-61.9 1824
-61.7 1919
-61.5 1908
-61.3 1876
-61.1 1928
-60.9 1814
-60.7 1904
-60.5 1886
-60.3 1915
-60.1 1912
-59.9 1903
-59.7 1900
-59.5 1917
-59.3 1892
-59.1 1867
-58.9 1892
-58.7 1925
-58.5 1889
-58.3 1921
-58.1 1973
-57.9 1884
-57.7 1911
-57.5 1915
-57.3 1928
-57.1 1895
-56.9 1907
-56.7 1844
-56.5 1913
-56.3 1877
-56.1 1858
-55.9 1918
-55.7 1853
-55.5 1933
-55.3 1879
-55.1 1883
-54.9 1780
-54.7 1898
-54.5 1861
-54.3 1906
-54.1 1880
-53.9 1908
-53.7 1861
-53.5 1957
-53.3 1885
-53.1 1939
-52.9 1936
-52.7 1836
-52.5 1912
-52.3 1848
-52.1 1892
-51.9 1855
-51.7 1836
-51.5 1864
-51.3 1874
-51.1 1885
-50.9 1922
-50.7 1933
-50.5 1858
-50.3 1878
-50.1 1893
-49.9 1893
-49.7 1823
-49.5 1960
-49.3 1892
-49.1 1867
-48.9 1917
-48.7 1918
-48.5 1880
-48.3 1908
-48.1 1909
-47.9 1900
-47.7 1907
-47.5 1795
-47.3 1848
-47.1 1812
-46.9 1930
-46.7 1872
-46.5 1868
-46.3 1931
-46.1 1883
-45.9 1830
-45.7 1919
-45.5 1847
-45.3 1818
-45.1 1853
-44.9 1855
-44.7 1929
-44.5 1886
-44.3 1887
-44.1 1880
-43.9 1901
-43.7 1857
-43.5 1859
-43.3 1827
-43.1 1917
-42.9 1867
-42.7 1854
-42.5 1893
-42.3 1956
-42.1 1855
-41.9 1841
-41.7 1873
-41.5 1893
-41.3 1910
-41.1 1820
-40.9 1932
-40.7 1860
-40.5 1869
-40.3 1856
-40.1 1946
-39.9 1905
-39.7 1887
-39.5 1826
-39.3 1817
-39.1 1890
-38.9 1868
-38.7 1892
-38.5 1841
-38.3 1947
-38.1 1831
-37.9 1897
-37.7 1907
-37.5 1848
-37.3 1909
-37.1 1790
-36.9 1913
-36.7 1874
-36.5 1916
-36.3 1864
-36.1 1857
-35.9 1928
-35.7 1897
-35.5 1933
-35.3 1898
-35.1 1926
-34.9 1881
-34.7 1917
-34.5 1880
-34.3 1872
-34.1 1880
-33.9 1781
-33.7 1882
-33.5 1837
-33.3 1912
-33.1 1830
-32.9 1858
-32.7 1868
-32.5 1859
-32.3 1808
-32.1 1827
-31.9 1899
-31.7 1807
-31.5 1917
-31.3 1923
-31.1 1877
-30.9 1991
-30.7 1872
-30.5 1896
-30.3 1905
-30.1 1929
-29.9 1805
-29.7 1935
-29.5 1857
-29.3 1870
-29.1 1948
-28.9 1803
-28.7 1853
-28.5 1865
-28.3 1897
-28.1 1889
-27.9 1847
-27.7 1845
-27.5 1877
-27.3 1873
-27.1 1841
-26.9 1882
-26.7 1937
-26.5 1873
-26.3 1897
-26.1 1884
-25.9 1834
-25.7 1868
-25.5 1834
-25.3 1874
-25.1 1929
-24.9 1852
-24.7 1850
-24.5 1797
-24.3 1896
-24.1 1810
-23.9 1875
-23.7 1831
-23.5 1776
-23.3 1892
-23.1 1865
-22.9 1912
-22.7 1906
-22.5 1844
-22.3 1925
-22.1 1881
-21.9 1858
-21.7 1895
-21.5 1884
-21.3 1904
-21.1 1870
-20.9 1847
-20.7 1845
-20.5 1838
-20.3 1884
-20.1 1884
-19.9 1814
-19.7 1820
-19.5 1927
-19.3 1861
-19.1 1907
-18.9 1837
-18.7 1859
-18.5 1848
-18.3 1845
-18.1 1912
-17.9 1871
-17.7 1842
-17.5 1903
-17.3 1903
-17.1 1843
-16.9 1853
-16.7 1897
-16.5 1808
-16.3 1855
-16.1 1922
-15.9 1893
-15.7 1845
-15.5 1888
-15.3 1937
-15.1 1844
-14.9 1879
-14.7 1886
-14.5 1815
-14.3 1830
-14.1 1979
-13.9 1942
-13.7 1835
-13.5 1899
-13.3 1876
-13.1 1836
-12.9 1862
-12.7 1833
-12.5 1830
-12.3 1825
-12.1 1855
-11.9 1857
-11.7 1873
-11.5 1852
-11.3 1859
-11.1 1798
-10.9 1937
-10.7 1924
-10.5 1889
-10.3 1951
-10.1 1834
-9.9 1979
-9.7 1828
-9.5 1871
-9.3 1841
-9.1 1827
-8.9 1848
-8.7 1876
-8.5 1897
-8.3 1889
-8.1 1870
-7.9 1864
-7.7 1886
-7.5 1893
-7.3 1834
-7.1 1977
-6.9 1861
-6.7 1871
-6.5 1817
-6.3 1914
-6.1 1907
-5.9 1805
-5.7 1834
-5.5 1916
-5.3 1826
-5.1 1812
-4.9 1860
-4.7 1902
-4.5 1903
-4.3 1901
-4.1 1834
-3.9 1865
-3.7 1885
-3.5 1787
-3.3 1851
-3.1 1886
-2.9 1847
-2.7 1843
-2.5 1846
-2.3 1886
-2.1 1862
-1.9 1891
-1.7 1845
-1.5 1868
-1.3 1866
-1.1 1919
-0.9 1867
-0.7 1807
-0.5 1878
-0.3 1848
-0.1 1912
0.1 1784
0.3 1837
0.5 1916
0.7 1798
0.9 1831
1.1 1877
1.3 1936
1.5 1879
1.7 1879
1.9 1841
2.1 1809
2.3 1836
2.5 1928
2.7 1860
2.9 1891
3.1 1883
3.3 1837
3.5 1828
3.7 1861
3.9 1839
4.1 1903
4.3 1887
4.5 1795
4.7 1849
4.9 1896
5.1 1891
5.3 1859
5.5 1875
5.7 1885
5.9 1809
6.1 1843
6.3 1926
6.5 1811
6.7 1895
6.9 1870
7.1 1889
7.3 1782
7.5 1737
7.7 1861
7.9 1846
8.1 1853
8.3 1936
8.5 1891
8.7 1855
8.9 1751
9.1 1788
9.3 1785
9.5 1734
9.7 1762
9.9 1825
10.1 1742
10.3 1766
10.5 1712
10.7 1692
10.9 1794
11.1 1716
11.3 1731
11.5 1714
11.7 1681
11.9 1618
12.1 1615
12.3 1619
12.5 1677
12.7 1587
12.9 1615
13.1 1522
13.3 1527
13.5 1651
13.7 1546
13.9 1441
14.1 1523
14.3 1460
14.5 1528
14.7 1489
14.9 1449
15.1 1375
15.3 1359
15.5 1382
15.7 1346
15.9 1277
16.1 1239
16.3 1268
16.5 1268
16.7 1180
16.9 1230
17.1 1215
17.3 1157
17.5 1115
17.7 1128
17.9 1125
18.1 1042
18.3 1098
18.5 994
18.7 1020
18.9 1040
19.1 969
19.3 947
19.5 941
19.7 934
19.9 864
20.1 845
20.3 854
20.5 822
20.7 893
20.9 837
21.1 714
21.3 766
21.5 742
21.7 717
21.9 695
22.1 640
22.3 689
22.5 630
22.7 621
22.9 635
23.1 593
23.3 543
23.5 532
23.7 506
23.9 549
24.1 472
24.3 521
24.5 418
24.7 442
24.9 487
25.1 436
25.3 403
25.5 393
25.7 370
25.9 372
26.1 319
26.3 305
26.5 326
26.7 319
26.9 310
27.1 290
27.3 264
27.5 264
27.7 248
27.9 232
28.1 235
28.3 209
28.5 253
28.7 224
28.9 182
29.1 185
29.3 184
29.5 175
29.7 145
29.9 143
30.1 153
30.3 145
30.5 125
30.7 128
30.9 110
31.1 113
31.3 103
31.5 104
31.7 73
31.9 81
32.1 76
32.3 65
32.5 71
32.7 61
32.9 56
33.1 55
33.3 49
33.5 49
33.7 54
33.9 52
34.1 52
34.3 43
34.5 42
34.7 26
34.9 18
