-199.9 0
-199.7 0
-199.5 0
-199.3 0
-199.1 0
-198.9 0
-198.7 0
-198.5 0
-198.3 0
-198.1 0
-197.9 0
-197.7 0
-197.5 0
-197.3 0
-197.1 0
-196.9 0
-196.7 0
-196.5 0
-196.3 0
-196.1 0
-195.9 0
-195.7 0
-195.5 0
-195.3 0
-195.1 0
-194.9 0
-194.7 1
-194.5 0
-194.3 0
-194.1 0
-193.9 0
-193.7 0
-193.5 0
-193.3 0
-193.1 0
-192.9 0
-192.7 0
-192.5 0
-192.3 0
-192.1 0
-191.9 0
-191.7 0
-191.5 0
-191.3 0
-191.1 0
-190.9 1
-190.7 0
-190.5 0
-190.3 0
-190.1 0
-189.9 0
-189.7 0
-189.5 0
-189.3 0
-189.1 0
-188.9 0
-188.7 0
-188.5 0
-188.3 0
-188.1 0
-187.9 0
-187.7 0
-187.5 0
-187.3 0
-187.1 0
-186.9 0
-186.7 0
-186.5 0
-186.3 0
-186.1 0
-185.9 0
-185.7 0
-185.5 0
-185.3 0
-185.1 0
-184.9 0
-184.7 0
-184.5 0
-184.3 0
-184.1 0
-183.9 0
-183.7 0
-183.5 0
-183.3 0
-183.1 0
-182.9 0
-182.7 0
-182.5 0
-182.3 0
-182.1 0
-181.9 0
-181.7 0
-181.5 0
-181.3 0
-181.1 0
-180.9 0
-180.7 0
-180.5 0
-180.3 0
-180.1 0
-179.9 1
-179.7 0
-179.5 0
-179.3 0
-179.1 0
-178.9 0
-178.7 0
-178.5 0
-178.3 0
-178.1 0
-177.9 0
-177.7 0
-177.5 0
-177.3 0
-177.1 0
-176.9 0
-176.7 0
-176.5 0
-176.3 0
-176.1 0
-175.9 0
-175.7 0
-175.5 0
-175.3 0
-175.1 0
-174.9 0
-174.7 0
-174.5 0
-174.3 0
-174.1 0
-173.9 0
-173.7 0
-173.5 0
-173.3 0
-173.1 0
-172.9 0
-172.7 0
-172.5 0
-172.3 0
-172.1 0
-171.9 0
-171.7 0
-171.5 0
-171.3 0
-171.1 0
-170.9 0
-170.7 0
-170.5 0
-170.3 0
-170.1 0
-169.9 0
-169.7 0
-169.5 0
-169.3 0
-169.1 0
-168.9 0
-168.7 0
-168.5 0
-168.3 0
-168.1 0
-167.9 0
-167.7 0
-167.5 0
-167.3 0
-167.1 0
-166.9 0
-166.7 0
-166.5 0
-166.3 0
-166.1 0
-165.9 0
-165.7 0
-165.5 0
-165.3 0
-165.1 0
-164.9 0
-164.7 0
-164.5 0
-164.3 0
-164.1 1
-163.9 0
-163.7 1
-163.5 1
-163.3 2
-163.1 2
-162.9 2
-162.7 2
-162.5 2
-162.3 3
-162.1 4
-161.9 8
-161.7 11
-161.5 15
-161.3 18
-161.1 14
-160.9 18
-160.7 35
-160.5 26
-160.3 37
-160.1 25
-159.9 44
-159.7 30
-159.5 32
-159.3 59
-159.1 59
-158.9 60
-158.7 69
-158.5 54
-158.3 60
-158.1 70
-157.9 81
-157.7 68
-157.5 58
-157.3 85
-157.1 92
-156.9 84
-156.7 73
-156.5 82
-156.3 88
-156.1 81
-155.9 84
-155.7 86
-155.5 85
-155.3 88
-155.1 101
-154.9 80
-154.7 102
-154.5 93
-154.3 78
-154.1 95
-153.9 87
-153.7 76
-153.5 83
-153.3 93
-153.1 94
-152.9 75
-152.7 86
-152.5 77
-152.3 88
-152.1 71
-151.9 89
-151.7 84
-151.5 94
-151.3 85
-151.1 86
-150.9 89
-150.7 60
-150.5 86
-150.3 88
-150.1 69
-149.9 94
-149.7 80
-149.5 81
-149.3 74
-149.1 78
-148.9 74
-148.7 81
-148.5 64
-148.3 57
-148.1 80
-147.9 66
-147.7 74
-147.5 64
-147.3 77
-147.1 63
-146.9 72
-146.7 77
-146.5 73
-146.3 63
-146.1 80
-145.9 71
-145.7 63
-145.5 58
-145.3 68
-145.1 66
-144.9 71
-144.7 66
-144.5 63
-144.3 64
-144.1 57
-143.9 57
-143.7 54
-143.5 60
-143.3 60
-143.1 48
-142.9 40
-142.7 55
-142.5 45
-142.3 46
-142.1 48
-141.9 60
-141.7 38
-141.5 50
-141.3 46
-141.1 41
-140.9 45
-140.7 46
-140.5 52
-140.3 45
-140.1 39
-139.9 48
-139.7 33
-139.5 45
-139.3 46
-139.1 30
-138.9 44
-138.7 39
-138.5 34
-138.3 30
-138.1 37
-137.9 39
-137.7 45
-137.5 42
-137.3 44
-137.1 47
-136.9 63
-136.7 38
-136.5 45
-136.3 38
-136.1 52
-135.9 40
-135.7 40
-135.5 48
-135.3 49
-135.1 42
-134.9 31
-134.7 43
-134.5 44
-134.3 44
-134.1 33
-133.9 40
-133.7 39
-133.5 37
-133.3 36
-133.1 40
-132.9 39
-132.7 43
-132.5 28
-132.3 40
-132.1 28
-131.9 36
-131.7 34
-131.5 33
-131.3 45
-131.1 36
-130.9 44
-130.7 31
-130.5 46
-130.3 48
-130.1 45
-129.9 52
-129.7 44
-129.5 42
-129.3 35
-129.1 26
-128.9 33
-128.7 37
-128.5 34
-128.3 34
-128.1 33
-127.9 37
-127.7 36
-127.5 46
-127.3 45
-127.1 46
-126.9 44
-126.7 46
-126.5 32
-126.3 38
-126.1 41
-125.9 31
-125.7 36
-125.5 33
-125.3 32
-125.1 34
-124.9 35
-124.7 45
-124.5 31
-124.3 35
-124.1 24
-123.9 40
-123.7 45
-123.5 31
-123.3 37
-123.1 44
-122.9 40
-122.7 38
-122.5 35
-122.3 32
-122.1 35
-121.9 37
-121.7 26
-121.5 33
-121.3 32
-121.1 35
-120.9 44
-120.7 35
-120.5 27
-120.3 41
-120.1 38
-119.9 38
-119.7 35
-119.5 40
-119.3 39
-119.1 28
-118.9 28
-118.7 32
-118.5 35
-118.3 40
-118.1 37
-117.9 30
-117.7 46
-117.5 34
-117.3 33
-117.1 41
-116.9 35
-116.7 39
-116.5 39
-116.3 38
-116.1 40
-115.9 30
-115.7 29
-115.5 37
-115.3 49
-115.1 34
-114.9 30
-114.7 36
-114.5 22
-114.3 35
-114.1 29
-113.9 38
-113.7 32
-113.5 35
-113.3 32
-113.1 22
-112.9 32
-112.7 39
-112.5 39
-112.3 30
-112.1 34
-111.9 38
-111.7 44
-111.5 41
-111.3 47
-111.1 39
-110.9 33
-110.7 30
-110.5 33
-110.3 22
-110.1 40
-109.9 39
-109.7 31
-109.5 27
-109.3 34
-109.1 31
-108.9 36
-108.7 32
-108.5 37
-108.3 24
-108.1 40
-107.9 35
-107.7 41
-107.5 29
-107.3 28
-107.1 38
-106.9 30
-106.7 40
-106.5 32
-106.3 39
-106.1 44
-105.9 31
-105.7 30
-105.5 36
-105.3 32
-105.1 31
-104.9 45
-104.7 45
-104.5 42
-104.3 31
-104.1 40
-103.9 33
-103.7 36
-103.5 38
-103.3 43
-103.1 39
-102.9 36
-102.7 26
-102.5 31
-102.3 44
-102.1 45
-101.9 41
-101.7 42
-101.5 31
-101.3 39
-101.1 40
-100.9 35
-100.7 36
-100.5 45
-100.3 33
-100.1 33
-99.9 45
-99.7 32
-99.5 38
-99.3 40
-99.1 40
-98.9 32
-98.7 38
-98.5 36
-98.3 41
-98.1 33
-97.9 35
-97.7 47
-97.5 47
-97.3 44
-97.1 45
-96.9 33
-96.7 34
-96.5 52
-96.3 54
-96.1 47
-95.9 45
-95.7 44
-95.5 36
-95.3 35
-95.1 44
-94.9 37
-94.7 33
-94.5 33
-94.3 37
-94.1 45
-93.9 32
-93.7 46
-93.5 33
-93.3 43
-93.1 38
-92.9 43
-92.7 29
-92.5 35
-92.3 40
-92.1 41
-91.9 38
-91.7 32
-91.5 34
-91.3 29
-91.1 30
-90.9 31
-90.7 44
-90.5 36
-90.3 25
-90.1 37
-89.9 39
-89.7 37
-89.5 31
-89.3 42
-89.1 37
-88.9 51
-88.7 40
-88.5 29
-88.3 30
-88.1 52
-87.9 49
-87.7 26
-87.5 43
-87.3 34
-87.1 36
-86.9 29
-86.7 37
-86.5 37
-86.3 43
-86.1 34
-85.9 28
-85.7 30
-85.5 32
-85.3 28
-85.1 29
-84.9 39
-84.7 47
-84.5 42
-84.3 31
-84.1 37
-83.9 32
-83.7 32
-83.5 40
-83.3 34
-83.1 37
-82.9 31
-82.7 38
-82.5 37
-82.3 38
-82.1 39
-81.9 38
-81.7 36
-81.5 37
-81.3 31
-81.1 33
-80.9 37
-80.7 32
-80.5 44
-80.3 29
-80.1 34
-79.9 33
-79.7 40
-79.5 41
-79.3 36
-79.1 37
-78.9 41
-78.7 44
-78.5 39
-78.3 35
-78.1 30
-77.9 27
-77.7 51
-77.5 35
-77.3 41
-77.1 31
-76.9 28
-76.7 26
-76.5 36
-76.3 37
-76.1 41
-75.9 38
-75.7 30
-75.5 47
-75.3 31
-75.1 31
-74.9 37
-74.7 33
-74.5 46
-74.3 28
-74.1 43
-73.9 36
-73.7 30
-73.5 36
-73.3 38
-73.1 42
-72.9 37
-72.7 26
-72.5 49
-72.3 41
-72.1 34
-71.9 27
-71.7 35
-71.5 39
-71.3 37
-71.1 39
-70.9 40
-70.7 41
-70.5 36
-70.3 28
-70.1 39
-69.9 21
-69.7 31
-69.5 36
-69.3 23
-69.1 38
-68.9 35
-68.7 36
-68.5 44
-68.3 34
-68.1 44
-67.9 43
-67.7 33
-67.5 39
-67.3 27
-67.1 41
-66.9 41
-66.7 47
-66.5 31
-66.3 36
-66.1 34
-65.9 29
-65.7 33
-65.5 26
-65.3 39
-65.1 38
-64.9 32
-64.7 27
-64.5 42
-64.3 32
-64.1 37
-63.9 30
-63.7 29
-63.5 31
-63.3 37
-63.1 40
-62.9 46
-62.7 26
-62.5 24
-62.3 39
-62.1 41
-61.9 35
-61.7 40
-61.5 42
-61.3 37
-61.1 38
-60.9 37
-60.7 33
-60.5 36
-60.3 42
-60.1 32
-59.9 37
-59.7 37
-59.5 32
-59.3 31
-59.1 41
-58.9 34
-58.7 32
-58.5 34
-58.3 28
-58.1 40
-57.9 30
-57.7 29
-57.5 31
-57.3 29
-57.1 33
-56.9 42
-56.7 35
-56.5 41
-56.3 48
-56.1 42
-55.9 34
-55.7 34
-55.5 37
-55.3 39
-55.1 38
-54.9 24
-54.7 32
-54.5 40
-54.3 29
-54.1 28
-53.9 37
-53.7 41
-53.5 41
-53.3 41
-53.1 40
-52.9 29
-52.7 39
-52.5 34
-52.3 40
-52.1 31
-51.9 25
-51.7 50
-51.5 41
-51.3 31
-51.1 37
-50.9 28
-50.7 37
-50.5 36
-50.3 29
-50.1 30
-49.9 51
-49.7 30
-49.5 39
-49.3 40
-49.1 28
-48.9 37
-48.7 42
-48.5 43
-48.3 37
-48.1 40
-47.9 32
-47.7 36
-47.5 38
-47.3 47
-47.1 29
-46.9 34
-46.7 36
-46.5 29
-46.3 43
-46.1 30
-45.9 31
-45.7 42
-45.5 40
-45.3 36
-45.1 34
-44.9 37
-44.7 36
-44.5 35
-44.3 39
-44.1 37
-43.9 41
-43.7 33
-43.5 38
-43.3 40
-43.1 37
-42.9 35
-42.7 38
-42.5 33
-42.3 24
-42.1 50
-41.9 30
-41.7 45
-41.5 44
-41.3 34
-41.1 34
-40.9 33
-40.7 40
-40.5 35
-40.3 33
-40.1 31
-39.9 37
-39.7 32
-39.5 34
-39.3 37
-39.1 45
-38.9 35
-38.7 36
-38.5 37
-38.3 43
-38.1 42
-37.9 38
-37.7 42
-37.5 28
-37.3 42
-37.1 39
-36.9 46
-36.7 42
-36.5 36
-36.3 39
-36.1 41
-35.9 33
-35.7 36
-35.5 41
-35.3 41
-35.1 34
-34.9 46
-34.7 34
-34.5 31
-34.3 29
-34.1 34
-33.9 33
-33.7 41
-33.5 32
-33.3 34
-33.1 26
-32.9 34
-32.7 27
-32.5 34
-32.3 36
-32.1 36
-31.9 37
-31.7 30
-31.5 26
-31.3 47
-31.1 34
-30.9 33
-30.7 38
-30.5 34
-30.3 34
-30.1 39
-29.9 34
-29.7 39
-29.5 39
-29.3 39
-29.1 37
-28.9 38
-28.7 46
-28.5 43
-28.3 43
-28.1 43
-27.9 36
-27.7 23
-27.5 27
-27.3 36
-27.1 36
-26.9 34
-26.7 34
-26.5 41
-26.3 43
-26.1 28
-25.9 42
-25.7 42
-25.5 39
-25.3 35
-25.1 32
-24.9 42
-24.7 29
-24.5 30
-24.3 44
-24.1 37
-23.9 39
-23.7 38
-23.5 31
-23.3 42
-23.1 46
-22.9 41
-22.7 41
-22.5 28
-22.3 36
-22.1 35
-21.9 33
-21.7 42
-21.5 31
-21.3 31
-21.1 47
-20.9 41
-20.7 46
-20.5 35
-20.3 47
-20.1 48
-19.9 35
-19.7 35
-19.5 33
-19.3 29
-19.1 27
-18.9 50
-18.7 34
-18.5 34
-18.3 38
-18.1 34
-17.9 34
-17.7 38
-17.5 37
-17.3 28
-17.1 28
-16.9 36
-16.7 40
-16.5 33
-16.3 30
-16.1 41
-15.9 36
-15.7 51
-15.5 39
-15.3 43
-15.1 33
-14.9 32
-14.7 34
-14.5 32
-14.3 29
-14.1 35
-13.9 34
-13.7 41
-13.5 36
-13.3 32
-13.1 36
-12.9 33
-12.7 35
-12.5 36
-12.3 32
-12.1 42
-11.9 36
-11.7 42
-11.5 26
-11.3 39
-11.1 31
-10.9 34
-10.7 35
-10.5 28
-10.3 47
-10.1 46
-9.9 29
-9.7 32
-9.5 34
-9.3 30
-9.1 33
-8.9 26
-8.7 36
-8.5 50
-8.3 35
-8.1 27
-7.9 29
-7.7 27
-7.5 33
-7.3 37
-7.1 27
-6.9 33
-6.7 31
-6.5 28
-6.3 44
-6.1 32
-5.9 30
-5.7 34
-5.5 37
-5.3 32
-5.1 28
-4.9 36
-4.7 33
-4.5 35
-4.3 39
-4.1 29
-3.9 39
-3.7 33
-3.5 40
-3.3 49
-3.1 43
-2.9 38
-2.7 30
-2.5 43
-2.3 34
-2.1 45
-1.9 40
-1.7 36
-1.5 41
-1.3 34
-1.1 30
-0.9 27
-0.7 32
-0.5 43
-0.3 30
-0.1 34
0.1 36
0.3 45
0.5 34
0.7 33
0.9 44
1.1 32
1.3 37
1.5 42
1.7 19
1.9 24
2.1 28
2.3 35
2.5 42
2.7 31
2.9 30
3.1 46
3.3 35
3.5 42
3.7 41
3.9 31
4.1 34
4.3 32
4.5 31
4.7 40
4.9 38
5.1 34
5.3 38
5.5 29
5.7 37
5.9 35
6.1 39
6.3 30
6.5 42
6.7 58
6.9 33
7.1 26
7.3 32
7.5 39
7.7 44
7.9 38
8.1 27
8.3 34
8.5 34
8.7 33
8.9 33
9.1 35
9.3 38
9.5 35
9.7 39
9.9 37
10.1 25
10.3 40
10.5 35
10.7 40
10.9 45
11.1 39
11.3 30
11.5 30
11.7 33
11.9 34
12.1 30
12.3 34
12.5 44
12.7 29
12.9 39
13.1 49
13.3 32
13.5 41
13.7 26
13.9 30
14.1 38
14.3 39
14.5 32
14.7 35
14.9 37
15.1 38
15.3 32
15.5 46
15.7 32
15.9 40
16.1 31
16.3 43
16.5 31
16.7 37
16.9 31
17.1 32
17.3 22
17.5 32
17.7 42
17.9 29
18.1 37
18.3 35
18.5 27
18.7 42
18.9 30
19.1 42
19.3 32
19.5 37
19.7 41
19.9 40
20.1 43
20.3 33
20.5 38
20.7 35
20.9 28
21.1 44
21.3 33
21.5 36
21.7 32
21.9 30
22.1 41
22.3 38
22.5 27
22.7 33
22.9 46
23.1 45
23.3 35
23.5 44
23.7 37
23.9 37
24.1 30
24.3 36
24.5 41
24.7 44
24.9 40
25.1 38
25.3 33
25.5 40
25.7 34
25.9 31
26.1 34
26.3 35
26.5 29
26.7 43
26.9 28
27.1 41
27.3 34
27.5 40
27.7 29
27.9 35
28.1 29
28.3 38
28.5 40
28.7 37
28.9 42
29.1 42
29.3 42
29.5 30
29.7 36
29.9 36
30.1 37
30.3 31
30.5 29
30.7 41
30.9 32
31.1 40
31.3 43
31.5 45
31.7 40
31.9 36
32.1 33
32.3 34
32.5 32
32.7 47
32.9 27
33.1 31
33.3 39
33.5 33
33.7 29
33.9 40
34.1 39
34.3 42
34.5 33
34.7 37
34.9 43
35.1 37
35.3 27
35.5 37
35.7 20
35.9 33
36.1 35
36.3 45
36.5 43
36.7 42
36.9 32
37.1 34
37.3 30
37.5 33
37.7 37
37.9 41
38.1 44
38.3 24
38.5 29
38.7 30
38.9 31
39.1 27
39.3 23
39.5 42
39.7 29
39.9 26
40.1 50
40.3 40
40.5 34
40.7 38
40.9 32
41.1 36
41.3 32
41.5 38
41.7 25
41.9 37
42.1 39
42.3 35
42.5 28
42.7 42
42.9 32
43.1 26
43.3 35
43.5 39
43.7 42
43.9 33
44.1 29
44.3 40
44.5 37
44.7 33
44.9 35
45.1 30
45.3 35
45.5 26
45.7 30
45.9 41
46.1 39
46.3 31
46.5 34
46.7 32
46.9 39
47.1 30
47.3 36
47.5 32
47.7 35
47.9 35
48.1 36
48.3 20
48.5 30
48.7 38
48.9 36
49.1 30
49.3 44
49.5 31
49.7 37
49.9 27
50.1 44
50.3 37
50.5 32
50.7 34
50.9 35
51.1 41
51.3 31
51.5 34
51.7 40
51.9 32
52.1 30
52.3 28
52.5 27
52.7 42
52.9 32
53.1 30
53.3 26
53.5 17
53.7 49
53.9 21
54.1 20
54.3 31
54.5 26
54.7 21
54.9 37
55.1 22
55.3 30
55.5 28
55.7 22
55.9 21
56.1 27
56.3 24
56.5 32
56.7 27
56.9 25
57.1 21
57.3 24
57.5 32
57.7 20
57.9 22
58.1 28
58.3 14
58.5 23
58.7 18
58.9 19
59.1 17
59.3 18
59.5 18
59.7 10
59.9 17
60.1 15
60.3 19
60.5 16
60.7 12
60.9 10
61.1 19
61.3 16
61.5 11
61.7 12
61.9 22
62.1 14
62.3 12
62.5 15
62.7 12
62.9 15
63.1 12
63.3 9
63.5 13
63.7 12
63.9 16
64.1 11
64.3 13
64.5 5
64.7 10
64.9 13
65.1 11
65.3 6
65.5 8
65.7 8
65.9 10
66.1 9
66.3 12
66.5 13
66.7 9
66.9 10
67.1 8
67.3 5
67.5 5
67.7 10
67.9 3
68.1 8
68.3 10
68.5 9
68.7 5
68.9 5
69.1 9
69.3 2
69.5 5
69.7 2
69.9 4
70.1 4
70.3 3
70.5 7
70.7 5
70.9 1
71.1 1
71.3 6
71.5 1
71.7 0
71.9 2
72.1 4
72.3 4
72.5 2
72.7 2
72.9 1
73.1 2
73.3 5
73.5 1
73.7 1
73.9 1
74.1 3
74.3 2
74.5 2
74.7 4
74.9 0
75.1 2
75.3 0
75.5 3
75.7 0
75.9 1
76.1 1
76.3 1
76.5 0
76.7 3
76.9 0
77.1 0
77.3 2
77.5 0
77.7 2
77.9 1
78.1 1
78.3 0
78.5 0
78.7 1
78.9 0
79.1 0
79.3 0
79.5 0
79.7 0
79.9 1
80.1 0
80.3 0
80.5 0
80.7 1
80.9 0
81.1 0
81.3 0
81.5 1
81.7 1
81.9 2
82.1 0
82.3 0
82.5 1
82.7 0
82.9 1
83.1 0
83.3 0
83.5 0
83.7 1
83.9 0
84.1 2
84.3 1
84.5 0
84.7 1
84.9 0
85.1 0
85.3 1
85.5 1
85.7 0
85.9 0
86.1 1
86.3 0
86.5 1
86.7 0
86.9 0
87.1 0
87.3 0
87.5 1
87.7 0
87.9 0
88.1 1
88.3 0
88.5 1
88.7 1
88.9 0
89.1 0
89.3 0
89.5 1
89.7 1
89.9 1
90.1 1
90.3 0
90.5 0
90.7 0
90.9 0
91.1 0
91.3 0
91.5 1
91.7 0
91.9 0
92.1 0
92.3 0
92.5 0
92.7 0
92.9 0
93.1 0
93.3 0
93.5 1
93.7 0
93.9 1
94.1 0
94.3 1
94.5 1
94.7 0
94.9 1
95.1 2
95.3 1
95.5 0
95.7 0
95.9 1
96.1 0
96.3 1
96.5 0
96.7 0
96.9 0
97.1 0
97.3 1
97.5 0
97.7 0
97.9 0
98.1 0
98.3 0
98.5 1
98.7 0
98.9 0
99.1 0
99.3 0
99.5 0
99.7 0
99.9 0
