-1584.9 0
-1584.7 0
-1584.5 0
-1584.3 0
-1584.1 0
-1583.9 0
-1583.7 0
-1583.5 0
-1583.3 0
-1583.1 0
-1582.9 0
-1582.7 0
-1582.5 0
-1582.3 0
-1582.1 0
-1581.9 0
-1581.7 0
-1581.5 0
-1581.3 0
-1581.1 0
-1580.9 0
-1580.7 0
-1580.5 0
-1580.3 0
-1580.1 0
-1579.9 0
-1579.7 0
-1579.5 0
-1579.3 0
-1579.1 0
-1578.9 1
-1578.7 0
-1578.5 0
-1578.3 0
-1578.1 0
-1577.9 0
-1577.7 0
-1577.5 0
-1577.3 0
-1577.1 0
-1576.9 1
-1576.7 0
-1576.5 0
-1576.3 0
-1576.1 0
-1575.9 0
-1575.7 0
-1575.5 0
-1575.3 0
-1575.1 0
-1574.9 0
-1574.7 0
-1574.5 0
-1574.3 1
-1574.1 0
-1573.9 0
-1573.7 0
-1573.5 0
-1573.3 0
-1573.1 0
-1572.9 0
-1572.7 0
-1572.5 1
-1572.3 0
-1572.1 0
-1571.9 0
-1571.7 1
-1571.5 0
-1571.3 1
-1571.1 0
-1570.9 1
-1570.7 0
-1570.5 0
-1570.3 2
-1570.1 3
-1569.9 0
-1569.7 2
-1569.5 3
-1569.3 4
-1569.1 6
-1568.9 7
-1568.7 11
-1568.5 6
-1568.3 5
-1568.1 14
-1567.9 17
-1567.7 16
-1567.5 21
-1567.3 23
-1567.1 42
-1566.9 38
-1566.7 38
-1566.5 42
-1566.3 47
-1566.1 44
-1565.9 45
-1565.7 55
-1565.5 55
-1565.3 52
-1565.1 65
-1564.9 66
-1564.7 87
-1564.5 86
-1564.3 87
-1564.1 113
-1563.9 102
-1563.7 113
-1563.5 130
-1563.3 150
-1563.1 160
-1562.9 140
-1562.7 146
-1562.5 166
-1562.3 145
-1562.1 171
-1561.9 180
-1561.7 171
-1561.5 190
-1561.3 200
-1561.1 201
-1560.9 192
-1560.7 198
-1560.5 254
-1560.3 206
-1560.1 213
-1559.9 228
-1559.7 231
-1559.5 237
-1559.3 223
-1559.1 234
-1558.9 256
-1558.7 223
-1558.5 228
-1558.3 231
-1558.1 219
-1557.9 242
-1557.7 207
-1557.5 224
-1557.3 218
-1557.1 206
-1556.9 205
-1556.7 224
-1556.5 211
-1556.3 235
-1556.1 211
-1555.9 183
-1555.7 212
-1555.5 218
-1555.3 171
-1555.1 175
-1554.9 183
-1554.7 187
-1554.5 186
-1554.3 188
-1554.1 214
-1553.9 166
-1553.7 180
-1553.5 177
-1553.3 180
-1553.1 190
-1552.9 180
-1552.7 172
-1552.5 185
-1552.3 171
-1552.1 167
-1551.9 172
-1551.7 156
-1551.5 153
-1551.3 156
-1551.1 183
-1550.9 164
-1550.7 167
-1550.5 144
-1550.3 121
-1550.1 149
-1549.9 160
-1549.7 154
-1549.5 170
-1549.3 158
-1549.1 163
-1548.9 154
-1548.7 155
-1548.5 128
-1548.3 138
-1548.1 141
-1547.9 151
-1547.7 185
-1547.5 125
-1547.3 143
-1547.1 154
-1546.9 129
-1546.7 124
-1546.5 162
-1546.3 131
-1546.1 125
-1545.9 137
-1545.7 155
-1545.5 131
-1545.3 150
-1545.1 153
-1544.9 144
-1544.7 127
-1544.5 136
-1544.3 135
-1544.1 159
-1543.9 140
-1543.7 121
-1543.5 142
-1543.3 133
-1543.1 161
-1542.9 137
-1542.7 134
-1542.5 135
-1542.3 135
-1542.1 125
-1541.9 130
-1541.7 139
-1541.5 132
-1541.3 137
-1541.1 133
-1540.9 121
-1540.7 124
-1540.5 117
-1540.3 114
-1540.1 108
-1539.9 135
-1539.7 119
-1539.5 110
-1539.3 141
-1539.1 129
-1538.9 133
-1538.7 128
-1538.5 140
-1538.3 133
-1538.1 108
-1537.9 130
-1537.7 133
-1537.5 126
-1537.3 116
-1537.1 121
-1536.9 145
-1536.7 125
-1536.5 95
-1536.3 121
-1536.1 131
-1535.9 140
-1535.7 104
-1535.5 105
-1535.3 117
-1535.1 130
-1534.9 129
-1534.7 125
-1534.5 134
-1534.3 118
-1534.1 108
-1533.9 107
-1533.7 136
-1533.5 113
-1533.3 117
-1533.1 138
-1532.9 114
-1532.7 126
-1532.5 113
-1532.3 124
-1532.1 131
-1531.9 129
-1531.7 129
-1531.5 125
-1531.3 115
-1531.1 113
-1530.9 127
-1530.7 131
-1530.5 119
-1530.3 116
-1530.1 125
-1529.9 98
-1529.7 113
-1529.5 112
-1529.3 122
-1529.1 130
-1528.9 127
-1528.7 117
-1528.5 100
-1528.3 108
-1528.1 118
-1527.9 123
-1527.7 136
-1527.5 123
-1527.3 110
-1527.1 111
-1526.9 105
-1526.7 126
-1526.5 108
-1526.3 108
-1526.1 118
-1525.9 125
-1525.7 112
-1525.5 130
-1525.3 125
-1525.1 114
-1524.9 123
-1524.7 132
-1524.5 107
-1524.3 116
-1524.1 129
-1523.9 109
-1523.7 138
-1523.5 118
-1523.3 140
-1523.1 116
-1522.9 123
-1522.7 142
-1522.5 144
-1522.3 127
-1522.1 119
-1521.9 122
-1521.7 128
-1521.5 127
-1521.3 122
-1521.1 126
-1520.9 133
-1520.7 132
-1520.5 146
-1520.3 121
-1520.1 117
-1519.9 120
-1519.7 128
-1519.5 143
-1519.3 120
-1519.1 130
-1518.9 120
-1518.7 108
-1518.5 116
-1518.3 109
-1518.1 129
-1517.9 116
-1517.7 128
-1517.5 127
-1517.3 113
-1517.1 112
-1516.9 122
-1516.7 120
-1516.5 131
-1516.3 110
-1516.1 117
-1515.9 111
-1515.7 122
-1515.5 104
-1515.3 127
-1515.1 112
-1514.9 118
-1514.7 121
-1514.5 116
-1514.3 122
-1514.1 125
-1513.9 118
-1513.7 113
-1513.5 120
-1513.3 114
-1513.1 109
-1512.9 114
-1512.7 99
-1512.5 111
-1512.3 123
-1512.1 115
-1511.9 97
-1511.7 112
-1511.5 119
-1511.3 98
-1511.1 91
-1510.9 117
-1510.7 104
-1510.5 110
-1510.3 113
-1510.1 121
-1509.9 105
-1509.7 99
-1509.5 116
-1509.3 115
-1509.1 109
-1508.9 108
-1508.7 110
-1508.5 109
-1508.3 123
-1508.1 130
-1507.9 123
-1507.7 106
-1507.5 112
-1507.3 120
-1507.1 127
-1506.9 96
-1506.7 120
-1506.5 139
-1506.3 140
-1506.1 135
-1505.9 117
-1505.7 125
-1505.5 125
-1505.3 128
-1505.1 141
-1504.9 127
-1504.7 125
-1504.5 120
-1504.3 124
-1504.1 139
-1503.9 117
-1503.7 119
-1503.5 82
-1503.3 123
-1503.1 123
-1502.9 125
-1502.7 126
-1502.5 131
-1502.3 120
-1502.1 127
-1501.9 125
-1501.7 119
-1501.5 124
-1501.3 123
-1501.1 133
-1500.9 121
-1500.7 105
-1500.5 137
-1500.3 134
-1500.1 112
-1499.9 118
-1499.7 114
-1499.5 114
-1499.3 132
-1499.1 133
-1498.9 136
-1498.7 108
-1498.5 117
-1498.3 135
-1498.1 127
-1497.9 128
-1497.7 130
-1497.5 117
-1497.3 106
-1497.1 97
-1496.9 110
-1496.7 104
-1496.5 116
-1496.3 116
-1496.1 138
-1495.9 119
-1495.7 109
-1495.5 124
-1495.3 124
-1495.1 105
-1494.9 123
-1494.7 107
-1494.5 103
-1494.3 113
-1494.1 111
-1493.9 127
-1493.7 89
-1493.5 131
-1493.3 117
-1493.1 141
-1492.9 127
-1492.7 125
-1492.5 113
-1492.3 118
-1492.1 124
-1491.9 123
-1491.7 122
-1491.5 117
-1491.3 120
-1491.1 106
-1490.9 104
-1490.7 109
-1490.5 105
-1490.3 91
-1490.1 114
-1489.9 126
-1489.7 115
-1489.5 118
-1489.3 105
-1489.1 148
-1488.9 128
-1488.7 137
-1488.5 109
-1488.3 116
-1488.1 141
-1487.9 127
-1487.7 117
-1487.5 117
-1487.3 122
-1487.1 140
-1486.9 110
-1486.7 121
-1486.5 114
-1486.3 121
-1486.1 128
-1485.9 124
-1485.7 120
-1485.5 143
-1485.3 142
-1485.1 110
-1484.9 118
-1484.7 107
-1484.5 152
-1484.3 119
-1484.1 116
-1483.9 114
-1483.7 123
-1483.5 129
-1483.3 120
-1483.1 120
-1482.9 132
-1482.7 147
-1482.5 115
-1482.3 124
-1482.1 116
-1481.9 103
-1481.7 124
-1481.5 139
-1481.3 112
-1481.1 106
-1480.9 111
-1480.7 109
-1480.5 106
-1480.3 125
-1480.1 126
-1479.9 125
-1479.7 97
-1479.5 113
-1479.3 96
-1479.1 119
-1478.9 128
-1478.7 124
-1478.5 122
-1478.3 120
-1478.1 133
-1477.9 122
-1477.7 96
-1477.5 118
-1477.3 117
-1477.1 114
-1476.9 105
-1476.7 118
-1476.5 109
-1476.3 115
-1476.1 124
-1475.9 131
-1475.7 83
-1475.5 110
-1475.3 116
-1475.1 142
-1474.9 123
-1474.7 133
-1474.5 126
-1474.3 120
-1474.1 105
-1473.9 143
-1473.7 128
-1473.5 131
-1473.3 117
-1473.1 134
-1472.9 127
-1472.7 98
-1472.5 134
-1472.3 136
-1472.1 131
-1471.9 136
-1471.7 134
-1471.5 122
-1471.3 119
-1471.1 120
-1470.9 118
-1470.7 133
-1470.5 115
-1470.3 130
-1470.1 101
-1469.9 140
-1469.7 128
-1469.5 121
-1469.3 127
-1469.1 139
-1468.9 121
-1468.7 137
-1468.5 118
-1468.3 124
-1468.1 151
-1467.9 114
-1467.7 124
-1467.5 141
-1467.3 110
-1467.1 124
-1466.9 117
-1466.7 92
-1466.5 124
-1466.3 123
-1466.1 102
-1465.9 123
-1465.7 122
-1465.5 118
-1465.3 117
-1465.1 118
-1464.9 128
-1464.7 110
-1464.5 117
-1464.3 136
-1464.1 98
-1463.9 93
-1463.7 99
-1463.5 120
-1463.3 117
-1463.1 119
-1462.9 108
-1462.7 124
-1462.5 108
-1462.3 115
-1462.1 108
-1461.9 109
-1461.7 131
-1461.5 129
-1461.3 115
-1461.1 100
-1460.9 112
-1460.7 113
-1460.5 119
-1460.3 122
-1460.1 121
-1459.9 86
-1459.7 110
-1459.5 128
-1459.3 102
-1459.1 113
-1458.9 125
-1458.7 125
-1458.5 130
-1458.3 129
-1458.1 104
-1457.9 109
-1457.7 125
-1457.5 124
-1457.3 115
-1457.1 115
-1456.9 111
-1456.7 121
-1456.5 113
-1456.3 128
-1456.1 126
-1455.9 103
-1455.7 128
-1455.5 126
-1455.3 128
-1455.1 111
-1454.9 106
-1454.7 101
-1454.5 113
-1454.3 129
-1454.1 112
-1453.9 106
-1453.7 108
-1453.5 111
-1453.3 122
-1453.1 123
-1452.9 111
-1452.7 115
-1452.5 139
-1452.3 136
-1452.1 114
-1451.9 114
-1451.7 123
-1451.5 133
-1451.3 114
-1451.1 118
-1450.9 108
-1450.7 118
-1450.5 118
-1450.3 119
-1450.1 103
-1449.9 134
-1449.7 107
-1449.5 130
-1449.3 115
-1449.1 112
-1448.9 102
-1448.7 128
-1448.5 111
-1448.3 131
-1448.1 131
-1447.9 98
-1447.7 124
-1447.5 118
-1447.3 125
-1447.1 103
-1446.9 132
-1446.7 98
-1446.5 97
-1446.3 142
-1446.1 114
-1445.9 126
-1445.7 120
-1445.5 120
-1445.3 123
-1445.1 131
-1444.9 110
-1444.7 126
-1444.5 120
-1444.3 115
-1444.1 109
-1443.9 144
-1443.7 128
-1443.5 131
-1443.3 125
-1443.1 136
-1442.9 133
-1442.7 122
-1442.5 128
-1442.3 115
-1442.1 114
-1441.9 108
-1441.7 133
-1441.5 132
-1441.3 93
-1441.1 111
-1440.9 110
-1440.7 129
-1440.5 107
-1440.3 144
-1440.1 119
-1439.9 126
-1439.7 109
-1439.5 114
-1439.3 96
-1439.1 94
-1438.9 115
-1438.7 125
-1438.5 131
-1438.3 118
-1438.1 112
-1437.9 118
-1437.7 114
-1437.5 120
-1437.3 152
-1437.1 128
-1436.9 128
-1436.7 119
-1436.5 102
-1436.3 135
-1436.1 125
-1435.9 120
-1435.7 133
-1435.5 132
-1435.3 129
-1435.1 115
-1434.9 115
-1434.7 115
-1434.5 106
-1434.3 125
-1434.1 116
-1433.9 111
-1433.7 105
-1433.5 121
-1433.3 121
-1433.1 108
-1432.9 126
-1432.7 130
-1432.5 104
-1432.3 133
-1432.1 120
-1431.9 138
-1431.7 117
-1431.5 112
-1431.3 120
-1431.1 116
-1430.9 111
-1430.7 116
-1430.5 111
-1430.3 121
-1430.1 118
-1429.9 134
-1429.7 111
-1429.5 123
-1429.3 112
-1429.1 122
-1428.9 119
-1428.7 109
-1428.5 146
-1428.3 120
-1428.1 113
-1427.9 111
-1427.7 101
-1427.5 127
-1427.3 128
-1427.1 124
-1426.9 104
-1426.7 117
-1426.5 129
-1426.3 113
-1426.1 95
-1425.9 113
-1425.7 120
-1425.5 122
-1425.3 107
-1425.1 117
-1424.9 112
-1424.7 121
-1424.5 116
-1424.3 98
-1424.1 131
-1423.9 115
-1423.7 120
-1423.5 120
-1423.3 111
-1423.1 107
-1422.9 118
-1422.7 132
-1422.5 116
-1422.3 107
-1422.1 109
-1421.9 140
-1421.7 132
-1421.5 129
-1421.3 104
-1421.1 115
-1420.9 97
-1420.7 124
-1420.5 120
-1420.3 114
-1420.1 117
-1419.9 121
-1419.7 109
-1419.5 114
-1419.3 105
-1419.1 120
-1418.9 122
-1418.7 139
-1418.5 119
-1418.3 125
-1418.1 133
-1417.9 126
-1417.7 119
-1417.5 113
-1417.3 119
-1417.1 112
-1416.9 107
-1416.7 110
-1416.5 97
-1416.3 109
-1416.1 118
-1415.9 125
-1415.7 123
-1415.5 122
-1415.3 117
-1415.1 133
-1414.9 129
-1414.7 116
-1414.5 123
-1414.3 116
-1414.1 126
-1413.9 119
-1413.7 125
-1413.5 125
-1413.3 112
-1413.1 116
-1412.9 124
-1412.7 113
-1412.5 92
-1412.3 118
-1412.1 113
-1411.9 125
-1411.7 113
-1411.5 108
-1411.3 113
-1411.1 135
-1410.9 114
-1410.7 109
-1410.5 125
-1410.3 124
-1410.1 101
-1409.9 137
-1409.7 105
-1409.5 125
-1409.3 121
-1409.1 122
-1408.9 121
-1408.7 110
-1408.5 119
-1408.3 133
-1408.1 119
-1407.9 124
-1407.7 115
-1407.5 122
-1407.3 137
-1407.1 115
-1406.9 109
-1406.7 125
-1406.5 109
-1406.3 127
-1406.1 113
-1405.9 115
-1405.7 110
-1405.5 128
-1405.3 120
-1405.1 131
-1404.9 116
-1404.7 119
-1404.5 137
-1404.3 115
-1404.1 133
-1403.9 112
-1403.7 138
-1403.5 115
-1403.3 122
-1403.1 107
-1402.9 122
-1402.7 132
-1402.5 118
-1402.3 117
-1402.1 133
-1401.9 116
-1401.7 128
-1401.5 122
-1401.3 122
-1401.1 114
-1400.9 122
-1400.7 121
-1400.5 100
-1400.3 119
-1400.1 116
-1399.9 97
-1399.7 107
-1399.5 98
-1399.3 116
-1399.1 111
-1398.9 111
-1398.7 126
-1398.5 123
-1398.3 90
-1398.1 130
-1397.9 87
-1397.7 123
-1397.5 125
-1397.3 94
-1397.1 133
-1396.9 121
-1396.7 114
-1396.5 117
-1396.3 105
-1396.1 128
-1395.9 105
-1395.7 136
-1395.5 124
-1395.3 105
-1395.1 120
-1394.9 119
-1394.7 109
-1394.5 116
-1394.3 114
-1394.1 120
-1393.9 134
-1393.7 111
-1393.5 115
-1393.3 112
-1393.1 124
-1392.9 105
-1392.7 113
-1392.5 108
-1392.3 123
-1392.1 122
-1391.9 109
-1391.7 112
-1391.5 116
-1391.3 124
-1391.1 121
-1390.9 120
-1390.7 115
-1390.5 107
-1390.3 156
-1390.1 114
-1389.9 139
-1389.7 107
-1389.5 119
-1389.3 115
-1389.1 123
-1388.9 139
-1388.7 105
-1388.5 106
-1388.3 128
-1388.1 94
-1387.9 117
-1387.7 113
-1387.5 118
-1387.3 126
-1387.1 117
-1386.9 86
-1386.7 120
-1386.5 107
-1386.3 114
-1386.1 109
-1385.9 122
-1385.7 109
-1385.5 117
-1385.3 126
-1385.1 124
-1384.9 106
-1384.7 124
-1384.5 119
-1384.3 124
-1384.1 107
-1383.9 122
-1383.7 135
-1383.5 105
-1383.3 122
-1383.1 103
-1382.9 115
-1382.7 119
-1382.5 130
-1382.3 128
-1382.1 118
-1381.9 120
-1381.7 101
-1381.5 139
-1381.3 129
-1381.1 115
-1380.9 116
-1380.7 122
-1380.5 124
-1380.3 109
-1380.1 115
-1379.9 113
-1379.7 126
-1379.5 110
-1379.3 95
-1379.1 94
-1378.9 101
-1378.7 102
-1378.5 140
-1378.3 111
-1378.1 115
-1377.9 102
-1377.7 114
-1377.5 113
-1377.3 122
-1377.1 132
-1376.9 105
-1376.7 122
-1376.5 116
-1376.3 131
-1376.1 145
-1375.9 86
-1375.7 102
-1375.5 123
-1375.3 122
-1375.1 105
-1374.9 114
-1374.7 127
-1374.5 127
-1374.3 106
-1374.1 114
-1373.9 122
-1373.7 114
-1373.5 114
-1373.3 119
-1373.1 111
-1372.9 136
-1372.7 132
-1372.5 128
-1372.3 117
-1372.1 121
-1371.9 145
-1371.7 131
-1371.5 127
-1371.3 138
-1371.1 124
-1370.9 133
-1370.7 121
-1370.5 101
-1370.3 103
-1370.1 120
-1369.9 108
-1369.7 118
-1369.5 130
-1369.3 125
-1369.1 119
-1368.9 112
-1368.7 135
-1368.5 116
-1368.3 121
-1368.1 131
-1367.9 134
-1367.7 112
-1367.5 115
-1367.3 120
-1367.1 128
-1366.9 118
-1366.7 124
-1366.5 83
-1366.3 123
-1366.1 108
-1365.9 119
-1365.7 126
-1365.5 135
-1365.3 130
-1365.1 112
-1364.9 109
-1364.7 130
-1364.5 129
-1364.3 115
-1364.1 134
-1363.9 110
-1363.7 119
-1363.5 124
-1363.3 103
-1363.1 122
-1362.9 131
-1362.7 136
-1362.5 133
-1362.3 104
-1362.1 131
-1361.9 117
-1361.7 110
-1361.5 102
-1361.3 119
-1361.1 93
-1360.9 115
-1360.7 112
-1360.5 112
-1360.3 113
-1360.1 114
-1359.9 110
-1359.7 119
-1359.5 119
-1359.3 115
-1359.1 115
-1358.9 121
-1358.7 121
-1358.5 102
-1358.3 133
-1358.1 117
-1357.9 113
-1357.7 123
-1357.5 113
-1357.3 107
-1357.1 119
-1356.9 105
-1356.7 126
-1356.5 144
-1356.3 115
-1356.1 113
-1355.9 119
-1355.7 92
-1355.5 115
-1355.3 118
-1355.1 112
-1354.9 113
-1354.7 106
-1354.5 105
-1354.3 125
-1354.1 131
-1353.9 100
-1353.7 122
-1353.5 123
-1353.3 115
-1353.1 105
-1352.9 132
-1352.7 87
-1352.5 111
-1352.3 111
-1352.1 104
-1351.9 99
-1351.7 127
-1351.5 122
-1351.3 120
-1351.1 89
-1350.9 111
-1350.7 120
-1350.5 126
-1350.3 109
-1350.1 115
-1349.9 94
-1349.7 116
-1349.5 104
-1349.3 118
-1349.1 108
-1348.9 111
-1348.7 112
-1348.5 96
-1348.3 93
-1348.1 98
-1347.9 97
-1347.7 110
-1347.5 121
-1347.3 93
-1347.1 90
-1346.9 86
-1346.7 81
-1346.5 96
-1346.3 100
-1346.1 93
-1345.9 100
-1345.7 78
-1345.5 96
-1345.3 97
-1345.1 76
-1344.9 82
-1344.7 75
-1344.5 108
-1344.3 71
-1344.1 77
-1343.9 73
-1343.7 84
-1343.5 88
-1343.3 76
-1343.1 71
-1342.9 78
-1342.7 83
-1342.5 84
-1342.3 66
-1342.1 77
-1341.9 66
-1341.7 75
-1341.5 56
-1341.3 69
-1341.1 81
-1340.9 67
-1340.7 72
-1340.5 66
-1340.3 63
-1340.1 52
-1339.9 73
-1339.7 66
-1339.5 64
-1339.3 62
-1339.1 58
-1338.9 64
-1338.7 61
-1338.5 83
-1338.3 43
-1338.1 62
-1337.9 58
-1337.7 60
-1337.5 51
-1337.3 58
-1337.1 59
-1336.9 54
-1336.7 47
-1336.5 40
-1336.3 58
-1336.1 41
-1335.9 44
-1335.7 55
-1335.5 44
-1335.3 49
-1335.1 38
-1334.9 57
-1334.7 41
-1334.5 46
-1334.3 35
-1334.1 41
-1333.9 40
-1333.7 39
-1333.5 40
-1333.3 38
-1333.1 39
-1332.9 31
-1332.7 38
-1332.5 33
-1332.3 31
-1332.1 33
-1331.9 39
-1331.7 44
-1331.5 29
-1331.3 33
-1331.1 53
-1330.9 25
-1330.7 41
-1330.5 27
-1330.3 35
-1330.1 30
-1329.9 30
-1329.7 47
-1329.5 35
-1329.3 26
-1329.1 35
-1328.9 24
-1328.7 22
-1328.5 26
-1328.3 25
-1328.1 26
-1327.9 24
-1327.7 28
-1327.5 34
-1327.3 21
-1327.1 29
-1326.9 25
-1326.7 21
-1326.5 15
-1326.3 17
-1326.1 33
-1325.9 38
-1325.7 13
-1325.5 22
-1325.3 17
-1325.1 33
-1324.9 23
-1324.7 22
-1324.5 23
-1324.3 12
-1324.1 17
-1323.9 15
-1323.7 22
-1323.5 20
-1323.3 14
-1323.1 26
-1322.9 17
-1322.7 12
-1322.5 27
-1322.3 16
-1322.1 15
-1321.9 11
-1321.7 14
-1321.5 11
-1321.3 18
-1321.1 19
-1320.9 8
-1320.7 24
-1320.5 10
-1320.3 7
-1320.1 16
-1319.9 12
-1319.7 13
-1319.5 15
-1319.3 16
-1319.1 16
-1318.9 16
-1318.7 12
-1318.5 8
-1318.3 12
-1318.1 9
-1317.9 8
-1317.7 8
-1317.5 7
-1317.3 9
-1317.1 10
-1316.9 7
-1316.7 6
-1316.5 12
-1316.3 8
-1316.1 10
-1315.9 8
-1315.7 11
-1315.5 15
-1315.3 4
-1315.1 3
-1314.9 3
-1314.7 1
-1314.5 2
-1314.3 6
-1314.1 5
-1313.9 3
-1313.7 8
-1313.5 4
-1313.3 7
-1313.1 4
-1312.9 5
-1312.7 4
-1312.5 10
-1312.3 3
-1312.1 6
-1311.9 5
-1311.7 3
-1311.5 1
-1311.3 9
-1311.1 2
-1310.9 4
-1310.7 4
-1310.5 5
-1310.3 5
-1310.1 3
-1309.9 0
-1309.7 2
-1309.5 2
-1309.3 7
-1309.1 4
-1308.9 5
-1308.7 7
-1308.5 3
-1308.3 1
-1308.1 0
-1307.9 1
-1307.7 5
-1307.5 2
-1307.3 2
-1307.1 1
-1306.9 2
-1306.7 3
-1306.5 2
-1306.3 0
-1306.1 1
-1305.9 1
-1305.7 3
-1305.5 2
-1305.3 2
-1305.1 0
-1304.9 2
-1304.7 3
-1304.5 1
-1304.3 2
-1304.1 2
-1303.9 1
-1303.7 0
-1303.5 3
-1303.3 2
-1303.1 2
-1302.9 0
-1302.7 1
-1302.5 0
-1302.3 1
-1302.1 0
-1301.9 1
-1301.7 1
-1301.5 2
-1301.3 1
-1301.1 0
-1300.9 2
-1300.7 0
-1300.5 2
-1300.3 2
-1300.1 1
