-1584.9 0
-1584.7 12
-1584.5 17
-1584.3 15
-1584.1 20
-1583.9 28
-1583.7 24
-1583.5 24
-1583.3 18
-1583.1 32
-1582.9 24
-1582.7 42
-1582.5 33
-1582.3 37
-1582.1 38
-1581.9 47
-1581.7 63
-1581.5 52
-1581.3 60
-1581.1 58
-1580.9 68
-1580.7 57
-1580.5 69
-1580.3 88
-1580.1 73
-1579.9 87
-1579.7 99
-1579.5 101
-1579.3 100
-1579.1 119
-1578.9 89
-1578.7 97
-1578.5 115
-1578.3 110
-1578.1 114
-1577.9 121
-1577.7 122
-1577.5 139
-1577.3 166
-1577.1 152
-1576.9 138
-1576.7 176
-1576.5 149
-1576.3 190
-1576.1 171
-1575.9 179
-1575.7 173
-1575.5 185
-1575.3 203
-1575.1 173
-1574.9 208
-1574.7 224
-1574.5 198
-1574.3 196
-1574.1 191
-1573.9 234
-1573.7 211
-1573.5 216
-1573.3 230
-1573.1 204
-1572.9 218
-1572.7 247
-1572.5 247
-1572.3 210
-1572.1 220
-1571.9 225
-1571.7 268
-1571.5 203
-1571.3 229
-1571.1 203
-1570.9 195
-1570.7 222
-1570.5 219
-1570.3 239
-1570.1 237
-1569.9 226
-1569.7 228
-1569.5 223
-1569.3 221
-1569.1 224
-1568.9 201
-1568.7 203
-1568.5 220
-1568.3 235
-1568.1 230
-1567.9 203
-1567.7 233
-1567.5 219
-1567.3 187
-1567.1 207
-1566.9 206
-1566.7 209
-1566.5 198
-1566.3 191
-1566.1 224
-1565.9 179
-1565.7 196
-1565.5 196
-1565.3 205
-1565.1 187
-1564.9 207
-1564.7 195
-1564.5 210
-1564.3 212
-1564.1 210
-1563.9 184
-1563.7 181
-1563.5 156
-1563.3 172
-1563.1 175
-1562.9 185
-1562.7 165
-1562.5 154
-1562.3 164
-1562.1 163
-1561.9 152
-1561.7 182
-1561.5 165
-1561.3 189
-1561.1 177
-1560.9 162
-1560.7 172
-1560.5 170
-1560.3 156
-1560.1 140
-1559.9 154
-1559.7 149
-1559.5 146
-1559.3 178
-1559.1 142
-1558.9 152
-1558.7 164
-1558.5 165
-1558.3 173
-1558.1 156
-1557.9 162
-1557.7 146
-1557.5 147
-1557.3 146
-1557.1 168
-1556.9 173
-1556.7 145
-1556.5 144
-1556.3 171
-1556.1 151
-1555.9 167
-1555.7 152
-1555.5 157
-1555.3 153
-1555.1 158
-1554.9 137
-1554.7 174
-1554.5 146
-1554.3 138
-1554.1 153
-1553.9 158
-1553.7 153
-1553.5 163
-1553.3 151
-1553.1 184
-1552.9 143
-1552.7 170
-1552.5 140
-1552.3 160
-1552.1 163
-1551.9 159
-1551.7 135
-1551.5 143
-1551.3 165
-1551.1 150
-1550.9 157
-1550.7 164
-1550.5 145
-1550.3 134
-1550.1 146
-1549.9 161
-1549.7 149
-1549.5 153
-1549.3 187
-1549.1 141
-1548.9 158
-1548.7 146
-1548.5 138
-1548.3 154
-1548.1 153
-1547.9 160
-1547.7 126
-1547.5 145
-1547.3 140
-1547.1 139
-1546.9 160
-1546.7 144
-1546.5 136
-1546.3 169
-1546.1 153
-1545.9 160
-1545.7 143
-1545.5 122
-1545.3 150
-1545.1 140
-1544.9 143
-1544.7 112
-1544.5 144
-1544.3 139
-1544.1 138
-1543.9 159
-1543.7 150
-1543.5 174
-1543.3 166
-1543.1 149
-1542.9 165
-1542.7 134
-1542.5 146
-1542.3 135
-1542.1 152
-1541.9 161
-1541.7 127
-1541.5 161
-1541.3 161
-1541.1 153
-1540.9 147
-1540.7 143
-1540.5 134
-1540.3 135
-1540.1 171
-1539.9 155
-1539.7 153
-1539.5 148
-1539.3 153
-1539.1 132
-1538.9 152
-1538.7 139
-1538.5 138
-1538.3 150
-1538.1 141
-1537.9 132
-1537.7 137
-1537.5 126
-1537.3 142
-1537.1 173
-1536.9 174
-1536.7 139
-1536.5 146
-1536.3 166
-1536.1 137
-1535.9 145
-1535.7 151
-1535.5 131
-1535.3 156
-1535.1 171
-1534.9 133
-1534.7 130
-1534.5 155
-1534.3 161
-1534.1 162
-1533.9 118
-1533.7 132
-1533.5 135
-1533.3 137
-1533.1 143
-1532.9 159
-1532.7 162
-1532.5 144
-1532.3 137
-1532.1 156
-1531.9 144
-1531.7 117
-1531.5 147
-1531.3 144
-1531.1 167
-1530.9 144
-1530.7 153
-1530.5 124
-1530.3 166
-1530.1 125
-1529.9 137
-1529.7 163
-1529.5 167
-1529.3 123
-1529.1 127
-1528.9 145
-1528.7 135
-1528.5 128
-1528.3 154
-1528.1 147
-1527.9 139
-1527.7 146
-1527.5 152
-1527.3 131
-1527.1 171
-1526.9 137
-1526.7 155
-1526.5 130
-1526.3 147
-1526.1 141
-1525.9 155
-1525.7 124
-1525.5 173
-1525.3 137
-1525.1 136
-1524.9 135
-1524.7 161
-1524.5 142
-1524.3 170
-1524.1 151
-1523.9 156
-1523.7 135
-1523.5 132
-1523.3 139
-1523.1 130
-1522.9 141
-1522.7 157
-1522.5 141
-1522.3 134
-1522.1 149
-1521.9 154
-1521.7 128
-1521.5 132
-1521.3 141
-1521.1 144
-1520.9 175
-1520.7 149
-1520.5 153
-1520.3 139
-1520.1 135
-1519.9 150
-1519.7 139
-1519.5 146
-1519.3 142
-1519.1 132
-1518.9 144
-1518.7 135
-1518.5 165
-1518.3 148
-1518.1 143
-1517.9 136
-1517.7 139
-1517.5 142
-1517.3 119
-1517.1 153
-1516.9 150
-1516.7 147
-1516.5 168
-1516.3 154
-1516.1 161
-1515.9 130
-1515.7 123
-1515.5 130
-1515.3 154
-1515.1 146
-1514.9 150
-1514.7 145
-1514.5 172
-1514.3 143
-1514.1 156
-1513.9 138
-1513.7 137
-1513.5 154
-1513.3 142
-1513.1 143
-1512.9 129
-1512.7 150
-1512.5 133
-1512.3 136
-1512.1 146
-1511.9 141
-1511.7 166
-1511.5 158
-1511.3 158
-1511.1 162
-1510.9 142
-1510.7 153
-1510.5 162
-1510.3 164
-1510.1 135
-1509.9 151
-1509.7 140
-1509.5 155
-1509.3 133
-1509.1 163
-1508.9 145
-1508.7 139
-1508.5 130
-1508.3 126
-1508.1 137
-1507.9 142
-1507.7 140
-1507.5 132
-1507.3 141
-1507.1 161
-1506.9 157
-1506.7 143
-1506.5 165
-1506.3 177
-1506.1 138
-1505.9 138
-1505.7 143
-1505.5 127
-1505.3 140
-1505.1 151
-1504.9 152
-1504.7 140
-1504.5 155
-1504.3 150
-1504.1 144
-1503.9 137
-1503.7 150
-1503.5 168
-1503.3 143
-1503.1 141
-1502.9 146
-1502.7 162
-1502.5 161
-1502.3 156
-1502.1 143
-1501.9 139
-1501.7 141
-1501.5 149
-1501.3 158
-1501.1 139
-1500.9 141
-1500.7 142
-1500.5 127
-1500.3 147
-1500.1 160
-1499.9 159
-1499.7 155
-1499.5 129
-1499.3 139
-1499.1 158
-1498.9 151
-1498.7 154
-1498.5 169
-1498.3 142
-1498.1 141
-1497.9 165
-1497.7 149
-1497.5 163
-1497.3 168
-1497.1 152
-1496.9 163
-1496.7 158
-1496.5 160
-1496.3 152
-1496.1 139
-1495.9 146
-1495.7 143
-1495.5 147
-1495.3 144
-1495.1 153
-1494.9 144
-1494.7 154
-1494.5 125
-1494.3 147
-1494.1 129
-1493.9 141
-1493.7 150
-1493.5 131
-1493.3 155
-1493.1 141
-1492.9 150
-1492.7 177
-1492.5 147
-1492.3 135
-1492.1 203
-1491.9 130
-1491.7 151
-1491.5 130
-1491.3 141
-1491.1 144
-1490.9 137
-1490.7 136
-1490.5 143
-1490.3 122
-1490.1 156
-1489.9 152
-1489.7 132
-1489.5 139
-1489.3 131
-1489.1 149
-1488.9 164
-1488.7 146
-1488.5 153
-1488.3 137
-1488.1 158
-1487.9 151
-1487.7 136
-1487.5 157
-1487.3 142
-1487.1 150
-1486.9 131
-1486.7 177
-1486.5 141
-1486.3 122
-1486.1 138
-1485.9 147
-1485.7 145
-1485.5 135
-1485.3 147
-1485.1 149
-1484.9 161
-1484.7 151
-1484.5 147
-1484.3 152
-1484.1 123
-1483.9 156
-1483.7 145
-1483.5 147
-1483.3 134
-1483.1 132
-1482.9 144
-1482.7 163
-1482.5 148
-1482.3 116
-1482.1 135
-1481.9 161
-1481.7 155
-1481.5 142
-1481.3 129
-1481.1 146
-1480.9 118
-1480.7 150
-1480.5 137
-1480.3 136
-1480.1 138
-1479.9 123
-1479.7 141
-1479.5 141
-1479.3 158
-1479.1 145
-1478.9 160
-1478.7 111
-1478.5 134
-1478.3 141
-1478.1 146
-1477.9 156
-1477.7 136
-1477.5 132
-1477.3 129
-1477.1 159
-1476.9 137
-1476.7 132
-1476.5 124
-1476.3 151
-1476.1 138
-1475.9 159
-1475.7 150
-1475.5 169
-1475.3 160
-1475.1 134
-1474.9 147
-1474.7 129
-1474.5 145
-1474.3 161
-1474.1 173
-1473.9 122
-1473.7 147
-1473.5 155
-1473.3 120
-1473.1 165
-1472.9 139
-1472.7 138
-1472.5 139
-1472.3 151
-1472.1 166
-1471.9 155
-1471.7 154
-1471.5 157
-1471.3 131
-1471.1 149
-1470.9 150
-1470.7 159
-1470.5 151
-1470.3 135
-1470.1 134
-1469.9 143
-1469.7 152
-1469.5 157
-1469.3 151
-1469.1 127
-1468.9 162
-1468.7 171
-1468.5 141
-1468.3 152
-1468.1 140
-1467.9 136
-1467.7 168
-1467.5 155
-1467.3 144
-1467.1 143
-1466.9 139
-1466.7 143
-1466.5 140
-1466.3 149
-1466.1 138
-1465.9 125
-1465.7 155
-1465.5 170
-1465.3 161
-1465.1 150
-1464.9 157
-1464.7 158
-1464.5 151
-1464.3 160
-1464.1 150
-1463.9 128
-1463.7 164
-1463.5 142
-1463.3 160
-1463.1 132
-1462.9 141
-1462.7 138
-1462.5 140
-1462.3 135
-1462.1 134
-1461.9 166
-1461.7 165
-1461.5 154
-1461.3 144
-1461.1 146
-1460.9 129
-1460.7 130
-1460.5 168
-1460.3 140
-1460.1 133
-1459.9 182
-1459.7 140
-1459.5 138
-1459.3 130
-1459.1 151
-1458.9 129
-1458.7 162
-1458.5 167
-1458.3 162
-1458.1 148
-1457.9 142
-1457.7 124
-1457.5 136
-1457.3 145
-1457.1 154
-1456.9 139
-1456.7 141
-1456.5 154
-1456.3 129
-1456.1 148
-1455.9 147
-1455.7 137
-1455.5 138
-1455.3 140
-1455.1 135
-1454.9 147
-1454.7 146
-1454.5 144
-1454.3 132
-1454.1 147
-1453.9 140
-1453.7 143
-1453.5 129
-1453.3 133
-1453.1 161
-1452.9 150
-1452.7 159
-1452.5 153
-1452.3 129
-1452.1 168
-1451.9 142
-1451.7 128
-1451.5 135
-1451.3 134
-1451.1 151
-1450.9 153
-1450.7 142
-1450.5 153
-1450.3 146
-1450.1 138
-1449.9 136
-1449.7 132
-1449.5 151
-1449.3 136
-1449.1 134
-1448.9 146
-1448.7 137
-1448.5 146
-1448.3 137
-1448.1 149
-1447.9 142
-1447.7 140
-1447.5 146
-1447.3 157
-1447.1 144
-1446.9 154
-1446.7 133
-1446.5 133
-1446.3 128
-1446.1 161
-1445.9 152
-1445.7 149
-1445.5 141
-1445.3 138
-1445.1 153
-1444.9 148
-1444.7 146
-1444.5 154
-1444.3 126
-1444.1 132
-1443.9 141
-1443.7 146
-1443.5 161
-1443.3 153
-1443.1 148
-1442.9 143
-1442.7 162
-1442.5 153
-1442.3 148
-1442.1 140
-1441.9 134
-1441.7 142
-1441.5 126
-1441.3 161
-1441.1 137
-1440.9 154
-1440.7 168
-1440.5 125
-1440.3 159
-1440.1 141
-1439.9 123
-1439.7 136
-1439.5 141
-1439.3 156
-1439.1 157
-1438.9 141
-1438.7 122
-1438.5 155
-1438.3 154
-1438.1 117
-1437.9 156
-1437.7 168
-1437.5 138
-1437.3 134
-1437.1 156
-1436.9 139
-1436.7 150
-1436.5 126
-1436.3 154
-1436.1 150
-1435.9 135
-1435.7 139
-1435.5 120
-1435.3 146
-1435.1 142
-1434.9 142
-1434.7 135
-1434.5 126
-1434.3 164
-1434.1 127
-1433.9 173
-1433.7 160
-1433.5 143
-1433.3 140
-1433.1 157
-1432.9 149
-1432.7 137
-1432.5 146
-1432.3 157
-1432.1 162
-1431.9 155
-1431.7 127
-1431.5 168
-1431.3 137
-1431.1 154
-1430.9 149
-1430.7 140
-1430.5 141
-1430.3 142
-1430.1 148
-1429.9 150
-1429.7 134
-1429.5 140
-1429.3 162
-1429.1 112
-1428.9 133
-1428.7 133
-1428.5 132
-1428.3 135
-1428.1 139
-1427.9 161
-1427.7 139
-1427.5 136
-1427.3 156
-1427.1 158
-1426.9 142
-1426.7 146
-1426.5 154
-1426.3 151
-1426.1 150
-1425.9 152
-1425.7 168
-1425.5 115
-1425.3 153
-1425.1 147
-1424.9 141
-1424.7 131
-1424.5 142
-1424.3 147
-1424.1 133
-1423.9 145
-1423.7 145
-1423.5 178
-1423.3 132
-1423.1 162
-1422.9 159
-1422.7 136
-1422.5 144
-1422.3 154
-1422.1 132
-1421.9 156
-1421.7 156
-1421.5 157
-1421.3 119
-1421.1 148
-1420.9 168
-1420.7 155
-1420.5 138
-1420.3 140
-1420.1 138
-1419.9 149
-1419.7 155
-1419.5 123
-1419.3 142
-1419.1 153
-1418.9 152
-1418.7 146
-1418.5 150
-1418.3 138
-1418.1 135
-1417.9 157
-1417.7 146
-1417.5 144
-1417.3 144
-1417.1 150
-1416.9 138
-1416.7 145
-1416.5 146
-1416.3 151
-1416.1 160
-1415.9 163
-1415.7 158
-1415.5 143
-1415.3 117
-1415.1 154
-1414.9 132
-1414.7 146
-1414.5 109
-1414.3 155
-1414.1 149
-1413.9 127
-1413.7 143
-1413.5 134
-1413.3 137
-1413.1 146
-1412.9 134
-1412.7 167
-1412.5 137
-1412.3 153
-1412.1 159
-1411.9 143
-1411.7 150
-1411.5 139
-1411.3 147
-1411.1 149
-1410.9 145
-1410.7 141
-1410.5 141
-1410.3 152
-1410.1 168
-1409.9 136
-1409.7 146
-1409.5 140
-1409.3 139
-1409.1 133
-1408.9 157
-1408.7 138
-1408.5 149
-1408.3 156
-1408.1 135
-1407.9 122
-1407.7 148
-1407.5 126
-1407.3 153
-1407.1 153
-1406.9 160
-1406.7 148
-1406.5 131
-1406.3 133
-1406.1 140
-1405.9 136
-1405.7 139
-1405.5 120
-1405.3 132
-1405.1 161
-1404.9 150
-1404.7 153
-1404.5 142
-1404.3 140
-1404.1 161
-1403.9 117
-1403.7 150
-1403.5 142
-1403.3 139
-1403.1 139
-1402.9 128
-1402.7 149
-1402.5 142
-1402.3 142
-1402.1 155
-1401.9 170
-1401.7 160
-1401.5 153
-1401.3 141
-1401.1 145
-1400.9 151
-1400.7 135
-1400.5 123
-1400.3 156
-1400.1 135
-1399.9 143
-1399.7 140
-1399.5 134
-1399.3 149
-1399.1 128
-1398.9 134
-1398.7 141
-1398.5 152
-1398.3 141
-1398.1 138
-1397.9 134
-1397.7 127
-1397.5 147
-1397.3 167
-1397.1 123
-1396.9 150
-1396.7 142
-1396.5 169
-1396.3 147
-1396.1 149
-1395.9 158
-1395.7 139
-1395.5 141
-1395.3 146
-1395.1 136
-1394.9 122
-1394.7 138
-1394.5 137
-1394.3 163
-1394.1 144
-1393.9 146
-1393.7 151
-1393.5 146
-1393.3 149
-1393.1 152
-1392.9 118
-1392.7 131
-1392.5 137
-1392.3 158
-1392.1 146
-1391.9 151
-1391.7 136
-1391.5 156
-1391.3 143
-1391.1 159
-1390.9 138
-1390.7 149
-1390.5 132
-1390.3 140
-1390.1 149
-1389.9 166
-1389.7 141
-1389.5 131
-1389.3 125
-1389.1 134
-1388.9 170
-1388.7 161
-1388.5 139
-1388.3 141
-1388.1 149
-1387.9 152
-1387.7 155
-1387.5 140
-1387.3 124
-1387.1 142
-1386.9 152
-1386.7 144
-1386.5 136
-1386.3 124
-1386.1 154
-1385.9 152
-1385.7 134
-1385.5 140
-1385.3 148
-1385.1 144
-1384.9 154
-1384.7 130
-1384.5 153
-1384.3 140
-1384.1 151
-1383.9 146
-1383.7 129
-1383.5 143
-1383.3 137
-1383.1 149
-1382.9 134
-1382.7 116
-1382.5 130
-1382.3 119
-1382.1 159
-1381.9 128
-1381.7 133
-1381.5 142
-1381.3 119
-1381.1 140
-1380.9 150
-1380.7 131
-1380.5 162
-1380.3 135
-1380.1 117
-1379.9 135
-1379.7 117
-1379.5 132
-1379.3 136
-1379.1 116
-1378.9 107
-1378.7 129
-1378.5 106
-1378.3 118
-1378.1 123
-1377.9 108
-1377.7 125
-1377.5 133
-1377.3 127
-1377.1 121
-1376.9 96
-1376.7 107
-1376.5 109
-1376.3 106
-1376.1 116
-1375.9 129
-1375.7 115
-1375.5 102
-1375.3 90
-1375.1 109
-1374.9 110
-1374.7 97
-1374.5 102
-1374.3 111
-1374.1 100
-1373.9 75
-1373.7 113
-1373.5 98
-1373.3 104
-1373.1 113
-1372.9 84
-1372.7 86
-1372.5 99
-1372.3 84
-1372.1 88
-1371.9 84
-1371.7 87
-1371.5 85
-1371.3 77
-1371.1 76
-1370.9 82
-1370.7 67
-1370.5 82
-1370.3 77
-1370.1 77
-1369.9 72
-1369.7 79
-1369.5 77
-1369.3 66
-1369.1 72
-1368.9 66
-1368.7 71
-1368.5 62
-1368.3 51
-1368.1 51
-1367.9 59
-1367.7 66
-1367.5 60
-1367.3 67
-1367.1 63
-1366.9 61
-1366.7 65
-1366.5 43
-1366.3 66
-1366.1 52
-1365.9 48
-1365.7 44
-1365.5 54
-1365.3 50
-1365.1 59
-1364.9 51
-1364.7 36
-1364.5 47
-1364.3 52
-1364.1 57
-1363.9 37
-1363.7 52
-1363.5 43
-1363.3 56
-1363.1 47
-1362.9 50
-1362.7 34
-1362.5 42
-1362.3 45
-1362.1 47
-1361.9 45
-1361.7 41
-1361.5 31
-1361.3 36
-1361.1 43
-1360.9 30
-1360.7 28
-1360.5 47
-1360.3 30
-1360.1 36
-1359.9 37
-1359.7 34
-1359.5 23
-1359.3 21
-1359.1 41
-1358.9 27
-1358.7 29
-1358.5 28
-1358.3 25
-1358.1 26
-1357.9 23
-1357.7 21
-1357.5 26
-1357.3 22
-1357.1 21
-1356.9 25
-1356.7 20
-1356.5 16
-1356.3 25
-1356.1 22
-1355.9 19
-1355.7 33
-1355.5 34
-1355.3 15
-1355.1 31
-1354.9 16
-1354.7 21
-1354.5 23
-1354.3 24
-1354.1 16
-1353.9 23
-1353.7 14
-1353.5 13
-1353.3 21
-1353.1 20
-1352.9 22
-1352.7 21
-1352.5 16
-1352.3 17
-1352.1 9
-1351.9 12
-1351.7 10
-1351.5 19
-1351.3 15
-1351.1 17
-1350.9 18
-1350.7 7
-1350.5 14
-1350.3 12
-1350.1 11
-1349.9 12
-1349.7 14
-1349.5 4
-1349.3 9
-1349.1 12
-1348.9 9
-1348.7 7
-1348.5 13
-1348.3 8
-1348.1 8
-1347.9 8
-1347.7 6
-1347.5 12
-1347.3 8
-1347.1 11
-1346.9 7
-1346.7 9
-1346.5 3
-1346.3 3
-1346.1 11
-1345.9 3
-1345.7 3
-1345.5 4
-1345.3 9
-1345.1 9
-1344.9 9
-1344.7 9
-1344.5 3
-1344.3 4
-1344.1 5
-1343.9 4
-1343.7 4
-1343.5 3
-1343.3 5
-1343.1 7
-1342.9 5
-1342.7 5
-1342.5 6
-1342.3 5
-1342.1 1
-1341.9 1
-1341.7 2
-1341.5 2
-1341.3 6
-1341.1 1
-1340.9 0
-1340.7 5
-1340.5 0
-1340.3 1
-1340.1 2
-1339.9 8
-1339.7 3
-1339.5 5
-1339.3 0
-1339.1 3
-1338.9 2
-1338.7 2
-1338.5 1
-1338.3 6
-1338.1 2
-1337.9 3
-1337.7 3
-1337.5 1
-1337.3 1
-1337.1 3
-1336.9 4
-1336.7 3
-1336.5 3
-1336.3 0
-1336.1 2
-1335.9 1
-1335.7 2
-1335.5 1
-1335.3 2
-1335.1 1
-1334.9 2
-1334.7 0
-1334.5 0
-1334.3 2
-1334.1 2
-1333.9 3
-1333.7 1
-1333.5 2
-1333.3 3
-1333.1 1
-1332.9 0
-1332.7 1
-1332.5 1
-1332.3 0
-1332.1 1
-1331.9 0
-1331.7 0
-1331.5 1
-1331.3 1
-1331.1 2
-1330.9 0
-1330.7 0
-1330.5 1
-1330.3 1
-1330.1 0
-1329.9 1
-1329.7 0
-1329.5 1
-1329.3 0
-1329.1 1
-1328.9 1
-1328.7 0
-1328.5 1
-1328.3 0
-1328.1 2
-1327.9 1
-1327.7 1
-1327.5 1
-1327.3 1
-1327.1 0
-1326.9 1
-1326.7 2
-1326.5 0
-1326.3 0
-1326.1 1
-1325.9 2
-1325.7 0
-1325.5 1
-1325.3 2
-1325.1 2
-1324.9 1
-1324.7 0
-1324.5 0
-1324.3 2
-1324.1 1
-1323.9 1
-1323.7 0
-1323.5 0
-1323.3 2
-1323.1 1
-1322.9 1
-1322.7 1
-1322.5 0
-1322.3 1
-1322.1 1
-1321.9 2
-1321.7 0
-1321.5 2
-1321.3 1
-1321.1 3
-1320.9 1
-1320.7 0
-1320.5 0
-1320.3 0
-1320.1 2
-1319.9 1
-1319.7 0
-1319.5 0
-1319.3 1
-1319.1 0
-1318.9 0
-1318.7 1
-1318.5 1
-1318.3 1
-1318.1 0
-1317.9 0
-1317.7 1
-1317.5 1
-1317.3 2
-1317.1 0
-1316.9 0
-1316.7 1
-1316.5 0
-1316.3 0
-1316.1 0
-1315.9 0
-1315.7 1
-1315.5 1
-1315.3 3
-1315.1 0
-1314.9 0
-1314.7 2
-1314.5 0
-1314.3 1
-1314.1 0
-1313.9 1
-1313.7 2
-1313.5 0
-1313.3 0
-1313.1 1
-1312.9 1
-1312.7 0
-1312.5 0
-1312.3 0
-1312.1 0
-1311.9 0
-1311.7 2
-1311.5 0
-1311.3 1
-1311.1 0
-1310.9 3
-1310.7 0
-1310.5 0
-1310.3 1
-1310.1 0
-1309.9 0
-1309.7 2
-1309.5 1
-1309.3 1
-1309.1 2
-1308.9 0
-1308.7 0
-1308.5 0
-1308.3 1
-1308.1 0
-1307.9 0
-1307.7 3
-1307.5 1
-1307.3 1
-1307.1 1
-1306.9 1
-1306.7 0
-1306.5 1
-1306.3 0
-1306.1 1
-1305.9 0
-1305.7 0
-1305.5 2
-1305.3 1
-1305.1 1
-1304.9 2
-1304.7 0
-1304.5 0
-1304.3 1
-1304.1 1
-1303.9 1
-1303.7 1
-1303.5 1
-1303.3 1
-1303.1 2
-1302.9 0
-1302.7 0
-1302.5 2
-1302.3 1
-1302.1 1
-1301.9 0
-1301.7 1
-1301.5 0
-1301.3 0
-1301.1 1
-1300.9 0
-1300.7 2
-1300.5 1
-1300.3 2
-1300.1 0
