-1599.9 0
-1599.7 0
-1599.5 0
-1599.3 1
-1599.1 1
-1598.9 0
-1598.7 0
-1598.5 1
-1598.3 0
-1598.1 0
-1597.9 0
-1597.7 0
-1597.5 0
-1597.3 1
-1597.1 0
-1596.9 0
-1596.7 0
-1596.5 0
-1596.3 0
-1596.1 0
-1595.9 0
-1595.7 0
-1595.5 0
-1595.3 0
-1595.1 0
-1594.9 0
-1594.7 0
-1594.5 0
-1594.3 0
-1594.1 0
-1593.9 0
-1593.7 0
-1593.5 0
-1593.3 0
-1593.1 0
-1592.9 0
-1592.7 0
-1592.5 0
-1592.3 0
-1592.1 0
-1591.9 0
-1591.7 0
-1591.5 0
-1591.3 0
-1591.1 0
-1590.9 0
-1590.7 0
-1590.5 0
-1590.3 0
-1590.1 0
-1589.9 0
-1589.7 0
-1589.5 0
-1589.3 0
-1589.1 0
-1588.9 0
-1588.7 0
-1588.5 0
-1588.3 0
-1588.1 0
-1587.9 0
-1587.7 0
-1587.5 0
-1587.3 0
-1587.1 0
-1586.9 0
-1586.7 0
-1586.5 1
-1586.3 0
-1586.1 0
-1585.9 0
-1585.7 0
-1585.5 1
-1585.3 0
-1585.1 0
-1584.9 0
-1584.7 0
-1584.5 0
-1584.3 0
-1584.1 0
-1583.9 0
-1583.7 0
-1583.5 0
-1583.3 0
-1583.1 0
-1582.9 0
-1582.7 0
-1582.5 0
-1582.3 0
-1582.1 0
-1581.9 0
-1581.7 0
-1581.5 0
-1581.3 0
-1581.1 0
-1580.9 0
-1580.7 0
-1580.5 0
-1580.3 0
-1580.1 0
-1579.9 0
-1579.7 1
-1579.5 0
-1579.3 0
-1579.1 0
-1578.9 0
-1578.7 0
-1578.5 0
-1578.3 0
-1578.1 0
-1577.9 0
-1577.7 1
-1577.5 0
-1577.3 0
-1577.1 0
-1576.9 0
-1576.7 0
-1576.5 0
-1576.3 0
-1576.1 0
-1575.9 0
-1575.7 0
-1575.5 0
-1575.3 0
-1575.1 0
-1574.9 0
-1574.7 0
-1574.5 0
-1574.3 0
-1574.1 0
-1573.9 0
-1573.7 0
-1573.5 1
-1573.3 0
-1573.1 0
-1572.9 0
-1572.7 0
-1572.5 0
-1572.3 0
-1572.1 0
-1571.9 0
-1571.7 1
-1571.5 0
-1571.3 3
-1571.1 2
-1570.9 0
-1570.7 0
-1570.5 1
-1570.3 1
-1570.1 0
-1569.9 0
-1569.7 1
-1569.5 3
-1569.3 1
-1569.1 4
-1568.9 8
-1568.7 11
-1568.5 8
-1568.3 6
-1568.1 14
-1567.9 15
-1567.7 14
-1567.5 24
-1567.3 18
-1567.1 19
-1566.9 19
-1566.7 19
-1566.5 25
-1566.3 36
-1566.1 33
-1565.9 46
-1565.7 46
-1565.5 40
-1565.3 63
-1565.1 56
-1564.9 68
-1564.7 65
-1564.5 78
-1564.3 77
-1564.1 107
-1563.9 83
-1563.7 100
-1563.5 97
-1563.3 91
-1563.1 113
-1562.9 121
-1562.7 155
-1562.5 133
-1562.3 146
-1562.1 137
-1561.9 170
-1561.7 141
-1561.5 135
-1561.3 179
-1561.1 155
-1560.9 187
-1560.7 164
-1560.5 138
-1560.3 184
-1560.1 175
-1559.9 197
-1559.7 172
-1559.5 166
-1559.3 191
-1559.1 167
-1558.9 188
-1558.7 194
-1558.5 167
-1558.3 187
-1558.1 178
-1557.9 190
-1557.7 163
-1557.5 172
-1557.3 171
-1557.1 171
-1556.9 163
-1556.7 186
-1556.5 183
-1556.3 154
-1556.1 149
-1555.9 186
-1555.7 175
-1555.5 153
-1555.3 146
-1555.1 156
-1554.9 157
-1554.7 133
-1554.5 137
-1554.3 158
-1554.1 136
-1553.9 135
-1553.7 142
-1553.5 125
-1553.3 117
-1553.1 124
-1552.9 171
-1552.7 149
-1552.5 138
-1552.3 126
-1552.1 120
-1551.9 135
-1551.7 142
-1551.5 135
-1551.3 127
-1551.1 152
-1550.9 149
-1550.7 107
-1550.5 123
-1550.3 128
-1550.1 112
-1549.9 126
-1549.7 141
-1549.5 113
-1549.3 121
-1549.1 102
-1548.9 128
-1548.7 114
-1548.5 118
-1548.3 102
-1548.1 126
-1547.9 106
-1547.7 109
-1547.5 115
-1547.3 121
-1547.1 111
-1546.9 120
-1546.7 98
-1546.5 104
-1546.3 93
-1546.1 113
-1545.9 110
-1545.7 125
-1545.5 123
-1545.3 111
-1545.1 112
-1544.9 110
-1544.7 128
-1544.5 101
-1544.3 106
-1544.1 97
-1543.9 102
-1543.7 134
-1543.5 103
-1543.3 105
-1543.1 96
-1542.9 120
-1542.7 111
-1542.5 107
-1542.3 101
-1542.1 103
-1541.9 110
-1541.7 93
-1541.5 86
-1541.3 102
-1541.1 98
-1540.9 93
-1540.7 110
-1540.5 102
-1540.3 108
-1540.1 97
-1539.9 125
-1539.7 92
-1539.5 100
-1539.3 99
-1539.1 99
-1538.9 120
-1538.7 111
-1538.5 118
-1538.3 77
-1538.1 105
-1537.9 111
-1537.7 104
-1537.5 100
-1537.3 122
-1537.1 116
-1536.9 107
-1536.7 95
-1536.5 103
-1536.3 103
-1536.1 112
-1535.9 102
-1535.7 102
-1535.5 109
-1535.3 93
-1535.1 99
-1534.9 107
-1534.7 102
-1534.5 96
-1534.3 92
-1534.1 105
-1533.9 102
-1533.7 93
-1533.5 92
-1533.3 101
-1533.1 104
-1532.9 118
-1532.7 105
-1532.5 89
-1532.3 91
-1532.1 94
-1531.9 99
-1531.7 106
-1531.5 106
-1531.3 111
-1531.1 103
-1530.9 119
-1530.7 110
-1530.5 95
-1530.3 111
-1530.1 94
-1529.9 98
-1529.7 95
-1529.5 106
-1529.3 75
-1529.1 105
-1528.9 115
-1528.7 95
-1528.5 79
-1528.3 93
-1528.1 82
-1527.9 96
-1527.7 91
-1527.5 86
-1527.3 96
-1527.1 100
-1526.9 99
-1526.7 100
-1526.5 96
-1526.3 96
-1526.1 104
-1525.9 93
-1525.7 90
-1525.5 84
-1525.3 112
-1525.1 94
-1524.9 87
-1524.7 116
-1524.5 87
-1524.3 105
-1524.1 111
-1523.9 92
-1523.7 100
-1523.5 100
-1523.3 107
-1523.1 79
-1522.9 99
-1522.7 90
-1522.5 91
-1522.3 110
-1522.1 88
-1521.9 104
-1521.7 100
-1521.5 92
-1521.3 94
-1521.1 79
-1520.9 97
-1520.7 105
-1520.5 91
-1520.3 78
-1520.1 102
-1519.9 108
-1519.7 96
-1519.5 103
-1519.3 105
-1519.1 96
-1518.9 87
-1518.7 117
-1518.5 99
-1518.3 92
-1518.1 88
-1517.9 109
-1517.7 116
-1517.5 117
-1517.3 102
-1517.1 89
-1516.9 104
-1516.7 101
-1516.5 78
-1516.3 96
-1516.1 92
-1515.9 96
-1515.7 86
-1515.5 77
-1515.3 89
-1515.1 93
-1514.9 102
-1514.7 86
-1514.5 118
-1514.3 97
-1514.1 97
-1513.9 104
-1513.7 104
-1513.5 83
-1513.3 77
-1513.1 100
-1512.9 83
-1512.7 91
-1512.5 84
-1512.3 91
-1512.1 97
-1511.9 122
-1511.7 95
-1511.5 89
-1511.3 91
-1511.1 99
-1510.9 93
-1510.7 100
-1510.5 99
-1510.3 102
-1510.1 98
-1509.9 89
-1509.7 91
-1509.5 88
-1509.3 80
-1509.1 79
-1508.9 107
-1508.7 77
-1508.5 98
-1508.3 100
-1508.1 96
-1507.9 85
-1507.7 104
-1507.5 95
-1507.3 92
-1507.1 109
-1506.9 95
-1506.7 85
-1506.5 109
-1506.3 106
-1506.1 88
-1505.9 87
-1505.7 94
-1505.5 92
-1505.3 88
-1505.1 102
-1504.9 108
-1504.7 83
-1504.5 104
-1504.3 104
-1504.1 83
-1503.9 87
-1503.7 111
-1503.5 96
-1503.3 72
-1503.1 94
-1502.9 103
-1502.7 108
-1502.5 95
-1502.3 101
-1502.1 96
-1501.9 104
-1501.7 110
-1501.5 96
-1501.3 88
-1501.1 89
-1500.9 111
-1500.7 91
-1500.5 97
-1500.3 103
-1500.1 95
-1499.9 104
-1499.7 93
-1499.5 100
-1499.3 102
-1499.1 101
-1498.9 89
-1498.7 96
-1498.5 91
-1498.3 100
-1498.1 105
-1497.9 89
-1497.7 112
-1497.5 115
-1497.3 110
-1497.1 105
-1496.9 79
-1496.7 106
-1496.5 116
-1496.3 81
-1496.1 85
-1495.9 98
-1495.7 92
-1495.5 84
-1495.3 101
-1495.1 83
-1494.9 82
-1494.7 89
-1494.5 84
-1494.3 78
-1494.1 111
-1493.9 83
-1493.7 102
-1493.5 92
-1493.3 103
-1493.1 93
-1492.9 89
-1492.7 99
-1492.5 91
-1492.3 95
-1492.1 65
-1491.9 104
-1491.7 81
-1491.5 91
-1491.3 92
-1491.1 91
-1490.9 103
-1490.7 87
-1490.5 97
-1490.3 86
-1490.1 98
-1489.9 101
-1489.7 113
-1489.5 91
-1489.3 108
-1489.1 112
-1488.9 94
-1488.7 110
-1488.5 92
-1488.3 90
-1488.1 115
-1487.9 87
-1487.7 93
-1487.5 93
-1487.3 99
-1487.1 96
-1486.9 90
-1486.7 93
-1486.5 99
-1486.3 95
-1486.1 98
-1485.9 117
-1485.7 100
-1485.5 95
-1485.3 108
-1485.1 83
-1484.9 104
-1484.7 108
-1484.5 112
-1484.3 110
-1484.1 83
-1483.9 89
-1483.7 88
-1483.5 94
-1483.3 106
-1483.1 98
-1482.9 102
-1482.7 110
-1482.5 88
-1482.3 104
-1482.1 91
-1481.9 97
-1481.7 106
-1481.5 95
-1481.3 93
-1481.1 109
-1480.9 85
-1480.7 90
-1480.5 96
-1480.3 99
-1480.1 97
-1479.9 96
-1479.7 97
-1479.5 99
-1479.3 103
-1479.1 99
-1478.9 87
-1478.7 101
-1478.5 91
-1478.3 84
-1478.1 86
-1477.9 88
-1477.7 104
-1477.5 80
-1477.3 113
-1477.1 98
-1476.9 86
-1476.7 82
-1476.5 87
-1476.3 91
-1476.1 102
-1475.9 101
-1475.7 101
-1475.5 89
-1475.3 100
-1475.1 104
-1474.9 87
-1474.7 95
-1474.5 95
-1474.3 83
-1474.1 89
-1473.9 99
-1473.7 109
-1473.5 102
-1473.3 93
-1473.1 86
-1472.9 96
-1472.7 100
-1472.5 97
-1472.3 82
-1472.1 98
-1471.9 119
-1471.7 114
-1471.5 98
-1471.3 96
-1471.1 116
-1470.9 83
-1470.7 94
-1470.5 108
-1470.3 104
-1470.1 99
-1469.9 105
-1469.7 107
-1469.5 106
-1469.3 88
-1469.1 123
-1468.9 97
-1468.7 95
-1468.5 107
-1468.3 118
-1468.1 102
-1467.9 99
-1467.7 80
-1467.5 99
-1467.3 105
-1467.1 93
-1466.9 103
-1466.7 92
-1466.5 102
-1466.3 82
-1466.1 107
-1465.9 95
-1465.7 108
-1465.5 103
-1465.3 108
-1465.1 97
-1464.9 101
-1464.7 83
-1464.5 97
-1464.3 96
-1464.1 104
-1463.9 103
-1463.7 93
-1463.5 96
-1463.3 98
-1463.1 92
-1462.9 98
-1462.7 78
-1462.5 91
-1462.3 104
-1462.1 90
-1461.9 92
-1461.7 100
-1461.5 102
-1461.3 78
-1461.1 91
-1460.9 101
-1460.7 102
-1460.5 69
-1460.3 107
-1460.1 94
-1459.9 73
-1459.7 82
-1459.5 99
-1459.3 81
-1459.1 89
-1458.9 99
-1458.7 103
-1458.5 95
-1458.3 111
-1458.1 108
-1457.9 105
-1457.7 100
-1457.5 93
-1457.3 107
-1457.1 101
-1456.9 100
-1456.7 129
-1456.5 99
-1456.3 110
-1456.1 86
-1455.9 85
-1455.7 109
-1455.5 99
-1455.3 122
-1455.1 93
-1454.9 96
-1454.7 78
-1454.5 86
-1454.3 99
-1454.1 103
-1453.9 101
-1453.7 99
-1453.5 94
-1453.3 119
-1453.1 86
-1452.9 90
-1452.7 91
-1452.5 104
-1452.3 94
-1452.1 85
-1451.9 101
-1451.7 94
-1451.5 97
-1451.3 103
-1451.1 81
-1450.9 78
-1450.7 94
-1450.5 97
-1450.3 95
-1450.1 98
-1449.9 93
-1449.7 94
-1449.5 96
-1449.3 84
-1449.1 98
-1448.9 96
-1448.7 89
-1448.5 78
-1448.3 111
-1448.1 91
-1447.9 86
-1447.7 92
-1447.5 84
-1447.3 93
-1447.1 104
-1446.9 109
-1446.7 81
-1446.5 97
-1446.3 94
-1446.1 101
-1445.9 96
-1445.7 77
-1445.5 87
-1445.3 96
-1445.1 85
-1444.9 88
-1444.7 89
-1444.5 107
-1444.3 98
-1444.1 102
-1443.9 91
-1443.7 102
-1443.5 105
-1443.3 92
-1443.1 97
-1442.9 87
-1442.7 95
-1442.5 82
-1442.3 105
-1442.1 107
-1441.9 104
-1441.7 101
-1441.5 83
-1441.3 99
-1441.1 83
-1440.9 82
-1440.7 116
-1440.5 109
-1440.3 116
-1440.1 96
-1439.9 96
-1439.7 85
-1439.5 88
-1439.3 95
-1439.1 109
-1438.9 97
-1438.7 82
-1438.5 100
-1438.3 91
-1438.1 99
-1437.9 104
-1437.7 90
-1437.5 94
-1437.3 106
-1437.1 95
-1436.9 97
-1436.7 83
-1436.5 114
-1436.3 108
-1436.1 89
-1435.9 79
-1435.7 106
-1435.5 84
-1435.3 93
-1435.1 78
-1434.9 106
-1434.7 93
-1434.5 93
-1434.3 88
-1434.1 81
-1433.9 116
-1433.7 97
-1433.5 106
-1433.3 87
-1433.1 112
-1432.9 105
-1432.7 119
-1432.5 78
-1432.3 99
-1432.1 92
-1431.9 98
-1431.7 115
-1431.5 91
-1431.3 96
-1431.1 90
-1430.9 82
-1430.7 98
-1430.5 74
-1430.3 89
-1430.1 94
-1429.9 109
-1429.7 93
-1429.5 98
-1429.3 95
-1429.1 99
-1428.9 99
-1428.7 113
-1428.5 118
-1428.3 93
-1428.1 101
-1427.9 99
-1427.7 91
-1427.5 91
-1427.3 97
-1427.1 103
-1426.9 89
-1426.7 98
-1426.5 102
-1426.3 88
-1426.1 93
-1425.9 95
-1425.7 105
-1425.5 85
-1425.3 98
-1425.1 87
-1424.9 93
-1424.7 95
-1424.5 115
-1424.3 66
-1424.1 97
-1423.9 94
-1423.7 91
-1423.5 87
-1423.3 84
-1423.1 91
-1422.9 97
-1422.7 81
-1422.5 82
-1422.3 101
-1422.1 74
-1421.9 96
-1421.7 101
-1421.5 88
-1421.3 89
-1421.1 111
-1420.9 93
-1420.7 85
-1420.5 87
-1420.3 101
-1420.1 84
-1419.9 101
-1419.7 81
-1419.5 100
-1419.3 97
-1419.1 98
-1418.9 81
-1418.7 101
-1418.5 107
-1418.3 89
-1418.1 104
-1417.9 94
-1417.7 97
-1417.5 88
-1417.3 97
-1417.1 97
-1416.9 100
-1416.7 102
-1416.5 87
-1416.3 87
-1416.1 99
-1415.9 84
-1415.7 111
-1415.5 90
-1415.3 93
-1415.1 103
-1414.9 105
-1414.7 95
-1414.5 92
-1414.3 95
-1414.1 97
-1413.9 79
-1413.7 101
-1413.5 105
-1413.3 103
-1413.1 109
-1412.9 85
-1412.7 93
-1412.5 87
-1412.3 102
-1412.1 87
-1411.9 86
-1411.7 89
-1411.5 115
-1411.3 81
-1411.1 104
-1410.9 92
-1410.7 105
-1410.5 104
-1410.3 84
-1410.1 79
-1409.9 76
-1409.7 107
-1409.5 114
-1409.3 97
-1409.1 90
-1408.9 101
-1408.7 90
-1408.5 102
-1408.3 98
-1408.1 91
-1407.9 98
-1407.7 97
-1407.5 114
-1407.3 104
-1407.1 102
-1406.9 85
-1406.7 102
-1406.5 101
-1406.3 74
-1406.1 102
-1405.9 98
-1405.7 97
-1405.5 93
-1405.3 107
-1405.1 97
-1404.9 83
-1404.7 114
-1404.5 93
-1404.3 102
-1404.1 105
-1403.9 96
-1403.7 100
-1403.5 84
-1403.3 92
-1403.1 95
-1402.9 94
-1402.7 119
-1402.5 77
-1402.3 97
-1402.1 102
-1401.9 108
-1401.7 109
-1401.5 96
-1401.3 103
-1401.1 98
-1400.9 90
-1400.7 95
-1400.5 85
-1400.3 109
-1400.1 98
-1399.9 88
-1399.7 94
-1399.5 99
-1399.3 93
-1399.1 90
-1398.9 105
-1398.7 89
-1398.5 82
-1398.3 83
-1398.1 94
-1397.9 98
-1397.7 104
-1397.5 99
-1397.3 109
-1397.1 95
-1396.9 103
-1396.7 110
-1396.5 104
-1396.3 106
-1396.1 98
-1395.9 118
-1395.7 96
-1395.5 99
-1395.3 83
-1395.1 100
-1394.9 95
-1394.7 100
-1394.5 105
-1394.3 106
-1394.1 102
-1393.9 91
-1393.7 111
-1393.5 84
-1393.3 116
-1393.1 102
-1392.9 84
-1392.7 108
-1392.5 101
-1392.3 97
-1392.1 106
-1391.9 108
-1391.7 89
-1391.5 93
-1391.3 94
-1391.1 104
-1390.9 105
-1390.7 111
-1390.5 83
-1390.3 101
-1390.1 105
-1389.9 109
-1389.7 101
-1389.5 93
-1389.3 97
-1389.1 74
-1388.9 89
-1388.7 107
-1388.5 94
-1388.3 89
-1388.1 98
-1387.9 103
-1387.7 87
-1387.5 88
-1387.3 103
-1387.1 104
-1386.9 104
-1386.7 93
-1386.5 87
-1386.3 115
-1386.1 101
-1385.9 98
-1385.7 104
-1385.5 108
-1385.3 88
-1385.1 81
-1384.9 108
-1384.7 88
-1384.5 85
-1384.3 81
-1384.1 105
-1383.9 105
-1383.7 95
-1383.5 88
-1383.3 93
-1383.1 107
-1382.9 89
-1382.7 93
-1382.5 90
-1382.3 108
-1382.1 113
-1381.9 92
-1381.7 127
-1381.5 91
-1381.3 92
-1381.1 86
-1380.9 86
-1380.7 80
-1380.5 113
-1380.3 86
-1380.1 100
-1379.9 101
-1379.7 105
-1379.5 97
-1379.3 84
-1379.1 106
-1378.9 90
-1378.7 86
-1378.5 99
-1378.3 88
-1378.1 101
-1377.9 95
-1377.7 95
-1377.5 94
-1377.3 94
-1377.1 94
-1376.9 99
-1376.7 92
-1376.5 85
-1376.3 77
-1376.1 70
-1375.9 98
-1375.7 89
-1375.5 91
-1375.3 85
-1375.1 94
-1374.9 81
-1374.7 94
-1374.5 86
-1374.3 86
-1374.1 105
-1373.9 96
-1373.7 102
-1373.5 102
-1373.3 106
-1373.1 102
-1372.9 88
-1372.7 97
-1372.5 107
-1372.3 89
-1372.1 104
-1371.9 92
-1371.7 88
-1371.5 101
-1371.3 104
-1371.1 101
-1370.9 100
-1370.7 95
-1370.5 83
-1370.3 129
-1370.1 77
-1369.9 92
-1369.7 90
-1369.5 95
-1369.3 91
-1369.1 86
-1368.9 90
-1368.7 102
-1368.5 97
-1368.3 106
-1368.1 97
-1367.9 95
-1367.7 97
-1367.5 89
-1367.3 94
-1367.1 88
-1366.9 85
-1366.7 102
-1366.5 83
-1366.3 97
-1366.1 96
-1365.9 96
-1365.7 94
-1365.5 99
-1365.3 85
-1365.1 91
-1364.9 103
-1364.7 109
-1364.5 107
-1364.3 122
-1364.1 98
-1363.9 97
-1363.7 95
-1363.5 107
-1363.3 92
-1363.1 101
-1362.9 108
-1362.7 89
-1362.5 90
-1362.3 94
-1362.1 94
-1361.9 95
-1361.7 101
-1361.5 88
-1361.3 98
-1361.1 90
-1360.9 89
-1360.7 98
-1360.5 99
-1360.3 80
-1360.1 96
-1359.9 111
-1359.7 91
-1359.5 100
-1359.3 96
-1359.1 99
-1358.9 93
-1358.7 99
-1358.5 91
-1358.3 88
-1358.1 100
-1357.9 79
-1357.7 88
-1357.5 78
-1357.3 87
-1357.1 83
-1356.9 118
-1356.7 114
-1356.5 104
-1356.3 106
-1356.1 101
-1355.9 91
-1355.7 99
-1355.5 100
-1355.3 99
-1355.1 94
-1354.9 74
-1354.7 99
-1354.5 85
-1354.3 82
-1354.1 76
-1353.9 85
-1353.7 95
-1353.5 71
-1353.3 90
-1353.1 92
-1352.9 94
-1352.7 84
-1352.5 93
-1352.3 87
-1352.1 85
-1351.9 89
-1351.7 89
-1351.5 83
-1351.3 81
-1351.1 92
-1350.9 75
-1350.7 103
-1350.5 88
-1350.3 82
-1350.1 88
-1349.9 95
-1349.7 89
-1349.5 102
-1349.3 76
-1349.1 87
-1348.9 104
-1348.7 91
-1348.5 92
-1348.3 82
-1348.1 83
-1347.9 85
-1347.7 71
-1347.5 80
-1347.3 92
-1347.1 63
-1346.9 94
-1346.7 80
-1346.5 85
-1346.3 79
-1346.1 65
-1345.9 73
-1345.7 72
-1345.5 67
-1345.3 84
-1345.1 66
-1344.9 78
-1344.7 62
-1344.5 76
-1344.3 67
-1344.1 74
-1343.9 85
-1343.7 65
-1343.5 64
-1343.3 54
-1343.1 77
-1342.9 63
-1342.7 75
-1342.5 48
-1342.3 65
-1342.1 59
-1341.9 69
-1341.7 48
-1341.5 56
-1341.3 57
-1341.1 52
-1340.9 58
-1340.7 56
-1340.5 72
-1340.3 49
-1340.1 53
-1339.9 55
-1339.7 55
-1339.5 66
-1339.3 45
-1339.1 38
-1338.9 46
-1338.7 48
-1338.5 49
-1338.3 50
-1338.1 44
-1337.9 56
-1337.7 53
-1337.5 48
-1337.3 38
-1337.1 29
-1336.9 50
-1336.7 46
-1336.5 29
-1336.3 37
-1336.1 44
-1335.9 35
-1335.7 36
-1335.5 44
-1335.3 34
-1335.1 37
-1334.9 43
-1334.7 35
-1334.5 40
-1334.3 36
-1334.1 38
-1333.9 34
-1333.7 40
-1333.5 33
-1333.3 31
-1333.1 30
-1332.9 31
-1332.7 23
-1332.5 43
-1332.3 31
-1332.1 30
-1331.9 37
-1331.7 27
-1331.5 28
-1331.3 31
-1331.1 27
-1330.9 20
-1330.7 21
-1330.5 23
-1330.3 23
-1330.1 28
-1329.9 28
-1329.7 22
-1329.5 30
-1329.3 14
-1329.1 26
-1328.9 26
-1328.7 25
-1328.5 27
-1328.3 27
-1328.1 20
-1327.9 26
-1327.7 18
-1327.5 23
-1327.3 21
-1327.1 17
-1326.9 20
-1326.7 19
-1326.5 29
-1326.3 12
-1326.1 21
-1325.9 13
-1325.7 20
-1325.5 18
-1325.3 12
-1325.1 22
-1324.9 17
-1324.7 13
-1324.5 14
-1324.3 13
-1324.1 14
-1323.9 21
-1323.7 14
-1323.5 10
-1323.3 10
-1323.1 15
-1322.9 9
-1322.7 13
-1322.5 16
-1322.3 11
-1322.1 12
-1321.9 12
-1321.7 13
-1321.5 11
-1321.3 12
-1321.1 16
-1320.9 7
-1320.7 16
-1320.5 17
-1320.3 6
-1320.1 5
-1319.9 10
-1319.7 10
-1319.5 14
-1319.3 5
-1319.1 10
-1318.9 4
-1318.7 12
-1318.5 9
-1318.3 11
-1318.1 7
-1317.9 7
-1317.7 6
-1317.5 16
-1317.3 14
-1317.1 8
-1316.9 6
-1316.7 8
-1316.5 5
-1316.3 11
-1316.1 4
-1315.9 7
-1315.7 7
-1315.5 5
-1315.3 6
-1315.1 3
-1314.9 5
-1314.7 11
-1314.5 6
-1314.3 6
-1314.1 2
-1313.9 6
-1313.7 6
-1313.5 5
-1313.3 0
-1313.1 2
-1312.9 5
-1312.7 4
-1312.5 2
-1312.3 2
-1312.1 9
-1311.9 2
-1311.7 2
-1311.5 8
-1311.3 5
-1311.1 3
-1310.9 1
-1310.7 3
-1310.5 4
-1310.3 1
-1310.1 2
-1309.9 2
-1309.7 3
-1309.5 5
-1309.3 4
-1309.1 3
-1308.9 5
-1308.7 3
-1308.5 1
-1308.3 2
-1308.1 2
-1307.9 0
-1307.7 0
-1307.5 4
-1307.3 1
-1307.1 3
-1306.9 2
-1306.7 1
-1306.5 1
-1306.3 4
-1306.1 5
-1305.9 0
-1305.7 0
-1305.5 2
-1305.3 0
-1305.1 1
-1304.9 0
-1304.7 0
-1304.5 0
-1304.3 2
-1304.1 0
-1303.9 0
-1303.7 0
-1303.5 3
-1303.3 1
-1303.1 0
-1302.9 0
-1302.7 0
-1302.5 0
-1302.3 1
-1302.1 2
-1301.9 0
-1301.7 2
-1301.5 1
-1301.3 0
-1301.1 1
-1300.9 0
-1300.7 1
-1300.5 0
-1300.3 0
-1300.1 1
