1640
-678.3 4.56003e-06
-678.1 6.84004e-06
-677.9 9.12005e-06
-677.7 9.12005e-06
-677.5 1.14001e-05
-677.3 1.82401e-05
-677.1 1.82401e-05
-676.9 2.50801e-05
-676.7 2.96402e-05
-676.5 3.42002e-05
-676.3 4.10402e-05
-676.1 5.24403e-05
-675.9 6.15603e-05
-675.7 7.06804e-05
-675.5 8.20805e-05
-675.3 8.89205e-05
-675.1 0.000109441
-674.9 0.000127681
-674.7 0.000152761
-674.5 0.000184681
-674.3 0.000209761
-674.1 0.000241681
-673.9 0.000287282
-673.7 0.000326042
-673.5 0.000367082
-673.3 0.000430922
-673.1 0.000474243
-672.9 0.000531243
-672.7 0.000588243
-672.5 0.000656644
-672.3 0.000736444
-672.1 0.000807125
-671.9 0.000889205
-671.7 0.000943925
-671.5 0.00102601
-671.3 0.00112405
-671.1 0.00121525
-670.9 0.00129049
-670.7 0.00142045
-670.5 0.00152077
-670.3 0.00162565
-670.1 0.00171457
-669.9 0.00184225
-669.7 0.00196993
-669.5 0.00210445
-669.3 0.00227773
-669.1 0.00241453
-668.9 0.00256045
-668.7 0.00274058
-668.5 0.00289106
-668.3 0.00304154
-668.1 0.0032285
-667.9 0.00344282
-667.7 0.0036161
-667.5 0.0038213
-667.3 0.00404246
-667.1 0.00424766
-666.9 0.00448479
-666.7 0.00473787
-666.5 0.00498867
-666.3 0.00522807
-666.1 0.00545607
-665.9 0.00567495
-665.7 0.00593031
-665.5 0.00622216
-665.3 0.00649804
-665.1 0.00679672
-664.9 0.00709312
-664.7 0.00737128
-664.5 0.00768592
-664.3 0.00800057
-664.1 0.00835625
-663.9 0.00869369
-663.7 0.00902429
-663.5 0.00938225
-663.3 0.00974478
-663.1 0.0100822
-662.9 0.0104311
-662.7 0.0108164
-662.5 0.0112564
-662.3 0.0116303
-662.1 0.0120362
-661.9 0.0124968
-661.7 0.01293
-661.5 0.0133381
-661.3 0.0138214
-661.1 0.0142455
-660.9 0.0146856
-660.7 0.0151279
-660.5 0.0155793
-660.3 0.0160627
-660.1 0.0165871
-659.9 0.0170796
-659.7 0.017588
-659.5 0.0180372
-659.3 0.0186459
-659.1 0.0192091
-658.9 0.0197518
-658.7 0.0202853
-658.5 0.0208849
-658.3 0.0214823
-658.1 0.022066
-657.9 0.022661
-657.7 0.0233451
-657.5 0.0239994
-657.3 0.0246219
-657.1 0.0252945
-656.9 0.0259899
-656.7 0.0267012
-656.5 0.0273784
-656.3 0.0280966
-656.1 0.0287852
-655.9 0.0294851
-655.7 0.0302033
-655.5 0.0309421
-655.3 0.0316876
-655.1 0.0324172
-654.9 0.0331742
-654.7 0.0339654
-654.5 0.0347793
-654.3 0.035632
-654.1 0.0364688
-653.9 0.0372714
-653.7 0.0381743
-653.5 0.0390863
-653.3 0.0400028
-653.1 0.0409513
-652.9 0.0418519
-652.7 0.0428072
-652.5 0.0437306
-652.3 0.0446449
-652.1 0.0456618
-651.9 0.0465784
-651.7 0.0475428
-651.5 0.0484959
-651.3 0.0495219
-651.1 0.050459
-650.9 0.0515192
-650.7 0.0526022
-650.5 0.0536419
-650.3 0.0546565
-650.1 0.0557988
-649.9 0.0568977
-649.7 0.0580126
-649.5 0.0590592
-649.3 0.0601308
-649.1 0.0613095
-648.9 0.0624404
-648.7 0.0635827
-648.5 0.064725
-648.3 0.0657875
-648.1 0.0668659
-647.9 0.0679581
-647.7 0.069114
-647.5 0.0701993
-647.3 0.0713712
-647.1 0.0725181
-646.9 0.0736627
-646.7 0.0748528
-646.5 0.0760384
-646.3 0.0772765
-646.1 0.0784963
-645.9 0.0796226
-645.7 0.08079
-645.5 0.0819095
-645.3 0.0830746
-645.1 0.0843149
-644.9 0.0856418
-644.7 0.0868525
-644.5 0.0880906
-644.3 0.0892967
-644.1 0.0904436
-643.9 0.0916611
-643.7 0.0928695
-643.5 0.0941417
-643.3 0.0953228
-643.1 0.0965905
-642.9 0.0978559
-642.7 0.0990324
-642.5 0.100291
-642.3 0.101435
-642.1 0.102774
-641.9 0.103918
-641.7 0.105172
-641.5 0.106404
-641.3 0.107671
-641.1 0.108944
-640.9 0.110216
-640.7 0.111495
-640.5 0.112783
-640.3 0.114076
-640.1 0.115348
-639.9 0.116641
-639.7 0.118043
-639.5 0.119242
-639.3 0.120471
-639.1 0.121671
-638.9 0.122959
-638.7 0.124174
-638.5 0.125535
-638.3 0.126778
-638.1 0.128116
-637.9 0.129398
-637.7 0.130622
-637.5 0.131842
-637.3 0.133116
-637.1 0.134347
-636.9 0.135522
-636.7 0.136675
-636.5 0.137884
-636.3 0.139074
-636.1 0.140239
-635.9 0.141447
-635.7 0.14264
-635.5 0.143832
-635.3 0.14507
-635.1 0.146226
-634.9 0.147505
-634.7 0.148835
-634.5 0.150054
-634.3 0.151379
-634.1 0.152569
-633.9 0.153707
-633.7 0.154957
-633.5 0.156165
-633.3 0.157353
-633.1 0.158582
-632.9 0.159838
-632.7 0.161135
-632.5 0.162257
-632.3 0.163386
-632.1 0.164665
-631.9 0.16593
-631.7 0.167016
-631.5 0.168158
-631.3 0.169259
-631.1 0.170372
-630.9 0.17153
-630.7 0.17264
-630.5 0.17373
-630.3 0.174843
-630.1 0.175882
-629.9 0.177027
-629.7 0.17816
-629.5 0.179255
-629.3 0.180452
-629.1 0.181507
-628.9 0.182572
-628.7 0.18365
-628.5 0.184708
-628.3 0.185737
-628.1 0.186795
-627.9 0.187764
-627.7 0.188785
-627.5 0.189822
-627.3 0.190937
-627.1 0.192002
-626.9 0.193042
-626.7 0.194029
-626.5 0.195094
-626.3 0.19612
-626.1 0.197052
-625.9 0.198062
-625.7 0.199063
-625.5 0.200121
-625.3 0.20114
-625.1 0.202166
-624.9 0.203138
-624.7 0.204139
-624.5 0.205135
-624.3 0.206109
-624.1 0.207132
-623.9 0.208015
-623.7 0.209016
-623.5 0.209976
-623.3 0.210951
-623.1 0.211898
-622.9 0.212864
-622.7 0.213742
-622.5 0.214638
-622.3 0.215692
-622.1 0.216581
-621.9 0.217554
-621.7 0.218437
-621.5 0.219312
-621.3 0.220286
-621.1 0.221262
-620.9 0.222221
-620.7 0.223106
-620.5 0.223982
-620.3 0.22483
-620.1 0.225792
-619.9 0.226649
-619.7 0.22757
-619.5 0.228478
-619.3 0.229429
-619.1 0.230261
-618.9 0.231202
-618.7 0.23211
-618.5 0.232969
-618.3 0.233827
-618.1 0.234759
-617.9 0.235705
-617.7 0.236547
-617.5 0.23742
-617.3 0.238293
-617.1 0.239194
-616.9 0.240067
-616.7 0.240963
-616.5 0.241891
-616.3 0.242748
-616.1 0.24356
-615.9 0.244454
-615.7 0.245302
-615.5 0.246114
-615.3 0.247001
-615.1 0.247847
-614.9 0.248809
-614.7 0.249682
-614.5 0.250557
-614.3 0.251442
-614.1 0.252288
-613.9 0.253198
-613.7 0.254098
-613.5 0.254974
-613.3 0.255733
-613.1 0.256552
-612.9 0.257398
-612.7 0.258296
-612.5 0.259057
-612.3 0.259864
-612.1 0.260669
-611.9 0.261531
-611.7 0.262379
-611.5 0.263239
-611.3 0.264016
-611.1 0.264967
-610.9 0.265834
-610.7 0.266657
-610.5 0.267507
-610.3 0.26841
-610.1 0.269194
-609.9 0.27007
-609.7 0.27092
-609.5 0.271759
-609.3 0.27255
-609.1 0.273426
-608.9 0.274265
-608.7 0.275065
-608.5 0.275936
-608.3 0.276784
-608.1 0.277619
-607.9 0.278374
-607.7 0.279247
-607.5 0.27999
-607.3 0.280786
-607.1 0.281618
-606.9 0.282469
-606.7 0.283321
-606.5 0.284163
-606.3 0.284945
-606.1 0.285765
-605.9 0.286614
-605.7 0.287523
-605.5 0.288394
-605.3 0.289295
-605.1 0.290134
-604.9 0.290925
-604.7 0.291721
-604.5 0.29256
-604.3 0.293376
-604.1 0.294204
-603.9 0.295056
-603.7 0.295921
-603.5 0.296689
-603.3 0.29756
-603.1 0.298365
-602.9 0.299206
-602.7 0.300063
-602.5 0.300946
-602.3 0.301737
-602.1 0.302581
-601.9 0.303401
-601.7 0.304234
-601.5 0.305059
-601.3 0.305923
-601.1 0.306744
-600.9 0.307526
-600.7 0.308319
-600.5 0.309115
-600.3 0.309922
-600.1 0.310795
-599.9 0.311598
-599.7 0.31248
-599.5 0.313313
-599.3 0.314133
-599.1 0.314977
-598.9 0.315816
-598.7 0.316632
-598.5 0.317378
-598.3 0.318194
-598.1 0.319013
-597.9 0.319902
-597.7 0.320761
-597.5 0.32155
-597.3 0.322376
-597.1 0.323247
-596.9 0.324106
-596.7 0.324943
-596.5 0.325698
-596.3 0.326509
-596.1 0.327362
-595.9 0.328203
-595.7 0.329038
-595.5 0.329847
-595.3 0.330679
-595.1 0.331512
-594.9 0.332419
-594.7 0.333206
-594.5 0.334013
-594.3 0.334749
-594.1 0.33554
-593.9 0.336384
-593.7 0.337239
-593.5 0.338133
-593.3 0.338958
-593.1 0.339774
-592.9 0.340673
-592.7 0.341521
-592.5 0.342385
-592.3 0.343185
-592.1 0.344104
-591.9 0.34487
-591.7 0.345732
-591.5 0.346512
-591.3 0.347385
-591.1 0.348181
-590.9 0.349002
-590.7 0.349802
-590.5 0.350616
-590.3 0.351464
-590.1 0.352203
-589.9 0.353042
-589.7 0.353879
-589.5 0.354765
-589.3 0.355639
-589.1 0.356475
-588.9 0.35734
-588.7 0.358277
-588.5 0.359088
-588.3 0.360025
-588.1 0.360894
-587.9 0.361704
-587.7 0.362568
-587.5 0.363366
-587.3 0.364189
-587.1 0.365016
-586.9 0.365835
-586.7 0.366649
-586.5 0.367524
-586.3 0.368345
-586.1 0.369223
-585.9 0.370046
-585.7 0.370917
-585.5 0.371779
-585.3 0.372629
-585.1 0.3735
-584.9 0.374401
-584.7 0.375208
-584.5 0.376141
-584.3 0.376957
-584.1 0.377741
-583.9 0.378601
-583.7 0.379476
-583.5 0.380329
-583.3 0.38115
-583.1 0.382069
-582.9 0.382985
-582.7 0.383792
-582.5 0.384604
-582.3 0.385464
-582.1 0.386273
-581.9 0.387105
-581.7 0.387937
-581.5 0.38876
-581.3 0.389643
-581.1 0.390564
-580.9 0.391387
-580.7 0.392281
-580.5 0.393099
-580.3 0.393968
-580.1 0.394764
-579.9 0.395589
-579.7 0.396526
-579.5 0.397427
-579.3 0.398229
-579.1 0.398982
-578.9 0.399803
-578.7 0.400701
-578.5 0.40151
-578.3 0.402356
-578.1 0.403261
-577.9 0.404153
-577.7 0.404962
-577.5 0.40579
-577.3 0.406631
-577.1 0.407502
-576.9 0.408355
-576.7 0.409169
-576.5 0.409976
-576.3 0.410888
-576.1 0.411766
-575.9 0.412625
-575.7 0.413423
-575.5 0.414253
-575.3 0.415158
-575.1 0.416016
-574.9 0.416878
-574.7 0.417737
-574.5 0.418613
-574.3 0.41944
-574.1 0.420302
-573.9 0.421057
-573.7 0.421914
-573.5 0.422703
-573.3 0.423542
-573.1 0.424386
-572.9 0.42519
-572.7 0.426039
-572.5 0.426916
-572.3 0.42766
-572.1 0.428526
-571.9 0.429361
-571.7 0.430165
-571.5 0.431075
-571.3 0.431875
-571.1 0.432664
-570.9 0.433449
-570.7 0.434242
-570.5 0.435074
-570.3 0.435886
-570.1 0.436771
-569.9 0.437548
-569.7 0.43838
-569.5 0.439156
-569.3 0.439985
-569.1 0.440811
-568.9 0.441561
-568.7 0.442405
-568.5 0.443244
-568.3 0.444117
-568.1 0.444917
-567.9 0.445754
-567.7 0.446543
-567.5 0.447377
-567.3 0.448134
-567.1 0.448955
-566.9 0.449755
-566.7 0.45061
-566.5 0.451447
-566.3 0.452241
-566.1 0.453032
-565.9 0.45385
-565.7 0.454719
-565.5 0.455592
-565.3 0.456429
-565.1 0.45732
-564.9 0.45818
-564.7 0.458992
-564.5 0.459771
-564.3 0.460572
-564.1 0.461345
-563.9 0.462207
-563.7 0.463005
-563.5 0.463844
-563.3 0.464717
-563.1 0.465506
-562.9 0.466368
-562.7 0.467193
-562.5 0.468096
-562.3 0.468882
-562.1 0.469669
-561.9 0.470469
-561.7 0.471276
-561.5 0.472047
-561.3 0.472941
-561.1 0.473746
-560.9 0.474564
-560.7 0.475408
-560.5 0.476178
-560.3 0.477056
-560.1 0.47777
-559.9 0.478495
-559.7 0.479254
-559.5 0.480045
-559.3 0.480898
-559.1 0.481634
-558.9 0.482512
-558.7 0.483267
-558.5 0.484124
-558.3 0.48497
-558.1 0.485848
-557.9 0.486632
-557.7 0.487392
-557.5 0.488121
-557.3 0.488812
-557.1 0.489644
-556.9 0.490403
-556.7 0.491206
-556.5 0.491988
-556.3 0.492841
-556.1 0.493625
-555.9 0.494396
-555.7 0.495226
-555.5 0.496056
-555.3 0.496822
-555.1 0.497604
-554.9 0.498491
-554.7 0.499289
-554.5 0.500112
-554.3 0.500912
-554.1 0.501703
-553.9 0.50249
-553.7 0.503281
-553.5 0.504065
-553.3 0.504877
-553.1 0.505711
-552.9 0.506482
-552.7 0.507221
-552.5 0.507991
-552.3 0.508892
-552.1 0.509647
-551.9 0.510388
-551.7 0.511211
-551.5 0.511995
-551.3 0.512814
-551.1 0.513491
-550.9 0.514312
-550.7 0.515132
-550.5 0.515848
-550.3 0.516662
-550.1 0.517387
-549.9 0.518158
-549.7 0.518963
-549.5 0.519761
-549.3 0.520518
-549.1 0.521366
-548.9 0.522146
-548.7 0.523001
-548.5 0.523737
-548.3 0.524512
-548.1 0.525351
-547.9 0.526165
-547.7 0.526984
-547.5 0.527864
-547.3 0.528639
-547.1 0.529446
-546.9 0.530151
-546.7 0.530969
-546.5 0.531761
-546.3 0.532524
-546.1 0.533325
-545.9 0.534152
-545.7 0.534966
-545.5 0.53583
-545.3 0.536617
-545.1 0.537445
-544.9 0.538288
-544.7 0.539125
-544.5 0.53998
-544.3 0.540767
-544.1 0.541613
-543.9 0.542458
-543.7 0.543234
-543.5 0.544102
-543.3 0.544882
-543.1 0.545712
-542.9 0.546542
-542.7 0.547427
-542.5 0.548229
-542.3 0.549102
-542.1 0.549992
-541.9 0.550733
-541.7 0.551562
-541.5 0.552283
-541.3 0.553099
-541.1 0.553868
-540.9 0.554661
-540.7 0.555448
-540.5 0.556271
-540.3 0.556975
-540.1 0.557764
-539.9 0.558555
-539.7 0.559317
-539.5 0.560069
-539.3 0.560949
-539.1 0.561702
-538.9 0.56247
-538.7 0.563323
-538.5 0.564066
-538.3 0.564846
-538.1 0.565585
-537.9 0.566369
-537.7 0.567108
-537.5 0.567958
-537.3 0.568813
-537.1 0.569677
-536.9 0.570441
-536.7 0.571212
-536.5 0.572039
-536.3 0.572794
-536.1 0.573612
-535.9 0.574406
-535.7 0.575209
-535.5 0.576009
-535.3 0.576763
-535.1 0.577566
-534.9 0.578373
-534.7 0.579116
-534.5 0.579892
-534.3 0.580751
-534.1 0.581558
-533.9 0.582397
-533.7 0.58322
-533.5 0.584009
-533.3 0.584835
-533.1 0.585553
-532.9 0.586349
-532.7 0.587117
-532.5 0.587904
-532.3 0.588768
-532.1 0.589589
-531.9 0.590403
-531.7 0.591223
-531.5 0.592051
-531.3 0.592799
-531.1 0.59361
-530.9 0.594404
-530.7 0.595259
-530.5 0.596073
-530.3 0.596928
-530.1 0.597678
-529.9 0.598449
-529.7 0.599306
-529.5 0.600159
-529.3 0.600966
-529.1 0.601796
-528.9 0.602578
-528.7 0.603456
-528.5 0.604283
-528.3 0.605077
-528.1 0.605863
-527.9 0.606721
-527.7 0.607564
-527.5 0.608371
-527.3 0.609181
-527.1 0.610015
-526.9 0.610875
-526.7 0.61168
-526.5 0.612466
-526.3 0.613365
-526.1 0.614133
-525.9 0.615022
-525.7 0.615904
-525.5 0.616716
-525.3 0.617596
-525.1 0.618424
-524.9 0.61916
-524.7 0.619999
-524.5 0.620891
-524.3 0.621789
-524.1 0.622526
-523.9 0.623385
-523.7 0.62419
-523.5 0.625043
-523.3 0.625893
-523.1 0.626678
-522.9 0.62753
-522.7 0.628372
-522.5 0.629224
-522.3 0.630045
-522.1 0.630845
-521.9 0.631582
-521.7 0.632348
-521.5 0.633203
-521.3 0.634005
-521.1 0.634765
-520.9 0.635588
-520.7 0.636429
-520.5 0.637213
-520.3 0.638039
-520.1 0.638857
-519.9 0.639699
-519.7 0.640408
-519.5 0.64124
-519.3 0.642054
-519.1 0.642904
-518.9 0.643787
-518.7 0.644715
-518.5 0.64557
-518.3 0.6464
-518.1 0.647248
-517.9 0.648089
-517.7 0.648908
-517.5 0.64976
-517.3 0.65057
-517.1 0.651388
-516.9 0.652252
-516.7 0.65308
-516.5 0.65386
-516.3 0.654697
-516.1 0.655435
-515.9 0.656135
-515.7 0.65699
-515.5 0.657829
-515.3 0.658568
-515.1 0.659389
-514.9 0.660109
-514.7 0.660912
-514.5 0.661756
-514.3 0.662569
-514.1 0.663422
-513.9 0.664273
-513.7 0.665036
-513.5 0.665787
-513.3 0.666601
-513.1 0.667396
-512.9 0.668304
-512.7 0.669029
-512.5 0.669884
-512.3 0.670682
-512.1 0.67148
-511.9 0.672319
-511.7 0.673151
-511.5 0.673988
-511.3 0.674758
-511.1 0.675661
-510.9 0.676432
-510.7 0.67726
-510.5 0.678055
-510.3 0.678869
-510.1 0.679679
-509.9 0.680417
-509.7 0.681236
-509.5 0.682009
-509.3 0.682773
-509.1 0.683598
-508.9 0.684453
-508.7 0.685299
-508.5 0.686081
-508.3 0.686872
-508.1 0.687645
-507.9 0.688429
-507.7 0.689255
-507.5 0.690126
-507.3 0.690965
-507.1 0.691749
-506.9 0.692584
-506.7 0.693423
-506.5 0.6942
-506.3 0.695089
-506.1 0.69589
-505.9 0.69672
-505.7 0.69757
-505.5 0.698302
-505.3 0.699123
-505.1 0.699996
-504.9 0.700817
-504.7 0.701619
-504.5 0.702454
-504.3 0.703322
-504.1 0.704095
-503.9 0.704912
-503.7 0.705721
-503.5 0.70653
-503.3 0.70734
-503.1 0.708149
-502.9 0.709032
-502.7 0.709859
-502.5 0.710723
-502.3 0.711462
-502.1 0.71231
-501.9 0.713126
-501.7 0.71392
-501.5 0.714734
-501.3 0.71558
-501.1 0.716426
-500.9 0.717281
-500.7 0.718042
-500.5 0.718872
-500.3 0.719599
-500.1 0.720468
-499.9 0.721271
-499.7 0.722089
-499.5 0.722842
-499.3 0.723692
-499.1 0.724497
-498.9 0.725295
-498.7 0.726123
-498.5 0.726982
-498.3 0.727851
-498.1 0.728699
-497.9 0.72949
-497.7 0.730325
-497.5 0.731139
-497.3 0.731937
-497.1 0.732744
-496.9 0.733565
-496.7 0.734333
-496.5 0.735122
-496.3 0.73602
-496.1 0.736816
-495.9 0.737605
-495.7 0.738387
-495.5 0.739198
-495.3 0.740022
-495.1 0.740701
-494.9 0.741517
-494.7 0.74234
-494.5 0.743179
-494.3 0.744034
-494.1 0.744853
-493.9 0.745692
-493.7 0.746547
-493.5 0.747318
-493.3 0.748063
-493.1 0.748882
-492.9 0.749721
-492.7 0.75053
-492.5 0.751344
-492.3 0.752165
-492.1 0.752986
-491.9 0.753879
-491.7 0.75468
-491.5 0.755469
-491.3 0.756271
-491.1 0.756985
-490.9 0.757749
-490.7 0.758478
-490.5 0.759315
-490.3 0.760118
-490.1 0.760941
-489.9 0.761805
-489.7 0.762566
-489.5 0.763348
-489.3 0.764108
-489.1 0.764885
-488.9 0.765754
-488.7 0.766559
-488.5 0.767407
-488.3 0.768159
-488.1 0.768877
-487.9 0.769653
-487.7 0.770421
-487.5 0.771203
-487.3 0.772079
-487.1 0.772831
-486.9 0.773736
-486.7 0.774589
-486.5 0.775414
-486.3 0.776198
-486.1 0.776962
-485.9 0.77784
-485.7 0.778713
-485.5 0.779454
-485.3 0.780236
-485.1 0.781062
-484.9 0.781796
-484.7 0.78264
-484.5 0.783453
-484.3 0.784254
-484.1 0.785038
-483.9 0.785866
-483.7 0.786648
-483.5 0.787487
-483.3 0.788326
-483.1 0.78916
-482.9 0.789952
-482.7 0.790779
-482.5 0.791591
-482.3 0.792359
-482.1 0.793164
-481.9 0.793967
-481.7 0.794769
-481.5 0.795581
-481.3 0.796345
-481.1 0.797077
-480.9 0.797943
-480.7 0.798746
-480.5 0.799591
-480.3 0.800364
-480.1 0.801197
-479.9 0.80202
-479.7 0.802824
-479.5 0.803675
-479.3 0.804416
-479.1 0.805275
-478.9 0.806119
-478.7 0.806931
-478.5 0.807685
-478.3 0.808431
-478.1 0.809236
-477.9 0.810118
-477.7 0.810991
-477.5 0.811769
-477.3 0.812578
-477.1 0.813404
-476.9 0.814188
-476.7 0.814995
-476.5 0.815761
-476.3 0.816489
-476.1 0.817396
-475.9 0.818176
-475.7 0.818953
-475.5 0.819715
-475.3 0.820449
-475.1 0.821274
-474.9 0.822095
-474.7 0.82293
-474.5 0.823682
-474.3 0.824473
-474.1 0.825264
-473.9 0.826046
-473.7 0.826867
-473.5 0.827686
-473.3 0.828475
-473.1 0.829266
-472.9 0.830084
-472.7 0.830844
-472.5 0.831685
-472.3 0.832526
-472.1 0.833365
-471.9 0.8342
-471.7 0.83498
-471.5 0.835752
-471.3 0.836534
-471.1 0.837337
-470.9 0.838199
-470.7 0.838958
-470.5 0.839715
-470.3 0.840477
-470.1 0.841243
-469.9 0.841979
-469.7 0.842798
-469.5 0.8436
-469.3 0.844337
-469.1 0.84523
-468.9 0.846008
-468.7 0.846783
-468.5 0.847599
-468.3 0.848482
-468.1 0.849216
-467.9 0.850094
-467.7 0.850794
-467.5 0.851612
-467.3 0.852403
-467.1 0.853195
-466.9 0.853888
-466.7 0.854711
-466.5 0.855493
-466.3 0.856323
-466.1 0.857116
-465.9 0.857905
-465.7 0.858767
-465.5 0.859556
-465.3 0.860342
-465.1 0.861118
-464.9 0.86192
-464.7 0.862782
-464.5 0.863532
-464.3 0.864335
-464.1 0.865146
-463.9 0.866001
-463.7 0.866884
-463.5 0.86778
-463.3 0.868591
-463.1 0.869392
-462.9 0.870208
-462.7 0.870931
-462.5 0.871777
-462.3 0.872586
-462.1 0.873418
-461.9 0.874271
-461.7 0.875074
-461.5 0.875883
-461.3 0.876711
-461.1 0.877547
-460.9 0.878405
-460.7 0.879189
-460.5 0.879987
-460.3 0.880769
-460.1 0.881569
-459.9 0.882319
-459.7 0.883044
-459.5 0.88374
-459.3 0.884572
-459.1 0.885391
-458.9 0.886239
-458.7 0.887057
-458.5 0.88781
-458.3 0.888548
-458.1 0.889358
-457.9 0.890099
-457.7 0.890899
-457.5 0.891715
-457.3 0.892468
-457.1 0.893266
-456.9 0.894089
-456.7 0.894857
-456.5 0.895607
-456.3 0.896392
-456.1 0.897203
-455.9 0.89794
-455.7 0.898708
-455.5 0.899495
-455.3 0.900249
-455.1 0.901
-454.9 0.90182
-454.7 0.902573
-454.5 0.903327
-454.3 0.904148
-454.1 0.90499
-453.9 0.905703
-453.7 0.906453
-453.5 0.907201
-453.3 0.907947
-453.1 0.908758
-452.9 0.909531
-452.7 0.910313
-452.5 0.911086
-452.3 0.911932
-452.1 0.91268
-451.9 0.913387
-451.7 0.91418
-451.5 0.914899
-451.3 0.915594
-451.1 0.91636
-450.9 0.917117
-450.7 0.917819
-450.5 0.918597
-450.3 0.919349
-450.1 0.92009
-449.9 0.920836
-449.7 0.921604
-449.5 0.92237
-449.3 0.923127
-449.1 0.923866
-448.9 0.924618
-448.7 0.9254
-448.5 0.926105
-448.3 0.926818
-448.1 0.92758
-447.9 0.928266
-447.7 0.928914
-447.5 0.9296
-447.3 0.930343
-447.1 0.9311
-446.9 0.931834
-446.7 0.932528
-446.5 0.933273
-446.3 0.933959
-446.1 0.934673
-445.9 0.935403
-445.7 0.936125
-445.5 0.93678
-445.3 0.937566
-445.1 0.938328
-444.9 0.939019
-444.7 0.939742
-444.5 0.940419
-444.3 0.941187
-444.1 0.941942
-443.9 0.942633
-443.7 0.943264
-443.5 0.943957
-443.3 0.944625
-443.1 0.945257
-442.9 0.945918
-442.7 0.946577
-442.5 0.947218
-442.3 0.947854
-442.1 0.948499
-441.9 0.949131
-441.7 0.949762
-441.5 0.950373
-441.3 0.950984
-441.1 0.951664
-440.9 0.952272
-440.7 0.952865
-440.5 0.953454
-440.3 0.954067
-440.1 0.954701
-439.9 0.955323
-439.7 0.955936
-439.5 0.956538
-439.3 0.957097
-439.1 0.957729
-438.9 0.95833
-438.7 0.958928
-438.5 0.959486
-438.3 0.960079
-438.1 0.960695
-437.9 0.961222
-437.7 0.96183
-437.5 0.962389
-437.3 0.962991
-437.1 0.963495
-436.9 0.96406
-436.7 0.964594
-436.5 0.965102
-436.3 0.965656
-436.1 0.966251
-435.9 0.966776
-435.7 0.967275
-435.5 0.967872
-435.3 0.968376
-435.1 0.968889
-434.9 0.969332
-434.7 0.969785
-434.5 0.970371
-434.3 0.97085
-434.1 0.971343
-433.9 0.971842
-433.7 0.972289
-433.5 0.972729
-433.3 0.973171
-433.1 0.973634
-432.9 0.974097
-432.7 0.974516
-432.5 0.975013
-432.3 0.975449
-432.1 0.975846
-431.9 0.976322
-431.7 0.976769
-431.5 0.977202
-431.3 0.977642
-431.1 0.978057
-430.9 0.978429
-430.7 0.978837
-430.5 0.979279
-430.3 0.979687
-430.1 0.980032
-429.9 0.980383
-429.7 0.980816
-429.5 0.981178
-429.3 0.981582
-429.1 0.981965
-428.9 0.982375
-428.7 0.982713
-428.5 0.983085
-428.3 0.983436
-428.1 0.983741
-427.9 0.984051
-427.7 0.984393
-427.5 0.984742
-427.3 0.985041
-427.1 0.985374
-426.9 0.985675
-426.7 0.985996
-426.5 0.986322
-426.3 0.98663
-426.1 0.98697
-425.9 0.987296
-425.7 0.987592
-425.5 0.987902
-425.3 0.988171
-425.1 0.988459
-424.9 0.98876
-424.7 0.989013
-424.5 0.989273
-424.3 0.989523
-424.1 0.989783
-423.9 0.990016
-423.7 0.99023
-423.5 0.990431
-423.3 0.990684
-423.1 0.990866
-422.9 0.991092
-422.7 0.991286
-422.5 0.991493
-422.3 0.991746
-422.1 0.991974
-421.9 0.992186
-421.7 0.992373
-421.5 0.99256
-421.3 0.992775
-421.1 0.99298
-420.9 0.993183
-420.7 0.993315
-420.5 0.993484
-420.3 0.993687
-420.1 0.993864
-419.9 0.994029
-419.7 0.994184
-419.5 0.994346
-419.3 0.994517
-419.1 0.994644
-418.9 0.994808
-418.7 0.994961
-418.5 0.995114
-418.3 0.995244
-418.1 0.995362
-417.9 0.995513
-417.7 0.995636
-417.5 0.995802
-417.3 0.995912
-417.1 0.996037
-416.9 0.99616
-416.7 0.996256
-416.5 0.996359
-416.3 0.996471
-416.1 0.996585
-415.9 0.996685
-415.7 0.99679
-415.5 0.996897
-415.3 0.996977
-415.1 0.997084
-414.9 0.997161
-414.7 0.997243
-414.5 0.997344
-414.3 0.997435
-414.1 0.997515
-413.9 0.997601
-413.7 0.99769
-413.5 0.997772
-413.3 0.99785
-413.1 0.997925
-412.9 0.997994
-412.7 0.998051
-412.5 0.99813
-412.3 0.998206
-412.1 0.998265
-411.9 0.998313
-411.7 0.998368
-411.5 0.998425
-411.3 0.998463
-411.1 0.998525
-410.9 0.998589
-410.7 0.998625
-410.5 0.998673
-410.3 0.998741
-410.1 0.998792
-409.9 0.998846
-409.7 0.99889
-409.5 0.998938
-409.3 0.998976
-409.1 0.999022
-408.9 0.99904
-408.7 0.99907
-408.5 0.999109
-408.3 0.99915
-408.1 0.999177
-407.9 0.999207
-407.7 0.999238
-407.5 0.999275
-407.3 0.999307
-407.1 0.999334
-406.9 0.999366
-406.7 0.999391
-406.5 0.999414
-406.3 0.999432
-406.1 0.999457
-405.9 0.999473
-405.7 0.999492
-405.5 0.999514
-405.3 0.999535
-405.1 0.999553
-404.9 0.999562
-404.7 0.999574
-404.5 0.999592
-404.3 0.999608
-404.1 0.999619
-403.9 0.999626
-403.7 0.999642
-403.5 0.999656
-403.3 0.999658
-403.1 0.999683
-402.9 0.999697
-402.7 0.99971
-402.5 0.999717
-402.3 0.999731
-402.1 0.999733
-401.9 0.99974
-401.7 0.999742
-401.5 0.999756
-401.3 0.999758
-401.1 0.999765
-400.9 0.999772
-400.7 0.999783
-400.5 0.999786
-400.3 0.999793
-400.1 0.999793
-399.9 0.999799
-399.7 0.999806
-399.5 0.999815
-399.3 0.999818
-399.1 0.999818
-398.9 0.999824
-398.7 0.999827
-398.5 0.999829
-398.3 0.999834
-398.1 0.999838
-397.9 0.999838
-397.7 0.999843
-397.5 0.999845
-397.3 0.999847
-397.1 0.999847
-396.9 0.999852
-396.7 0.999854
-396.5 0.999856
-396.3 0.999856
-396.1 0.999865
-395.9 0.999868
-395.7 0.999868
-395.5 0.999868
-395.3 0.99987
-395.1 0.999872
-394.9 0.999872
-394.7 0.999872
-394.5 0.999872
-394.3 0.999875
-394.1 0.999875
-393.9 0.999875
-393.7 0.999875
-393.5 0.999875
-393.3 0.999875
-393.1 0.999875
-392.9 0.999877
-392.7 0.999877
-392.5 0.999877
-392.3 0.999877
-392.1 0.999877
-391.9 0.999877
-391.7 0.999879
-391.5 0.999881
-391.3 0.999881
-391.1 0.999881
-390.9 0.999881
-390.7 0.999884
-390.5 0.999886
-390.3 0.999888
-390.1 0.999888
-389.9 0.999888
-389.7 0.999888
-389.5 0.999891
-389.3 0.999891
-389.1 0.999891
-388.9 0.999895
-388.7 0.999895
-388.5 0.999897
-388.3 0.999897
-388.1 0.999897
-387.9 0.999897
-387.7 0.999897
-387.5 0.999897
-387.3 0.999897
-387.1 0.999897
-386.9 0.999897
-386.7 0.999897
-386.5 0.999897
-386.3 0.999897
-386.1 0.9999
-385.9 0.9999
-385.7 0.999902
-385.5 0.999904
-385.3 0.999904
-385.1 0.999904
-384.9 0.999904
-384.7 0.999904
-384.5 0.999904
-384.3 0.999904
-384.1 0.999904
-383.9 0.999904
-383.7 0.999904
-383.5 0.999907
-383.3 0.999911
-383.1 0.999911
-382.9 0.999911
-382.7 0.999913
-382.5 0.999916
-382.3 0.999918
-382.1 0.999922
-381.9 0.999922
-381.7 0.999922
-381.5 0.999922
-381.3 0.999922
-381.1 0.999922
-380.9 0.999922
-380.7 0.999922
-380.5 0.999922
-380.3 0.999922
-380.1 0.999922
-379.9 0.999922
-379.7 0.999925
-379.5 0.999925
-379.3 0.999925
-379.1 0.999925
-378.9 0.999925
-378.7 0.999925
-378.5 0.999925
-378.3 0.999925
-378.1 0.999925
-377.9 0.999925
-377.7 0.999925
-377.5 0.999927
-377.3 0.999927
-377.1 0.999927
-376.9 0.999927
-376.7 0.999929
-376.5 0.999929
-376.3 0.999929
-376.1 0.999929
-375.9 0.999929
-375.7 0.999929
-375.5 0.999929
-375.3 0.999929
-375.1 0.999932
-374.9 0.999932
-374.7 0.999932
-374.5 0.999932
-374.3 0.999934
-374.1 0.999934
-373.9 0.999934
-373.7 0.999934
-373.5 0.999934
-373.3 0.999934
-373.1 0.999934
-372.9 0.999934
-372.7 0.999934
-372.5 0.999934
-372.3 0.999934
-372.1 0.999934
-371.9 0.999934
-371.7 0.999934
-371.5 0.999934
-371.3 0.999936
-371.1 0.999936
-370.9 0.999936
-370.7 0.999938
-370.5 0.999943
-370.3 0.999943
-370.1 0.999943
-369.9 0.999945
-369.7 0.999945
-369.5 0.999948
-369.3 0.999948
-369.1 0.999948
-368.9 0.999948
-368.7 0.999948
-368.5 0.999948
-368.3 0.99995
-368.1 0.99995
-367.9 0.99995
-367.7 0.999952
-367.5 0.999952
-367.3 0.999952
-367.1 0.999952
-366.9 0.999952
-366.7 0.999952
-366.5 0.999954
-366.3 0.999954
-366.1 0.999954
-365.9 0.999954
-365.7 0.999954
-365.5 0.999957
-365.3 0.999959
-365.1 0.999959
-364.9 0.999959
-364.7 0.999959
-364.5 0.999959
-364.3 0.999959
-364.1 0.999959
-363.9 0.999961
-363.7 0.999961
-363.5 0.999961
-363.3 0.999961
-363.1 0.999961
-362.9 0.999961
-362.7 0.999961
-362.5 0.999961
-362.3 0.999961
-362.1 0.999961
-361.9 0.999961
-361.7 0.999961
-361.5 0.999964
-361.3 0.999964
-361.1 0.999964
-360.9 0.999966
-360.7 0.999966
-360.5 0.999968
-360.3 0.999968
-360.1 0.999968
-359.9 0.999968
-359.7 0.999968
-359.5 0.999968
-359.3 0.99997
-359.1 0.999973
-358.9 0.999975
-358.7 0.999977
-358.5 0.999977
-358.3 0.999977
-358.1 0.999977
-357.9 0.999977
-357.7 0.999977
-357.5 0.999977
-357.3 0.999977
-357.1 0.999977
-356.9 0.999977
-356.7 0.999977
-356.5 0.999979
-356.3 0.999979
-356.1 0.999979
-355.9 0.999979
-355.7 0.999979
-355.5 0.999982
-355.3 0.999982
-355.1 0.999982
-354.9 0.999982
-354.7 0.999984
-354.5 0.999986
-354.3 0.999986
-354.1 0.999989
-353.9 0.999989
-353.7 0.999989
-353.5 0.999989
-353.3 0.999989
-353.1 0.999991
-352.9 0.999991
-352.7 0.999991
-352.5 0.999991
-352.3 0.999991
-352.1 0.999991
-351.9 0.999993
-351.7 0.999993
-351.5 0.999993
-351.3 0.999998
-351.1 0.999998
-350.9 0.999998
-350.7 0.999998
-350.5 1
