1634
-678.1 2.41117e-06
-677.9 4.82234e-06
-677.7 7.23352e-06
-677.5 9.64469e-06
-677.3 1.20559e-05
-677.1 2.17006e-05
-676.9 2.41117e-05
-676.7 2.89341e-05
-676.5 3.61676e-05
-676.3 4.34011e-05
-676.1 5.30458e-05
-675.9 5.5457e-05
-675.7 6.51017e-05
-675.5 7.47463e-05
-675.3 8.92134e-05
-675.1 0.000108503
-674.9 0.000118147
-674.7 0.000120559
-674.5 0.000137437
-674.3 0.000161549
-674.1 0.000190483
-673.9 0.000212183
-673.7 0.000238706
-673.5 0.000255584
-673.3 0.00028693
-673.1 0.000330331
-672.9 0.000366498
-672.7 0.000419544
-672.5 0.000455712
-672.3 0.000515991
-672.1 0.000569037
-671.9 0.000631727
-671.7 0.000682362
-671.5 0.000757108
-671.3 0.000814976
-671.1 0.000889723
-670.9 0.000954824
-670.7 0.00100787
-670.5 0.00106574
-670.3 0.0011646
-670.1 0.00121523
-669.9 0.00128033
-669.7 0.0014033
-669.5 0.00150216
-669.3 0.00159378
-669.1 0.00170711
-668.9 0.00182767
-668.7 0.00193858
-668.5 0.00205432
-668.3 0.00215559
-668.1 0.00232437
-667.9 0.00244011
-667.7 0.00258719
-667.5 0.00275356
-667.3 0.0029127
-667.1 0.00306701
-666.9 0.00326232
-666.7 0.00344557
-666.5 0.00364328
-666.3 0.00381689
-666.1 0.00402184
-665.9 0.00422679
-665.7 0.00444861
-665.5 0.00466803
-665.3 0.00488986
-665.1 0.00511892
-664.9 0.00535521
-664.7 0.00557463
-664.5 0.00577958
-664.3 0.00604722
-664.1 0.00627146
-663.9 0.0065391
-663.7 0.0068622
-663.5 0.00712984
-663.3 0.00746017
-663.1 0.00770852
-662.9 0.00797134
-662.7 0.00826309
-662.5 0.00858618
-662.3 0.00892375
-662.1 0.00924685
-661.9 0.00962781
-661.7 0.00996779
-661.5 0.0102716
-661.3 0.0106212
-661.1 0.0109901
-660.9 0.011347
-660.7 0.0117231
-660.5 0.0120896
-660.3 0.0124609
-660.1 0.012866
-659.9 0.0132807
-659.7 0.0136328
-659.5 0.0140306
-659.3 0.0144936
-659.1 0.0149035
-658.9 0.0153399
-658.7 0.0158535
-658.5 0.0163477
-658.3 0.0168637
-658.1 0.0173749
-657.9 0.017862
-657.7 0.0183153
-657.5 0.0187734
-657.3 0.0192556
-657.1 0.0197547
-656.9 0.0202852
-656.7 0.0208181
-656.5 0.0212786
-656.3 0.0219103
-656.1 0.0224745
-655.9 0.023058
-655.7 0.0236223
-655.5 0.0241286
-655.3 0.0246518
-655.1 0.0251919
-654.9 0.0257851
-654.7 0.0264216
-654.5 0.0270751
-654.3 0.0277285
-654.1 0.0283578
-653.9 0.0289558
-653.7 0.0296454
-653.5 0.0303639
-653.3 0.0310993
-653.1 0.0317672
-652.9 0.0325002
-652.7 0.0332549
-652.5 0.0339855
-652.3 0.0348053
-652.1 0.03556
-651.9 0.0363219
-651.7 0.0370525
-651.5 0.0377855
-651.3 0.0385185
-651.1 0.0393238
-650.9 0.0400857
-650.7 0.0408718
-650.5 0.0416265
-650.3 0.0424318
-650.1 0.0432371
-649.9 0.0440545
-649.7 0.0448743
-649.5 0.0456724
-649.3 0.0465043
-649.1 0.0474374
-648.9 0.0483657
-648.7 0.0491831
-648.5 0.0500391
-648.3 0.0508589
-648.1 0.0517245
-647.9 0.0525804
-647.7 0.0534798
-647.5 0.0543623
-647.3 0.0552544
-647.1 0.0560959
-646.9 0.0569856
-646.7 0.0579091
-646.5 0.0587989
-646.3 0.0597657
-646.1 0.0606024
-645.9 0.0616079
-645.7 0.062582
-645.5 0.063585
-645.3 0.064494
-645.1 0.0654223
-644.9 0.0663289
-644.7 0.0672645
-644.5 0.0682386
-644.3 0.0691669
-644.1 0.0702857
-643.9 0.0712815
-643.7 0.0721736
-643.5 0.0732273
-643.3 0.0742328
-643.1 0.0752262
-642.9 0.0761665
-642.7 0.0772274
-642.5 0.0782112
-642.3 0.079195
-642.1 0.0801667
-641.9 0.0812445
-641.7 0.082262
-641.5 0.0831734
-641.3 0.0841234
-641.1 0.0851072
-640.9 0.0861343
-640.7 0.0871904
-640.5 0.0882923
-640.3 0.0893653
-640.1 0.0903852
-639.9 0.0914268
-639.7 0.0925095
-639.5 0.0935294
-639.3 0.0944384
-639.1 0.0955307
-638.9 0.0965626
-638.7 0.0975801
-638.5 0.0985736
-638.3 0.099673
-638.1 0.100785
-637.9 0.101764
-637.7 0.102873
-637.5 0.103941
-637.3 0.105002
-637.1 0.106055
-636.9 0.107148
-636.7 0.108228
-636.5 0.109236
-636.3 0.11034
-636.1 0.111372
-635.9 0.112409
-635.7 0.113477
-635.5 0.114625
-635.3 0.11578
-635.1 0.116788
-634.9 0.117791
-634.7 0.11883
-634.5 0.119821
-634.3 0.120911
-634.1 0.121991
-633.9 0.123095
-633.7 0.12412
-633.5 0.125224
-633.3 0.126292
-633.1 0.127365
-632.9 0.128373
-632.7 0.129359
-632.5 0.130408
-632.3 0.131373
-632.1 0.132438
-631.9 0.133497
-631.7 0.134493
-631.5 0.135477
-631.3 0.136455
-631.1 0.137572
-630.9 0.138505
-630.7 0.139513
-630.5 0.14047
-630.3 0.141514
-630.1 0.142488
-629.9 0.143515
-629.7 0.144528
-629.5 0.1455
-629.3 0.146474
-629.1 0.147465
-628.9 0.148509
-628.7 0.149551
-628.5 0.150568
-628.3 0.151648
-628.1 0.15269
-627.9 0.153642
-627.7 0.154657
-627.5 0.155687
-627.3 0.156733
-627.1 0.157727
-626.9 0.158846
-626.7 0.159858
-626.5 0.16084
-626.3 0.161898
-626.1 0.162901
-625.9 0.163856
-625.7 0.164801
-625.5 0.165857
-625.3 0.166882
-625.1 0.167837
-624.9 0.168816
-624.7 0.169727
-624.5 0.170663
-624.3 0.171601
-624.1 0.172647
-623.9 0.173578
-623.7 0.174492
-623.5 0.175492
-623.3 0.17644
-623.1 0.177474
-622.9 0.17842
-622.7 0.179389
-622.5 0.180353
-622.3 0.181371
-622.1 0.182355
-621.9 0.183444
-621.7 0.184394
-621.5 0.185308
-621.3 0.186227
-621.1 0.187191
-620.9 0.188156
-620.7 0.189048
-620.5 0.190024
-620.3 0.191011
-620.1 0.191987
-619.9 0.192973
-619.7 0.193873
-619.5 0.194854
-619.3 0.195821
-619.1 0.196725
-618.9 0.197687
-618.7 0.198652
-618.5 0.199515
-618.3 0.200405
-618.1 0.201425
-617.9 0.202375
-617.7 0.203233
-617.5 0.204195
-617.3 0.205225
-617.1 0.206153
-616.9 0.20704
-616.7 0.208024
-616.5 0.208967
-616.3 0.209977
-616.1 0.210884
-615.9 0.211776
-615.7 0.212716
-615.5 0.213673
-615.3 0.214592
-615.1 0.215655
-614.9 0.216605
-614.7 0.217541
-614.5 0.218515
-614.3 0.219544
-614.1 0.220473
-613.9 0.221485
-613.7 0.222472
-613.5 0.223424
-613.3 0.224345
-613.1 0.225278
-612.9 0.226257
-612.7 0.227234
-612.5 0.228181
-612.3 0.229042
-612.1 0.229922
-611.9 0.230853
-611.7 0.231885
-611.5 0.232895
-611.3 0.233773
-611.1 0.23474
-610.9 0.235641
-610.7 0.236565
-610.5 0.237544
-610.3 0.238532
-610.1 0.239516
-609.9 0.240476
-609.7 0.241404
-609.5 0.242311
-609.3 0.243278
-609.1 0.24415
-608.9 0.245219
-608.7 0.24614
-608.5 0.247046
-608.3 0.247984
-608.1 0.248886
-607.9 0.249858
-607.7 0.250772
-607.5 0.251669
-607.3 0.252626
-607.1 0.25347
-606.9 0.254521
-606.7 0.255512
-606.5 0.256481
-606.3 0.257397
-606.1 0.258434
-605.9 0.259293
-605.7 0.260286
-605.5 0.261183
-605.3 0.262145
-605.1 0.263093
-604.9 0.263973
-604.7 0.264836
-604.5 0.265808
-604.3 0.26676
-604.1 0.267623
-603.9 0.268491
-603.7 0.269386
-603.5 0.270278
-603.3 0.271197
-603.1 0.272118
-602.9 0.273027
-602.7 0.273986
-602.5 0.274915
-602.3 0.275838
-602.1 0.276711
-601.9 0.27768
-601.7 0.278674
-601.5 0.279554
-601.3 0.280453
-601.1 0.281447
-600.9 0.282327
-600.7 0.283221
-600.5 0.284154
-600.3 0.285049
-600.1 0.285943
-599.9 0.286939
-599.7 0.287899
-599.5 0.288827
-599.3 0.289726
-599.1 0.290698
-598.9 0.29167
-598.7 0.292608
-598.5 0.293611
-598.3 0.294544
-598.1 0.295571
-597.9 0.296601
-597.7 0.297568
-597.5 0.298537
-597.3 0.299499
-597.1 0.300502
-596.9 0.301368
-596.7 0.302308
-596.5 0.303169
-596.3 0.304102
-596.1 0.304977
-595.9 0.305963
-595.7 0.306896
-595.5 0.307885
-595.3 0.308808
-595.1 0.309775
-594.9 0.310745
-594.7 0.311707
-594.5 0.312599
-594.3 0.313518
-594.1 0.314359
-593.9 0.31528
-593.7 0.316245
-593.5 0.317248
-593.3 0.31827
-593.1 0.319181
-592.9 0.320127
-592.7 0.321093
-592.5 0.322024
-592.3 0.322883
-592.1 0.323825
-591.9 0.324922
-591.7 0.325824
-591.5 0.326777
-591.3 0.327743
-591.1 0.328648
-590.9 0.329496
-590.7 0.330413
-590.5 0.331404
-590.3 0.332368
-590.1 0.333279
-589.9 0.334186
-589.7 0.335189
-589.5 0.336084
-589.3 0.337012
-589.1 0.338054
-588.9 0.339013
-588.7 0.339942
-588.5 0.34087
-588.3 0.341815
-588.1 0.342688
-587.9 0.343597
-587.7 0.344516
-587.5 0.345458
-587.3 0.346334
-587.1 0.347124
-586.9 0.348021
-586.7 0.348969
-586.5 0.349748
-586.3 0.350727
-586.1 0.35171
-585.9 0.352648
-585.7 0.353497
-585.5 0.354331
-585.3 0.35525
-585.1 0.356152
-584.9 0.357124
-584.7 0.35803
-584.5 0.358944
-584.3 0.359865
-584.1 0.360796
-583.9 0.361664
-583.7 0.362566
-583.5 0.363441
-583.3 0.36429
-583.1 0.36517
-582.9 0.366079
-582.7 0.366956
-582.5 0.367812
-582.3 0.368733
-582.1 0.369606
-581.9 0.370426
-581.7 0.37127
-581.5 0.372208
-581.3 0.373102
-581.1 0.374033
-580.9 0.374945
-580.7 0.375911
-580.5 0.376808
-580.3 0.377703
-580.1 0.378578
-579.9 0.379482
-579.7 0.380396
-579.5 0.381286
-579.3 0.382144
-579.1 0.383068
-578.9 0.383921
-578.7 0.384821
-578.5 0.38573
-578.3 0.386658
-578.1 0.387451
-577.9 0.388404
-577.7 0.389257
-577.5 0.39013
-577.3 0.391066
-577.1 0.391931
-576.9 0.39278
-576.7 0.393696
-576.5 0.394673
-576.3 0.395471
-576.1 0.396238
-575.9 0.397079
-575.7 0.397988
-575.5 0.398837
-575.3 0.39976
-575.1 0.400631
-574.9 0.401422
-574.7 0.402181
-574.5 0.40302
-574.3 0.403833
-574.1 0.404735
-573.9 0.405663
-573.7 0.406514
-573.5 0.407416
-573.3 0.408199
-573.1 0.409082
-572.9 0.409822
-572.7 0.410618
-572.5 0.411486
-572.3 0.41232
-572.1 0.413191
-571.9 0.413957
-571.7 0.414806
-571.5 0.415633
-571.3 0.416487
-571.1 0.417311
-570.9 0.418085
-570.7 0.418934
-570.5 0.419759
-570.3 0.420537
-570.1 0.421507
-569.9 0.422266
-569.7 0.423038
-569.5 0.423817
-569.3 0.424675
-569.1 0.42549
-568.9 0.426303
-568.7 0.42719
-568.5 0.427947
-568.3 0.428731
-568.1 0.429536
-567.9 0.430298
-567.7 0.431062
-567.5 0.431882
-567.3 0.432692
-567.1 0.433478
-566.9 0.434264
-566.7 0.435077
-566.5 0.435877
-566.3 0.436671
-566.1 0.437531
-565.9 0.438329
-565.7 0.439142
-565.5 0.439957
-565.3 0.440794
-565.1 0.441548
-564.9 0.442351
-564.7 0.443171
-564.5 0.443964
-564.3 0.444758
-564.1 0.445667
-563.9 0.446433
-563.7 0.447186
-563.5 0.44803
-563.3 0.448813
-563.1 0.44966
-562.9 0.450532
-562.7 0.451318
-562.5 0.452131
-562.3 0.452905
-562.1 0.453693
-561.9 0.454487
-561.7 0.455287
-561.5 0.456126
-561.3 0.456982
-561.1 0.45779
-560.9 0.458648
-560.7 0.4595
-560.5 0.460283
-560.3 0.461074
-560.1 0.461935
-559.9 0.462692
-559.7 0.463464
-559.5 0.464295
-559.3 0.46504
-559.1 0.465749
-558.9 0.466511
-558.7 0.467336
-558.5 0.468146
-558.3 0.468913
-558.1 0.469585
-557.9 0.470379
-557.7 0.471155
-557.5 0.471956
-557.3 0.472747
-557.1 0.473518
-556.9 0.474316
-556.7 0.475105
-556.5 0.475855
-556.3 0.476682
-556.1 0.477487
-555.9 0.478203
-555.7 0.478987
-555.5 0.47977
-555.3 0.48047
-555.1 0.481243
-554.9 0.482061
-554.7 0.482823
-554.5 0.483587
-554.3 0.484349
-554.1 0.485039
-553.9 0.485719
-553.7 0.486563
-553.5 0.487392
-553.3 0.488197
-553.1 0.488983
-552.9 0.489709
-552.7 0.49049
-552.5 0.491257
-552.3 0.491968
-552.1 0.492762
-551.9 0.493502
-551.7 0.494312
-551.5 0.495002
-551.3 0.495776
-551.1 0.496448
-550.9 0.49721
-550.7 0.497938
-550.5 0.498768
-550.3 0.499494
-550.1 0.500244
-549.9 0.501066
-549.7 0.50184
-549.5 0.502676
-549.3 0.503409
-549.1 0.504174
-548.9 0.50489
-548.7 0.505669
-548.5 0.506469
-548.3 0.507267
-548.1 0.508051
-547.9 0.508796
-547.7 0.509609
-547.5 0.510346
-547.3 0.511128
-547.1 0.511836
-546.9 0.512579
-546.7 0.513319
-546.5 0.514079
-546.3 0.5148
-546.1 0.515499
-545.9 0.51615
-545.7 0.516847
-545.5 0.517623
-545.3 0.518351
-545.1 0.51914
-544.9 0.519991
-544.7 0.520743
-544.5 0.521491
-544.3 0.522214
-544.1 0.522988
-543.9 0.523738
-543.7 0.524471
-543.5 0.525177
-543.3 0.52593
-543.1 0.526735
-542.9 0.527473
-542.7 0.528153
-542.5 0.528891
-542.3 0.529587
-542.1 0.530345
-541.9 0.531058
-541.7 0.531772
-541.5 0.532438
-541.3 0.53318
-541.1 0.533848
-540.9 0.534636
-540.7 0.535432
-540.5 0.536124
-540.3 0.536838
-540.1 0.537568
-539.9 0.538244
-539.7 0.539006
-539.5 0.53971
-539.3 0.540447
-539.1 0.541243
-538.9 0.541995
-538.7 0.542724
-538.5 0.543471
-538.3 0.544185
-538.1 0.54493
-537.9 0.545672
-537.7 0.546417
-537.5 0.547165
-537.3 0.547799
-537.1 0.548631
-536.9 0.549318
-536.7 0.550063
-536.5 0.550842
-536.3 0.551611
-536.1 0.552424
-535.9 0.553174
-535.7 0.553962
-535.5 0.55475
-535.3 0.555515
-535.1 0.556265
-534.9 0.557063
-534.7 0.557779
-534.5 0.558483
-534.3 0.559303
-534.1 0.560062
-533.9 0.560815
-533.7 0.561564
-533.5 0.562281
-533.3 0.563009
-533.1 0.563756
-532.9 0.564451
-532.7 0.565205
-532.5 0.565953
-532.3 0.5667
-532.1 0.567491
-531.9 0.568265
-531.7 0.568935
-531.5 0.569726
-531.3 0.570435
-531.1 0.571228
-530.9 0.572017
-530.7 0.572788
-530.5 0.573497
-530.3 0.574267
-530.1 0.575091
-529.9 0.575802
-529.7 0.57661
-529.5 0.577336
-529.3 0.578149
-529.1 0.578894
-528.9 0.579643
-528.7 0.580429
-528.5 0.581138
-528.3 0.581876
-528.1 0.58265
-527.9 0.583506
-527.7 0.584213
-527.5 0.584917
-527.3 0.58571
-527.1 0.586412
-526.9 0.587161
-526.7 0.587923
-526.5 0.588654
-526.3 0.589423
-526.1 0.590147
-525.9 0.590904
-525.7 0.591735
-525.5 0.592531
-525.3 0.593276
-525.1 0.59398
-524.9 0.594764
-524.7 0.595545
-524.5 0.596268
-524.3 0.596968
-524.1 0.597681
-523.9 0.598407
-523.7 0.599143
-523.5 0.599921
-523.3 0.600664
-523.1 0.601402
-522.9 0.602096
-522.7 0.602742
-522.5 0.603538
-522.3 0.604264
-522.1 0.605101
-521.9 0.605884
-521.7 0.606663
-521.5 0.607425
-521.3 0.608204
-521.1 0.608975
-520.9 0.609778
-520.7 0.610559
-520.5 0.611346
-520.3 0.6121
-520.1 0.612874
-519.9 0.61366
-519.7 0.614514
-519.5 0.615355
-519.3 0.616083
-519.1 0.616845
-518.9 0.61761
-518.7 0.61835
-518.5 0.619119
-518.3 0.619905
-518.1 0.620776
-517.9 0.62155
-517.7 0.622299
-517.5 0.623023
-517.3 0.623819
-517.1 0.624655
-516.9 0.6254
-516.7 0.626179
-516.5 0.627009
-516.3 0.627807
-516.1 0.628576
-515.9 0.629398
-515.7 0.63022
-515.5 0.630985
-515.3 0.631725
-515.1 0.632533
-514.9 0.633302
-514.7 0.634117
-514.5 0.634898
-514.3 0.635643
-514.1 0.63639
-513.9 0.637162
-513.7 0.638073
-513.5 0.638828
-513.3 0.639624
-513.1 0.640439
-512.9 0.641193
-512.7 0.64203
-512.5 0.642831
-512.3 0.643605
-512.1 0.644354
-511.9 0.645131
-511.7 0.645931
-511.5 0.646701
-511.3 0.647496
-511.1 0.648258
-510.9 0.649042
-510.7 0.649975
-510.5 0.650749
-510.3 0.651552
-510.1 0.652427
-509.9 0.653249
-509.7 0.653992
-509.5 0.654795
-509.3 0.65561
-509.1 0.656463
-508.9 0.657259
-508.7 0.657973
-508.5 0.658768
-508.3 0.659567
-508.1 0.660362
-507.9 0.661028
-507.7 0.661819
-507.5 0.662682
-507.3 0.663559
-507.1 0.664365
-506.9 0.665141
-506.7 0.666021
-506.5 0.666892
-506.3 0.667736
-506.1 0.66864
-505.9 0.669525
-505.7 0.670354
-505.5 0.671159
-505.3 0.672001
-505.1 0.672794
-504.9 0.673756
-504.7 0.674574
-504.5 0.675504
-504.3 0.676401
-504.1 0.677185
-503.9 0.678029
-503.7 0.678875
-503.5 0.67969
-503.3 0.680614
-503.1 0.681429
-502.9 0.682306
-502.7 0.683208
-502.5 0.684004
-502.3 0.684879
-502.1 0.685711
-501.9 0.686528
-501.7 0.687404
-501.5 0.688349
-501.3 0.689176
-501.1 0.690078
-500.9 0.690888
-500.7 0.691736
-500.5 0.692633
-500.3 0.693463
-500.1 0.694377
-499.9 0.695223
-499.7 0.696055
-499.5 0.696882
-499.3 0.697682
-499.1 0.69849
-498.9 0.699315
-498.7 0.700127
-498.5 0.700969
-498.3 0.701818
-498.1 0.702661
-497.9 0.703469
-497.7 0.704349
-497.5 0.70515
-497.3 0.70603
-497.1 0.706782
-496.9 0.707619
-496.7 0.708566
-496.5 0.709439
-496.3 0.710249
-496.1 0.711064
-495.9 0.711973
-495.7 0.71287
-495.5 0.713755
-495.3 0.714616
-495.1 0.715508
-494.9 0.716422
-494.7 0.717213
-494.5 0.718095
-494.3 0.718877
-494.1 0.719728
-493.9 0.720538
-493.7 0.721452
-493.5 0.722247
-493.3 0.723159
-493.1 0.724159
-492.9 0.725105
-492.7 0.726043
-492.5 0.72699
-492.3 0.727897
-492.1 0.728779
-491.9 0.729732
-491.7 0.730629
-491.5 0.73154
-491.3 0.732343
-491.1 0.733211
-490.9 0.734185
-490.7 0.735063
-490.5 0.735967
-490.3 0.736881
-490.1 0.737761
-489.9 0.738696
-489.7 0.739615
-489.5 0.740563
-489.3 0.741474
-489.1 0.742393
-488.9 0.743304
-488.7 0.744204
-488.5 0.745079
-488.3 0.745983
-488.1 0.746851
-487.9 0.747738
-487.7 0.748717
-487.5 0.749612
-487.3 0.750468
-487.1 0.75136
-486.9 0.752235
-486.7 0.753132
-486.5 0.754041
-486.3 0.754948
-486.1 0.755806
-485.9 0.756621
-485.7 0.757516
-485.5 0.758427
-485.3 0.759377
-485.1 0.760214
-484.9 0.761231
-484.7 0.762208
-484.5 0.763119
-484.3 0.764168
-484.1 0.765111
-483.9 0.766068
-483.7 0.767011
-483.5 0.767843
-483.3 0.76881
-483.1 0.76975
-482.9 0.770616
-482.7 0.771484
-482.5 0.772441
-482.3 0.773302
-482.1 0.774172
-481.9 0.775081
-481.7 0.776012
-481.5 0.776882
-481.3 0.777823
-481.1 0.778729
-480.9 0.77966
-480.7 0.780624
-480.5 0.781565
-480.3 0.782462
-480.1 0.783366
-479.9 0.784328
-479.7 0.785333
-479.5 0.786257
-479.3 0.787125
-479.1 0.788123
-478.9 0.789051
-478.7 0.789924
-478.5 0.790826
-478.3 0.791629
-478.1 0.792574
-477.9 0.793401
-477.7 0.794385
-477.5 0.795277
-477.3 0.796198
-477.1 0.79716
-476.9 0.798096
-476.7 0.799031
-476.5 0.79995
-476.3 0.8009
-476.1 0.801804
-475.9 0.802723
-475.7 0.803665
-475.5 0.80463
-475.3 0.805592
-475.1 0.806515
-474.9 0.80748
-474.7 0.808461
-474.5 0.809445
-474.3 0.810385
-474.1 0.81135
-473.9 0.812252
-473.7 0.813144
-473.5 0.813997
-473.3 0.814899
-473.1 0.815849
-472.9 0.816761
-472.7 0.817739
-472.5 0.818706
-472.3 0.819615
-472.1 0.82052
-471.9 0.821414
-471.7 0.822323
-471.5 0.823165
-471.3 0.824086
-471.1 0.825004
-470.9 0.825981
-470.7 0.82689
-470.5 0.827768
-470.3 0.828664
-470.1 0.829631
-469.9 0.830509
-469.7 0.831411
-469.5 0.832296
-469.3 0.833183
-469.1 0.834073
-468.9 0.834924
-468.7 0.835797
-468.5 0.836788
-468.3 0.837849
-468.1 0.838736
-467.9 0.839674
-467.7 0.84059
-467.5 0.841547
-467.3 0.842497
-467.1 0.843392
-466.9 0.844332
-466.7 0.845338
-466.5 0.846307
-466.3 0.847276
-466.1 0.848183
-465.9 0.849114
-465.7 0.850068
-465.5 0.851006
-465.3 0.851971
-465.1 0.852972
-464.9 0.853885
-464.7 0.854773
-464.5 0.855694
-464.3 0.856574
-464.1 0.85743
-463.9 0.858305
-463.7 0.859221
-463.5 0.860162
-463.3 0.861143
-463.1 0.862071
-462.9 0.863038
-462.7 0.86394
-462.5 0.864803
-462.3 0.865705
-462.1 0.866653
-461.9 0.867533
-461.7 0.868386
-461.5 0.869336
-461.3 0.870255
-461.1 0.871096
-460.9 0.872087
-460.7 0.873023
-460.5 0.873864
-460.3 0.874747
-460.1 0.875637
-459.9 0.876543
-459.7 0.877332
-459.5 0.878265
-459.3 0.879082
-459.1 0.879972
-458.9 0.88085
-458.7 0.881749
-458.5 0.882627
-458.3 0.883507
-458.1 0.884524
-457.9 0.885404
-457.7 0.886263
-457.5 0.887186
-457.3 0.888122
-457.1 0.889055
-456.9 0.889937
-456.7 0.890786
-456.5 0.891632
-456.3 0.892442
-456.1 0.893337
-455.9 0.894241
-455.7 0.895131
-455.5 0.896016
-455.3 0.896824
-455.1 0.897769
-454.9 0.898581
-454.7 0.899428
-454.5 0.900262
-454.3 0.901181
-454.1 0.901952
-453.9 0.902806
-453.7 0.903671
-453.5 0.904513
-453.3 0.90534
-453.1 0.906237
-452.9 0.907184
-452.7 0.908076
-452.5 0.908913
-452.3 0.909738
-452.1 0.910548
-451.9 0.911373
-451.7 0.912207
-451.5 0.91308
-451.3 0.913919
-451.1 0.914724
-450.9 0.915573
-450.7 0.916407
-450.5 0.917302
-450.3 0.918189
-450.1 0.919026
-449.9 0.919819
-449.7 0.920617
-449.5 0.92135
-449.3 0.922105
-449.1 0.922881
-448.9 0.923662
-448.7 0.924504
-448.5 0.925396
-448.3 0.926129
-448.1 0.926915
-447.9 0.927744
-447.7 0.928579
-447.5 0.929396
-447.3 0.930112
-447.1 0.930908
-446.9 0.931636
-446.7 0.932461
-446.5 0.933297
-446.3 0.933982
-446.1 0.934674
-445.9 0.935448
-445.7 0.936176
-445.5 0.936876
-445.3 0.937635
-445.1 0.938387
-444.9 0.939137
-444.7 0.93982
-444.5 0.940483
-444.3 0.941235
-444.1 0.942019
-443.9 0.942752
-443.7 0.943439
-443.5 0.944143
-443.3 0.944856
-443.1 0.945599
-442.9 0.946294
-442.7 0.946995
-442.5 0.947762
-442.3 0.948386
-442.1 0.949054
-441.9 0.949746
-441.7 0.950378
-441.5 0.951005
-441.3 0.951535
-441.1 0.952189
-440.9 0.95285
-440.7 0.953527
-440.5 0.954209
-440.3 0.954882
-440.1 0.955591
-439.9 0.956225
-439.7 0.956845
-439.5 0.957469
-439.3 0.958159
-439.1 0.958774
-438.9 0.959418
-438.7 0.960052
-438.5 0.960654
-438.3 0.961245
-438.1 0.961841
-437.9 0.962412
-437.7 0.962964
-437.5 0.963531
-437.3 0.964115
-437.1 0.964698
-436.9 0.965262
-436.7 0.965894
-436.5 0.966509
-436.3 0.967042
-436.1 0.967582
-435.9 0.968129
-435.7 0.968684
-435.5 0.969188
-435.3 0.969706
-435.1 0.970208
-434.9 0.970738
-434.7 0.971218
-434.5 0.971739
-434.3 0.972163
-434.1 0.972696
-433.9 0.973234
-433.7 0.973682
-433.5 0.974138
-433.3 0.974596
-433.1 0.975047
-432.9 0.975568
-432.7 0.976074
-432.5 0.976621
-432.3 0.977072
-432.1 0.977516
-431.9 0.977935
-431.7 0.97842
-431.5 0.978842
-431.3 0.979305
-431.1 0.979676
-430.9 0.980076
-430.7 0.980489
-430.5 0.980865
-430.3 0.981195
-430.1 0.981567
-429.9 0.981904
-429.7 0.982259
-429.5 0.982642
-429.3 0.982999
-429.1 0.983387
-428.9 0.983751
-428.7 0.984118
-428.5 0.984506
-428.3 0.984863
-428.1 0.985191
-427.9 0.985516
-427.7 0.985854
-427.5 0.986191
-427.3 0.986558
-427.1 0.986874
-426.9 0.987194
-426.7 0.987529
-426.5 0.987848
-426.3 0.988123
-426.1 0.988424
-425.9 0.988694
-425.7 0.988991
-425.5 0.989212
-425.3 0.98947
-425.1 0.989728
-424.9 0.989948
-424.7 0.990187
-424.5 0.990428
-424.3 0.990681
-424.1 0.990869
-423.9 0.991134
-423.7 0.991382
-423.5 0.991587
-423.3 0.991761
-423.1 0.991964
-422.9 0.992176
-422.7 0.992398
-422.5 0.992612
-422.3 0.992812
-422.1 0.993008
-421.9 0.993193
-421.7 0.993417
-421.5 0.993557
-421.3 0.993741
-421.1 0.993909
-420.9 0.994088
-420.7 0.994249
-420.5 0.994413
-420.3 0.994589
-420.1 0.994729
-419.9 0.994857
-419.7 0.995035
-419.5 0.995185
-419.3 0.995327
-419.1 0.995486
-418.9 0.99566
-418.7 0.995805
-418.5 0.99593
-418.3 0.996041
-418.1 0.996188
-417.9 0.996328
-417.7 0.996429
-417.5 0.996545
-417.3 0.996663
-417.1 0.996759
-416.9 0.996894
-416.7 0.99701
-416.5 0.997123
-416.3 0.997232
-416.1 0.997324
-415.9 0.997408
-415.7 0.997497
-415.5 0.99757
-415.3 0.997664
-415.1 0.997746
-414.9 0.99782
-414.7 0.99789
-414.5 0.997984
-414.3 0.998042
-414.1 0.998095
-413.9 0.998165
-413.7 0.998213
-413.5 0.998286
-413.3 0.998339
-413.1 0.998397
-412.9 0.99844
-412.7 0.998498
-412.5 0.998553
-412.3 0.998621
-412.1 0.998659
-411.9 0.99871
-411.7 0.99879
-411.5 0.998823
-411.3 0.998862
-411.1 0.99892
-410.9 0.998975
-410.7 0.999011
-410.5 0.999055
-410.3 0.999103
-410.1 0.999118
-409.9 0.999156
-409.7 0.999175
-409.5 0.999212
-409.3 0.99924
-409.1 0.999272
-408.9 0.999296
-408.7 0.999335
-408.5 0.999354
-408.3 0.999378
-408.1 0.9994
-407.9 0.999445
-407.7 0.999472
-407.5 0.999498
-407.3 0.999515
-407.1 0.999523
-406.9 0.999547
-406.7 0.999571
-406.5 0.999593
-406.3 0.999607
-406.1 0.999626
-405.9 0.999653
-405.7 0.99967
-405.5 0.999677
-405.3 0.999689
-405.1 0.999706
-404.9 0.999713
-404.7 0.999715
-404.5 0.999732
-404.3 0.999744
-404.1 0.999759
-403.9 0.999764
-403.7 0.999766
-403.5 0.999766
-403.3 0.999769
-403.1 0.999776
-402.9 0.999781
-402.7 0.999788
-402.5 0.999793
-402.3 0.999797
-402.1 0.999802
-401.9 0.999805
-401.7 0.999807
-401.5 0.99981
-401.3 0.99981
-401.1 0.999819
-400.9 0.999826
-400.7 0.999834
-400.5 0.999836
-400.3 0.999838
-400.1 0.999846
-399.9 0.999848
-399.7 0.999851
-399.5 0.999855
-399.3 0.999855
-399.1 0.99986
-398.9 0.999863
-398.7 0.999863
-398.5 0.999863
-398.3 0.999863
-398.1 0.999865
-397.9 0.999865
-397.7 0.999867
-397.5 0.999867
-397.3 0.999875
-397.1 0.999875
-396.9 0.999877
-396.7 0.999879
-396.5 0.999882
-396.3 0.999882
-396.1 0.999882
-395.9 0.999882
-395.7 0.999884
-395.5 0.999884
-395.3 0.999884
-395.1 0.999884
-394.9 0.999884
-394.7 0.999884
-394.5 0.999884
-394.3 0.999887
-394.1 0.999887
-393.9 0.999887
-393.7 0.999887
-393.5 0.999889
-393.3 0.999891
-393.1 0.999891
-392.9 0.999891
-392.7 0.999891
-392.5 0.999891
-392.3 0.999891
-392.1 0.999891
-391.9 0.999891
-391.7 0.999891
-391.5 0.999891
-391.3 0.999891
-391.1 0.999894
-390.9 0.999894
-390.7 0.999894
-390.5 0.999894
-390.3 0.999894
-390.1 0.999894
-389.9 0.999894
-389.7 0.999896
-389.5 0.999896
-389.3 0.999896
-389.1 0.999896
-388.9 0.999896
-388.7 0.999896
-388.5 0.999899
-388.3 0.999899
-388.1 0.999899
-387.9 0.999899
-387.7 0.999899
-387.5 0.999899
-387.3 0.999901
-387.1 0.999901
-386.9 0.999901
-386.7 0.999901
-386.5 0.999901
-386.3 0.999901
-386.1 0.999901
-385.9 0.999904
-385.7 0.999906
-385.5 0.999906
-385.3 0.999908
-385.1 0.999908
-384.9 0.999908
-384.7 0.999908
-384.5 0.999911
-384.3 0.999913
-384.1 0.999913
-383.9 0.999913
-383.7 0.999913
-383.5 0.999913
-383.3 0.999913
-383.1 0.999913
-382.9 0.999916
-382.7 0.999916
-382.5 0.999916
-382.3 0.999916
-382.1 0.999918
-381.9 0.999918
-381.7 0.999918
-381.5 0.999918
-381.3 0.999918
-381.1 0.999918
-380.9 0.999918
-380.7 0.99992
-380.5 0.99992
-380.3 0.99992
-380.1 0.99992
-379.9 0.99992
-379.7 0.99992
-379.5 0.99992
-379.3 0.99992
-379.1 0.99992
-378.9 0.99992
-378.7 0.99992
-378.5 0.99992
-378.3 0.99992
-378.1 0.99992
-377.9 0.999923
-377.7 0.999923
-377.5 0.999923
-377.3 0.999923
-377.1 0.999923
-376.9 0.999923
-376.7 0.999923
-376.5 0.999923
-376.3 0.999925
-376.1 0.999925
-375.9 0.999925
-375.7 0.999925
-375.5 0.999928
-375.3 0.999928
-375.1 0.999928
-374.9 0.999928
-374.7 0.999928
-374.5 0.999928
-374.3 0.999928
-374.1 0.999928
-373.9 0.999928
-373.7 0.999928
-373.5 0.999928
-373.3 0.999928
-373.1 0.999928
-372.9 0.999928
-372.7 0.999928
-372.5 0.999928
-372.3 0.999928
-372.1 0.999928
-371.9 0.999928
-371.7 0.99993
-371.5 0.999932
-371.3 0.999935
-371.1 0.999935
-370.9 0.999935
-370.7 0.999935
-370.5 0.999935
-370.3 0.999937
-370.1 0.99994
-369.9 0.99994
-369.7 0.999942
-369.5 0.999942
-369.3 0.999942
-369.1 0.999942
-368.9 0.999942
-368.7 0.999942
-368.5 0.999942
-368.3 0.999942
-368.1 0.999942
-367.9 0.999942
-367.7 0.999942
-367.5 0.999945
-367.3 0.999945
-367.1 0.999949
-366.9 0.999949
-366.7 0.999949
-366.5 0.999954
-366.3 0.999957
-366.1 0.999957
-365.9 0.999957
-365.7 0.999959
-365.5 0.999959
-365.3 0.999959
-365.1 0.999959
-364.9 0.999964
-364.7 0.999966
-364.5 0.999966
-364.3 0.999969
-364.1 0.999969
-363.9 0.999969
-363.7 0.999969
-363.5 0.999969
-363.3 0.999971
-363.1 0.999973
-362.9 0.999973
-362.7 0.999973
-362.5 0.999973
-362.3 0.999973
-362.1 0.999973
-361.9 0.999973
-361.7 0.999973
-361.5 0.999976
-361.3 0.999976
-361.1 0.999976
-360.9 0.999976
-360.7 0.999976
-360.5 0.999976
-360.3 0.999976
-360.1 0.999976
-359.9 0.999976
-359.7 0.999978
-359.5 0.999978
-359.3 0.999978
-359.1 0.999978
-358.9 0.999978
-358.7 0.999978
-358.5 0.999978
-358.3 0.999978
-358.1 0.999978
-357.9 0.999981
-357.7 0.999981
-357.5 0.999981
-357.3 0.999981
-357.1 0.999981
-356.9 0.999981
-356.7 0.999983
-356.5 0.999983
-356.3 0.999983
-356.1 0.999983
-355.9 0.999983
-355.7 0.999983
-355.5 0.999983
-355.3 0.999983
-355.1 0.999983
-354.9 0.999983
-354.7 0.999986
-354.5 0.999986
-354.3 0.999986
-354.1 0.999986
-353.9 0.999986
-353.7 0.999986
-353.5 0.999986
-353.3 0.999986
-353.1 0.999988
-352.9 0.999988
-352.7 0.999988
-352.5 0.999988
-352.3 0.999988
-352.1 0.99999
-351.9 0.99999
-351.7 0.999993
-351.5 1
