1635
-676.7 2.48502e-06
-676.5 2.48502e-06
-676.3 2.48502e-06
-676.1 4.97004e-06
-675.9 4.97004e-06
-675.7 4.97004e-06
-675.5 7.45506e-06
-675.3 9.94009e-06
-675.1 9.94009e-06
-674.9 1.49101e-05
-674.7 1.73952e-05
-674.5 1.98802e-05
-674.3 2.48502e-05
-674.1 3.23053e-05
-673.9 4.22454e-05
-673.7 5.96405e-05
-673.5 6.95806e-05
-673.3 8.20057e-05
-673.1 0.000109341
-672.9 0.000119281
-672.7 0.000144131
-672.5 0.000156556
-672.3 0.000183892
-672.1 0.000221167
-671.9 0.000248502
-671.7 0.000288262
-671.5 0.000325538
-671.3 0.000372753
-671.1 0.000417484
-670.9 0.000472154
-670.7 0.000509429
-670.5 0.0005641
-670.3 0.00060386
-670.1 0.000663501
-669.9 0.000728111
-669.7 0.000795207
-669.5 0.000884668
-669.3 0.00100395
-669.1 0.00108098
-668.9 0.00117045
-668.7 0.00125742
-668.5 0.00135682
-668.3 0.00145871
-668.1 0.00156308
-667.9 0.00167242
-667.7 0.00176685
-667.5 0.00188365
-667.3 0.00200044
-667.1 0.00212469
-666.9 0.002239
-666.7 0.00241047
-666.5 0.00254218
-666.3 0.00265649
-666.1 0.00281801
-665.9 0.00296712
-665.7 0.00312864
-665.5 0.00329265
-665.3 0.00348897
-665.1 0.00364801
-664.9 0.00382196
-664.7 0.00400834
-664.5 0.00417484
-664.3 0.00436867
-664.1 0.00456498
-663.9 0.00475633
-663.7 0.00499241
-663.5 0.0051937
-663.3 0.00548444
-663.1 0.00573046
-662.9 0.00604109
-662.7 0.0062374
-662.5 0.00644615
-662.3 0.00671204
-662.1 0.0070177
-661.9 0.00729602
-661.7 0.0075818
-661.5 0.00787503
-661.3 0.00819063
-661.1 0.00850126
-660.9 0.00882928
-660.7 0.00915979
-660.5 0.00955491
-660.3 0.00992021
-660.1 0.0102731
-659.9 0.0106433
-659.7 0.0109739
-659.5 0.0113019
-659.3 0.0117094
-659.1 0.0120474
-658.9 0.0124574
-658.7 0.0128749
-658.5 0.0133172
-658.3 0.013772
-658.1 0.0141373
-657.9 0.014597
-657.7 0.0150642
-657.5 0.0155314
-657.3 0.016016
-657.1 0.0165652
-656.9 0.0170646
-656.7 0.0175815
-656.5 0.0181531
-656.3 0.0186501
-656.1 0.0192092
-655.9 0.0197286
-655.7 0.0202579
-655.5 0.0208046
-655.3 0.0212693
-655.1 0.0218011
-654.9 0.0223975
-654.7 0.0230138
-654.5 0.0236201
-654.3 0.0241718
-654.1 0.0247111
-653.9 0.0253099
-653.7 0.025961
-653.5 0.0266519
-653.3 0.0273303
-653.1 0.0280087
-652.9 0.0287194
-652.7 0.0293754
-652.5 0.0300787
-652.3 0.0308863
-652.1 0.0315797
-651.9 0.0322233
-651.7 0.0328793
-651.5 0.0335677
-651.3 0.0343728
-651.1 0.0351481
-650.9 0.0359483
-650.7 0.0367435
-650.5 0.0375114
-650.3 0.0383836
-650.1 0.039236
-649.9 0.0399939
-649.7 0.040901
-649.5 0.0417906
-649.3 0.0425461
-649.1 0.0434233
-648.9 0.0442334
-648.7 0.0450882
-648.5 0.0459804
-648.3 0.0468427
-648.1 0.0477447
-647.9 0.0485896
-647.7 0.0494967
-647.5 0.0503987
-647.3 0.0513182
-647.1 0.0522948
-646.9 0.0531919
-646.7 0.0541089
-646.5 0.0550805
-646.3 0.0560546
-646.1 0.0570312
-645.9 0.0579855
-645.7 0.0589969
-645.5 0.0598517
-645.3 0.0608284
-645.1 0.0618522
-644.9 0.0628487
-644.7 0.0638352
-644.5 0.064864
-644.3 0.0658506
-644.1 0.0668744
-643.9 0.0678336
-643.7 0.068763
-643.5 0.0698217
-643.3 0.0708405
-643.1 0.0718594
-642.9 0.0729056
-642.7 0.0739319
-642.5 0.0749731
-642.3 0.0760789
-642.1 0.0771525
-641.9 0.0782633
-641.7 0.0792995
-641.5 0.0803234
-641.3 0.0813174
-641.1 0.0824828
-640.9 0.0835514
-640.7 0.0846498
-640.5 0.0856463
-640.3 0.0867571
-640.1 0.0879027
-639.9 0.089088
-639.7 0.0902088
-639.5 0.0913519
-639.3 0.0924925
-639.1 0.0935288
-638.9 0.0946073
-638.7 0.095646
-638.5 0.0967742
-638.3 0.097885
-638.1 0.0990157
-637.9 0.100052
-637.7 0.10122
-637.5 0.102306
-637.3 0.103432
-637.1 0.104609
-636.9 0.105847
-636.7 0.10698
-636.5 0.107984
-636.3 0.109105
-636.1 0.110226
-635.9 0.111336
-635.7 0.112507
-635.5 0.113603
-635.3 0.114766
-635.1 0.115936
-634.9 0.116995
-634.7 0.118113
-634.5 0.119316
-634.3 0.120471
-634.1 0.1216
-633.9 0.122733
-633.7 0.123945
-633.5 0.125044
-633.3 0.126204
-633.1 0.127347
-632.9 0.128498
-632.7 0.129579
-632.5 0.130648
-632.3 0.131758
-632.1 0.132839
-631.9 0.133895
-631.7 0.134971
-631.5 0.136082
-631.3 0.137186
-631.1 0.138289
-630.9 0.13933
-630.7 0.140376
-630.5 0.14145
-630.3 0.142541
-630.1 0.14355
-629.9 0.144623
-629.7 0.145672
-629.5 0.146678
-629.3 0.147692
-629.1 0.148642
-628.9 0.149646
-628.7 0.150632
-628.5 0.15174
-628.3 0.152866
-628.1 0.153955
-627.9 0.155105
-627.7 0.156117
-627.5 0.15718
-627.3 0.158281
-627.1 0.1592
-626.9 0.160192
-626.7 0.161236
-626.5 0.162287
-626.3 0.163385
-626.1 0.164379
-625.9 0.165433
-625.7 0.166412
-625.5 0.167364
-625.3 0.168293
-625.1 0.169339
-624.9 0.170388
-624.7 0.171434
-624.5 0.172446
-624.3 0.173407
-624.1 0.174416
-623.9 0.175393
-623.7 0.176302
-623.5 0.177267
-623.3 0.178285
-623.1 0.179304
-622.9 0.180343
-622.7 0.18129
-622.5 0.182304
-622.3 0.183385
-622.1 0.184389
-621.9 0.185308
-621.7 0.186285
-621.5 0.187341
-621.3 0.188243
-621.1 0.189212
-620.9 0.190218
-620.7 0.191205
-620.5 0.192132
-620.3 0.192997
-620.1 0.193968
-619.9 0.19495
-619.7 0.195884
-619.5 0.196896
-619.3 0.197929
-619.1 0.198837
-618.9 0.199721
-618.7 0.200621
-618.5 0.201548
-618.3 0.202494
-618.1 0.203426
-617.9 0.204366
-617.7 0.205263
-617.5 0.206125
-617.3 0.207045
-617.1 0.208058
-616.9 0.209013
-616.7 0.209895
-616.5 0.210859
-616.3 0.211838
-616.1 0.212765
-615.9 0.213712
-615.7 0.214629
-615.5 0.215501
-615.3 0.216398
-615.1 0.217265
-614.9 0.218158
-614.7 0.219055
-614.5 0.219919
-614.3 0.220881
-614.1 0.221828
-613.9 0.22275
-613.7 0.223647
-613.5 0.224658
-613.3 0.225548
-613.1 0.226438
-612.9 0.227379
-612.7 0.228264
-612.5 0.229184
-612.3 0.230073
-612.1 0.23105
-611.9 0.231994
-611.7 0.232884
-611.5 0.233736
-611.3 0.234596
-611.1 0.235478
-610.9 0.236422
-610.7 0.237295
-610.5 0.238212
-610.3 0.239071
-610.1 0.239971
-609.9 0.240796
-609.7 0.24181
-609.5 0.242652
-609.3 0.243594
-609.1 0.244466
-608.9 0.245386
-608.7 0.246308
-608.5 0.247193
-608.3 0.248065
-608.1 0.248885
-607.9 0.249824
-607.7 0.250677
-607.5 0.251534
-607.3 0.252379
-607.1 0.253239
-606.9 0.254113
-606.7 0.255025
-606.5 0.25597
-606.3 0.256849
-606.1 0.257811
-605.9 0.258653
-605.7 0.259488
-605.5 0.260366
-605.3 0.261206
-605.1 0.262088
-604.9 0.26302
-604.7 0.263879
-604.5 0.264747
-604.3 0.265592
-604.1 0.266486
-603.9 0.267276
-603.7 0.268256
-603.5 0.269088
-603.3 0.269975
-603.1 0.27082
-602.9 0.271668
-602.7 0.272609
-602.5 0.273511
-602.3 0.274443
-602.1 0.275373
-601.9 0.276327
-601.7 0.277264
-601.5 0.278198
-601.3 0.279065
-601.1 0.279883
-600.9 0.280745
-600.7 0.281598
-600.5 0.282455
-600.3 0.283305
-600.1 0.284167
-599.9 0.285005
-599.7 0.285795
-599.5 0.286675
-599.3 0.287485
-599.1 0.288337
-598.9 0.289249
-598.7 0.290079
-598.5 0.290974
-598.3 0.291697
-598.1 0.292507
-597.9 0.293344
-597.7 0.294251
-597.5 0.295079
-597.3 0.295887
-597.1 0.296702
-596.9 0.297619
-596.7 0.298496
-596.5 0.299408
-596.3 0.300213
-596.1 0.30104
-595.9 0.301923
-595.7 0.302735
-595.5 0.30354
-595.3 0.304428
-595.1 0.305272
-594.9 0.306093
-594.7 0.306945
-594.5 0.307807
-594.3 0.308632
-594.1 0.309504
-593.9 0.310431
-593.7 0.311281
-593.5 0.312121
-593.3 0.312969
-593.1 0.313861
-592.9 0.314671
-592.7 0.315501
-592.5 0.316351
-592.3 0.317218
-592.1 0.318108
-591.9 0.319072
-591.7 0.319924
-591.5 0.320774
-591.3 0.321644
-591.1 0.322591
-590.9 0.32349
-590.7 0.324415
-590.5 0.325292
-590.3 0.326122
-590.1 0.326877
-589.9 0.327764
-589.7 0.328572
-589.5 0.329566
-589.3 0.330356
-589.1 0.331211
-588.9 0.332036
-588.7 0.332926
-588.5 0.333768
-588.3 0.33466
-588.1 0.335575
-587.9 0.336402
-587.7 0.337285
-587.5 0.338209
-587.3 0.339118
-587.1 0.339986
-586.9 0.340826
-586.7 0.341715
-586.5 0.34264
-586.3 0.343592
-586.1 0.344459
-585.9 0.345284
-585.7 0.346263
-585.5 0.34719
-585.3 0.347997
-585.1 0.348912
-584.9 0.349816
-584.7 0.350646
-584.5 0.351452
-584.3 0.352289
-584.1 0.353134
-583.9 0.353932
-583.7 0.354819
-583.5 0.355706
-583.3 0.356571
-583.1 0.357478
-582.9 0.358417
-582.7 0.359245
-582.5 0.360179
-582.3 0.361004
-582.1 0.361854
-581.9 0.362676
-581.7 0.363499
-581.5 0.364336
-581.3 0.365144
-581.1 0.365989
-580.9 0.366799
-580.7 0.367684
-580.5 0.368481
-580.3 0.369339
-580.1 0.370159
-579.9 0.371058
-579.7 0.371898
-579.5 0.372768
-579.3 0.37366
-579.1 0.37456
-578.9 0.375407
-578.7 0.376267
-578.5 0.377139
-578.3 0.378002
-578.1 0.378844
-577.9 0.379644
-577.7 0.380566
-577.5 0.381463
-577.3 0.382358
-577.1 0.383185
-576.9 0.384075
-576.7 0.384935
-576.5 0.385775
-576.3 0.386642
-576.1 0.387524
-575.9 0.388444
-575.7 0.389351
-575.5 0.390273
-575.3 0.39113
-575.1 0.391957
-574.9 0.392815
-574.7 0.393722
-574.5 0.394532
-574.3 0.395359
-574.1 0.396291
-573.9 0.397109
-573.7 0.397924
-573.5 0.398727
-573.3 0.399649
-573.1 0.400503
-572.9 0.401381
-572.7 0.402213
-572.5 0.403061
-572.3 0.40398
-572.1 0.404822
-571.9 0.405675
-571.7 0.406567
-571.5 0.407362
-571.3 0.408299
-571.1 0.409089
-570.9 0.409934
-570.7 0.410769
-570.5 0.411597
-570.3 0.412469
-570.1 0.413376
-569.9 0.414206
-569.7 0.414981
-569.5 0.415774
-569.3 0.416636
-569.1 0.417466
-568.9 0.418294
-568.7 0.419106
-568.5 0.419989
-568.3 0.420809
-568.1 0.421696
-567.9 0.422556
-567.7 0.423405
-567.5 0.42424
-567.3 0.425038
-567.1 0.425893
-566.9 0.426753
-566.7 0.427528
-566.5 0.42839
-566.3 0.429258
-566.1 0.430075
-565.9 0.43086
-565.7 0.431693
-565.5 0.432528
-565.3 0.433375
-565.1 0.434275
-564.9 0.435127
-564.7 0.436
-564.5 0.436864
-564.3 0.437645
-564.1 0.438499
-563.9 0.439332
-563.7 0.44012
-563.5 0.440935
-563.3 0.441785
-563.1 0.442615
-562.9 0.443507
-562.7 0.444357
-562.5 0.445239
-562.3 0.446166
-562.1 0.446963
-561.9 0.447801
-561.7 0.448609
-561.5 0.449429
-561.3 0.450303
-561.1 0.451141
-560.9 0.452048
-560.7 0.452893
-560.5 0.453767
-560.3 0.454635
-560.1 0.455499
-559.9 0.456407
-559.7 0.457289
-559.5 0.458134
-559.3 0.459008
-559.1 0.459893
-558.9 0.460793
-558.7 0.461717
-558.5 0.462641
-558.3 0.463586
-558.1 0.464393
-557.9 0.465285
-557.7 0.46612
-557.5 0.46701
-557.3 0.46783
-557.1 0.46869
-556.9 0.469465
-556.7 0.470385
-556.5 0.471245
-556.3 0.472092
-556.1 0.47291
-555.9 0.473797
-555.7 0.474657
-555.5 0.475464
-555.3 0.476247
-555.1 0.477102
-554.9 0.477959
-554.7 0.478819
-554.5 0.479711
-554.3 0.480591
-554.1 0.481475
-553.9 0.482335
-553.7 0.48314
-553.5 0.484047
-553.3 0.484895
-553.1 0.485779
-552.9 0.486674
-552.7 0.487589
-552.5 0.488424
-552.3 0.489288
-552.1 0.490061
-551.9 0.490918
-551.7 0.491746
-551.5 0.492586
-551.3 0.493399
-551.1 0.494278
-550.9 0.49523
-550.7 0.49606
-550.5 0.49693
-550.3 0.497713
-550.1 0.49862
-549.9 0.49942
-549.7 0.500342
-549.5 0.501284
-549.3 0.502081
-549.1 0.502941
-548.9 0.503836
-548.7 0.504651
-548.5 0.505436
-548.3 0.506318
-548.1 0.50725
-547.9 0.508083
-547.7 0.508893
-547.5 0.509755
-547.3 0.510662
-547.1 0.511621
-546.9 0.512421
-546.7 0.513209
-546.5 0.514081
-546.3 0.514919
-546.1 0.515721
-545.9 0.516479
-545.7 0.517292
-545.5 0.518117
-545.3 0.518999
-545.1 0.519904
-544.9 0.520736
-544.7 0.521566
-544.5 0.522391
-544.3 0.523268
-544.1 0.524138
-543.9 0.524966
-543.7 0.525813
-543.5 0.526695
-543.3 0.527523
-543.1 0.528353
-542.9 0.529247
-542.7 0.530102
-542.5 0.531049
-542.3 0.531877
-542.1 0.532751
-541.9 0.533626
-541.7 0.534364
-541.5 0.535187
-541.3 0.536044
-541.1 0.536954
-540.9 0.537818
-540.7 0.538678
-540.5 0.53953
-540.3 0.540333
-540.1 0.541193
-539.9 0.542003
-539.7 0.542893
-539.5 0.54373
-539.3 0.544672
-539.1 0.545542
-538.9 0.546384
-538.7 0.547256
-538.5 0.548114
-538.3 0.548939
-538.1 0.549771
-537.9 0.550604
-537.7 0.551493
-537.5 0.552348
-537.3 0.553211
-537.1 0.553993
-536.9 0.554821
-536.7 0.555614
-536.5 0.556468
-536.3 0.557368
-536.1 0.5582
-535.9 0.559048
-535.7 0.559905
-535.5 0.56075
-535.3 0.561665
-535.1 0.562534
-534.9 0.563399
-534.7 0.564286
-534.5 0.565196
-534.3 0.5661
-534.1 0.566943
-533.9 0.567837
-533.7 0.568618
-533.5 0.569535
-533.3 0.570404
-533.1 0.571297
-532.9 0.572141
-532.7 0.573034
-532.5 0.573844
-532.3 0.574656
-532.1 0.575437
-531.9 0.576324
-531.7 0.577171
-531.5 0.577976
-531.3 0.578866
-531.1 0.579713
-530.9 0.580625
-530.7 0.581403
-530.5 0.58226
-530.3 0.582998
-530.1 0.583858
-529.9 0.584703
-529.7 0.585667
-529.5 0.586512
-529.3 0.587437
-529.1 0.58819
-528.9 0.589074
-528.7 0.58983
-528.5 0.590623
-528.3 0.591482
-528.1 0.592317
-527.9 0.593234
-527.7 0.594174
-527.5 0.594941
-527.3 0.595764
-527.1 0.596654
-526.9 0.597521
-526.7 0.598314
-526.5 0.599251
-526.3 0.600143
-526.1 0.600993
-525.9 0.601798
-525.7 0.602725
-525.5 0.603619
-525.3 0.604432
-525.1 0.605185
-524.9 0.606114
-524.7 0.607014
-524.5 0.607881
-524.3 0.608773
-524.1 0.609611
-523.9 0.610418
-523.7 0.611228
-523.5 0.612088
-523.3 0.612941
-523.1 0.613813
-522.9 0.614732
-522.7 0.615547
-522.5 0.616365
-522.3 0.617252
-522.1 0.618102
-521.9 0.618907
-521.7 0.619784
-521.5 0.620714
-521.3 0.621641
-521.1 0.622538
-520.9 0.62341
-520.7 0.62427
-520.5 0.625184
-520.3 0.626034
-520.1 0.626797
-519.9 0.627587
-519.7 0.628564
-519.5 0.629317
-519.3 0.630241
-519.1 0.631156
-518.9 0.632001
-518.7 0.632858
-518.5 0.633725
-518.3 0.63463
-518.1 0.635485
-517.9 0.636416
-517.7 0.637276
-517.5 0.638091
-517.3 0.638926
-517.1 0.639843
-516.9 0.640718
-516.7 0.64156
-516.5 0.64241
-516.3 0.643235
-516.1 0.644073
-515.9 0.644903
-515.7 0.645698
-515.5 0.646493
-515.3 0.64737
-515.1 0.648203
-514.9 0.649085
-514.7 0.649977
-514.5 0.650822
-514.3 0.65165
-514.1 0.652522
-513.9 0.653352
-513.7 0.654219
-513.5 0.655072
-513.3 0.655941
-513.1 0.656779
-512.9 0.657634
-512.7 0.658449
-512.5 0.659291
-512.3 0.660163
-512.1 0.661013
-511.9 0.6619
-511.7 0.662696
-511.5 0.663536
-511.3 0.664358
-511.1 0.665265
-510.9 0.66605
-510.7 0.66687
-510.5 0.667713
-510.3 0.668607
-510.1 0.6694
-509.9 0.670203
-509.7 0.671177
-509.5 0.67199
-509.3 0.672839
-509.1 0.673737
-508.9 0.674631
-508.7 0.675588
-508.5 0.676415
-508.3 0.67732
-508.1 0.678242
-507.9 0.679179
-507.7 0.680026
-507.5 0.680874
-507.3 0.681674
-507.1 0.682553
-506.9 0.683391
-506.7 0.684285
-506.5 0.68513
-506.3 0.685955
-506.1 0.686887
-505.9 0.687774
-505.7 0.688602
-505.5 0.689422
-505.3 0.690163
-505.1 0.691002
-504.9 0.691825
-504.7 0.692685
-504.5 0.693579
-504.3 0.694422
-504.1 0.695259
-503.9 0.696109
-503.7 0.697036
-503.5 0.697861
-503.3 0.698773
-503.1 0.699571
-502.9 0.700426
-502.7 0.70131
-502.5 0.70215
-502.3 0.702998
-502.1 0.70394
-501.9 0.704794
-501.7 0.705624
-501.5 0.706429
-501.3 0.707245
-501.1 0.707985
-500.9 0.708865
-500.7 0.709663
-500.5 0.710493
-500.3 0.711332
-500.1 0.712175
-499.9 0.712965
-499.7 0.713847
-499.5 0.714757
-499.3 0.715594
-499.1 0.716392
-498.9 0.717264
-498.7 0.718082
-498.5 0.718949
-498.3 0.719836
-498.1 0.720681
-497.9 0.721509
-497.7 0.722341
-497.5 0.723223
-497.3 0.724083
-497.1 0.724926
-496.9 0.725788
-496.7 0.726682
-496.5 0.727537
-496.3 0.728395
-496.1 0.729297
-495.9 0.730191
-495.7 0.731016
-495.5 0.731844
-495.3 0.732773
-495.1 0.733678
-494.9 0.734575
-494.7 0.7354
-494.5 0.736215
-494.3 0.737092
-494.1 0.737942
-493.9 0.738802
-493.7 0.739692
-493.5 0.740546
-493.3 0.741401
-493.1 0.742234
-492.9 0.743111
-492.7 0.74404
-492.5 0.744885
-492.3 0.745703
-492.1 0.746548
-491.9 0.747445
-491.7 0.748193
-491.5 0.749033
-491.3 0.749925
-491.1 0.750775
-490.9 0.75163
-490.7 0.752551
-490.5 0.753426
-490.3 0.754358
-490.1 0.755181
-489.9 0.756026
-489.7 0.75688
-489.5 0.75783
-489.3 0.758657
-489.1 0.759505
-488.9 0.760357
-488.7 0.761244
-488.5 0.762116
-488.3 0.762999
-488.1 0.763858
-487.9 0.764765
-487.7 0.765667
-487.5 0.766562
-487.3 0.767342
-487.1 0.768103
-486.9 0.769045
-486.7 0.769845
-486.5 0.770732
-486.3 0.771592
-486.1 0.772452
-485.9 0.773277
-485.7 0.774119
-485.5 0.774969
-485.3 0.775821
-485.1 0.776674
-484.9 0.777494
-484.7 0.778289
-484.5 0.779144
-484.3 0.779961
-484.1 0.780896
-483.9 0.781763
-483.7 0.782643
-483.5 0.78348
-483.3 0.784365
-483.1 0.78521
-482.9 0.786072
-482.7 0.786942
-482.5 0.787732
-482.3 0.788584
-482.1 0.789384
-481.9 0.790234
-481.7 0.791099
-481.5 0.791929
-481.3 0.792854
-481.1 0.793723
-480.9 0.79466
-480.7 0.795505
-480.5 0.796305
-480.3 0.797071
-480.1 0.797928
-479.9 0.79881
-479.7 0.799754
-479.5 0.800604
-479.3 0.801414
-479.1 0.802279
-478.9 0.803124
-478.7 0.803912
-478.5 0.804782
-478.3 0.805689
-478.1 0.806529
-477.9 0.807391
-477.7 0.808333
-477.5 0.809163
-477.3 0.810005
-477.1 0.810758
-476.9 0.811568
-476.7 0.812411
-476.5 0.813251
-476.3 0.814113
-476.1 0.814916
-475.9 0.815763
-475.7 0.816618
-475.5 0.81745
-475.3 0.81827
-475.1 0.81913
-474.9 0.819953
-474.7 0.820686
-474.5 0.821543
-474.3 0.822405
-474.1 0.823293
-473.9 0.824123
-473.7 0.825015
-473.5 0.825882
-473.3 0.826692
-473.1 0.827587
-472.9 0.828471
-472.7 0.829309
-472.5 0.830161
-472.3 0.831088
-472.1 0.831948
-471.9 0.832733
-471.7 0.833566
-471.5 0.834329
-471.3 0.835136
-471.1 0.835989
-470.9 0.836841
-470.7 0.837654
-470.5 0.838506
-470.3 0.839356
-470.1 0.840238
-469.9 0.841051
-469.7 0.841903
-469.5 0.842778
-469.3 0.843652
-469.1 0.84452
-468.9 0.845422
-468.7 0.846316
-468.5 0.847154
-468.3 0.847984
-468.1 0.848883
-467.9 0.849748
-467.7 0.850588
-467.5 0.851421
-467.3 0.85229
-467.1 0.853175
-466.9 0.854045
-466.7 0.854994
-466.5 0.855916
-466.3 0.856719
-466.1 0.857566
-465.9 0.858458
-465.7 0.859375
-465.5 0.860285
-465.3 0.861127
-465.1 0.862059
-464.9 0.862889
-464.7 0.863756
-464.5 0.864628
-464.3 0.865531
-464.1 0.86645
-463.9 0.867389
-463.7 0.868177
-463.5 0.869089
-463.3 0.869974
-463.1 0.870776
-462.9 0.871701
-462.7 0.872526
-462.5 0.873341
-462.3 0.874198
-462.1 0.874996
-461.9 0.875841
-461.7 0.876611
-461.5 0.877337
-461.3 0.878149
-461.1 0.878937
-460.9 0.879844
-460.7 0.880689
-460.5 0.881487
-460.3 0.882314
-460.1 0.883144
-459.9 0.884054
-459.7 0.884976
-459.5 0.885853
-459.3 0.886683
-459.1 0.88754
-458.9 0.8884
-458.7 0.889188
-458.5 0.890005
-458.3 0.890786
-458.1 0.891628
-457.9 0.892523
-457.7 0.893365
-457.5 0.894195
-457.3 0.89504
-457.1 0.895823
-456.9 0.89672
-456.7 0.897602
-456.5 0.89843
-456.3 0.899215
-456.1 0.89999
-455.9 0.900823
-455.7 0.901678
-455.5 0.902478
-455.3 0.903323
-455.1 0.904086
-454.9 0.904893
-454.7 0.905706
-454.5 0.906536
-454.3 0.907351
-454.1 0.908164
-453.9 0.908944
-453.7 0.909789
-453.5 0.910616
-453.3 0.911523
-453.1 0.912266
-452.9 0.913004
-452.7 0.91372
-452.5 0.914461
-452.3 0.915184
-452.1 0.915979
-451.9 0.916784
-451.7 0.91754
-451.5 0.91826
-451.3 0.91905
-451.1 0.919766
-450.9 0.920561
-450.7 0.921309
-450.5 0.922062
-450.3 0.922726
-450.1 0.923553
-449.9 0.924366
-449.7 0.925161
-449.5 0.925939
-449.3 0.926677
-449.1 0.927485
-448.9 0.928257
-448.7 0.929008
-448.5 0.929806
-448.3 0.930467
-448.1 0.931227
-447.9 0.932017
-447.7 0.932785
-447.5 0.933578
-447.3 0.934281
-447.1 0.935014
-446.9 0.935849
-446.7 0.936575
-446.5 0.937308
-446.3 0.938071
-446.1 0.938779
-445.9 0.939544
-445.7 0.94027
-445.5 0.940943
-445.3 0.941659
-445.1 0.942303
-444.9 0.943078
-444.7 0.943729
-444.5 0.94447
-444.3 0.945195
-444.1 0.945829
-443.9 0.946565
-443.7 0.947173
-443.5 0.947824
-443.3 0.94852
-443.1 0.949194
-442.9 0.94983
-442.7 0.950469
-442.5 0.951105
-442.3 0.951711
-442.1 0.95235
-441.9 0.953008
-441.7 0.953654
-441.5 0.954251
-441.3 0.95486
-441.1 0.95555
-440.9 0.956194
-440.7 0.956758
-440.5 0.95733
-440.3 0.957956
-440.1 0.95859
-439.9 0.959196
-439.7 0.959832
-439.5 0.96052
-439.3 0.961082
-439.1 0.961639
-438.9 0.962233
-438.7 0.962804
-438.5 0.963363
-438.3 0.96389
-438.1 0.964449
-437.9 0.964971
-437.7 0.965548
-437.5 0.966065
-437.3 0.966611
-437.1 0.967148
-436.9 0.967685
-436.7 0.968234
-436.5 0.968731
-436.3 0.969233
-436.1 0.969688
-435.9 0.97016
-435.7 0.970709
-435.5 0.971174
-435.3 0.971614
-435.1 0.972093
-434.9 0.972555
-434.7 0.97306
-434.5 0.973597
-434.3 0.974104
-434.1 0.974591
-433.9 0.975016
-433.7 0.9755
-433.5 0.976015
-433.3 0.976524
-433.1 0.977016
-432.9 0.977434
-432.7 0.977878
-432.5 0.978278
-432.3 0.978639
-432.1 0.979004
-431.9 0.979436
-431.7 0.979824
-431.5 0.980254
-431.3 0.980652
-431.1 0.981022
-430.9 0.981357
-430.7 0.981765
-430.5 0.982153
-430.3 0.98254
-430.1 0.982886
-429.9 0.983243
-429.7 0.983594
-429.5 0.983959
-429.3 0.984297
-429.1 0.98462
-428.9 0.984985
-428.7 0.985318
-428.5 0.985619
-428.3 0.985982
-428.1 0.986325
-427.9 0.986631
-427.7 0.986974
-427.5 0.987264
-427.3 0.98754
-427.1 0.987776
-426.9 0.988074
-426.7 0.988348
-426.5 0.988581
-426.3 0.98886
-426.1 0.989123
-425.9 0.989352
-425.7 0.989593
-425.5 0.989767
-425.3 0.990045
-425.1 0.990294
-424.9 0.990522
-424.7 0.990781
-424.5 0.990994
-424.3 0.991245
-424.1 0.991449
-423.9 0.991703
-423.7 0.991931
-423.5 0.992118
-423.3 0.992334
-423.1 0.992552
-422.9 0.992756
-422.7 0.992995
-422.5 0.993201
-422.3 0.993382
-422.1 0.993571
-421.9 0.99373
-421.7 0.993919
-421.5 0.994113
-421.3 0.994277
-421.1 0.994473
-420.9 0.994642
-420.7 0.994821
-420.5 0.99498
-420.3 0.995107
-420.1 0.995261
-419.9 0.995403
-419.7 0.995552
-419.5 0.995654
-419.3 0.995768
-419.1 0.99589
-418.9 0.996021
-418.7 0.996138
-418.5 0.99627
-418.3 0.996377
-418.1 0.996484
-417.9 0.996623
-417.7 0.996717
-417.5 0.996844
-417.3 0.996946
-417.1 0.997038
-416.9 0.997132
-416.7 0.997204
-416.5 0.997294
-416.3 0.997363
-416.1 0.99746
-415.9 0.997552
-415.7 0.997662
-415.5 0.997744
-415.3 0.997826
-415.1 0.9979
-414.9 0.997977
-414.7 0.998064
-414.5 0.998114
-414.3 0.998191
-414.1 0.99826
-413.9 0.998328
-413.7 0.998382
-413.5 0.998447
-413.3 0.998529
-413.1 0.998606
-412.9 0.998668
-412.7 0.998703
-412.5 0.998755
-412.3 0.998805
-412.1 0.998852
-411.9 0.998907
-411.7 0.998934
-411.5 0.998971
-411.3 0.999013
-411.1 0.999068
-410.9 0.999095
-410.7 0.999143
-410.5 0.999168
-410.3 0.999207
-410.1 0.999242
-409.9 0.999272
-409.7 0.999312
-409.5 0.999339
-409.3 0.999366
-409.1 0.999394
-408.9 0.999421
-408.7 0.999456
-408.5 0.999478
-408.3 0.999493
-408.1 0.999505
-407.9 0.999515
-407.7 0.99953
-407.5 0.999553
-407.3 0.999563
-407.1 0.99958
-406.9 0.999597
-406.7 0.999625
-406.5 0.999627
-406.3 0.999645
-406.1 0.999662
-405.9 0.999672
-405.7 0.999674
-405.5 0.999682
-405.3 0.999694
-405.1 0.999704
-404.9 0.999722
-404.7 0.999729
-404.5 0.999737
-404.3 0.999749
-404.1 0.999759
-403.9 0.999769
-403.7 0.999774
-403.5 0.999779
-403.3 0.999791
-403.1 0.999796
-402.9 0.999799
-402.7 0.999806
-402.5 0.999809
-402.3 0.999814
-402.1 0.999819
-401.9 0.999821
-401.7 0.999824
-401.5 0.999826
-401.3 0.999829
-401.1 0.999831
-400.9 0.999831
-400.7 0.999831
-400.5 0.999834
-400.3 0.999846
-400.1 0.999846
-399.9 0.999851
-399.7 0.999853
-399.5 0.999853
-399.3 0.999853
-399.1 0.999856
-398.9 0.999858
-398.7 0.999863
-398.5 0.999866
-398.3 0.999868
-398.1 0.999871
-397.9 0.999871
-397.7 0.999873
-397.5 0.999873
-397.3 0.999873
-397.1 0.999878
-396.9 0.999878
-396.7 0.999878
-396.5 0.999878
-396.3 0.999881
-396.1 0.999881
-395.9 0.999881
-395.7 0.999881
-395.5 0.999881
-395.3 0.999883
-395.1 0.999883
-394.9 0.999886
-394.7 0.999888
-394.5 0.999888
-394.3 0.999888
-394.1 0.999888
-393.9 0.999891
-393.7 0.999891
-393.5 0.999891
-393.3 0.999893
-393.1 0.999893
-392.9 0.999893
-392.7 0.999893
-392.5 0.999893
-392.3 0.999893
-392.1 0.999893
-391.9 0.999893
-391.7 0.999893
-391.5 0.999893
-391.3 0.999893
-391.1 0.999893
-390.9 0.999893
-390.7 0.999896
-390.5 0.999896
-390.3 0.999898
-390.1 0.999898
-389.9 0.999901
-389.7 0.999901
-389.5 0.999901
-389.3 0.999901
-389.1 0.999901
-388.9 0.999903
-388.7 0.999903
-388.5 0.999903
-388.3 0.999903
-388.1 0.999906
-387.9 0.999906
-387.7 0.999906
-387.5 0.999906
-387.3 0.999906
-387.1 0.999906
-386.9 0.999906
-386.7 0.999908
-386.5 0.999908
-386.3 0.999908
-386.1 0.999908
-385.9 0.999911
-385.7 0.999911
-385.5 0.999913
-385.3 0.999913
-385.1 0.999913
-384.9 0.999913
-384.7 0.999913
-384.5 0.999916
-384.3 0.999916
-384.1 0.999916
-383.9 0.999916
-383.7 0.999916
-383.5 0.999916
-383.3 0.999916
-383.1 0.999916
-382.9 0.999916
-382.7 0.999916
-382.5 0.999916
-382.3 0.999916
-382.1 0.999916
-381.9 0.999916
-381.7 0.999916
-381.5 0.999916
-381.3 0.999916
-381.1 0.999916
-380.9 0.999916
-380.7 0.999916
-380.5 0.999916
-380.3 0.999918
-380.1 0.99992
-379.9 0.999923
-379.7 0.999923
-379.5 0.999923
-379.3 0.999923
-379.1 0.999923
-378.9 0.999923
-378.7 0.999923
-378.5 0.999923
-378.3 0.999923
-378.1 0.999923
-377.9 0.999923
-377.7 0.999923
-377.5 0.999923
-377.3 0.999923
-377.1 0.999923
-376.9 0.999923
-376.7 0.999923
-376.5 0.999923
-376.3 0.999923
-376.1 0.999923
-375.9 0.999925
-375.7 0.999925
-375.5 0.999925
-375.3 0.999925
-375.1 0.999925
-374.9 0.999925
-374.7 0.999925
-374.5 0.999925
-374.3 0.999925
-374.1 0.999925
-373.9 0.999928
-373.7 0.999928
-373.5 0.99993
-373.3 0.999933
-373.1 0.999933
-372.9 0.999935
-372.7 0.999935
-372.5 0.999935
-372.3 0.999935
-372.1 0.999935
-371.9 0.999935
-371.7 0.999935
-371.5 0.999935
-371.3 0.999935
-371.1 0.999935
-370.9 0.999938
-370.7 0.999938
-370.5 0.999938
-370.3 0.99994
-370.1 0.99994
-369.9 0.99994
-369.7 0.99994
-369.5 0.99994
-369.3 0.99994
-369.1 0.99994
-368.9 0.999943
-368.7 0.999943
-368.5 0.999943
-368.3 0.999943
-368.1 0.999945
-367.9 0.999945
-367.7 0.999948
-367.5 0.999948
-367.3 0.999948
-367.1 0.99995
-366.9 0.99995
-366.7 0.99995
-366.5 0.99995
-366.3 0.999953
-366.1 0.999953
-365.9 0.999953
-365.7 0.999953
-365.5 0.999953
-365.3 0.999953
-365.1 0.999953
-364.9 0.999953
-364.7 0.999953
-364.5 0.999955
-364.3 0.999958
-364.1 0.999958
-363.9 0.999958
-363.7 0.999958
-363.5 0.999958
-363.3 0.99996
-363.1 0.999963
-362.9 0.999965
-362.7 0.999965
-362.5 0.999965
-362.3 0.999965
-362.1 0.999965
-361.9 0.999965
-361.7 0.999965
-361.5 0.999965
-361.3 0.999965
-361.1 0.99997
-360.9 0.99997
-360.7 0.99997
-360.5 0.99997
-360.3 0.999973
-360.1 0.999973
-359.9 0.999973
-359.7 0.999973
-359.5 0.999973
-359.3 0.999973
-359.1 0.999973
-358.9 0.999973
-358.7 0.999973
-358.5 0.999975
-358.3 0.999975
-358.1 0.999975
-357.9 0.999978
-357.7 0.999978
-357.5 0.999978
-357.3 0.999978
-357.1 0.999978
-356.9 0.999978
-356.7 0.999978
-356.5 0.99998
-356.3 0.99998
-356.1 0.99998
-355.9 0.99998
-355.7 0.999985
-355.5 0.999988
-355.3 0.999988
-355.1 0.999988
-354.9 0.999988
-354.7 0.99999
-354.5 0.99999
-354.3 0.999993
-354.1 0.999995
-353.9 0.999995
-353.7 0.999995
-353.5 0.999995
-353.3 0.999995
-353.1 0.999998
-352.9 0.999998
-352.7 0.999998
-352.5 0.999998
-352.3 0.999998
-352.1 0.999998
-351.9 0.999998
-351.7 0.999998
-351.5 0.999998
-351.3 0.999998
-351.1 0.999998
-350.9 0.999998
-350.7 0.999998
-350.5 0.999998
-350.3 0.999998
-350.1 0.999998
-349.9 1
