1416
-1583.1 3.41455e-06
-1582.9 3.41455e-06
-1582.7 3.41455e-06
-1582.5 3.41455e-06
-1582.3 3.41455e-06
-1582.1 3.41455e-06
-1581.9 3.41455e-06
-1581.7 3.41455e-06
-1581.5 3.41455e-06
-1581.3 3.41455e-06
-1581.1 3.41455e-06
-1580.9 3.41455e-06
-1580.7 3.41455e-06
-1580.5 3.41455e-06
-1580.3 3.41455e-06
-1580.1 3.41455e-06
-1579.9 3.41455e-06
-1579.7 3.41455e-06
-1579.5 3.41455e-06
-1579.3 3.41455e-06
-1579.1 3.41455e-06
-1578.9 3.41455e-06
-1578.7 3.41455e-06
-1578.5 3.41455e-06
-1578.3 3.41455e-06
-1578.1 3.41455e-06
-1577.9 3.41455e-06
-1577.7 3.41455e-06
-1577.5 3.41455e-06
-1577.3 3.41455e-06
-1577.1 3.41455e-06
-1576.9 3.41455e-06
-1576.7 3.41455e-06
-1576.5 3.41455e-06
-1576.3 3.41455e-06
-1576.1 3.41455e-06
-1575.9 3.41455e-06
-1575.7 3.41455e-06
-1575.5 3.41455e-06
-1575.3 3.41455e-06
-1575.1 3.41455e-06
-1574.9 3.41455e-06
-1574.7 1.02437e-05
-1574.5 1.02437e-05
-1574.3 1.02437e-05
-1574.1 1.02437e-05
-1573.9 1.02437e-05
-1573.7 1.02437e-05
-1573.5 1.36582e-05
-1573.3 1.36582e-05
-1573.1 1.36582e-05
-1572.9 1.36582e-05
-1572.7 1.36582e-05
-1572.5 1.36582e-05
-1572.3 1.36582e-05
-1572.1 1.36582e-05
-1571.9 1.36582e-05
-1571.7 1.36582e-05
-1571.5 1.36582e-05
-1571.3 1.36582e-05
-1571.1 1.36582e-05
-1570.9 1.36582e-05
-1570.7 1.36582e-05
-1570.5 1.36582e-05
-1570.3 1.36582e-05
-1570.1 1.36582e-05
-1569.9 1.36582e-05
-1569.7 1.36582e-05
-1569.5 1.36582e-05
-1569.3 1.36582e-05
-1569.1 1.36582e-05
-1568.9 1.70728e-05
-1568.7 2.73164e-05
-1568.5 3.0731e-05
-1568.3 3.75601e-05
-1568.1 5.12183e-05
-1567.9 5.46329e-05
-1567.7 6.48765e-05
-1567.5 7.51202e-05
-1567.3 8.53639e-05
-1567.1 0.000109266
-1566.9 0.000139997
-1566.7 0.000180971
-1566.5 0.000208288
-1566.3 0.000242433
-1566.1 0.000297066
-1565.9 0.000324383
-1565.7 0.000358528
-1565.5 0.000426819
-1565.3 0.000471208
-1565.1 0.000519012
-1564.9 0.000556572
-1564.7 0.000607791
-1564.5 0.000686325
-1564.3 0.00076486
-1564.1 0.000887784
-1563.9 0.000966319
-1563.7 0.00108241
-1563.5 0.001219
-1563.3 0.00135216
-1563.1 0.00146143
-1562.9 0.00160826
-1562.7 0.00172435
-1562.5 0.00185069
-1562.3 0.00197361
-1562.1 0.00212727
-1561.9 0.00230824
-1561.7 0.0024858
-1561.5 0.00266335
-1561.3 0.00285798
-1561.1 0.00302871
-1560.9 0.00318578
-1560.7 0.00335992
-1560.5 0.0035887
-1560.3 0.0037765
-1560.1 0.00399844
-1559.9 0.004176
-1559.7 0.00437746
-1559.5 0.00460282
-1559.3 0.00485891
-1559.1 0.00516964
-1558.9 0.00548719
-1558.7 0.00576718
-1558.5 0.00610181
-1558.3 0.00642278
-1558.1 0.00674033
-1557.9 0.00709203
-1557.7 0.00735836
-1557.5 0.00766226
-1557.3 0.00801396
-1557.1 0.00838956
-1556.9 0.00868663
-1556.7 0.00905881
-1556.5 0.00942758
-1556.3 0.00982709
-1556.1 0.0102641
-1555.9 0.0107046
-1555.7 0.0111758
-1555.5 0.0116095
-1555.3 0.0120773
-1555.1 0.0126065
-1554.9 0.0131085
-1554.7 0.0135933
-1554.5 0.0140304
-1554.3 0.0144606
-1554.1 0.015065
-1553.9 0.0156796
-1553.7 0.016243
-1553.5 0.0168952
-1553.3 0.0175269
-1553.1 0.0180732
-1552.9 0.0187049
-1552.7 0.0193537
-1552.5 0.0200298
-1552.3 0.0206956
-1552.1 0.0212658
-1551.9 0.0220239
-1551.7 0.0227512
-1551.5 0.0234682
-1551.3 0.0242911
-1551.1 0.0251106
-1550.9 0.0258789
-1550.7 0.026695
-1550.5 0.0275452
-1550.3 0.028392
-1550.1 0.0293618
-1549.9 0.0302769
-1549.7 0.0312124
-1549.5 0.0321275
-1549.3 0.0330426
-1549.1 0.0340124
-1548.9 0.0350333
-1548.7 0.0360543
-1548.5 0.0370991
-1548.3 0.0381201
-1548.1 0.0390591
-1547.9 0.040121
-1547.7 0.0411659
-1547.5 0.0423234
-1547.3 0.043457
-1547.1 0.0446214
-1546.9 0.045615
-1546.7 0.0466906
-1546.5 0.0477696
-1546.3 0.0487974
-1546.1 0.0499037
-1545.9 0.0509554
-1545.7 0.0520412
-1545.5 0.0531646
-1545.3 0.0543051
-1545.1 0.0555002
-1544.9 0.056726
-1544.7 0.0579074
-1544.5 0.058983
-1544.3 0.0601064
-1544.1 0.0612298
-1543.9 0.0624351
-1543.7 0.0636302
-1543.5 0.0648321
-1543.3 0.0660648
-1543.1 0.0672735
-1542.9 0.0683594
-1542.7 0.0694589
-1542.5 0.070572
-1542.3 0.0717295
-1542.1 0.0729963
-1541.9 0.0740822
-1541.7 0.0752226
-1541.5 0.0764963
-1541.3 0.077647
-1541.1 0.0787499
-1540.9 0.0799074
-1540.7 0.0810342
-1540.5 0.082161
-1540.3 0.0832332
-1540.1 0.0843975
-1539.9 0.0854663
-1539.7 0.086658
-1539.5 0.0878053
-1539.3 0.0888808
-1539.1 0.0900691
-1538.9 0.0912198
-1538.7 0.0923842
-1538.5 0.0934461
-1538.3 0.0944841
-1538.1 0.0955939
-1537.9 0.096707
-1537.7 0.0977621
-1537.5 0.0989094
-1537.3 0.0999269
-1537.1 0.101177
-1536.9 0.102249
-1536.7 0.103328
-1536.5 0.104339
-1536.3 0.105499
-1536.1 0.106616
-1535.9 0.107698
-1535.7 0.108774
-1535.5 0.109798
-1535.3 0.110877
-1535.1 0.111864
-1534.9 0.113097
-1534.7 0.114159
-1534.5 0.115303
-1534.3 0.116378
-1534.1 0.117423
-1533.9 0.118372
-1533.7 0.119284
-1533.5 0.120397
-1533.3 0.121377
-1533.1 0.122442
-1532.9 0.123532
-1532.7 0.124573
-1532.5 0.125543
-1532.3 0.126526
-1532.1 0.127503
-1531.9 0.128575
-1531.7 0.129535
-1531.5 0.130535
-1531.3 0.131436
-1531.1 0.132447
-1530.9 0.133431
-1530.7 0.134445
-1530.5 0.135377
-1530.3 0.136336
-1530.1 0.137395
-1529.9 0.138453
-1529.7 0.139566
-1529.5 0.140529
-1529.3 0.141441
-1529.1 0.14236
-1528.9 0.143292
-1528.7 0.144337
-1528.5 0.145327
-1528.3 0.146252
-1528.1 0.147178
-1527.9 0.148171
-1527.7 0.149137
-1527.5 0.150073
-1527.3 0.15108
-1527.1 0.152067
-1526.9 0.153143
-1526.7 0.154239
-1526.5 0.155301
-1526.3 0.156311
-1526.1 0.157209
-1525.9 0.158138
-1525.7 0.15906
-1525.5 0.16003
-1525.3 0.161034
-1525.1 0.162044
-1524.9 0.163014
-1524.7 0.163926
-1524.5 0.164967
-1524.3 0.165951
-1524.1 0.166927
-1523.9 0.167911
-1523.7 0.168805
-1523.5 0.16972
-1523.3 0.170666
-1523.1 0.171646
-1522.9 0.172527
-1522.7 0.173442
-1522.5 0.174374
-1522.3 0.175286
-1522.1 0.176307
-1521.9 0.177256
-1521.7 0.178168
-1521.5 0.179104
-1521.3 0.180087
-1521.1 0.181135
-1520.9 0.182033
-1520.7 0.183017
-1520.5 0.183881
-1520.3 0.184765
-1520.1 0.185714
-1519.9 0.186663
-1519.7 0.187592
-1519.5 0.188511
-1519.3 0.189494
-1519.1 0.190368
-1518.9 0.191195
-1518.7 0.192072
-1518.5 0.192933
-1518.3 0.193895
-1518.1 0.194759
-1517.9 0.195688
-1517.7 0.19646
-1517.5 0.19732
-1517.3 0.198211
-1517.1 0.199058
-1516.9 0.199868
-1516.7 0.200759
-1516.5 0.201653
-1516.3 0.2025
-1516.1 0.203364
-1515.9 0.204197
-1515.7 0.205146
-1515.5 0.206109
-1515.3 0.206942
-1515.1 0.207858
-1514.9 0.208803
-1514.7 0.209719
-1514.5 0.210538
-1514.3 0.211334
-1514.1 0.212167
-1513.9 0.213095
-1513.7 0.213847
-1513.5 0.214666
-1513.3 0.215516
-1513.1 0.216336
-1512.9 0.217169
-1512.7 0.217818
-1512.5 0.218579
-1512.3 0.219412
-1512.1 0.220273
-1511.9 0.221099
-1511.7 0.221939
-1511.5 0.222742
-1511.3 0.223575
-1511.1 0.224425
-1510.9 0.225316
-1510.7 0.226153
-1510.5 0.22702
-1510.3 0.227758
-1510.1 0.228591
-1509.9 0.22941
-1509.7 0.230192
-1509.5 0.231008
-1509.3 0.231804
-1509.1 0.232743
-1508.9 0.233603
-1508.7 0.23443
-1508.5 0.235341
-1508.3 0.236297
-1508.1 0.237144
-1507.9 0.237906
-1507.7 0.238869
-1507.5 0.239797
-1507.3 0.240702
-1507.1 0.241658
-1506.9 0.242597
-1506.7 0.243546
-1506.5 0.244492
-1506.3 0.245459
-1506.1 0.246394
-1505.9 0.247337
-1505.7 0.248259
-1505.5 0.249331
-1505.3 0.25028
-1505.1 0.251195
-1504.9 0.252155
-1504.7 0.253114
-1504.5 0.254108
-1504.3 0.255221
-1504.1 0.256286
-1503.9 0.257171
-1503.7 0.258205
-1503.5 0.259154
-1503.3 0.260179
-1503.1 0.261104
-1502.9 0.26204
-1502.7 0.262921
-1502.5 0.263863
-1502.3 0.264744
-1502.1 0.265666
-1501.9 0.266643
-1501.7 0.2675
-1501.5 0.268261
-1501.3 0.269139
-1501.1 0.27004
-1500.9 0.271051
-1500.7 0.271939
-1500.5 0.272895
-1500.3 0.273854
-1500.1 0.27467
-1499.9 0.2755
-1499.7 0.276343
-1499.5 0.277156
-1499.3 0.277945
-1499.1 0.278809
-1498.9 0.279584
-1498.7 0.280471
-1498.5 0.28137
-1498.3 0.282203
-1498.1 0.283125
-1497.9 0.283924
-1497.7 0.284811
-1497.5 0.285767
-1497.3 0.286607
-1497.1 0.287519
-1496.9 0.288438
-1496.7 0.289264
-1496.5 0.290053
-1496.3 0.290944
-1496.1 0.291845
-1495.9 0.292665
-1495.7 0.293522
-1495.5 0.294386
-1495.3 0.295171
-1495.1 0.2961
-1494.9 0.296995
-1494.7 0.297845
-1494.5 0.298777
-1494.3 0.29962
-1494.1 0.300368
-1493.9 0.301321
-1493.7 0.302267
-1493.5 0.303069
-1493.3 0.303827
-1493.1 0.30467
-1492.9 0.305517
-1492.7 0.306371
-1492.5 0.307136
-1492.3 0.307989
-1492.1 0.308891
-1491.9 0.30971
-1491.7 0.31052
-1491.5 0.311366
-1491.3 0.312247
-1491.1 0.31307
-1490.9 0.313992
-1490.7 0.314918
-1490.5 0.315826
-1490.3 0.316638
-1490.1 0.317427
-1489.9 0.318315
-1489.7 0.319114
-1489.5 0.319944
-1489.3 0.320903
-1489.1 0.321743
-1488.9 0.322539
-1488.7 0.323406
-1488.5 0.32426
-1488.3 0.325052
-1488.1 0.326046
-1487.9 0.326933
-1487.7 0.327811
-1487.5 0.328702
-1487.3 0.329563
-1487.1 0.330413
-1486.9 0.331294
-1486.7 0.332199
-1486.5 0.333097
-1486.3 0.333981
-1486.1 0.334923
-1485.9 0.335811
-1485.7 0.336713
-1485.5 0.33772
-1485.3 0.338584
-1485.1 0.339516
-1484.9 0.340458
-1484.7 0.34136
-1484.5 0.342237
-1484.3 0.343163
-1484.1 0.344078
-1483.9 0.345013
-1483.7 0.346007
-1483.5 0.346878
-1483.3 0.347776
-1483.1 0.348793
-1482.9 0.349661
-1482.7 0.350545
-1482.5 0.351378
-1482.3 0.352314
-1482.1 0.353174
-1481.9 0.354127
-1481.7 0.355134
-1481.5 0.35609
-1481.3 0.357043
-1481.1 0.357955
-1480.9 0.358839
-1480.7 0.359672
-1480.5 0.36055
-1480.3 0.361386
-1480.1 0.362257
-1479.9 0.363052
-1479.7 0.36392
-1479.5 0.364821
-1479.3 0.365596
-1479.1 0.366358
-1478.9 0.367174
-1478.7 0.36799
-1478.5 0.368844
-1478.3 0.369748
-1478.1 0.370541
-1477.9 0.371391
-1477.7 0.372077
-1477.5 0.372958
-1477.3 0.373801
-1477.1 0.374621
-1476.9 0.375406
-1476.7 0.376321
-1476.5 0.377274
-1476.3 0.378141
-1476.1 0.378964
-1475.9 0.379777
-1475.7 0.380583
-1475.5 0.381402
-1475.3 0.382222
-1475.1 0.382993
-1474.9 0.383909
-1474.7 0.384708
-1474.5 0.385517
-1474.3 0.386306
-1474.1 0.38721
-1473.9 0.387999
-1473.7 0.388863
-1473.5 0.38972
-1473.3 0.390645
-1473.1 0.391581
-1472.9 0.392489
-1472.7 0.393353
-1472.5 0.394282
-1472.3 0.39519
-1472.1 0.396051
-1471.9 0.396915
-1471.7 0.397843
-1471.5 0.398731
-1471.3 0.399605
-1471.1 0.400503
-1470.9 0.401569
-1470.7 0.402398
-1470.5 0.403317
-1470.3 0.404246
-1470.1 0.40514
-1469.9 0.406014
-1469.7 0.406977
-1469.5 0.407988
-1469.3 0.408934
-1469.1 0.409849
-1468.9 0.410744
-1468.7 0.411706
-1468.5 0.41271
-1468.3 0.41366
-1468.1 0.414653
-1467.9 0.415637
-1467.7 0.416524
-1467.5 0.417433
-1467.3 0.418303
-1467.1 0.41916
-1466.9 0.419997
-1466.7 0.420919
-1466.5 0.421814
-1466.3 0.422654
-1466.1 0.423606
-1465.9 0.424528
-1465.7 0.425436
-1465.5 0.426314
-1465.3 0.427171
-1465.1 0.428086
-1464.9 0.42895
-1464.7 0.429875
-1464.5 0.430784
-1464.3 0.431671
-1464.1 0.432542
-1463.9 0.433396
-1463.7 0.434266
-1463.5 0.435219
-1463.3 0.436127
-1463.1 0.437138
-1462.9 0.438029
-1462.7 0.438968
-1462.5 0.439866
-1462.3 0.440737
-1462.1 0.441642
-1461.9 0.442557
-1461.7 0.443441
-1461.5 0.44437
-1461.3 0.44533
-1461.1 0.446361
-1460.9 0.447269
-1460.7 0.44814
-1460.5 0.449014
-1460.3 0.449943
-1460.1 0.450711
-1459.9 0.451585
-1459.7 0.452408
-1459.5 0.453204
-1459.3 0.453989
-1459.1 0.454853
-1458.9 0.455727
-1458.7 0.456615
-1458.5 0.457427
-1458.3 0.458298
-1458.1 0.459056
-1457.9 0.459855
-1457.7 0.460671
-1457.5 0.461457
-1457.3 0.462296
-1457.1 0.463208
-1456.9 0.464038
-1456.7 0.464868
-1456.5 0.465694
-1456.3 0.466606
-1456.1 0.4675
-1455.9 0.46832
-1455.7 0.469197
-1455.5 0.469996
-1455.3 0.470843
-1455.1 0.471751
-1454.9 0.472663
-1454.7 0.473684
-1454.5 0.474466
-1454.3 0.475364
-1454.1 0.47633
-1453.9 0.47731
-1453.7 0.478188
-1453.5 0.479151
-1453.3 0.480155
-1453.1 0.480933
-1452.9 0.481882
-1452.7 0.482808
-1452.5 0.483716
-1452.3 0.48472
-1452.1 0.485761
-1451.9 0.486813
-1451.7 0.487752
-1451.5 0.488623
-1451.3 0.489548
-1451.1 0.490538
-1450.9 0.491515
-1450.7 0.492502
-1450.5 0.493348
-1450.3 0.494253
-1450.1 0.495203
-1449.9 0.496049
-1449.7 0.496941
-1449.5 0.49789
-1449.3 0.498754
-1449.1 0.499607
-1448.9 0.50044
-1448.7 0.50125
-1448.5 0.502144
-1448.3 0.50296
-1448.1 0.5038
-1447.9 0.504627
-1447.7 0.505504
-1447.5 0.5063
-1447.3 0.507143
-1447.1 0.507935
-1446.9 0.508871
-1446.7 0.509786
-1446.5 0.510657
-1446.3 0.511538
-1446.1 0.512487
-1445.9 0.513344
-1445.7 0.514249
-1445.5 0.515092
-1445.3 0.515943
-1445.1 0.516796
-1444.9 0.517592
-1444.7 0.518521
-1444.5 0.519436
-1444.3 0.520399
-1444.1 0.521235
-1443.9 0.52213
-1443.7 0.523007
-1443.5 0.523834
-1443.3 0.524752
-1443.1 0.525585
-1442.9 0.526511
-1442.7 0.527405
-1442.5 0.528273
-1442.3 0.52916
-1442.1 0.530086
-1441.9 0.531066
-1441.7 0.532005
-1441.5 0.532892
-1441.3 0.533886
-1441.1 0.534828
-1440.9 0.535798
-1440.7 0.536761
-1440.5 0.537656
-1440.3 0.538557
-1440.1 0.539438
-1439.9 0.540186
-1439.7 0.541026
-1439.5 0.541859
-1439.3 0.542819
-1439.1 0.5436
-1438.9 0.544413
-1438.7 0.545274
-1438.5 0.546038
-1438.3 0.546841
-1438.1 0.547708
-1437.9 0.548668
-1437.7 0.549508
-1437.5 0.550419
-1437.3 0.55127
-1437.1 0.552103
-1436.9 0.552868
-1436.7 0.5538
-1436.5 0.554759
-1436.3 0.555647
-1436.1 0.556518
-1435.9 0.557341
-1435.7 0.55814
-1435.5 0.558949
-1435.3 0.559843
-1435.1 0.560721
-1434.9 0.561547
-1434.7 0.562435
-1434.5 0.563429
-1434.3 0.564303
-1434.1 0.565136
-1433.9 0.565928
-1433.7 0.566836
-1433.5 0.567632
-1433.3 0.568397
-1433.1 0.569343
-1432.9 0.570159
-1432.7 0.571091
-1432.5 0.571924
-1432.3 0.572822
-1432.1 0.573676
-1431.9 0.574543
-1431.7 0.575397
-1431.5 0.57624
-1431.3 0.577118
-1431.1 0.578033
-1430.9 0.578982
-1430.7 0.579839
-1430.5 0.580703
-1430.3 0.581615
-1430.1 0.582564
-1429.9 0.583377
-1429.7 0.584275
-1429.5 0.585135
-1429.3 0.58606
-1429.1 0.586986
-1428.9 0.587846
-1428.7 0.588649
-1428.5 0.589554
-1428.3 0.590376
-1428.1 0.591309
-1427.9 0.59221
-1427.7 0.593152
-1427.5 0.594146
-1427.3 0.595054
-1427.1 0.596021
-1426.9 0.596973
-1426.7 0.597916
-1426.5 0.598742
-1426.3 0.599657
-1426.1 0.600617
-1425.9 0.601498
-1425.7 0.602375
-1425.5 0.603232
-1425.3 0.604113
-1425.1 0.605025
-1424.9 0.60595
-1424.7 0.606876
-1424.5 0.60778
-1424.3 0.608777
-1424.1 0.609594
-1423.9 0.610444
-1423.7 0.611352
-1423.5 0.612206
-1423.3 0.613029
-1423.1 0.613985
-1422.9 0.614862
-1422.7 0.615702
-1422.5 0.616628
-1422.3 0.617498
-1422.1 0.618383
-1421.9 0.619202
-1421.7 0.620124
-1421.5 0.621029
-1421.3 0.621859
-1421.1 0.622658
-1420.9 0.62346
-1420.7 0.624317
-1420.5 0.625253
-1420.3 0.626096
-1420.1 0.627025
-1419.9 0.627766
-1419.7 0.628486
-1419.5 0.629292
-1419.3 0.630019
-1419.1 0.630853
-1418.9 0.631788
-1418.7 0.632737
-1418.5 0.63354
-1418.3 0.634294
-1418.1 0.635145
-1417.9 0.635991
-1417.7 0.636784
-1417.5 0.637555
-1417.3 0.638474
-1417.1 0.639396
-1416.9 0.640229
-1416.7 0.641035
-1416.5 0.641909
-1416.3 0.642763
-1416.1 0.643544
-1415.9 0.644436
-1415.7 0.645282
-1415.5 0.646071
-1415.3 0.646761
-1415.1 0.647522
-1414.9 0.648345
-1414.7 0.649233
-1414.5 0.650206
-1414.3 0.651132
-1414.1 0.652054
-1413.9 0.65288
-1413.7 0.653795
-1413.5 0.654734
-1413.3 0.655663
-1413.1 0.656581
-1412.9 0.657551
-1412.7 0.658428
-1412.5 0.659268
-1412.3 0.660197
-1412.1 0.661061
-1411.9 0.662075
-1411.7 0.663038
-1411.5 0.663943
-1411.3 0.664844
-1411.1 0.665777
-1410.9 0.666664
-1410.7 0.667542
-1410.5 0.668553
-1410.3 0.669471
-1410.1 0.670359
-1409.9 0.671329
-1409.7 0.672234
-1409.5 0.673097
-1409.3 0.674019
-1409.1 0.674972
-1408.9 0.67586
-1408.7 0.676809
-1408.5 0.67771
-1408.3 0.678667
-1408.1 0.679462
-1407.9 0.680336
-1407.7 0.681173
-1407.5 0.682026
-1407.3 0.682825
-1407.1 0.683679
-1406.9 0.684635
-1406.7 0.685492
-1406.5 0.686411
-1406.3 0.687223
-1406.1 0.688145
-1405.9 0.68904
-1405.7 0.689996
-1405.5 0.69088
-1405.3 0.691761
-1405.1 0.692547
-1404.9 0.693339
-1404.7 0.694097
-1404.5 0.694869
-1404.3 0.695784
-1404.1 0.696542
-1403.9 0.697337
-1403.7 0.698181
-1403.5 0.699031
-1403.3 0.699857
-1403.1 0.700714
-1402.9 0.701513
-1402.7 0.702292
-1402.5 0.703101
-1402.3 0.703955
-1402.1 0.704757
-1401.9 0.705556
-1401.7 0.706355
-1401.5 0.707181
-1401.3 0.708114
-1401.1 0.708892
-1400.9 0.709667
-1400.7 0.710545
-1400.5 0.71147
-1400.3 0.712402
-1400.1 0.713266
-1399.9 0.714147
-1399.7 0.714987
-1399.5 0.715766
-1399.3 0.716619
-1399.1 0.7175
-1398.9 0.718313
-1398.7 0.71916
-1398.5 0.720048
-1398.3 0.720932
-1398.1 0.721734
-1397.9 0.722608
-1397.7 0.723435
-1397.5 0.724247
-1397.3 0.725197
-1397.1 0.726084
-1396.9 0.726976
-1396.7 0.728
-1396.5 0.728912
-1396.3 0.729813
-1396.1 0.730834
-1395.9 0.731674
-1395.7 0.732555
-1395.5 0.733463
-1395.3 0.734245
-1395.1 0.735123
-1394.9 0.735949
-1394.7 0.736833
-1394.5 0.737745
-1394.3 0.73852
-1394.1 0.73937
-1393.9 0.740255
-1393.7 0.741211
-1393.5 0.742106
-1393.3 0.742908
-1393.1 0.743714
-1392.9 0.744585
-1392.7 0.745438
-1392.5 0.746179
-1392.3 0.747067
-1392.1 0.747955
-1391.9 0.748771
-1391.7 0.749525
-1391.5 0.750335
-1391.3 0.75114
-1391.1 0.751933
-1390.9 0.752779
-1390.7 0.753725
-1390.5 0.75461
-1390.3 0.755477
-1390.1 0.756392
-1389.9 0.75727
-1389.7 0.758157
-1389.5 0.759055
-1389.3 0.759861
-1389.1 0.760759
-1388.9 0.761623
-1388.7 0.762538
-1388.5 0.763412
-1388.3 0.764184
-1388.1 0.765021
-1387.9 0.765874
-1387.7 0.766755
-1387.5 0.76766
-1387.3 0.768517
-1387.1 0.769429
-1386.9 0.770317
-1386.7 0.771157
-1386.5 0.771928
-1386.3 0.772734
-1386.1 0.773622
-1385.9 0.774383
-1385.7 0.775152
-1385.5 0.775992
-1385.3 0.776835
-1385.1 0.777665
-1384.9 0.778525
-1384.7 0.779379
-1384.5 0.780219
-1384.3 0.78113
-1384.1 0.781981
-1383.9 0.782851
-1383.7 0.783808
-1383.5 0.784641
-1383.3 0.785481
-1383.1 0.786304
-1382.9 0.787191
-1382.7 0.787984
-1382.5 0.788871
-1382.3 0.789786
-1382.1 0.790691
-1381.9 0.791511
-1381.7 0.792446
-1381.5 0.793215
-1381.3 0.794147
-1381.1 0.794905
-1380.9 0.795789
-1380.7 0.796697
-1380.5 0.797544
-1380.3 0.798374
-1380.1 0.799224
-1379.9 0.800105
-1379.7 0.80099
-1379.5 0.80185
-1379.3 0.802697
-1379.1 0.803609
-1378.9 0.804483
-1378.7 0.80537
-1378.5 0.80618
-1378.3 0.807054
-1378.1 0.807822
-1377.9 0.808631
-1377.7 0.809454
-1377.5 0.810308
-1377.3 0.811209
-1377.1 0.812073
-1376.9 0.812896
-1376.7 0.813753
-1376.5 0.814593
-1376.3 0.815399
-1376.1 0.81629
-1375.9 0.817127
-1375.7 0.818025
-1375.5 0.818834
-1375.3 0.819606
-1375.1 0.820435
-1374.9 0.821286
-1374.7 0.822218
-1374.5 0.82314
-1374.3 0.823997
-1374.1 0.82483
-1373.9 0.825755
-1373.7 0.826582
-1373.5 0.827473
-1373.3 0.82832
-1373.1 0.829272
-1372.9 0.830222
-1372.7 0.831099
-1372.5 0.831946
-1372.3 0.832844
-1372.1 0.833643
-1371.9 0.834483
-1371.7 0.835456
-1371.5 0.836392
-1371.3 0.837242
-1371.1 0.837996
-1370.9 0.838912
-1370.7 0.83981
-1370.5 0.840721
-1370.3 0.841578
-1370.1 0.842497
-1369.9 0.843388
-1369.7 0.844187
-1369.5 0.845034
-1369.3 0.845874
-1369.1 0.846789
-1368.9 0.847585
-1368.7 0.848401
-1368.5 0.849217
-1368.3 0.850132
-1368.1 0.851064
-1367.9 0.851883
-1367.7 0.852799
-1367.5 0.853604
-1367.3 0.854458
-1367.1 0.855342
-1366.9 0.856275
-1366.7 0.8572
-1366.5 0.858084
-1366.3 0.858866
-1366.1 0.859658
-1365.9 0.860464
-1365.7 0.861192
-1365.5 0.862117
-1365.3 0.862936
-1365.1 0.863742
-1364.9 0.864507
-1364.7 0.865327
-1364.5 0.866139
-1364.3 0.866962
-1364.1 0.867823
-1363.9 0.868639
-1363.7 0.869421
-1363.5 0.870257
-1363.3 0.871077
-1363.1 0.8719
-1362.9 0.872784
-1362.7 0.873631
-1362.5 0.874437
-1362.3 0.875297
-1362.1 0.876168
-1361.9 0.876987
-1361.7 0.877824
-1361.5 0.878681
-1361.3 0.879535
-1361.1 0.880422
-1360.9 0.881255
-1360.7 0.882126
-1360.5 0.883004
-1360.3 0.883789
-1360.1 0.884595
-1359.9 0.885438
-1359.7 0.886251
-1359.5 0.887128
-1359.3 0.887955
-1359.1 0.888849
-1358.9 0.88973
-1358.7 0.890519
-1358.5 0.891352
-1358.3 0.892295
-1358.1 0.893169
-1357.9 0.894063
-1357.7 0.895033
-1357.5 0.895962
-1357.3 0.896816
-1357.1 0.89772
-1356.9 0.89869
-1356.7 0.899557
-1356.5 0.900479
-1356.3 0.901422
-1356.1 0.902248
-1355.9 0.903085
-1355.7 0.903952
-1355.5 0.90484
-1355.3 0.905598
-1355.1 0.906441
-1354.9 0.907343
-1354.7 0.908183
-1354.5 0.90905
-1354.3 0.909927
-1354.1 0.910781
-1353.9 0.911676
-1353.7 0.912475
-1353.5 0.91327
-1353.3 0.914045
-1353.1 0.914868
-1352.9 0.915681
-1352.7 0.916497
-1352.5 0.917299
-1352.3 0.918201
-1352.1 0.919007
-1351.9 0.919854
-1351.7 0.920653
-1351.5 0.921534
-1351.3 0.922384
-1351.1 0.923333
-1350.9 0.924139
-1350.7 0.925013
-1350.5 0.925894
-1350.3 0.926707
-1350.1 0.927523
-1349.9 0.928311
-1349.7 0.929124
-1349.5 0.92994
-1349.3 0.930866
-1349.1 0.931695
-1348.9 0.932597
-1348.7 0.933467
-1348.5 0.934301
-1348.3 0.935161
-1348.1 0.935943
-1347.9 0.936831
-1347.7 0.937701
-1347.5 0.938511
-1347.3 0.939313
-1347.1 0.940092
-1346.9 0.940956
-1346.7 0.941755
-1346.5 0.94256
-1346.3 0.943332
-1346.1 0.944076
-1345.9 0.944848
-1345.7 0.945606
-1345.5 0.946415
-1345.3 0.947194
-1345.1 0.94799
-1344.9 0.948799
-1344.7 0.94957
-1344.5 0.9504
-1344.3 0.951117
-1344.1 0.951978
-1343.9 0.952794
-1343.7 0.9536
-1343.5 0.954347
-1343.3 0.955116
-1343.1 0.955922
-1342.9 0.956635
-1342.7 0.957427
-1342.5 0.958148
-1342.3 0.958844
-1342.1 0.959575
-1341.9 0.960347
-1341.7 0.960975
-1341.5 0.961648
-1341.3 0.962355
-1341.1 0.963102
-1340.9 0.963795
-1340.7 0.964454
-1340.5 0.965059
-1340.3 0.96579
-1340.1 0.966442
-1339.9 0.967193
-1339.7 0.967893
-1339.5 0.968511
-1339.3 0.969177
-1339.1 0.969795
-1338.9 0.970416
-1338.7 0.971055
-1338.5 0.971704
-1338.3 0.972397
-1338.1 0.972977
-1337.9 0.973537
-1337.7 0.974094
-1337.5 0.974691
-1337.3 0.975186
-1337.1 0.975705
-1336.9 0.976207
-1336.7 0.976784
-1336.5 0.977307
-1336.3 0.977785
-1336.1 0.978324
-1335.9 0.97882
-1335.7 0.979277
-1335.5 0.979817
-1335.3 0.980301
-1335.1 0.98082
-1334.9 0.981309
-1334.7 0.981845
-1334.5 0.982323
-1334.3 0.98277
-1334.1 0.983214
-1333.9 0.983528
-1333.7 0.983965
-1333.5 0.984372
-1333.3 0.984768
-1333.1 0.985167
-1332.9 0.98555
-1332.7 0.985946
-1332.5 0.986321
-1332.3 0.986649
-1332.1 0.987055
-1331.9 0.987424
-1331.7 0.987827
-1331.5 0.988223
-1331.3 0.988561
-1331.1 0.988933
-1330.9 0.989248
-1330.7 0.989531
-1330.5 0.989828
-1330.3 0.990132
-1330.1 0.990344
-1329.9 0.990613
-1329.7 0.990948
-1329.5 0.991221
-1329.3 0.991498
-1329.1 0.991771
-1328.9 0.992034
-1328.7 0.992273
-1328.5 0.992522
-1328.3 0.992795
-1328.1 0.993041
-1327.9 0.993301
-1327.7 0.993499
-1327.5 0.993748
-1327.3 0.993936
-1327.1 0.994096
-1326.9 0.994305
-1326.7 0.99452
-1326.5 0.994711
-1326.3 0.994929
-1326.1 0.995117
-1325.9 0.995267
-1325.7 0.995455
-1325.5 0.995564
-1325.3 0.995715
-1325.1 0.995909
-1324.9 0.996056
-1324.7 0.996213
-1324.5 0.996336
-1324.3 0.996452
-1324.1 0.996603
-1323.9 0.996743
-1323.7 0.996842
-1323.5 0.996968
-1323.3 0.997101
-1323.1 0.997173
-1322.9 0.997265
-1322.7 0.99734
-1322.5 0.997436
-1322.3 0.997538
-1322.1 0.997644
-1321.9 0.997709
-1321.7 0.997798
-1321.5 0.997869
-1321.3 0.997972
-1321.1 0.99804
-1320.9 0.998122
-1320.7 0.998238
-1320.5 0.998303
-1320.3 0.998378
-1320.1 0.99844
-1319.9 0.998498
-1319.7 0.998586
-1319.5 0.998651
-1319.3 0.998726
-1319.1 0.998767
-1318.9 0.998812
-1318.7 0.998842
-1318.5 0.998894
-1318.3 0.998955
-1318.1 0.998986
-1317.9 0.999023
-1317.7 0.999047
-1317.5 0.999064
-1317.3 0.999102
-1317.1 0.999119
-1316.9 0.999153
-1316.7 0.999191
-1316.5 0.999218
-1316.3 0.999239
-1316.1 0.999262
-1315.9 0.999307
-1315.7 0.999324
-1315.5 0.999341
-1315.3 0.999379
-1315.1 0.999402
-1314.9 0.999406
-1314.7 0.99942
-1314.5 0.999457
-1314.3 0.999471
-1314.1 0.999484
-1313.9 0.999508
-1313.7 0.999529
-1313.5 0.999546
-1313.3 0.99956
-1313.1 0.999573
-1312.9 0.999587
-1312.7 0.9996
-1312.5 0.999621
-1312.3 0.999628
-1312.1 0.999659
-1311.9 0.999665
-1311.7 0.999679
-1311.5 0.999679
-1311.3 0.999689
-1311.1 0.999706
-1310.9 0.999706
-1310.7 0.999713
-1310.5 0.999727
-1310.3 0.999734
-1310.1 0.99974
-1309.9 0.999751
-1309.7 0.999758
-1309.5 0.999764
-1309.3 0.999778
-1309.1 0.999785
-1308.9 0.999792
-1308.7 0.999795
-1308.5 0.999799
-1308.3 0.999809
-1308.1 0.999812
-1307.9 0.999816
-1307.7 0.999822
-1307.5 0.999829
-1307.3 0.999829
-1307.1 0.999833
-1306.9 0.99984
-1306.7 0.999843
-1306.5 0.99986
-1306.3 0.99986
-1306.1 0.999874
-1305.9 0.999874
-1305.7 0.999877
-1305.5 0.999884
-1305.3 0.999891
-1305.1 0.999894
-1304.9 0.999904
-1304.7 0.999915
-1304.5 0.999925
-1304.3 0.999928
-1304.1 0.999928
-1303.9 0.999932
-1303.7 0.999932
-1303.5 0.999945
-1303.3 0.999952
-1303.1 0.999956
-1302.9 0.999956
-1302.7 0.999959
-1302.5 0.999966
-1302.3 0.999976
-1302.1 0.99998
-1301.9 0.99998
-1301.7 0.99998
-1301.5 0.999983
-1301.3 0.999983
-1301.1 0.999983
-1300.9 0.999986
-1300.7 0.999993
-1300.5 0.999993
-1300.3 0.999993
-1300.1 1
