-1599.9 0
-1599.7 0
-1599.5 0
-1599.3 0
-1599.1 0
-1598.9 0
-1598.7 0
-1598.5 0
-1598.3 0
-1598.1 0
-1597.9 0
-1597.7 0
-1597.5 0
-1597.3 0
-1597.1 0
-1596.9 0
-1596.7 0
-1596.5 0
-1596.3 0
-1596.1 0
-1595.9 0
-1595.7 0
-1595.5 0
-1595.3 0
-1595.1 0
-1594.9 0
-1594.7 0
-1594.5 0
-1594.3 0
-1594.1 0
-1593.9 0
-1593.7 0
-1593.5 0
-1593.3 0
-1593.1 0
-1592.9 0
-1592.7 0
-1592.5 0
-1592.3 0
-1592.1 0
-1591.9 0
-1591.7 0
-1591.5 0
-1591.3 0
-1591.1 0
-1590.9 0
-1590.7 0
-1590.5 0
-1590.3 0
-1590.1 0
-1589.9 1
-1589.7 0
-1589.5 0
-1589.3 0
-1589.1 1
-1588.9 0
-1588.7 0
-1588.5 0
-1588.3 0
-1588.1 0
-1587.9 0
-1587.7 0
-1587.5 0
-1587.3 0
-1587.1 0
-1586.9 1
-1586.7 0
-1586.5 0
-1586.3 0
-1586.1 0
-1585.9 0
-1585.7 0
-1585.5 0
-1585.3 0
-1585.1 0
-1584.9 0
-1584.7 0
-1584.5 0
-1584.3 0
-1584.1 0
-1583.9 0
-1583.7 0
-1583.5 0
-1583.3 0
-1583.1 0
-1582.9 1
-1582.7 1
-1582.5 0
-1582.3 0
-1582.1 0
-1581.9 0
-1581.7 0
-1581.5 0
-1581.3 1
-1581.1 0
-1580.9 0
-1580.7 0
-1580.5 0
-1580.3 0
-1580.1 0
-1579.9 0
-1579.7 0
-1579.5 1
-1579.3 2
-1579.1 1
-1578.9 0
-1578.7 1
-1578.5 2
-1578.3 5
-1578.1 5
-1577.9 4
-1577.7 2
-1577.5 1
-1577.3 6
-1577.1 5
-1576.9 12
-1576.7 4
-1576.5 12
-1576.3 12
-1576.1 9
-1575.9 11
-1575.7 11
-1575.5 20
-1575.3 16
-1575.1 9
-1574.9 9
-1574.7 22
-1574.5 24
-1574.3 23
-1574.1 25
-1573.9 22
-1573.7 19
-1573.5 31
-1573.3 25
-1573.1 36
-1572.9 27
-1572.7 41
-1572.5 31
-1572.3 31
-1572.1 32
-1571.9 34
-1571.7 37
-1571.5 44
-1571.3 35
-1571.1 52
-1570.9 41
-1570.7 52
-1570.5 60
-1570.3 47
-1570.1 42
-1569.9 46
-1569.7 58
-1569.5 57
-1569.3 67
-1569.1 60
-1568.9 70
-1568.7 60
-1568.5 77
-1568.3 63
-1568.1 64
-1567.9 61
-1567.7 63
-1567.5 89
-1567.3 76
-1567.1 86
-1566.9 70
-1566.7 93
-1566.5 103
-1566.3 83
-1566.1 70
-1565.9 87
-1565.7 101
-1565.5 96
-1565.3 94
-1565.1 105
-1564.9 107
-1564.7 117
-1564.5 103
-1564.3 112
-1564.1 103
-1563.9 105
-1563.7 102
-1563.5 116
-1563.3 133
-1563.1 142
-1562.9 117
-1562.7 141
-1562.5 158
-1562.3 143
-1562.1 125
-1561.9 138
-1561.7 141
-1561.5 146
-1561.3 142
-1561.1 149
-1560.9 139
-1560.7 175
-1560.5 158
-1560.3 165
-1560.1 161
-1559.9 151
-1559.7 188
-1559.5 180
-1559.3 191
-1559.1 192
-1558.9 211
-1558.7 180
-1558.5 189
-1558.3 171
-1558.1 184
-1557.9 189
-1557.7 191
-1557.5 204
-1557.3 209
-1557.1 196
-1556.9 202
-1556.7 208
-1556.5 193
-1556.3 204
-1556.1 204
-1555.9 224
-1555.7 230
-1555.5 222
-1555.3 219
-1555.1 225
-1554.9 222
-1554.7 246
-1554.5 223
-1554.3 228
-1554.1 218
-1553.9 246
-1553.7 236
-1553.5 230
-1553.3 226
-1553.1 266
-1552.9 247
-1552.7 244
-1552.5 251
-1552.3 244
-1552.1 232
-1551.9 252
-1551.7 275
-1551.5 283
-1551.3 255
-1551.1 253
-1550.9 258
-1550.7 268
-1550.5 244
-1550.3 277
-1550.1 271
-1549.9 275
-1549.7 276
-1549.5 251
-1549.3 250
-1549.1 253
-1548.9 256
-1548.7 253
-1548.5 263
-1548.3 263
-1548.1 255
-1547.9 229
-1547.7 300
-1547.5 277
-1547.3 264
-1547.1 253
-1546.9 286
-1546.7 256
-1546.5 247
-1546.3 254
-1546.1 277
-1545.9 254
-1545.7 269
-1545.5 302
-1545.3 281
-1545.1 289
-1544.9 282
-1544.7 268
-1544.5 293
-1544.3 272
-1544.1 232
-1543.9 269
-1543.7 249
-1543.5 268
-1543.3 280
-1543.1 241
-1542.9 299
-1542.7 281
-1542.5 294
-1542.3 272
-1542.1 277
-1541.9 262
-1541.7 241
-1541.5 258
-1541.3 287
-1541.1 253
-1540.9 260
-1540.7 263
-1540.5 263
-1540.3 254
-1540.1 252
-1539.9 273
-1539.7 264
-1539.5 256
-1539.3 283
-1539.1 267
-1538.9 307
-1538.7 241
-1538.5 255
-1538.3 266
-1538.1 264
-1537.9 251
-1537.7 253
-1537.5 274
-1537.3 227
-1537.1 277
-1536.9 233
-1536.7 253
-1536.5 264
-1536.3 262
-1536.1 252
-1535.9 256
-1535.7 257
-1535.5 260
-1535.3 244
-1535.1 267
-1534.9 241
-1534.7 252
-1534.5 246
-1534.3 255
-1534.1 266
-1533.9 251
-1533.7 246
-1533.5 237
-1533.3 245
-1533.1 241
-1532.9 284
-1532.7 256
-1532.5 239
-1532.3 225
-1532.1 255
-1531.9 241
-1531.7 227
-1531.5 241
-1531.3 266
-1531.1 257
-1530.9 247
-1530.7 257
-1530.5 248
-1530.3 241
-1530.1 248
-1529.9 225
-1529.7 231
-1529.5 220
-1529.3 208
-1529.1 232
-1528.9 238
-1528.7 207
-1528.5 212
-1528.3 238
-1528.1 210
-1527.9 233
-1527.7 217
-1527.5 222
-1527.3 233
-1527.1 223
-1526.9 224
-1526.7 253
-1526.5 248
-1526.3 218
-1526.1 208
-1525.9 211
-1525.7 221
-1525.5 230
-1525.3 255
-1525.1 219
-1524.9 210
-1524.7 224
-1524.5 204
-1524.3 234
-1524.1 240
-1523.9 227
-1523.7 227
-1523.5 223
-1523.3 229
-1523.1 241
-1522.9 241
-1522.7 238
-1522.5 223
-1522.3 238
-1522.1 216
-1521.9 208
-1521.7 222
-1521.5 215
-1521.3 244
-1521.1 207
-1520.9 249
-1520.7 270
-1520.5 210
-1520.3 233
-1520.1 222
-1519.9 226
-1519.7 214
-1519.5 221
-1519.3 237
-1519.1 191
-1518.9 204
-1518.7 219
-1518.5 237
-1518.3 261
-1518.1 229
-1517.9 203
-1517.7 226
-1517.5 197
-1517.3 189
-1517.1 220
-1516.9 218
-1516.7 204
-1516.5 238
-1516.3 209
-1516.1 235
-1515.9 221
-1515.7 196
-1515.5 228
-1515.3 227
-1515.1 208
-1514.9 238
-1514.7 232
-1514.5 259
-1514.3 235
-1514.1 205
-1513.9 229
-1513.7 238
-1513.5 217
-1513.3 220
-1513.1 207
-1512.9 204
-1512.7 202
-1512.5 242
-1512.3 227
-1512.1 245
-1511.9 236
-1511.7 239
-1511.5 207
-1511.3 214
-1511.1 202
-1510.9 213
-1510.7 218
-1510.5 212
-1510.3 226
-1510.1 241
-1509.9 216
-1509.7 186
-1509.5 222
-1509.3 227
-1509.1 211
-1508.9 215
-1508.7 190
-1508.5 212
-1508.3 256
-1508.1 224
-1507.9 213
-1507.7 203
-1507.5 230
-1507.3 214
-1507.1 183
-1506.9 224
-1506.7 220
-1506.5 205
-1506.3 187
-1506.1 221
-1505.9 222
-1505.7 221
-1505.5 224
-1505.3 218
-1505.1 227
-1504.9 235
-1504.7 189
-1504.5 237
-1504.3 198
-1504.1 236
-1503.9 215
-1503.7 219
-1503.5 208
-1503.3 239
-1503.1 214
-1502.9 229
-1502.7 211
-1502.5 206
-1502.3 214
-1502.1 258
-1501.9 205
-1501.7 188
-1501.5 229
-1501.3 203
-1501.1 224
-1500.9 219
-1500.7 233
-1500.5 226
-1500.3 220
-1500.1 238
-1499.9 222
-1499.7 220
-1499.5 218
-1499.3 213
-1499.1 222
-1498.9 233
-1498.7 207
-1498.5 228
-1498.3 216
-1498.1 238
-1497.9 205
-1497.7 226
-1497.5 206
-1497.3 189
-1497.1 217
-1496.9 219
-1496.7 204
-1496.5 217
-1496.3 239
-1496.1 193
-1495.9 207
-1495.7 234
-1495.5 226
-1495.3 201
-1495.1 220
-1494.9 193
-1494.7 206
-1494.5 220
-1494.3 209
-1494.1 205
-1493.9 198
-1493.7 224
-1493.5 215
-1493.3 220
-1493.1 209
-1492.9 200
-1492.7 202
-1492.5 196
-1492.3 185
-1492.1 211
-1491.9 220
-1491.7 209
-1491.5 202
-1491.3 227
-1491.1 204
-1490.9 205
-1490.7 218
-1490.5 211
-1490.3 227
-1490.1 214
-1489.9 210
-1489.7 206
-1489.5 189
-1489.3 166
-1489.1 201
-1488.9 248
-1488.7 212
-1488.5 192
-1488.3 236
-1488.1 198
-1487.9 217
-1487.7 239
-1487.5 205
-1487.3 213
-1487.1 205
-1486.9 215
-1486.7 215
-1486.5 238
-1486.3 222
-1486.1 212
-1485.9 272
-1485.7 243
-1485.5 212
-1485.3 218
-1485.1 220
-1484.9 235
-1484.7 210
-1484.5 227
-1484.3 223
-1484.1 245
-1483.9 223
-1483.7 229
-1483.5 233
-1483.3 248
-1483.1 222
-1482.9 216
-1482.7 243
-1482.5 202
-1482.3 231
-1482.1 226
-1481.9 226
-1481.7 205
-1481.5 246
-1481.3 193
-1481.1 230
-1480.9 211
-1480.7 190
-1480.5 226
-1480.3 238
-1480.1 206
-1479.9 203
-1479.7 223
-1479.5 190
-1479.3 232
-1479.1 185
-1478.9 226
-1478.7 219
-1478.5 215
-1478.3 197
-1478.1 211
-1477.9 206
-1477.7 201
-1477.5 188
-1477.3 205
-1477.1 198
-1476.9 230
-1476.7 211
-1476.5 218
-1476.3 189
-1476.1 196
-1475.9 210
-1475.7 183
-1475.5 190
-1475.3 214
-1475.1 196
-1474.9 185
-1474.7 236
-1474.5 218
-1474.3 201
-1474.1 201
-1473.9 215
-1473.7 227
-1473.5 235
-1473.3 232
-1473.1 214
-1472.9 227
-1472.7 220
-1472.5 236
-1472.3 216
-1472.1 232
-1471.9 213
-1471.7 238
-1471.5 248
-1471.3 239
-1471.1 226
-1470.9 231
-1470.7 235
-1470.5 220
-1470.3 214
-1470.1 223
-1469.9 232
-1469.7 210
-1469.5 258
-1469.3 261
-1469.1 248
-1468.9 254
-1468.7 242
-1468.5 262
-1468.3 242
-1468.1 223
-1467.9 222
-1467.7 237
-1467.5 255
-1467.3 240
-1467.1 233
-1466.9 241
-1466.7 231
-1466.5 238
-1466.3 213
-1466.1 243
-1465.9 255
-1465.7 226
-1465.5 233
-1465.3 241
-1465.1 217
-1464.9 230
-1464.7 235
-1464.5 231
-1464.3 192
-1464.1 218
-1463.9 202
-1463.7 243
-1463.5 181
-1463.3 203
-1463.1 217
-1462.9 227
-1462.7 237
-1462.5 203
-1462.3 188
-1462.1 170
-1461.9 222
-1461.7 209
-1461.5 207
-1461.3 211
-1461.1 204
-1460.9 180
-1460.7 206
-1460.5 198
-1460.3 197
-1460.1 198
-1459.9 212
-1459.7 225
-1459.5 206
-1459.3 214
-1459.1 218
-1458.9 233
-1458.7 240
-1458.5 221
-1458.3 208
-1458.1 239
-1457.9 198
-1457.7 221
-1457.5 244
-1457.3 223
-1457.1 229
-1456.9 205
-1456.7 215
-1456.5 207
-1456.3 240
-1456.1 245
-1455.9 231
-1455.7 236
-1455.5 246
-1455.3 234
-1455.1 214
-1454.9 248
-1454.7 238
-1454.5 222
-1454.3 219
-1454.1 245
-1453.9 211
-1453.7 201
-1453.5 233
-1453.3 221
-1453.1 224
-1452.9 237
-1452.7 197
-1452.5 210
-1452.3 229
-1452.1 217
-1451.9 220
-1451.7 192
-1451.5 221
-1451.3 199
-1451.1 220
-1450.9 201
-1450.7 207
-1450.5 215
-1450.3 206
-1450.1 211
-1449.9 238
-1449.7 189
-1449.5 212
-1449.3 209
-1449.1 203
-1448.9 200
-1448.7 183
-1448.5 222
-1448.3 188
-1448.1 221
-1447.9 226
-1447.7 213
-1447.5 229
-1447.3 226
-1447.1 228
-1446.9 231
-1446.7 186
-1446.5 204
-1446.3 207
-1446.1 222
-1445.9 224
-1445.7 191
-1445.5 195
-1445.3 207
-1445.1 228
-1444.9 206
-1444.7 180
-1444.5 210
-1444.3 214
-1444.1 224
-1443.9 213
-1443.7 219
-1443.5 225
-1443.3 213
-1443.1 204
-1442.9 209
-1442.7 201
-1442.5 201
-1442.3 251
-1442.1 251
-1441.9 198
-1441.7 236
-1441.5 215
-1441.3 215
-1441.1 218
-1440.9 209
-1440.7 244
-1440.5 235
-1440.3 264
-1440.1 221
-1439.9 202
-1439.7 243
-1439.5 228
-1439.3 215
-1439.1 217
-1438.9 216
-1438.7 226
-1438.5 229
-1438.3 247
-1438.1 223
-1437.9 216
-1437.7 228
-1437.5 229
-1437.3 235
-1437.1 202
-1436.9 194
-1436.7 213
-1436.5 225
-1436.3 205
-1436.1 201
-1435.9 204
-1435.7 219
-1435.5 222
-1435.3 198
-1435.1 222
-1434.9 197
-1434.7 240
-1434.5 223
-1434.3 218
-1434.1 204
-1433.9 207
-1433.7 189
-1433.5 208
-1433.3 208
-1433.1 247
-1432.9 221
-1432.7 205
-1432.5 225
-1432.3 202
-1432.1 205
-1431.9 179
-1431.7 179
-1431.5 213
-1431.3 195
-1431.1 199
-1430.9 188
-1430.7 202
-1430.5 229
-1430.3 197
-1430.1 192
-1429.9 187
-1429.7 229
-1429.5 191
-1429.3 179
-1429.1 211
-1428.9 213
-1428.7 212
-1428.5 223
-1428.3 204
-1428.1 204
-1427.9 194
-1427.7 236
-1427.5 228
-1427.3 216
-1427.1 216
-1426.9 224
-1426.7 210
-1426.5 218
-1426.3 213
-1426.1 224
-1425.9 220
-1425.7 222
-1425.5 225
-1425.3 226
-1425.1 200
-1424.9 238
-1424.7 236
-1424.5 222
-1424.3 213
-1424.1 205
-1423.9 224
-1423.7 219
-1423.5 244
-1423.3 223
-1423.1 204
-1422.9 199
-1422.7 207
-1422.5 221
-1422.3 227
-1422.1 233
-1421.9 243
-1421.7 220
-1421.5 215
-1421.3 210
-1421.1 234
-1420.9 220
-1420.7 212
-1420.5 181
-1420.3 217
-1420.1 197
-1419.9 211
-1419.7 223
-1419.5 217
-1419.3 206
-1419.1 194
-1418.9 211
-1418.7 196
-1418.5 219
-1418.3 237
-1418.1 188
-1417.9 181
-1417.7 183
-1417.5 186
-1417.3 232
-1417.1 190
-1416.9 204
-1416.7 214
-1416.5 195
-1416.3 193
-1416.1 175
-1415.9 214
-1415.7 204
-1415.5 197
-1415.3 216
-1415.1 198
-1414.9 196
-1414.7 195
-1414.5 195
-1414.3 213
-1414.1 188
-1413.9 201
-1413.7 216
-1413.5 226
-1413.3 222
-1413.1 209
-1412.9 227
-1412.7 220
-1412.5 234
-1412.3 231
-1412.1 224
-1411.9 243
-1411.7 227
-1411.5 225
-1411.3 242
-1411.1 248
-1410.9 207
-1410.7 230
-1410.5 247
-1410.3 223
-1410.1 218
-1409.9 211
-1409.7 230
-1409.5 207
-1409.3 211
-1409.1 225
-1408.9 202
-1408.7 242
-1408.5 221
-1408.3 207
-1408.1 222
-1407.9 227
-1407.7 213
-1407.5 239
-1407.3 202
-1407.1 234
-1406.9 204
-1406.7 233
-1406.5 202
-1406.3 183
-1406.1 225
-1405.9 197
-1405.7 201
-1405.5 226
-1405.3 214
-1405.1 196
-1404.9 230
-1404.7 214
-1404.5 197
-1404.3 175
-1404.1 173
-1403.9 199
-1403.7 219
-1403.5 214
-1403.3 183
-1403.1 194
-1402.9 189
-1402.7 223
-1402.5 193
-1402.3 201
-1402.1 201
-1401.9 186
-1401.7 225
-1401.5 199
-1401.3 190
-1401.1 211
-1400.9 220
-1400.7 217
-1400.5 223
-1400.3 210
-1400.1 214
-1399.9 225
-1399.7 195
-1399.5 206
-1399.3 224
-1399.1 222
-1398.9 222
-1398.7 204
-1398.5 243
-1398.3 232
-1398.1 208
-1397.9 217
-1397.7 202
-1397.5 214
-1397.3 228
-1397.1 227
-1396.9 217
-1396.7 203
-1396.5 226
-1396.3 216
-1396.1 219
-1395.9 219
-1395.7 233
-1395.5 251
-1395.3 243
-1395.1 232
-1394.9 198
-1394.7 214
-1394.5 235
-1394.3 218
-1394.1 208
-1393.9 220
-1393.7 227
-1393.5 222
-1393.3 216
-1393.1 216
-1392.9 204
-1392.7 239
-1392.5 212
-1392.3 202
-1392.1 189
-1391.9 215
-1391.7 194
-1391.5 221
-1391.3 214
-1391.1 215
-1390.9 204
-1390.7 182
-1390.5 212
-1390.3 205
-1390.1 228
-1389.9 183
-1389.7 229
-1389.5 200
-1389.3 189
-1389.1 197
-1388.9 198
-1388.7 183
-1388.5 201
-1388.3 216
-1388.1 212
-1387.9 185
-1387.7 201
-1387.5 201
-1387.3 193
-1387.1 214
-1386.9 213
-1386.7 187
-1386.5 207
-1386.3 186
-1386.1 247
-1385.9 212
-1385.7 228
-1385.5 175
-1385.3 221
-1385.1 221
-1384.9 195
-1384.7 223
-1384.5 213
-1384.3 215
-1384.1 216
-1383.9 226
-1383.7 197
-1383.5 199
-1383.3 202
-1383.1 223
-1382.9 206
-1382.7 248
-1382.5 208
-1382.3 212
-1382.1 204
-1381.9 205
-1381.7 236
-1381.5 236
-1381.3 221
-1381.1 213
-1380.9 224
-1380.7 200
-1380.5 194
-1380.3 227
-1380.1 211
-1379.9 189
-1379.7 210
-1379.5 210
-1379.3 219
-1379.1 214
-1378.9 179
-1378.7 208
-1378.5 213
-1378.3 199
-1378.1 231
-1377.9 230
-1377.7 201
-1377.5 195
-1377.3 226
-1377.1 196
-1376.9 194
-1376.7 192
-1376.5 236
-1376.3 203
-1376.1 201
-1375.9 217
-1375.7 183
-1375.5 200
-1375.3 191
-1375.1 185
-1374.9 197
-1374.7 225
-1374.5 187
-1374.3 199
-1374.1 208
-1373.9 201
-1373.7 221
-1373.5 196
-1373.3 193
-1373.1 200
-1372.9 223
-1372.7 193
-1372.5 193
-1372.3 219
-1372.1 215
-1371.9 191
-1371.7 203
-1371.5 206
-1371.3 225
-1371.1 184
-1370.9 182
-1370.7 199
-1370.5 207
-1370.3 180
-1370.1 176
-1369.9 202
-1369.7 194
-1369.5 179
-1369.3 196
-1369.1 215
-1368.9 203
-1368.7 195
-1368.5 186
-1368.3 183
-1368.1 197
-1367.9 205
-1367.7 177
-1367.5 176
-1367.3 184
-1367.1 206
-1366.9 198
-1366.7 198
-1366.5 199
-1366.3 194
-1366.1 158
-1365.9 158
-1365.7 156
-1365.5 171
-1365.3 153
-1365.1 171
-1364.9 164
-1364.7 158
-1364.5 156
-1364.3 151
-1364.1 144
-1363.9 155
-1363.7 145
-1363.5 142
-1363.3 135
-1363.1 115
-1362.9 137
-1362.7 141
-1362.5 135
-1362.3 143
-1362.1 136
-1361.9 123
-1361.7 133
-1361.5 145
-1361.3 142
-1361.1 133
-1360.9 112
-1360.7 115
-1360.5 114
-1360.3 116
-1360.1 119
-1359.9 121
-1359.7 96
-1359.5 110
-1359.3 100
-1359.1 103
-1358.9 110
-1358.7 109
-1358.5 94
-1358.3 85
-1358.1 91
-1357.9 89
-1357.7 89
-1357.5 87
-1357.3 92
-1357.1 81
-1356.9 92
-1356.7 87
-1356.5 73
-1356.3 80
-1356.1 59
-1355.9 64
-1355.7 62
-1355.5 60
-1355.3 64
-1355.1 81
-1354.9 61
-1354.7 59
-1354.5 76
-1354.3 61
-1354.1 55
-1353.9 53
-1353.7 58
-1353.5 60
-1353.3 54
-1353.1 54
-1352.9 47
-1352.7 47
-1352.5 51
-1352.3 48
-1352.1 45
-1351.9 40
-1351.7 29
-1351.5 42
-1351.3 43
-1351.1 46
-1350.9 38
-1350.7 37
-1350.5 27
-1350.3 30
-1350.1 43
-1349.9 33
-1349.7 37
-1349.5 35
-1349.3 25
-1349.1 31
-1348.9 42
-1348.7 20
-1348.5 24
-1348.3 28
-1348.1 23
-1347.9 23
-1347.7 16
-1347.5 17
-1347.3 23
-1347.1 18
-1346.9 23
-1346.7 17
-1346.5 23
-1346.3 13
-1346.1 14
-1345.9 22
-1345.7 18
-1345.5 11
-1345.3 11
-1345.1 17
-1344.9 11
-1344.7 19
-1344.5 17
-1344.3 14
-1344.1 9
-1343.9 8
-1343.7 6
-1343.5 6
-1343.3 15
-1343.1 6
-1342.9 4
-1342.7 5
-1342.5 7
-1342.3 4
-1342.1 5
-1341.9 7
-1341.7 7
-1341.5 3
-1341.3 4
-1341.1 2
-1340.9 5
-1340.7 2
-1340.5 7
-1340.3 8
-1340.1 3
-1339.9 4
-1339.7 2
-1339.5 4
-1339.3 5
-1339.1 2
-1338.9 2
-1338.7 3
-1338.5 5
-1338.3 1
-1338.1 2
-1337.9 0
-1337.7 4
-1337.5 3
-1337.3 1
-1337.1 4
-1336.9 0
-1336.7 3
-1336.5 4
-1336.3 2
-1336.1 0
-1335.9 5
-1335.7 1
-1335.5 2
-1335.3 4
-1335.1 2
-1334.9 2
-1334.7 0
-1334.5 1
-1334.3 1
-1334.1 2
-1333.9 2
-1333.7 1
-1333.5 3
-1333.3 1
-1333.1 1
-1332.9 0
-1332.7 0
-1332.5 2
-1332.3 0
-1332.1 1
-1331.9 1
-1331.7 0
-1331.5 1
-1331.3 0
-1331.1 0
-1330.9 1
-1330.7 0
-1330.5 2
-1330.3 1
-1330.1 0
-1329.9 0
-1329.7 0
-1329.5 1
-1329.3 0
-1329.1 0
-1328.9 2
-1328.7 1
-1328.5 0
-1328.3 1
-1328.1 0
-1327.9 0
-1327.7 1
-1327.5 1
-1327.3 1
-1327.1 0
-1326.9 2
-1326.7 0
-1326.5 0
-1326.3 0
-1326.1 1
-1325.9 0
-1325.7 0
-1325.5 0
-1325.3 0
-1325.1 1
-1324.9 0
-1324.7 0
-1324.5 0
-1324.3 0
-1324.1 0
-1323.9 0
-1323.7 0
-1323.5 0
-1323.3 0
-1323.1 0
-1322.9 0
-1322.7 1
-1322.5 0
-1322.3 0
-1322.1 0
-1321.9 0
-1321.7 0
-1321.5 1
-1321.3 0
-1321.1 0
-1320.9 0
-1320.7 0
-1320.5 0
-1320.3 1
-1320.1 0
-1319.9 0
-1319.7 0
-1319.5 0
-1319.3 0
-1319.1 0
-1318.9 0
-1318.7 1
-1318.5 0
-1318.3 0
-1318.1 0
-1317.9 3
-1317.7 0
-1317.5 0
-1317.3 2
-1317.1 0
-1316.9 0
-1316.7 0
-1316.5 0
-1316.3 0
-1316.1 0
-1315.9 0
-1315.7 0
-1315.5 0
-1315.3 0
-1315.1 0
-1314.9 0
-1314.7 1
-1314.5 0
-1314.3 0
-1314.1 0
-1313.9 1
-1313.7 0
-1313.5 0
-1313.3 0
-1313.1 0
-1312.9 0
-1312.7 0
-1312.5 1
-1312.3 0
-1312.1 2
-1311.9 0
-1311.7 1
-1311.5 0
-1311.3 0
-1311.1 1
-1310.9 1
-1310.7 0
-1310.5 0
-1310.3 1
-1310.1 0
-1309.9 0
-1309.7 0
-1309.5 0
-1309.3 0
-1309.1 0
-1308.9 0
-1308.7 0
-1308.5 0
-1308.3 0
-1308.1 0
-1307.9 0
-1307.7 1
-1307.5 0
-1307.3 0
-1307.1 0
-1306.9 0
-1306.7 0
-1306.5 0
-1306.3 0
-1306.1 0
-1305.9 0
-1305.7 0
-1305.5 0
-1305.3 2
-1305.1 1
-1304.9 0
-1304.7 0
-1304.5 0
-1304.3 2
-1304.1 0
-1303.9 1
-1303.7 1
-1303.5 4
-1303.3 0
-1303.1 0
-1302.9 0
-1302.7 0
-1302.5 3
-1302.3 2
-1302.1 2
-1301.9 3
-1301.7 0
-1301.5 2
-1301.3 1
-1301.1 1
-1300.9 0
-1300.7 4
-1300.5 1
-1300.3 2
-1300.1 2
