1300
-209.7 1.68958e-06
-209.5 1.68958e-06
-209.3 1.68958e-06
-209.1 1.68958e-06
-208.9 1.68958e-06
-208.7 3.37917e-06
-208.5 3.37917e-06
-208.3 4.22396e-06
-208.1 4.22396e-06
-207.9 5.91354e-06
-207.7 5.91354e-06
-207.5 5.91354e-06
-207.3 5.91354e-06
-207.1 6.75833e-06
-206.9 7.60312e-06
-206.7 7.60312e-06
-206.5 7.60312e-06
-206.3 7.60312e-06
-206.1 7.60312e-06
-205.9 8.44792e-06
-205.7 8.44792e-06
-205.5 8.44792e-06
-205.3 8.44792e-06
-205.1 9.29271e-06
-204.9 9.29271e-06
-204.7 9.29271e-06
-204.5 9.29271e-06
-204.3 1.01375e-05
-204.1 1.01375e-05
-203.9 1.09823e-05
-203.7 1.09823e-05
-203.5 1.18271e-05
-203.3 1.18271e-05
-203.1 1.26719e-05
-202.9 1.26719e-05
-202.7 1.26719e-05
-202.5 1.35167e-05
-202.3 1.35167e-05
-202.1 1.43615e-05
-201.9 1.43615e-05
-201.7 1.52062e-05
-201.5 1.77406e-05
-201.3 1.85854e-05
-201.1 2.19646e-05
-200.9 2.78781e-05
-200.7 3.37917e-05
-200.5 4.73083e-05
-200.3 5.91354e-05
-200.1 7.85656e-05
-199.9 0.000108133
-199.7 0.000153752
-199.5 0.000207819
-199.3 0.000280471
-199.1 0.000387759
-198.9 0.000505185
-198.7 0.000647955
-198.5 0.000835499
-198.3 0.0010788
-198.1 0.00140911
-197.9 0.00180447
-197.7 0.00229445
-197.5 0.00290693
-197.3 0.00369596
-197.1 0.00460918
-196.9 0.00570741
-196.7 0.00688759
-196.5 0.00832795
-196.3 0.00989758
-196.1 0.0116531
-195.9 0.0135766
-195.7 0.0156878
-195.5 0.0178657
-195.3 0.0200275
-195.1 0.0223194
-194.9 0.0246772
-194.7 0.0270266
-194.5 0.0293717
-194.3 0.0317692
-194.1 0.0340392
-193.9 0.0363083
-193.7 0.0385495
-193.5 0.0407916
-193.3 0.0429593
-193.1 0.045073
-192.9 0.0471233
-192.7 0.0491694
-192.5 0.051191
-192.3 0.0531484
-192.1 0.0550686
-191.9 0.056982
-191.7 0.0588566
-191.5 0.0607076
-191.3 0.0625779
-191.1 0.0643883
-190.9 0.0662148
-190.7 0.0680066
-190.5 0.0697832
-190.3 0.0715167
-190.1 0.0733093
-189.9 0.0750378
-189.7 0.0767704
-189.5 0.0785335
-189.3 0.080267
-189.1 0.0820343
-188.9 0.0837721
-188.7 0.0854118
-188.5 0.0871284
-188.3 0.0888231
-188.1 0.090467
-187.9 0.0921194
-187.7 0.093793
-187.5 0.0953955
-187.3 0.0969888
-187.1 0.0986472
-186.9 0.100284
-186.7 0.101965
-186.5 0.10359
-186.3 0.105214
-186.1 0.106753
-185.9 0.108319
-185.7 0.11
-185.5 0.111606
-185.3 0.113192
-185.1 0.11476
-184.9 0.116199
-184.7 0.117696
-184.5 0.119236
-184.3 0.120777
-184.1 0.122264
-183.9 0.123722
-183.7 0.125239
-183.5 0.126682
-183.3 0.128124
-183.1 0.129564
-182.9 0.131007
-182.7 0.132397
-182.5 0.13376
-182.3 0.135167
-182.1 0.136531
-181.9 0.13791
-181.7 0.13923
-181.5 0.140548
-181.3 0.141818
-181.1 0.143181
-180.9 0.144466
-180.7 0.145678
-180.5 0.146886
-180.3 0.148091
-180.1 0.14927
-179.9 0.150429
-179.7 0.151621
-179.5 0.152802
-179.3 0.153948
-179.1 0.155097
-178.9 0.156207
-178.7 0.157355
-178.5 0.158543
-178.3 0.159659
-178.1 0.160772
-177.9 0.161854
-177.7 0.162947
-177.5 0.164001
-177.3 0.165061
-177.1 0.166143
-176.9 0.167183
-176.7 0.168259
-176.5 0.169268
-176.3 0.170234
-176.1 0.171267
-175.9 0.172295
-175.7 0.173296
-175.5 0.174259
-175.3 0.175265
-175.1 0.176265
-174.9 0.177295
-174.7 0.178272
-174.5 0.179236
-174.3 0.180164
-174.1 0.181147
-173.9 0.182137
-173.7 0.183135
-173.5 0.184124
-173.3 0.18508
-173.1 0.185999
-172.9 0.186993
-172.7 0.18796
-172.5 0.188898
-172.3 0.189899
-172.1 0.190878
-171.9 0.191812
-171.7 0.19274
-171.5 0.193697
-171.3 0.194684
-171.1 0.195581
-170.9 0.196496
-170.7 0.197456
-170.5 0.198432
-170.3 0.19936
-170.1 0.200275
-169.9 0.201173
-169.7 0.202105
-169.5 0.203096
-169.3 0.204002
-169.1 0.204908
-168.9 0.205803
-168.7 0.206719
-168.5 0.207641
-168.3 0.208555
-168.1 0.20946
-167.9 0.210334
-167.7 0.211216
-167.5 0.212125
-167.3 0.213024
-167.1 0.213975
-166.9 0.214881
-166.7 0.215735
-166.5 0.216621
-166.3 0.217506
-166.1 0.218439
-165.9 0.219341
-165.7 0.220171
-165.5 0.221073
-165.3 0.222008
-165.1 0.222846
-164.9 0.223703
-164.7 0.224564
-164.5 0.225495
-164.3 0.226393
-164.1 0.227236
-163.9 0.228162
-163.7 0.229034
-163.5 0.22991
-163.3 0.230755
-163.1 0.231604
-162.9 0.232454
-162.7 0.233351
-162.5 0.234225
-162.3 0.235099
-162.1 0.235972
-161.9 0.236836
-161.7 0.237707
-161.5 0.238545
-161.3 0.239393
-161.1 0.240272
-160.9 0.241157
-160.7 0.242
-160.5 0.242848
-160.3 0.243741
-160.1 0.2446
-159.9 0.245457
-159.7 0.24634
-159.5 0.247209
-159.3 0.248037
-159.1 0.248916
-158.9 0.24978
-158.7 0.250628
-158.5 0.25151
-158.3 0.252298
-158.1 0.253165
-157.9 0.254019
-157.7 0.254894
-157.5 0.255735
-157.3 0.256594
-157.1 0.257401
-156.9 0.258192
-156.7 0.259037
-156.5 0.259841
-156.3 0.260662
-156.1 0.261472
-155.9 0.262249
-155.7 0.263088
-155.5 0.263915
-155.3 0.264695
-155.1 0.265454
-154.9 0.266268
-154.7 0.267054
-154.5 0.267847
-154.3 0.268628
-154.1 0.269489
-153.9 0.270303
-153.7 0.271061
-153.5 0.271815
-153.3 0.27265
-153.1 0.273455
-152.9 0.27426
-152.7 0.275005
-152.5 0.275813
-152.3 0.27657
-152.1 0.277307
-151.9 0.278072
-151.7 0.278803
-151.5 0.279558
-151.3 0.280325
-151.1 0.281142
-150.9 0.281931
-150.7 0.282691
-150.5 0.283511
-150.3 0.284288
-150.1 0.28504
-149.9 0.285782
-149.7 0.286577
-149.5 0.287363
-149.3 0.28816
-149.1 0.288952
-148.9 0.289723
-148.7 0.290521
-148.5 0.291255
-148.3 0.292105
-148.1 0.292866
-147.9 0.293702
-147.7 0.294499
-147.5 0.29531
-147.3 0.296116
-147.1 0.296894
-146.9 0.297674
-146.7 0.29854
-146.5 0.299355
-146.3 0.300162
-146.1 0.300953
-145.9 0.30178
-145.7 0.302606
-145.5 0.303421
-145.3 0.30423
-145.1 0.305031
-144.9 0.30588
-144.7 0.306712
-144.5 0.307546
-144.3 0.308384
-144.1 0.309258
-143.9 0.310131
-143.7 0.311021
-143.5 0.311847
-143.3 0.312691
-143.1 0.31356
-142.9 0.314436
-142.7 0.315336
-142.5 0.3162
-142.3 0.317083
-142.1 0.317963
-141.9 0.318858
-141.7 0.319704
-141.5 0.320578
-141.3 0.321463
-141.1 0.322378
-140.9 0.323248
-140.7 0.324179
-140.5 0.325114
-140.3 0.325987
-140.1 0.326844
-139.9 0.327695
-139.7 0.328539
-139.5 0.329432
-139.3 0.330342
-139.1 0.331223
-138.9 0.332103
-138.7 0.332994
-138.5 0.333916
-138.3 0.33482
-138.1 0.335729
-137.9 0.33666
-137.7 0.337577
-137.5 0.338461
-137.3 0.339321
-137.1 0.340274
-136.9 0.341226
-136.7 0.34209
-136.5 0.34297
-136.3 0.343851
-136.1 0.344737
-135.9 0.345594
-135.7 0.346501
-135.5 0.347418
-135.3 0.348297
-135.1 0.349193
-134.9 0.350099
-134.7 0.351043
-134.5 0.351957
-134.3 0.352867
-134.1 0.353795
-133.9 0.354701
-133.7 0.355615
-133.5 0.356527
-133.3 0.357393
-133.1 0.358278
-132.9 0.359126
-132.7 0.360048
-132.5 0.360952
-132.3 0.361852
-132.1 0.362709
-131.9 0.363603
-131.7 0.364509
-131.5 0.365442
-131.3 0.366296
-131.1 0.367176
-130.9 0.368106
-130.7 0.368998
-130.5 0.369856
-130.3 0.370741
-130.1 0.371667
-129.9 0.372567
-129.7 0.373468
-129.5 0.37439
-129.3 0.375299
-129.1 0.376173
-128.9 0.377073
-128.7 0.377983
-128.5 0.378841
-128.3 0.379777
-128.1 0.380645
-127.9 0.381493
-127.7 0.382356
-127.5 0.383246
-127.3 0.384166
-127.1 0.385015
-126.9 0.385911
-126.7 0.386822
-126.5 0.387674
-126.3 0.388561
-126.1 0.389415
-125.9 0.390273
-125.7 0.391178
-125.5 0.392056
-125.3 0.392899
-125.1 0.393713
-124.9 0.394537
-124.7 0.395453
-124.5 0.396345
-124.3 0.397214
-124.1 0.398082
-123.9 0.398971
-123.7 0.399858
-123.5 0.400756
-123.3 0.401626
-123.1 0.402518
-122.9 0.403393
-122.7 0.40424
-122.5 0.405147
-122.3 0.406025
-122.1 0.406905
-121.9 0.40769
-121.7 0.408533
-121.5 0.409358
-121.3 0.410259
-121.1 0.411139
-120.9 0.412
-120.7 0.412883
-120.5 0.413743
-120.3 0.414608
-120.1 0.41549
-119.9 0.416323
-119.7 0.417163
-119.5 0.418006
-119.3 0.418889
-119.1 0.419736
-118.9 0.42055
-118.7 0.421376
-118.5 0.42226
-118.3 0.423149
-118.1 0.424035
-117.9 0.424897
-117.7 0.425718
-117.5 0.426519
-117.3 0.427403
-117.1 0.428231
-116.9 0.429084
-116.7 0.429885
-116.5 0.430711
-116.3 0.431564
-116.1 0.432418
-115.9 0.433195
-115.7 0.434059
-115.5 0.434913
-115.3 0.435716
-115.1 0.436592
-114.9 0.437396
-114.7 0.438244
-114.5 0.439058
-114.3 0.439951
-114.1 0.440773
-113.9 0.441562
-113.7 0.442399
-113.5 0.443238
-113.3 0.444074
-113.1 0.444882
-112.9 0.445695
-112.7 0.446524
-112.5 0.447342
-112.3 0.448125
-112.1 0.448983
-111.9 0.449812
-111.7 0.450728
-111.5 0.451622
-111.3 0.452409
-111.1 0.453232
-110.9 0.454059
-110.7 0.45487
-110.5 0.455675
-110.3 0.456475
-110.1 0.457324
-109.9 0.458161
-109.7 0.458993
-109.5 0.459798
-109.3 0.460614
-109.1 0.461429
-108.9 0.462301
-108.7 0.463139
-108.5 0.463909
-108.3 0.464722
-108.1 0.465598
-107.9 0.466455
-107.7 0.467336
-107.5 0.468158
-107.3 0.468999
-107.1 0.469777
-106.9 0.470609
-106.7 0.471453
-106.5 0.472311
-106.3 0.473104
-106.1 0.473899
-105.9 0.474705
-105.7 0.475502
-105.5 0.476304
-105.3 0.477118
-105.1 0.477955
-104.9 0.478784
-104.7 0.47957
-104.5 0.480412
-104.3 0.481258
-104.1 0.482106
-103.9 0.482924
-103.7 0.483756
-103.5 0.484555
-103.3 0.485392
-103.1 0.486207
-102.9 0.487067
-102.7 0.48791
-102.5 0.488725
-102.3 0.489547
-102.1 0.490417
-101.9 0.491218
-101.7 0.49203
-101.5 0.492795
-101.3 0.493591
-101.1 0.494436
-100.9 0.495272
-100.7 0.496079
-100.5 0.496897
-100.3 0.497685
-100.1 0.498495
-99.9 0.499344
-99.7 0.500146
-99.5 0.500947
-99.3 0.501779
-99.1 0.50259
-98.9 0.503459
-98.7 0.504259
-98.5 0.505076
-98.3 0.505908
-98.1 0.506703
-97.9 0.507583
-97.7 0.508419
-97.5 0.509245
-97.3 0.510091
-97.1 0.510934
-96.9 0.511764
-96.7 0.512586
-96.5 0.513374
-96.3 0.514204
-96.1 0.515
-95.9 0.515794
-95.7 0.516606
-95.5 0.517408
-95.3 0.518204
-95.1 0.51903
-94.9 0.519828
-94.7 0.520599
-94.5 0.52147
-94.3 0.522268
-94.1 0.523059
-93.9 0.52389
-93.7 0.524714
-93.5 0.525533
-93.3 0.526291
-93.1 0.527088
-92.9 0.527898
-92.7 0.528749
-92.5 0.529543
-92.3 0.530286
-92.1 0.531125
-91.9 0.531922
-91.7 0.532722
-91.5 0.533512
-91.3 0.534335
-91.1 0.535183
-90.9 0.536013
-90.7 0.536871
-90.5 0.537667
-90.3 0.538463
-90.1 0.539312
-89.9 0.540173
-89.7 0.540954
-89.5 0.541783
-89.3 0.542603
-89.1 0.543393
-88.9 0.544234
-88.7 0.545017
-88.5 0.545864
-88.3 0.546678
-88.1 0.547483
-87.9 0.54824
-87.7 0.549058
-87.5 0.549898
-87.3 0.55072
-87.1 0.551522
-86.9 0.552349
-86.7 0.553168
-86.5 0.554011
-86.3 0.554784
-86.1 0.555606
-85.9 0.556419
-85.7 0.55724
-85.5 0.55806
-85.3 0.55886
-85.1 0.55968
-84.9 0.560481
-84.7 0.561294
-84.5 0.562131
-84.3 0.56292
-84.1 0.563723
-83.9 0.564569
-83.7 0.565394
-83.5 0.566207
-83.3 0.566995
-83.1 0.567809
-82.9 0.568608
-82.7 0.569438
-82.5 0.570252
-82.3 0.571088
-82.1 0.571892
-81.9 0.57272
-81.7 0.573576
-81.5 0.574426
-81.3 0.575219
-81.1 0.576054
-80.9 0.57689
-80.7 0.577706
-80.5 0.578512
-80.3 0.57937
-80.1 0.580188
-79.9 0.580996
-79.7 0.581867
-79.5 0.582694
-79.3 0.583508
-79.1 0.584318
-78.9 0.585213
-78.7 0.586057
-78.5 0.586888
-78.3 0.587726
-78.1 0.58855
-77.9 0.58935
-77.7 0.590154
-77.5 0.590967
-77.3 0.591811
-77.1 0.592683
-76.9 0.593491
-76.7 0.594329
-76.5 0.595194
-76.3 0.59601
-76.1 0.596829
-75.9 0.597682
-75.7 0.598518
-75.5 0.599337
-75.3 0.600125
-75.1 0.600926
-74.9 0.601786
-74.7 0.602633
-74.5 0.603451
-74.3 0.604275
-74.1 0.605107
-73.9 0.605895
-73.7 0.606682
-73.5 0.607494
-73.3 0.608351
-73.1 0.609157
-72.9 0.609997
-72.7 0.61087
-72.5 0.611714
-72.3 0.612568
-72.1 0.613447
-71.9 0.61423
-71.7 0.61509
-71.5 0.615948
-71.3 0.616785
-71.1 0.617646
-70.9 0.618466
-70.7 0.619312
-70.5 0.620144
-70.3 0.620982
-70.1 0.621822
-69.9 0.622629
-69.7 0.6235
-69.5 0.624302
-69.3 0.625151
-69.1 0.625978
-68.9 0.626791
-68.7 0.627698
-68.5 0.628527
-68.3 0.629392
-68.1 0.630234
-67.9 0.631121
-67.7 0.631972
-67.5 0.6328
-67.3 0.633656
-67.1 0.63452
-66.9 0.635367
-66.7 0.636215
-66.5 0.637059
-66.3 0.637881
-66.1 0.638779
-65.9 0.639597
-65.7 0.640468
-65.5 0.641351
-65.3 0.642217
-65.1 0.643065
-64.9 0.643868
-64.7 0.644703
-64.5 0.645542
-64.3 0.64637
-64.1 0.647212
-63.9 0.64804
-63.7 0.648883
-63.5 0.649738
-63.3 0.650568
-63.1 0.651404
-62.9 0.65222
-62.7 0.65305
-62.5 0.653873
-62.3 0.654701
-62.1 0.655573
-61.9 0.656398
-61.7 0.657213
-61.5 0.658042
-61.3 0.658861
-61.1 0.659707
-60.9 0.660543
-60.7 0.661387
-60.5 0.662251
-60.3 0.663108
-60.1 0.66395
-59.9 0.66484
-59.7 0.665731
-59.5 0.666554
-59.3 0.667386
-59.1 0.668185
-58.9 0.669028
-58.7 0.669904
-58.5 0.670741
-58.3 0.671564
-58.1 0.672433
-57.9 0.673214
-57.7 0.674008
-57.5 0.67483
-57.3 0.67568
-57.1 0.676501
-56.9 0.67735
-56.7 0.678213
-56.5 0.679019
-56.3 0.679876
-56.1 0.680725
-55.9 0.681604
-55.7 0.682451
-55.5 0.683283
-55.3 0.68409
-55.1 0.68494
-54.9 0.685785
-54.7 0.68661
-54.5 0.687436
-54.3 0.688274
-54.1 0.689085
-53.9 0.68988
-53.7 0.690712
-53.5 0.691547
-53.3 0.692408
-53.1 0.693246
-52.9 0.694044
-52.7 0.69484
-52.5 0.695699
-52.3 0.696541
-52.1 0.697414
-51.9 0.698219
-51.7 0.69902
-51.5 0.699876
-51.3 0.700705
-51.1 0.70153
-50.9 0.702361
-50.7 0.703233
-50.5 0.704067
-50.3 0.704878
-50.1 0.705687
-49.9 0.706566
-49.7 0.707402
-49.5 0.708196
-49.3 0.709039
-49.1 0.709834
-48.9 0.710656
-48.7 0.711467
-48.5 0.71231
-48.3 0.713124
-48.1 0.713952
-47.9 0.714772
-47.7 0.715619
-47.5 0.716442
-47.3 0.717313
-47.1 0.718142
-46.9 0.718989
-46.7 0.71982
-46.5 0.720647
-46.3 0.721451
-46.1 0.722278
-45.9 0.723087
-45.7 0.723923
-45.5 0.724742
-45.3 0.725558
-45.1 0.726384
-44.9 0.727194
-44.7 0.727961
-44.5 0.728823
-44.3 0.729624
-44.1 0.73043
-43.9 0.731294
-43.7 0.732119
-43.5 0.732987
-43.3 0.733778
-43.1 0.734634
-42.9 0.735446
-42.7 0.736277
-42.5 0.737081
-42.3 0.737887
-42.1 0.7387
-41.9 0.73953
-41.7 0.740385
-41.5 0.741161
-41.3 0.741953
-41.1 0.742723
-40.9 0.74353
-40.7 0.744353
-40.5 0.745227
-40.3 0.745991
-40.1 0.746797
-39.9 0.747599
-39.7 0.748387
-39.5 0.749215
-39.3 0.750049
-39.1 0.750822
-38.9 0.751681
-38.7 0.752485
-38.5 0.753283
-38.3 0.754144
-38.1 0.755016
-37.9 0.755851
-37.7 0.756642
-37.5 0.757455
-37.3 0.758268
-37.1 0.759071
-36.9 0.75991
-36.7 0.760714
-36.5 0.761496
-36.3 0.762335
-36.1 0.763132
-35.9 0.763944
-35.7 0.764786
-35.5 0.765549
-35.3 0.766331
-35.1 0.767179
-34.9 0.768013
-34.7 0.76883
-34.5 0.769662
-34.3 0.770495
-34.1 0.771313
-33.9 0.77213
-33.7 0.772965
-33.5 0.773751
-33.3 0.774533
-33.1 0.775318
-32.9 0.776162
-32.7 0.776979
-32.5 0.777783
-32.3 0.778627
-32.1 0.779401
-31.9 0.780267
-31.7 0.781131
-31.5 0.781975
-31.3 0.782806
-31.1 0.783684
-30.9 0.784513
-30.7 0.785343
-30.5 0.786158
-30.3 0.786963
-30.1 0.787796
-29.9 0.788591
-29.7 0.789413
-29.5 0.790199
-29.3 0.791081
-29.1 0.791908
-28.9 0.792654
-28.7 0.793428
-28.5 0.794266
-28.3 0.79506
-28.1 0.795888
-27.9 0.796698
-27.7 0.797499
-27.5 0.798336
-27.3 0.799207
-27.1 0.800075
-26.9 0.800932
-26.7 0.801776
-26.5 0.802595
-26.3 0.803418
-26.1 0.804213
-25.9 0.805067
-25.7 0.805918
-25.5 0.806696
-25.3 0.807446
-25.1 0.808271
-24.9 0.809112
-24.7 0.809891
-24.5 0.810718
-24.3 0.811499
-24.1 0.812373
-23.9 0.813206
-23.7 0.81403
-23.5 0.814835
-23.3 0.815624
-23.1 0.816411
-22.9 0.81719
-22.7 0.818013
-22.5 0.818819
-22.3 0.819613
-22.1 0.82044
-21.9 0.821245
-21.7 0.822047
-21.5 0.822839
-21.3 0.823597
-21.1 0.824399
-20.9 0.825178
-20.7 0.825989
-20.5 0.826784
-20.3 0.827591
-20.1 0.8284
-19.9 0.829181
-19.7 0.830011
-19.5 0.830838
-19.3 0.831631
-19.1 0.832413
-18.9 0.833214
-18.7 0.834072
-18.5 0.834859
-18.3 0.835627
-18.1 0.836468
-17.9 0.837257
-17.7 0.838059
-17.5 0.838839
-17.3 0.839649
-17.1 0.840487
-16.9 0.841335
-16.7 0.842157
-16.5 0.842985
-16.3 0.843847
-16.1 0.844692
-15.9 0.845528
-15.7 0.846354
-15.5 0.847176
-15.3 0.847999
-15.1 0.848799
-14.9 0.84961
-14.7 0.850423
-14.5 0.851265
-14.3 0.852063
-14.1 0.852894
-13.9 0.853735
-13.7 0.854529
-13.5 0.855351
-13.3 0.856133
-13.1 0.856978
-12.9 0.857778
-12.7 0.858594
-12.5 0.859445
-12.3 0.860264
-12.1 0.861133
-11.9 0.861939
-11.7 0.862758
-11.5 0.863524
-11.3 0.86436
-11.1 0.865149
-10.9 0.865959
-10.7 0.866799
-10.5 0.867635
-10.3 0.868438
-10.1 0.86924
-9.9 0.870062
-9.7 0.870881
-9.5 0.871702
-9.3 0.872513
-9.1 0.87336
-8.9 0.874202
-8.7 0.875009
-8.5 0.875838
-8.3 0.876649
-8.1 0.877429
-7.9 0.878233
-7.7 0.87907
-7.5 0.879901
-7.3 0.880692
-7.1 0.881473
-6.9 0.882226
-6.7 0.883059
-6.5 0.883824
-6.3 0.884627
-6.1 0.885461
-5.9 0.886272
-5.7 0.88708
-5.5 0.887962
-5.3 0.888798
-5.1 0.889642
-4.9 0.890505
-4.7 0.891304
-4.5 0.892144
-4.3 0.892978
-4.1 0.893779
-3.9 0.894592
-3.7 0.895383
-3.5 0.896147
-3.3 0.897003
-3.1 0.897797
-2.9 0.898613
-2.7 0.899422
-2.5 0.900237
-2.3 0.901075
-2.1 0.901886
-1.9 0.902677
-1.7 0.903491
-1.5 0.904308
-1.3 0.905133
-1.1 0.905942
-0.899999 0.906773
-0.699999 0.907628
-0.499999 0.908453
-0.299999 0.909271
-0.0999994 0.910069
0.100001 0.910888
0.300001 0.911723
0.500001 0.91254
0.700001 0.913338
0.900001 0.914162
1.1 0.914986
1.3 0.915807
1.5 0.916646
1.7 0.917433
1.9 0.918259
2.1 0.919092
2.3 0.919895
2.5 0.920726
2.7 0.921551
2.9 0.922424
3.1 0.923232
3.3 0.924039
3.5 0.924831
3.7 0.925608
3.9 0.926496
4.1 0.927317
4.3 0.928157
4.5 0.928977
4.7 0.929827
4.9 0.93067
5.1 0.931476
5.3 0.93233
5.5 0.93316
5.7 0.93398
5.9 0.934796
6.1 0.935638
6.3 0.936437
6.5 0.937261
6.7 0.938051
6.9 0.93884
7.1 0.939668
7.3 0.940508
7.5 0.941319
7.7 0.942153
7.9 0.942999
8.1 0.943815
8.3 0.944612
8.5 0.945408
8.7 0.94621
8.9 0.946962
9.1 0.947754
9.3 0.948584
9.5 0.94936
9.7 0.950125
9.9 0.950905
10.1 0.951725
10.3 0.952503
10.5 0.953221
10.7 0.953983
10.9 0.954728
11.1 0.955462
11.3 0.956229
11.5 0.956968
11.7 0.957707
11.9 0.958436
12.1 0.959202
12.3 0.959966
12.5 0.960712
12.7 0.961415
12.9 0.962151
13.1 0.962848
13.3 0.963589
13.5 0.964299
13.7 0.964994
13.9 0.965701
14.1 0.966384
14.3 0.967081
14.5 0.967796
14.7 0.968488
14.9 0.969167
15.1 0.969856
15.3 0.97054
15.5 0.971228
15.7 0.971901
15.9 0.972548
16.1 0.973169
16.3 0.973819
16.5 0.974449
16.7 0.975058
16.9 0.97573
17.1 0.976319
17.3 0.976916
17.5 0.977522
17.7 0.978094
17.9 0.978656
18.1 0.979232
18.3 0.979845
18.5 0.980383
18.7 0.98091
18.9 0.981475
19.1 0.982008
19.3 0.982547
19.5 0.98311
19.7 0.983614
19.9 0.984127
20.1 0.98463
20.3 0.985138
20.5 0.98564
20.7 0.986101
20.9 0.986543
21.1 0.987001
21.3 0.987432
21.5 0.98787
21.7 0.988273
21.9 0.988685
22.1 0.989099
22.3 0.989508
22.5 0.989888
22.7 0.990267
22.9 0.99064
23.1 0.990978
23.3 0.991315
23.5 0.991632
23.7 0.991959
23.9 0.992281
24.1 0.992571
24.3 0.99285
24.5 0.99313
24.7 0.9934
24.9 0.993669
25.1 0.993955
25.3 0.994217
25.5 0.994467
25.7 0.994707
25.9 0.994952
26.1 0.995156
26.3 0.995362
26.5 0.995576
26.7 0.99578
26.9 0.995974
27.1 0.996176
27.3 0.996364
27.5 0.996538
27.7 0.996721
27.9 0.996891
28.1 0.997055
28.3 0.997208
28.5 0.99734
28.7 0.99746
28.9 0.997591
29.1 0.997711
29.3 0.997827
29.5 0.997925
29.7 0.998036
29.9 0.998141
30.1 0.998253
30.3 0.998337
30.5 0.998424
30.7 0.998526
30.9 0.998595
31.1 0.998686
31.3 0.998784
31.5 0.99886
31.7 0.998937
31.9 0.998999
32.1 0.999059
32.3 0.99912
32.5 0.999183
32.7 0.999223
32.9 0.999276
33.1 0.999319
33.3 0.99936
33.5 0.999404
33.7 0.999439
33.9 0.999469
34.1 0.9995
34.3 0.999531
34.5 0.999559
34.7 0.999584
34.9 0.99961
35.1 0.999637
35.3 0.999654
35.5 0.999678
35.7 0.999696
35.9 0.999716
36.1 0.999731
36.3 0.999751
36.5 0.99976
36.7 0.999769
36.9 0.999781
37.1 0.999796
37.3 0.999802
37.5 0.999816
37.7 0.999826
37.9 0.999833
38.1 0.99984
38.3 0.999844
38.5 0.99985
38.7 0.999851
38.9 0.999858
39.1 0.999866
39.3 0.999871
39.5 0.999875
39.7 0.99988
39.9 0.999883
40.1 0.999887
40.3 0.999892
40.5 0.999895
40.7 0.999898
40.9 0.999901
41.1 0.999904
41.3 0.999908
41.5 0.999912
41.7 0.999914
41.9 0.999917
42.1 0.999923
42.3 0.999927
42.5 0.999929
42.7 0.999932
42.9 0.999934
43.1 0.999934
43.3 0.999935
43.5 0.999937
43.7 0.999939
43.9 0.999939
44.1 0.999941
44.3 0.999943
44.5 0.999945
44.7 0.999947
44.9 0.999948
45.1 0.999948
45.3 0.99995
45.5 0.999953
45.7 0.999954
45.9 0.999956
46.1 0.999958
46.3 0.999962
46.5 0.999963
46.7 0.999966
46.9 0.999969
47.1 0.99997
47.3 0.999971
47.5 0.999973
47.7 0.999973
47.9 0.999976
48.1 0.999976
48.3 0.999977
48.5 0.99998
48.7 0.999982
48.9 0.999985
49.1 0.999989
49.3 0.999991
49.5 0.999993
49.7 0.999997
49.9 0.999997
50.1 1
