1149
-199.5 8.16205e-07
-199.3 8.16205e-07
-199.1 8.16205e-07
-198.9 8.16205e-07
-198.7 8.16205e-07
-198.5 5.71343e-06
-198.3 1.22431e-05
-198.1 1.79565e-05
-197.9 2.93834e-05
-197.7 5.30533e-05
-197.5 7.91718e-05
-197.3 0.000112636
-197.1 0.000186911
-196.9 0.000260369
-196.7 0.000388513
-196.5 0.000546857
-196.3 0.000752541
-196.1 0.00100312
-195.9 0.00129368
-195.7 0.00169444
-195.5 0.00216539
-195.3 0.00269266
-195.1 0.00339133
-194.9 0.0041855
-194.7 0.00512576
-194.5 0.00627661
-194.3 0.00763641
-194.1 0.00910313
-193.9 0.0107608
-193.7 0.012443
-193.5 0.014215
-193.3 0.0162278
-193.1 0.0182969
-192.9 0.0204345
-192.7 0.0226407
-192.5 0.0247922
-192.3 0.0269576
-192.1 0.0291361
-191.9 0.031441
-191.7 0.0335346
-191.5 0.0356175
-191.3 0.0377315
-191.1 0.039812
-190.9 0.0419937
-190.7 0.0440546
-190.5 0.0461409
-190.3 0.0482638
-190.1 0.0502578
-189.9 0.0522599
-189.7 0.0543258
-189.5 0.0562838
-189.3 0.0582027
-189.1 0.0601975
-188.9 0.0620707
-188.7 0.0640672
-188.5 0.065973
-188.3 0.0678462
-188.1 0.0697333
-187.9 0.0716546
-187.7 0.0734862
-187.5 0.0753145
-187.3 0.0771126
-187.1 0.0789711
-186.9 0.0807643
-186.7 0.0825624
-186.5 0.0842992
-186.3 0.0860394
-186.1 0.087764
-185.9 0.089425
-185.7 0.0912264
-185.5 0.0929608
-185.3 0.094674
-185.1 0.0964101
-184.9 0.0980841
-184.7 0.099803
-184.5 0.101503
-184.3 0.103201
-184.1 0.104846
-183.9 0.106511
-183.7 0.10809
-183.5 0.109723
-183.3 0.111334
-183.1 0.112977
-182.9 0.114579
-182.7 0.116143
-182.5 0.1177
-182.3 0.119356
-182.1 0.120965
-181.9 0.122565
-181.7 0.124122
-181.5 0.125626
-181.3 0.127137
-181.1 0.128686
-180.9 0.130134
-180.7 0.131629
-180.5 0.133026
-180.3 0.13445
-180.1 0.135896
-179.9 0.13737
-179.7 0.138699
-179.5 0.140048
-179.3 0.141362
-179.1 0.142728
-178.9 0.144105
-178.7 0.14538
-178.5 0.146623
-178.3 0.147904
-178.1 0.149147
-177.9 0.150339
-177.7 0.151557
-177.5 0.152771
-177.3 0.153996
-177.1 0.155143
-176.9 0.15633
-176.7 0.157519
-176.5 0.158676
-176.3 0.159838
-176.1 0.161017
-175.9 0.162151
-175.7 0.163269
-175.5 0.16438
-175.3 0.165478
-175.1 0.166599
-174.9 0.167659
-174.7 0.168685
-174.5 0.16972
-174.3 0.170826
-174.1 0.17184
-173.9 0.172877
-173.7 0.173949
-173.5 0.17498
-173.3 0.175975
-173.1 0.176995
-172.9 0.178022
-172.7 0.179058
-172.5 0.180085
-172.3 0.181138
-172.1 0.182118
-171.9 0.183137
-171.7 0.18414
-171.5 0.185114
-171.3 0.186082
-171.1 0.187046
-170.9 0.188055
-170.7 0.189046
-170.5 0.190052
-170.3 0.190974
-170.1 0.191933
-169.9 0.192917
-169.7 0.193864
-169.5 0.19488
-169.3 0.195837
-169.1 0.196751
-168.9 0.19773
-168.7 0.198681
-168.5 0.199627
-168.3 0.200536
-168.1 0.201465
-167.9 0.202362
-167.7 0.203309
-167.5 0.204262
-167.3 0.205221
-167.1 0.206142
-166.9 0.20704
-166.7 0.207971
-166.5 0.208935
-166.3 0.209859
-166.1 0.210724
-165.9 0.211616
-165.7 0.212539
-165.5 0.213458
-165.3 0.214401
-165.1 0.215347
-164.9 0.216219
-164.7 0.217123
-164.5 0.218037
-164.3 0.21893
-164.1 0.219855
-163.9 0.220744
-163.7 0.221615
-163.5 0.222541
-163.3 0.223473
-163.1 0.224409
-162.9 0.225288
-162.7 0.226174
-162.5 0.227075
-162.3 0.227965
-162.1 0.228867
-161.9 0.22976
-161.7 0.230699
-161.5 0.231582
-161.3 0.232462
-161.1 0.233332
-160.9 0.234228
-160.7 0.235091
-160.5 0.235992
-160.3 0.236882
-160.1 0.23776
-159.9 0.238647
-159.7 0.239526
-159.5 0.240463
-159.3 0.241326
-159.1 0.242224
-158.9 0.243078
-158.7 0.243894
-158.5 0.244758
-158.3 0.245632
-158.1 0.24651
-157.9 0.247414
-157.7 0.248335
-157.5 0.249183
-157.3 0.250032
-157.1 0.250943
-156.9 0.251787
-156.7 0.252674
-156.5 0.253503
-156.3 0.254384
-156.1 0.255283
-155.9 0.25612
-155.7 0.256912
-155.5 0.257817
-155.3 0.258649
-155.1 0.259476
-154.9 0.260366
-154.7 0.261199
-154.5 0.262023
-154.3 0.262883
-154.1 0.263687
-153.9 0.264585
-153.7 0.265426
-153.5 0.266277
-153.3 0.267102
-153.1 0.267889
-152.9 0.268741
-152.7 0.269527
-152.5 0.270338
-152.3 0.27118
-152.1 0.271986
-151.9 0.272802
-151.7 0.273602
-151.5 0.274428
-151.3 0.275225
-151.1 0.276053
-150.9 0.276839
-150.7 0.277653
-150.5 0.278446
-150.3 0.279228
-150.1 0.280016
-149.9 0.280781
-149.7 0.28156
-149.5 0.282364
-149.3 0.283136
-149.1 0.283896
-148.9 0.284689
-148.7 0.285477
-148.5 0.286294
-148.3 0.287072
-148.1 0.287807
-147.9 0.288652
-147.7 0.289445
-147.5 0.290183
-147.3 0.290996
-147.1 0.291782
-146.9 0.292606
-146.7 0.293409
-146.5 0.294159
-146.3 0.294971
-146.1 0.295738
-145.9 0.296557
-145.7 0.297376
-145.5 0.298193
-145.3 0.298955
-145.1 0.29978
-144.9 0.300565
-144.7 0.30139
-144.5 0.302215
-144.3 0.303067
-144.1 0.303888
-143.9 0.304738
-143.7 0.305584
-143.5 0.306405
-143.3 0.307211
-143.1 0.308131
-142.9 0.308976
-142.7 0.309838
-142.5 0.310709
-142.3 0.31152
-142.1 0.312329
-141.9 0.313158
-141.7 0.314058
-141.5 0.314985
-141.3 0.315817
-141.1 0.31666
-140.9 0.317529
-140.7 0.318383
-140.5 0.319278
-140.3 0.320157
-140.1 0.321022
-139.9 0.321897
-139.7 0.322802
-139.5 0.32369
-139.3 0.324569
-139.1 0.325446
-138.9 0.326355
-138.7 0.327221
-138.5 0.328095
-138.3 0.329015
-138.1 0.329853
-137.9 0.330749
-137.7 0.331657
-137.5 0.332567
-137.3 0.333519
-137.1 0.334438
-136.9 0.335325
-136.7 0.336222
-136.5 0.337147
-136.3 0.338058
-136.1 0.338973
-135.9 0.339881
-135.7 0.340799
-135.5 0.341691
-135.3 0.342628
-135.1 0.343528
-134.9 0.344465
-134.7 0.34537
-134.5 0.346227
-134.3 0.347114
-134.1 0.348052
-133.9 0.348906
-133.7 0.349814
-133.5 0.350736
-133.3 0.351649
-133.1 0.352594
-132.9 0.353492
-132.7 0.354422
-132.5 0.355348
-132.3 0.35625
-132.1 0.357169
-131.9 0.3581
-131.7 0.359051
-131.5 0.359967
-131.3 0.360854
-131.1 0.361737
-130.9 0.362684
-130.7 0.363577
-130.5 0.364451
-130.3 0.365329
-130.1 0.366224
-129.9 0.367121
-129.7 0.368042
-129.5 0.368943
-129.3 0.369851
-129.1 0.370801
-128.9 0.37168
-128.7 0.372617
-128.5 0.373499
-128.3 0.374425
-128.1 0.375339
-127.9 0.376255
-127.7 0.377104
-127.5 0.378043
-127.3 0.378952
-127.1 0.379847
-126.9 0.380777
-126.7 0.381696
-126.5 0.382647
-126.3 0.383538
-126.1 0.384431
-125.9 0.385321
-125.7 0.38622
-125.5 0.387167
-125.3 0.388076
-125.1 0.388964
-124.9 0.389829
-124.7 0.390682
-124.5 0.391579
-124.3 0.392452
-124.1 0.393319
-123.9 0.394244
-123.7 0.395085
-123.5 0.395953
-123.3 0.39683
-123.1 0.397704
-122.9 0.398655
-122.7 0.399482
-122.5 0.40035
-122.3 0.40125
-122.1 0.402147
-121.9 0.403013
-121.7 0.403871
-121.5 0.404741
-121.3 0.405635
-121.1 0.40652
-120.9 0.407395
-120.7 0.408235
-120.5 0.409141
-120.3 0.410029
-120.1 0.410933
-119.9 0.411789
-119.7 0.412708
-119.5 0.413612
-119.3 0.414523
-119.1 0.41541
-118.9 0.416271
-118.7 0.417168
-118.5 0.418018
-118.3 0.418893
-118.1 0.419782
-117.9 0.420641
-117.7 0.421539
-117.5 0.422406
-117.3 0.423289
-117.1 0.424193
-116.9 0.425048
-116.7 0.425958
-116.5 0.426796
-116.3 0.42768
-116.1 0.42856
-115.9 0.429439
-115.7 0.430274
-115.5 0.431129
-115.3 0.431968
-115.1 0.432826
-114.9 0.43369
-114.7 0.434586
-114.5 0.435426
-114.3 0.436306
-114.1 0.437167
-113.9 0.438031
-113.7 0.438891
-113.5 0.439718
-113.3 0.440591
-113.1 0.441459
-112.9 0.442299
-112.7 0.443144
-112.5 0.444005
-112.3 0.444851
-112.1 0.445715
-111.9 0.446627
-111.7 0.447509
-111.5 0.448363
-111.3 0.449199
-111.1 0.45008
-110.9 0.450983
-110.7 0.451803
-110.5 0.452662
-110.3 0.453509
-110.1 0.454366
-109.9 0.455226
-109.7 0.456058
-109.5 0.456911
-109.3 0.457751
-109.1 0.458594
-108.9 0.459468
-108.7 0.460347
-108.5 0.461183
-108.3 0.461997
-108.1 0.462837
-107.9 0.463677
-107.7 0.464486
-107.5 0.465382
-107.3 0.466245
-107.1 0.46709
-106.9 0.467915
-106.7 0.468777
-106.5 0.469669
-106.3 0.470508
-106.1 0.471319
-105.9 0.472139
-105.7 0.473012
-105.5 0.473891
-105.3 0.474742
-105.1 0.475552
-104.9 0.476405
-104.7 0.477252
-104.5 0.478114
-104.3 0.479008
-104.1 0.479883
-103.9 0.480714
-103.7 0.481504
-103.5 0.48233
-103.3 0.483193
-103.1 0.484093
-102.9 0.484964
-102.7 0.485805
-102.5 0.486642
-102.3 0.487453
-102.1 0.488282
-101.9 0.489114
-101.7 0.489966
-101.5 0.490785
-101.3 0.491645
-101.1 0.492464
-100.9 0.493281
-100.7 0.494089
-100.5 0.494893
-100.3 0.495765
-100.1 0.496603
-99.9 0.497436
-99.7 0.498319
-99.5 0.4992
-99.3 0.500046
-99.1 0.500891
-98.9 0.501712
-98.7 0.502522
-98.5 0.503371
-98.3 0.504211
-98.1 0.505068
-97.9 0.505906
-97.7 0.506714
-97.5 0.507568
-97.3 0.50843
-97.1 0.509233
-96.9 0.510099
-96.7 0.510964
-96.5 0.511807
-96.3 0.512616
-96.1 0.51343
-95.9 0.514271
-95.7 0.515125
-95.5 0.515978
-95.3 0.51681
-95.1 0.517675
-94.9 0.51854
-94.7 0.519292
-94.5 0.520144
-94.3 0.521021
-94.1 0.521814
-93.9 0.522672
-93.7 0.523512
-93.5 0.524371
-93.3 0.525177
-93.1 0.525979
-92.9 0.526801
-92.7 0.527573
-92.5 0.528381
-92.3 0.529209
-92.1 0.530075
-91.9 0.530884
-91.7 0.531736
-91.5 0.532565
-91.3 0.533369
-91.1 0.534203
-90.9 0.535029
-90.7 0.53586
-90.5 0.536715
-90.3 0.537539
-90.1 0.538364
-89.9 0.539217
-89.7 0.53998
-89.5 0.540787
-89.3 0.541615
-89.1 0.542474
-88.9 0.543325
-88.7 0.544137
-88.5 0.544997
-88.3 0.54586
-88.1 0.546672
-87.9 0.547482
-87.7 0.548301
-87.5 0.549139
-87.3 0.549984
-87.1 0.550814
-86.9 0.551681
-86.7 0.552474
-86.5 0.553315
-86.3 0.554158
-86.1 0.555017
-85.9 0.555846
-85.7 0.556643
-85.5 0.55745
-85.3 0.558302
-85.1 0.559125
-84.9 0.55998
-84.7 0.560852
-84.5 0.561741
-84.3 0.562549
-84.1 0.563369
-83.9 0.564223
-83.7 0.565078
-83.5 0.565915
-83.3 0.56675
-83.1 0.567576
-82.9 0.56842
-82.7 0.569321
-82.5 0.570171
-82.3 0.571014
-82.1 0.571839
-81.9 0.57267
-81.7 0.573512
-81.5 0.574318
-81.3 0.575154
-81.1 0.575983
-80.9 0.576824
-80.7 0.577655
-80.5 0.578505
-80.3 0.579381
-80.1 0.580175
-79.9 0.580962
-79.7 0.581822
-79.5 0.582617
-79.3 0.583486
-79.1 0.584321
-78.9 0.585103
-78.7 0.585938
-78.5 0.586749
-78.3 0.587608
-78.1 0.588437
-77.9 0.589289
-77.7 0.5901
-77.5 0.590953
-77.3 0.591828
-77.1 0.592659
-76.9 0.593558
-76.7 0.594377
-76.5 0.595251
-76.3 0.596138
-76.1 0.596963
-75.9 0.597813
-75.7 0.59871
-75.5 0.599551
-75.3 0.600396
-75.1 0.601233
-74.9 0.602087
-74.7 0.602906
-74.5 0.603786
-74.3 0.604684
-74.1 0.605506
-73.9 0.606386
-73.7 0.607257
-73.5 0.608125
-73.3 0.609009
-73.1 0.609851
-72.9 0.610671
-72.7 0.611532
-72.5 0.61238
-72.3 0.613246
-72.1 0.614077
-71.9 0.614924
-71.7 0.615759
-71.5 0.616636
-71.3 0.617504
-71.1 0.618339
-70.9 0.619245
-70.7 0.620127
-70.5 0.620969
-70.3 0.621839
-70.1 0.62273
-69.9 0.623593
-69.7 0.624463
-69.5 0.625323
-69.3 0.626193
-69.1 0.627054
-68.9 0.627902
-68.7 0.628737
-68.5 0.629546
-68.3 0.630409
-68.1 0.631212
-67.9 0.632084
-67.7 0.632967
-67.5 0.633822
-67.3 0.63467
-67.1 0.635516
-66.9 0.636373
-66.7 0.637217
-66.5 0.638044
-66.3 0.638878
-66.1 0.63971
-65.9 0.640557
-65.7 0.641458
-65.5 0.642313
-65.3 0.64315
-65.1 0.64403
-64.9 0.644896
-64.7 0.64572
-64.5 0.646535
-64.3 0.6474
-64.1 0.64823
-63.9 0.649091
-63.7 0.649917
-63.5 0.650757
-63.3 0.65163
-63.1 0.652481
-62.9 0.653305
-62.7 0.654128
-62.5 0.654976
-62.3 0.655803
-62.1 0.656659
-61.9 0.657541
-61.7 0.658351
-61.5 0.659239
-61.3 0.660088
-61.1 0.660931
-60.9 0.661791
-60.7 0.662667
-60.5 0.66347
-60.3 0.664289
-60.1 0.665139
-59.9 0.665933
-59.7 0.66678
-59.5 0.667618
-59.3 0.668438
-59.1 0.669248
-58.9 0.670072
-58.7 0.670924
-58.5 0.671767
-58.3 0.672592
-58.1 0.67347
-57.9 0.674334
-57.7 0.675167
-57.5 0.676012
-57.3 0.676843
-57.1 0.677706
-56.9 0.678573
-56.7 0.679414
-56.5 0.680338
-56.3 0.68119
-56.1 0.681994
-55.9 0.68288
-55.7 0.683742
-55.5 0.684576
-55.3 0.685407
-55.1 0.68624
-54.9 0.687097
-54.7 0.687905
-54.5 0.688776
-54.3 0.6896
-54.1 0.690433
-53.9 0.691256
-53.7 0.692053
-53.5 0.692933
-53.3 0.693819
-53.1 0.69464
-52.9 0.695469
-52.7 0.696294
-52.5 0.697085
-52.3 0.697962
-52.1 0.698791
-51.9 0.699615
-51.7 0.700447
-51.5 0.701252
-51.3 0.70208
-51.1 0.702928
-50.9 0.703833
-50.7 0.70468
-50.5 0.705546
-50.3 0.706374
-50.1 0.707243
-49.9 0.708087
-49.7 0.708953
-49.5 0.709768
-49.3 0.710633
-49.1 0.711542
-48.9 0.712378
-48.7 0.713224
-48.5 0.714121
-48.3 0.714946
-48.1 0.715815
-47.9 0.716688
-47.7 0.717567
-47.5 0.718382
-47.3 0.71927
-47.1 0.720039
-46.9 0.72086
-46.7 0.72169
-46.5 0.722497
-46.3 0.723348
-46.1 0.724169
-45.9 0.725028
-45.7 0.7259
-45.5 0.72673
-45.3 0.727595
-45.1 0.728428
-44.9 0.729289
-44.7 0.7301
-44.5 0.730983
-44.3 0.731819
-44.1 0.732673
-43.9 0.733566
-43.7 0.734388
-43.5 0.735196
-43.3 0.736044
-43.1 0.736878
-42.9 0.737715
-42.7 0.738526
-42.5 0.73937
-42.3 0.740208
-42.1 0.741054
-41.9 0.741932
-41.7 0.742719
-41.5 0.743546
-41.3 0.744415
-41.1 0.745305
-40.9 0.746169
-40.7 0.747011
-40.5 0.74783
-40.3 0.748653
-40.1 0.749488
-39.9 0.750326
-39.7 0.751162
-39.5 0.752045
-39.3 0.752927
-39.1 0.753774
-38.9 0.75463
-38.7 0.755478
-38.5 0.75634
-38.3 0.757093
-38.1 0.757935
-37.9 0.75875
-37.7 0.759576
-37.5 0.760497
-37.3 0.761349
-37.1 0.762175
-36.9 0.763008
-36.7 0.763861
-36.5 0.764714
-36.3 0.765581
-36.1 0.76643
-35.9 0.767272
-35.7 0.768115
-35.5 0.768947
-35.3 0.769785
-35.1 0.770602
-34.9 0.771441
-34.7 0.772245
-34.5 0.773047
-34.3 0.77385
-34.1 0.774711
-33.9 0.775527
-33.7 0.776338
-33.5 0.7772
-33.3 0.778019
-33.1 0.77884
-32.9 0.77971
-32.7 0.780543
-32.5 0.781381
-32.3 0.782257
-32.1 0.783072
-31.9 0.783877
-31.7 0.784731
-31.5 0.785564
-31.3 0.786436
-31.1 0.787275
-30.9 0.788089
-30.7 0.788863
-30.5 0.789719
-30.3 0.790537
-30.1 0.791332
-29.9 0.792167
-29.7 0.792982
-29.5 0.793819
-29.3 0.794658
-29.1 0.795516
-28.9 0.796355
-28.7 0.797172
-28.5 0.797968
-28.3 0.798776
-28.1 0.799596
-27.9 0.800504
-27.7 0.801334
-27.5 0.80218
-27.3 0.803012
-27.1 0.803867
-26.9 0.804678
-26.7 0.805476
-26.5 0.80634
-26.3 0.807199
-26.1 0.80798
-25.9 0.808811
-25.7 0.809633
-25.5 0.810417
-25.3 0.811284
-25.1 0.812119
-24.9 0.812952
-24.7 0.813736
-24.5 0.814574
-24.3 0.815397
-24.1 0.816158
-23.9 0.816986
-23.7 0.817796
-23.5 0.818618
-23.3 0.819424
-23.1 0.820255
-22.9 0.821083
-22.7 0.821928
-22.5 0.822791
-22.3 0.823653
-22.1 0.824522
-21.9 0.825324
-21.7 0.826172
-21.5 0.827022
-21.3 0.827882
-21.1 0.828688
-20.9 0.829483
-20.7 0.830314
-20.5 0.831167
-20.3 0.831984
-20.1 0.832893
-19.9 0.833729
-19.7 0.834572
-19.5 0.835412
-19.3 0.836255
-19.1 0.837113
-18.9 0.837964
-18.7 0.838779
-18.5 0.839617
-18.3 0.840421
-18.1 0.84122
-17.9 0.842095
-17.7 0.84297
-17.5 0.843793
-17.3 0.844642
-17.1 0.84544
-16.9 0.846281
-16.7 0.847154
-16.5 0.848013
-16.3 0.848802
-16.1 0.84964
-15.9 0.850461
-15.7 0.851323
-15.5 0.852138
-15.3 0.852995
-15.1 0.853815
-14.9 0.854641
-14.7 0.855481
-14.5 0.856294
-14.3 0.857187
-14.1 0.857977
-13.9 0.858821
-13.7 0.859631
-13.5 0.860421
-13.3 0.861255
-13.1 0.862041
-12.9 0.862925
-12.7 0.863727
-12.5 0.86458
-12.3 0.865437
-12.1 0.866256
-11.9 0.867078
-11.7 0.867899
-11.5 0.86872
-11.3 0.869594
-11.1 0.870446
-10.9 0.871287
-10.7 0.872097
-10.5 0.87287
-10.3 0.873723
-10.1 0.874526
-9.9 0.875364
-9.7 0.876152
-9.5 0.87697
-9.3 0.877791
-9.1 0.878541
-8.9 0.879365
-8.7 0.880197
-8.5 0.881021
-8.3 0.881818
-8.1 0.882658
-7.9 0.8835
-7.7 0.884339
-7.5 0.885179
-7.3 0.886035
-7.1 0.886831
-6.9 0.887677
-6.7 0.888481
-6.5 0.88928
-6.3 0.890121
-6.1 0.890963
-5.9 0.891801
-5.7 0.892638
-5.5 0.89348
-5.3 0.894282
-5.1 0.895153
-4.9 0.89602
-4.7 0.896797
-4.5 0.897666
-4.3 0.898477
-4.1 0.899325
-3.9 0.900191
-3.7 0.901016
-3.5 0.901871
-3.3 0.902713
-3.1 0.903555
-2.9 0.9044
-2.7 0.905217
-2.5 0.906043
-2.3 0.906903
-2.1 0.907712
-1.9 0.908544
-1.7 0.909402
-1.5 0.910195
-1.3 0.91109
-1.1 0.911888
-0.899999 0.912695
-0.699999 0.913534
-0.499999 0.914374
-0.299999 0.915143
-0.0999993 0.915981
0.100001 0.91676
0.300001 0.91762
0.500001 0.918433
0.700001 0.919249
0.900001 0.920106
1.1 0.920883
1.3 0.921725
1.5 0.922536
1.7 0.92339
1.9 0.924259
2.1 0.925126
2.3 0.925949
2.5 0.926803
2.7 0.927637
2.9 0.928431
3.1 0.929278
3.3 0.930159
3.5 0.93103
3.7 0.931888
3.9 0.932704
4.1 0.933571
4.3 0.934398
4.5 0.935266
4.7 0.936072
4.9 0.936919
5.1 0.937764
5.3 0.938591
5.5 0.939425
5.7 0.940233
5.9 0.941047
6.1 0.94188
6.3 0.942712
6.5 0.943556
6.7 0.94437
6.9 0.945219
7.1 0.946042
7.3 0.946907
7.5 0.947675
7.7 0.948487
7.9 0.949322
8.1 0.950146
8.3 0.950971
8.5 0.951748
8.7 0.952551
8.9 0.953325
9.1 0.954046
9.3 0.954906
9.5 0.955769
9.7 0.956558
9.9 0.957326
10.1 0.958089
10.3 0.958887
10.5 0.959674
10.7 0.960445
10.9 0.961219
11.1 0.961971
11.3 0.962711
11.5 0.963447
11.7 0.964206
11.9 0.964911
12.1 0.965701
12.3 0.966443
12.5 0.967197
12.7 0.967882
12.9 0.968588
13.1 0.969299
13.3 0.970031
13.5 0.970736
13.7 0.971434
13.9 0.972092
14.1 0.972789
14.3 0.97346
14.5 0.974094
14.7 0.974775
14.9 0.975404
15.1 0.976024
15.3 0.976656
15.5 0.977304
15.7 0.977891
15.9 0.978495
16.1 0.979139
16.3 0.979738
16.5 0.980296
16.7 0.980858
16.9 0.981425
17.1 0.981993
17.3 0.982551
17.5 0.983096
17.7 0.983592
17.9 0.984115
18.1 0.984618
18.3 0.985137
18.5 0.985634
18.7 0.986077
18.9 0.986542
19.1 0.986993
19.3 0.987431
19.5 0.987892
19.7 0.988348
19.9 0.988817
20.1 0.989225
20.3 0.989643
20.5 0.990049
20.7 0.990447
20.9 0.990824
21.1 0.991191
21.3 0.991575
21.5 0.991946
21.7 0.992296
21.9 0.992639
22.1 0.992983
22.3 0.9933
22.5 0.993599
22.7 0.993887
22.9 0.994178
23.1 0.994458
23.3 0.994729
23.5 0.995
23.7 0.995246
23.9 0.995488
24.1 0.995729
24.3 0.995974
24.5 0.996176
24.7 0.996387
24.9 0.996609
25.1 0.996797
25.3 0.996983
25.5 0.997173
25.7 0.99734
25.9 0.99753
26.1 0.997693
26.3 0.997886
26.5 0.998033
26.7 0.99822
26.9 0.998362
27.1 0.998512
27.3 0.998662
27.5 0.998785
27.7 0.998894
27.9 0.999024
28.1 0.999145
28.3 0.999246
28.5 0.999334
28.7 0.999442
28.9 0.999522
29.1 0.999627
29.3 0.999707
29.5 0.999788
29.7 0.999857
29.9 0.999931
30.1 1
