1497
-1599.3 1.71457e-06
-1599.1 1.71457e-06
-1598.9 3.42915e-06
-1598.7 3.42915e-06
-1598.5 3.42915e-06
-1598.3 3.42915e-06
-1598.1 3.42915e-06
-1597.9 3.42915e-06
-1597.7 3.42915e-06
-1597.5 3.42915e-06
-1597.3 5.14372e-06
-1597.1 6.8583e-06
-1596.9 6.8583e-06
-1596.7 8.57287e-06
-1596.5 1.02874e-05
-1596.3 1.02874e-05
-1596.1 1.02874e-05
-1595.9 1.02874e-05
-1595.7 1.02874e-05
-1595.5 1.02874e-05
-1595.3 1.2002e-05
-1595.1 1.2002e-05
-1594.9 1.2002e-05
-1594.7 1.2002e-05
-1594.5 1.37166e-05
-1594.3 1.37166e-05
-1594.1 1.71457e-05
-1593.9 2.05749e-05
-1593.7 2.22895e-05
-1593.5 2.22895e-05
-1593.3 2.22895e-05
-1593.1 2.22895e-05
-1592.9 2.22895e-05
-1592.7 2.4004e-05
-1592.5 2.4004e-05
-1592.3 2.57186e-05
-1592.1 2.57186e-05
-1591.9 2.57186e-05
-1591.7 2.74332e-05
-1591.5 2.91478e-05
-1591.3 3.08623e-05
-1591.1 3.08623e-05
-1590.9 3.08623e-05
-1590.7 3.08623e-05
-1590.5 3.08623e-05
-1590.3 3.25769e-05
-1590.1 3.25769e-05
-1589.9 3.25769e-05
-1589.7 3.25769e-05
-1589.5 3.42915e-05
-1589.3 3.42915e-05
-1589.1 3.60061e-05
-1588.9 3.60061e-05
-1588.7 3.60061e-05
-1588.5 3.60061e-05
-1588.3 3.60061e-05
-1588.1 3.77206e-05
-1587.9 3.77206e-05
-1587.7 3.77206e-05
-1587.5 3.77206e-05
-1587.3 3.77206e-05
-1587.1 3.77206e-05
-1586.9 3.77206e-05
-1586.7 3.94352e-05
-1586.5 3.94352e-05
-1586.3 4.28644e-05
-1586.1 4.28644e-05
-1585.9 4.62935e-05
-1585.7 4.62935e-05
-1585.5 4.80081e-05
-1585.3 4.97227e-05
-1585.1 5.14372e-05
-1584.9 5.14372e-05
-1584.7 5.14372e-05
-1584.5 5.14372e-05
-1584.3 5.31518e-05
-1584.1 5.31518e-05
-1583.9 5.48664e-05
-1583.7 5.48664e-05
-1583.5 5.6581e-05
-1583.3 5.6581e-05
-1583.1 5.6581e-05
-1582.9 5.82955e-05
-1582.7 5.82955e-05
-1582.5 5.82955e-05
-1582.3 5.82955e-05
-1582.1 5.82955e-05
-1581.9 6.00101e-05
-1581.7 6.00101e-05
-1581.5 6.00101e-05
-1581.3 6.00101e-05
-1581.1 6.00101e-05
-1580.9 6.00101e-05
-1580.7 6.00101e-05
-1580.5 6.00101e-05
-1580.3 6.00101e-05
-1580.1 6.00101e-05
-1579.9 6.00101e-05
-1579.7 6.00101e-05
-1579.5 6.00101e-05
-1579.3 6.00101e-05
-1579.1 6.00101e-05
-1578.9 6.00101e-05
-1578.7 6.00101e-05
-1578.5 6.00101e-05
-1578.3 6.17247e-05
-1578.1 6.17247e-05
-1577.9 6.17247e-05
-1577.7 6.34393e-05
-1577.5 6.34393e-05
-1577.3 6.34393e-05
-1577.1 6.34393e-05
-1576.9 6.34393e-05
-1576.7 6.34393e-05
-1576.5 6.34393e-05
-1576.3 6.34393e-05
-1576.1 6.34393e-05
-1575.9 6.34393e-05
-1575.7 6.34393e-05
-1575.5 6.34393e-05
-1575.3 6.34393e-05
-1575.1 6.34393e-05
-1574.9 6.51538e-05
-1574.7 6.68684e-05
-1574.5 6.68684e-05
-1574.3 6.68684e-05
-1574.1 6.68684e-05
-1573.9 6.68684e-05
-1573.7 6.68684e-05
-1573.5 6.68684e-05
-1573.3 6.68684e-05
-1573.1 6.68684e-05
-1572.9 6.8583e-05
-1572.7 6.8583e-05
-1572.5 6.8583e-05
-1572.3 6.8583e-05
-1572.1 6.8583e-05
-1571.9 6.8583e-05
-1571.7 6.8583e-05
-1571.5 6.8583e-05
-1571.3 6.8583e-05
-1571.1 7.02976e-05
-1570.9 7.02976e-05
-1570.7 7.02976e-05
-1570.5 7.02976e-05
-1570.3 7.37267e-05
-1570.1 7.37267e-05
-1569.9 7.37267e-05
-1569.7 7.37267e-05
-1569.5 7.37267e-05
-1569.3 7.37267e-05
-1569.1 7.37267e-05
-1568.9 7.37267e-05
-1568.7 7.71559e-05
-1568.5 7.88704e-05
-1568.3 8.0585e-05
-1568.1 8.22996e-05
-1567.9 8.40142e-05
-1567.7 8.74433e-05
-1567.5 8.91579e-05
-1567.3 9.43016e-05
-1567.1 0.000106304
-1566.9 0.000109733
-1566.7 0.000121735
-1566.5 0.000133737
-1566.3 0.000159455
-1566.1 0.000178316
-1565.9 0.000195462
-1565.7 0.000205749
-1565.5 0.00024347
-1565.3 0.000276047
-1565.1 0.000308623
-1564.9 0.000361775
-1564.7 0.000425215
-1564.5 0.000457791
-1564.3 0.000507514
-1564.1 0.000570953
-1563.9 0.000630964
-1563.7 0.000714978
-1563.5 0.000780132
-1563.3 0.000845285
-1563.1 0.000934443
-1562.9 0.00101846
-1562.7 0.00112305
-1562.5 0.00122935
-1562.3 0.00136137
-1562.1 0.00147453
-1561.9 0.00158598
-1561.7 0.00169229
-1561.5 0.00185174
-1561.3 0.00198205
-1561.1 0.00213807
-1560.9 0.00228724
-1560.7 0.00243984
-1560.5 0.00258043
-1560.3 0.00275704
-1560.1 0.0029405
-1559.9 0.00310167
-1559.7 0.00331256
-1559.5 0.00351316
-1559.3 0.00367262
-1559.1 0.00390752
-1558.9 0.00415613
-1558.7 0.00439446
-1558.5 0.00458477
-1558.3 0.00482481
-1558.1 0.00505114
-1557.9 0.00529632
-1557.7 0.00556894
-1557.5 0.00584327
-1557.3 0.0061296
-1557.1 0.00642451
-1556.9 0.00672113
-1556.7 0.00705205
-1556.5 0.0073641
-1556.3 0.00768987
-1556.1 0.00802592
-1555.9 0.00839456
-1555.7 0.00877348
-1555.5 0.00919012
-1555.3 0.0096462
-1555.1 0.0100611
-1554.9 0.0104949
-1554.7 0.0109321
-1554.5 0.0113573
-1554.3 0.011834
-1554.1 0.0123449
-1553.9 0.0128387
-1553.7 0.0134234
-1553.5 0.0139635
-1553.3 0.0145345
-1553.1 0.0151191
-1552.9 0.0157724
-1552.7 0.0163656
-1552.5 0.0169331
-1552.3 0.0175675
-1552.1 0.0182276
-1551.9 0.0188998
-1551.7 0.0196473
-1551.5 0.0203143
-1551.3 0.0210053
-1551.1 0.0217494
-1550.9 0.0225347
-1550.7 0.0232754
-1550.5 0.0240915
-1550.3 0.0249248
-1550.1 0.0257752
-1549.9 0.0266925
-1549.7 0.0274675
-1549.5 0.0283488
-1549.3 0.0292386
-1549.1 0.0301628
-1548.9 0.0311315
-1548.7 0.0320694
-1548.5 0.0330124
-1548.3 0.0340069
-1548.1 0.035003
-1547.9 0.0360386
-1547.7 0.0371291
-1547.5 0.038139
-1547.3 0.039226
-1547.1 0.0402685
-1546.9 0.0413075
-1546.7 0.0424409
-1546.5 0.0435519
-1546.3 0.0446321
-1546.1 0.0457397
-1545.9 0.0468473
-1545.7 0.0479875
-1545.5 0.0491603
-1545.3 0.0502079
-1545.1 0.0513001
-1544.9 0.0524437
-1544.7 0.0536216
-1544.5 0.0547035
-1544.3 0.0558643
-1544.1 0.0571005
-1543.9 0.0582818
-1543.7 0.0593209
-1543.5 0.0605279
-1543.3 0.0617213
-1543.1 0.0628152
-1542.9 0.0639519
-1542.7 0.0651178
-1542.5 0.0663283
-1542.3 0.0675542
-1542.1 0.0687905
-1541.9 0.0699735
-1541.7 0.071184
-1541.5 0.0724545
-1541.3 0.0736461
-1541.1 0.0747623
-1540.9 0.0759214
-1540.7 0.0771147
-1540.5 0.0783338
-1540.3 0.0794277
-1540.1 0.0805919
-1539.9 0.0817629
-1539.7 0.0830249
-1539.5 0.0842062
-1539.3 0.0853687
-1539.1 0.086562
-1538.9 0.0877314
-1538.7 0.0889247
-1538.5 0.0900803
-1538.3 0.0912805
-1538.1 0.0924293
-1537.9 0.0935643
-1537.7 0.0946291
-1537.5 0.0957761
-1537.3 0.09687
-1537.1 0.0979554
-1536.9 0.0991624
-1536.7 0.100294
-1536.5 0.101469
-1536.3 0.102586
-1536.1 0.103667
-1535.9 0.104798
-1535.7 0.105837
-1535.5 0.106828
-1535.3 0.10786
-1535.1 0.109021
-1534.9 0.1101
-1534.7 0.111152
-1534.5 0.112203
-1534.3 0.113316
-1534.1 0.114364
-1533.9 0.115435
-1533.7 0.116493
-1533.5 0.117536
-1533.3 0.118606
-1533.1 0.11964
-1532.9 0.120682
-1532.7 0.121733
-1532.5 0.12281
-1532.3 0.123926
-1532.1 0.124902
-1531.9 0.125888
-1531.7 0.126944
-1531.5 0.127938
-1531.3 0.128893
-1531.1 0.12981
-1530.9 0.130855
-1530.7 0.131877
-1530.5 0.132886
-1530.3 0.133872
-1530.1 0.134879
-1529.9 0.135793
-1529.7 0.136826
-1529.5 0.137778
-1529.3 0.13873
-1529.1 0.13963
-1528.9 0.140564
-1528.7 0.141452
-1528.5 0.142378
-1528.3 0.143347
-1528.1 0.144227
-1527.9 0.145173
-1527.7 0.146056
-1527.5 0.147009
-1527.3 0.147925
-1527.1 0.148853
-1526.9 0.149832
-1526.7 0.150718
-1526.5 0.151623
-1526.3 0.152595
-1526.1 0.153492
-1525.9 0.154409
-1525.7 0.155327
-1525.5 0.156277
-1525.3 0.157148
-1525.1 0.158106
-1524.9 0.159092
-1524.7 0.159994
-1524.5 0.160932
-1524.3 0.161916
-1524.1 0.162902
-1523.9 0.163879
-1523.7 0.164783
-1523.5 0.165734
-1523.3 0.166717
-1523.1 0.167771
-1522.9 0.168762
-1522.7 0.169731
-1522.5 0.170694
-1522.3 0.171622
-1522.1 0.172605
-1521.9 0.173508
-1521.7 0.174516
-1521.5 0.175554
-1521.3 0.176488
-1521.1 0.177493
-1520.9 0.178455
-1520.7 0.179471
-1520.5 0.180505
-1520.3 0.181555
-1520.1 0.182537
-1519.9 0.183552
-1519.7 0.184529
-1519.5 0.185478
-1519.3 0.186443
-1519.1 0.187448
-1518.9 0.188461
-1518.7 0.189462
-1518.5 0.190438
-1518.3 0.191372
-1518.1 0.192399
-1517.9 0.193359
-1517.7 0.194258
-1517.5 0.195252
-1517.3 0.19619
-1517.1 0.197135
-1516.9 0.198051
-1516.7 0.19894
-1516.5 0.19982
-1516.3 0.200799
-1516.1 0.201725
-1515.9 0.202553
-1515.7 0.203489
-1515.5 0.204353
-1515.3 0.205217
-1515.1 0.206114
-1514.9 0.206935
-1514.7 0.2078
-1514.5 0.208645
-1514.3 0.209435
-1514.1 0.210294
-1513.9 0.2111
-1513.7 0.211932
-1513.5 0.212751
-1513.3 0.213571
-1513.1 0.214356
-1512.9 0.215234
-1512.7 0.216052
-1512.5 0.216871
-1512.3 0.217655
-1512.1 0.218427
-1511.9 0.219265
-1511.7 0.220095
-1511.5 0.22094
-1511.3 0.221731
-1511.1 0.222576
-1510.9 0.223409
-1510.7 0.224242
-1510.5 0.22517
-1510.3 0.225981
-1510.1 0.226833
-1509.9 0.227663
-1509.7 0.228479
-1509.5 0.229306
-1509.3 0.230154
-1509.1 0.231017
-1508.9 0.231836
-1508.7 0.232666
-1508.5 0.233508
-1508.3 0.23442
-1508.1 0.235293
-1507.9 0.236186
-1507.7 0.23705
-1507.5 0.237885
-1507.3 0.238827
-1507.1 0.23971
-1506.9 0.240611
-1506.7 0.241551
-1506.5 0.242448
-1506.3 0.243372
-1506.1 0.244286
-1505.9 0.245229
-1505.7 0.246158
-1505.5 0.247147
-1505.3 0.24807
-1505.1 0.249069
-1504.9 0.250043
-1504.7 0.25111
-1504.5 0.251976
-1504.3 0.252955
-1504.1 0.253872
-1503.9 0.254878
-1503.7 0.255801
-1503.5 0.256775
-1503.3 0.257704
-1503.1 0.25868
-1502.9 0.259636
-1502.7 0.260621
-1502.5 0.261516
-1502.3 0.262378
-1502.1 0.263314
-1501.9 0.264278
-1501.7 0.265176
-1501.5 0.266099
-1501.3 0.266982
-1501.1 0.267887
-1500.9 0.268784
-1500.7 0.269709
-1500.5 0.270604
-1500.3 0.271438
-1500.1 0.272276
-1499.9 0.273135
-1499.7 0.274022
-1499.5 0.274884
-1499.3 0.275801
-1499.1 0.276676
-1498.9 0.277476
-1498.7 0.278347
-1498.5 0.279181
-1498.3 0.280036
-1498.1 0.280957
-1497.9 0.281802
-1497.7 0.28266
-1497.5 0.283529
-1497.3 0.284388
-1497.1 0.285232
-1496.9 0.286137
-1496.7 0.286944
-1496.5 0.287863
-1496.3 0.288692
-1496.1 0.28954
-1495.9 0.290362
-1495.7 0.291188
-1495.5 0.291985
-1495.3 0.292812
-1495.1 0.293647
-1494.9 0.294422
-1494.7 0.29525
-1494.5 0.296071
-1494.3 0.296897
-1494.1 0.297719
-1493.9 0.298516
-1493.7 0.299337
-1493.5 0.300181
-1493.3 0.300966
-1493.1 0.301769
-1492.9 0.302568
-1492.7 0.303457
-1492.5 0.304291
-1492.3 0.305194
-1492.1 0.3061
-1491.9 0.306933
-1491.7 0.307787
-1491.5 0.308685
-1491.3 0.309501
-1491.1 0.310384
-1490.9 0.311307
-1490.7 0.312162
-1490.5 0.313021
-1490.3 0.313918
-1490.1 0.314755
-1489.9 0.31567
-1489.7 0.316625
-1489.5 0.317543
-1489.3 0.318475
-1489.1 0.319504
-1488.9 0.320389
-1488.7 0.321301
-1488.5 0.322208
-1488.3 0.323142
-1488.1 0.324015
-1487.9 0.324934
-1487.7 0.325833
-1487.5 0.326741
-1487.3 0.327633
-1487.1 0.328526
-1486.9 0.32945
-1486.7 0.330351
-1486.5 0.331251
-1486.3 0.332089
-1486.1 0.332994
-1485.9 0.333968
-1485.7 0.334894
-1485.5 0.335769
-1485.3 0.336641
-1485.1 0.337461
-1484.9 0.33833
-1484.7 0.339201
-1484.5 0.340034
-1484.3 0.340904
-1484.1 0.34173
-1483.9 0.342533
-1483.7 0.34335
-1483.5 0.344095
-1483.3 0.344887
-1483.1 0.345672
-1482.9 0.346454
-1482.7 0.347253
-1482.5 0.348066
-1482.3 0.348875
-1482.1 0.349677
-1481.9 0.350545
-1481.7 0.351394
-1481.5 0.352215
-1481.3 0.353069
-1481.1 0.353905
-1480.9 0.354692
-1480.7 0.35546
-1480.5 0.356289
-1480.3 0.357189
-1480.1 0.358058
-1479.9 0.358891
-1479.7 0.359783
-1479.5 0.360676
-1479.3 0.361583
-1479.1 0.362459
-1478.9 0.363337
-1478.7 0.364282
-1478.5 0.36511
-1478.3 0.366048
-1478.1 0.366921
-1477.9 0.367836
-1477.7 0.368688
-1477.5 0.369643
-1477.3 0.370538
-1477.1 0.371425
-1476.9 0.372358
-1476.7 0.373313
-1476.5 0.374235
-1476.3 0.375091
-1476.1 0.375986
-1475.9 0.376951
-1475.7 0.377882
-1475.5 0.378787
-1475.3 0.37966
-1475.1 0.380584
-1474.9 0.381541
-1474.7 0.382438
-1474.5 0.383372
-1474.3 0.384293
-1474.1 0.385159
-1473.9 0.386117
-1473.7 0.387017
-1473.5 0.387916
-1473.3 0.388842
-1473.1 0.389771
-1472.9 0.390638
-1472.7 0.391455
-1472.5 0.392351
-1472.3 0.393251
-1472.1 0.394126
-1471.9 0.395038
-1471.7 0.395935
-1471.5 0.396828
-1471.3 0.397685
-1471.1 0.398563
-1470.9 0.399393
-1470.7 0.400274
-1470.5 0.401097
-1470.3 0.401968
-1470.1 0.402851
-1469.9 0.403686
-1469.7 0.404542
-1469.5 0.40543
-1469.3 0.40634
-1469.1 0.40723
-1468.9 0.408148
-1468.7 0.409051
-1468.5 0.409981
-1468.3 0.41087
-1468.1 0.411832
-1467.9 0.412705
-1467.7 0.413629
-1467.5 0.414514
-1467.3 0.415472
-1467.1 0.41636
-1466.9 0.417254
-1466.7 0.418096
-1466.5 0.419006
-1466.3 0.419913
-1466.1 0.420782
-1465.9 0.421648
-1465.7 0.422511
-1465.5 0.42338
-1465.3 0.424258
-1465.1 0.425137
-1464.9 0.42605
-1464.7 0.426993
-1464.5 0.427975
-1464.3 0.42893
-1464.1 0.42978
-1463.9 0.430718
-1463.7 0.431569
-1463.5 0.432453
-1463.3 0.433331
-1463.1 0.434261
-1462.9 0.435144
-1462.7 0.435955
-1462.5 0.436947
-1462.3 0.437817
-1462.1 0.438688
-1461.9 0.43962
-1461.7 0.440522
-1461.5 0.441386
-1461.3 0.442321
-1461.1 0.443139
-1460.9 0.444121
-1460.7 0.44487
-1460.5 0.445791
-1460.3 0.446583
-1460.1 0.447434
-1459.9 0.448291
-1459.7 0.449184
-1459.5 0.450083
-1459.3 0.451
-1459.1 0.451883
-1458.9 0.452727
-1458.7 0.453574
-1458.5 0.454455
-1458.3 0.455362
-1458.1 0.45624
-1457.9 0.457094
-1457.7 0.458009
-1457.5 0.458887
-1457.3 0.459729
-1457.1 0.460542
-1456.9 0.461414
-1456.7 0.462291
-1456.5 0.463191
-1456.3 0.464026
-1456.1 0.464862
-1455.9 0.465792
-1455.7 0.466658
-1455.5 0.467546
-1455.3 0.468377
-1455.1 0.469181
-1454.9 0.469998
-1454.7 0.470894
-1454.5 0.471728
-1454.3 0.472544
-1454.1 0.473408
-1453.9 0.474289
-1453.7 0.47511
-1453.5 0.475944
-1453.3 0.47682
-1453.1 0.477739
-1452.9 0.478608
-1452.7 0.479481
-1452.5 0.48039
-1452.3 0.481255
-1452.1 0.48212
-1451.9 0.483068
-1451.7 0.483964
-1451.5 0.484899
-1451.3 0.485813
-1451.1 0.486661
-1450.9 0.487646
-1450.7 0.48853
-1450.5 0.489477
-1450.3 0.49042
-1450.1 0.491239
-1449.9 0.492138
-1449.7 0.493055
-1449.5 0.493902
-1449.3 0.494801
-1449.1 0.495709
-1448.9 0.49668
-1448.7 0.497563
-1448.5 0.498521
-1448.3 0.499435
-1448.1 0.50032
-1447.9 0.501256
-1447.7 0.50224
-1447.5 0.5032
-1447.3 0.504082
-1447.1 0.505038
-1446.9 0.50588
-1446.7 0.506741
-1446.5 0.507711
-1446.3 0.508553
-1446.1 0.509441
-1445.9 0.510365
-1445.7 0.51124
-1445.5 0.512178
-1445.3 0.513136
-1445.1 0.514114
-1444.9 0.514998
-1444.7 0.515919
-1444.5 0.516757
-1444.3 0.517599
-1444.1 0.518544
-1443.9 0.519448
-1443.7 0.520283
-1443.5 0.521167
-1443.3 0.522071
-1443.1 0.522966
-1442.9 0.523806
-1442.7 0.524663
-1442.5 0.525519
-1442.3 0.526335
-1442.1 0.527184
-1441.9 0.528036
-1441.7 0.528912
-1441.5 0.529826
-1441.3 0.530681
-1441.1 0.531527
-1440.9 0.532351
-1440.7 0.533156
-1440.5 0.533958
-1440.3 0.534783
-1440.1 0.535566
-1439.9 0.536326
-1439.7 0.537221
-1439.5 0.538044
-1439.3 0.538905
-1439.1 0.539734
-1438.9 0.540587
-1438.7 0.54147
-1438.5 0.54232
-1438.3 0.543189
-1438.1 0.543985
-1437.9 0.544842
-1437.7 0.545703
-1437.5 0.546546
-1437.3 0.547426
-1437.1 0.548331
-1436.9 0.549127
-1436.7 0.550012
-1436.5 0.550977
-1436.3 0.551814
-1436.1 0.552714
-1435.9 0.553571
-1435.7 0.554461
-1435.5 0.555402
-1435.3 0.55629
-1435.1 0.557194
-1434.9 0.55812
-1434.7 0.558969
-1434.5 0.559879
-1434.3 0.560803
-1434.1 0.561664
-1433.9 0.562615
-1433.7 0.563492
-1433.5 0.564433
-1433.3 0.565408
-1433.1 0.566343
-1432.9 0.567156
-1432.7 0.568087
-1432.5 0.568976
-1432.3 0.569829
-1432.1 0.570688
-1431.9 0.571601
-1431.7 0.572455
-1431.5 0.573332
-1431.3 0.574204
-1431.1 0.575084
-1430.9 0.576003
-1430.7 0.576939
-1430.5 0.577884
-1430.3 0.578768
-1430.1 0.57965
-1429.9 0.580492
-1429.7 0.581323
-1429.5 0.582155
-1429.3 0.583022
-1429.1 0.583904
-1428.9 0.584727
-1428.7 0.58558
-1428.5 0.586484
-1428.3 0.5873
-1428.1 0.588139
-1427.9 0.588974
-1427.7 0.589793
-1427.5 0.590608
-1427.3 0.591436
-1427.1 0.592312
-1426.9 0.593186
-1426.7 0.593958
-1426.5 0.594803
-1426.3 0.5957
-1426.1 0.596489
-1425.9 0.597318
-1425.7 0.598183
-1425.5 0.59899
-1425.3 0.599851
-1425.1 0.600655
-1424.9 0.601536
-1424.7 0.602419
-1424.5 0.603254
-1424.3 0.60411
-1424.1 0.604989
-1423.9 0.605787
-1423.7 0.606726
-1423.5 0.607563
-1423.3 0.608463
-1423.1 0.609374
-1422.9 0.610224
-1422.7 0.61114
-1422.5 0.612024
-1422.3 0.612837
-1422.1 0.613756
-1421.9 0.614706
-1421.7 0.615613
-1421.5 0.61647
-1421.3 0.617369
-1421.1 0.618252
-1420.9 0.619162
-1420.7 0.620069
-1420.5 0.621002
-1420.3 0.621947
-1420.1 0.622871
-1419.9 0.623821
-1419.7 0.624695
-1419.5 0.625645
-1419.3 0.626514
-1419.1 0.627447
-1418.9 0.628404
-1418.7 0.629316
-1418.5 0.630226
-1418.3 0.631221
-1418.1 0.632143
-1417.9 0.633023
-1417.7 0.633892
-1417.5 0.63484
-1417.3 0.635757
-1417.1 0.636637
-1416.9 0.637561
-1416.7 0.638379
-1416.5 0.639236
-1416.3 0.6401
-1416.1 0.640934
-1415.9 0.641801
-1415.7 0.6426
-1415.5 0.643403
-1415.3 0.644267
-1415.1 0.645128
-1414.9 0.645993
-1414.7 0.646789
-1414.5 0.647543
-1414.3 0.648378
-1414.1 0.649207
-1413.9 0.650024
-1413.7 0.650859
-1413.5 0.65165
-1413.3 0.652471
-1413.1 0.65331
-1412.9 0.65417
-1412.7 0.654976
-1412.5 0.655941
-1412.3 0.656763
-1412.1 0.65761
-1411.9 0.658512
-1411.7 0.659335
-1411.5 0.660192
-1411.3 0.660991
-1411.1 0.66192
-1410.9 0.662808
-1410.7 0.663707
-1410.5 0.664519
-1410.3 0.66531
-1410.1 0.666195
-1409.9 0.667036
-1409.7 0.667928
-1409.5 0.668821
-1409.3 0.669694
-1409.1 0.670575
-1408.9 0.671486
-1408.7 0.672281
-1408.5 0.673221
-1408.3 0.674164
-1408.1 0.675028
-1407.9 0.675904
-1407.7 0.676758
-1407.5 0.677631
-1407.3 0.678552
-1407.1 0.679498
-1406.9 0.680419
-1406.7 0.681271
-1406.5 0.682178
-1406.3 0.683078
-1406.1 0.684062
-1405.9 0.684981
-1405.7 0.686024
-1405.5 0.686963
-1405.3 0.687927
-1405.1 0.68887
-1404.9 0.689801
-1404.7 0.690763
-1404.5 0.691714
-1404.3 0.692649
-1404.1 0.693614
-1403.9 0.694545
-1403.7 0.695534
-1403.5 0.696464
-1403.3 0.69736
-1403.1 0.69823
-1402.9 0.699065
-1402.7 0.699972
-1402.5 0.700838
-1402.3 0.701815
-1402.1 0.70272
-1401.9 0.703612
-1401.7 0.704466
-1401.5 0.705326
-1401.3 0.706254
-1401.1 0.707128
-1400.9 0.708003
-1400.7 0.708889
-1400.5 0.709734
-1400.3 0.710609
-1400.1 0.71143
-1399.9 0.712251
-1399.7 0.713177
-1399.5 0.714021
-1399.3 0.714847
-1399.1 0.715682
-1398.9 0.716533
-1398.7 0.717366
-1398.5 0.718153
-1398.3 0.718938
-1398.1 0.719765
-1397.9 0.720653
-1397.7 0.721567
-1397.5 0.722333
-1397.3 0.723127
-1397.1 0.723943
-1396.9 0.724723
-1396.7 0.725533
-1396.5 0.726421
-1396.3 0.727237
-1396.1 0.728084
-1395.9 0.728883
-1395.7 0.729672
-1395.5 0.730522
-1395.3 0.731383
-1395.1 0.732276
-1394.9 0.73309
-1394.7 0.733893
-1394.5 0.734755
-1394.3 0.735631
-1394.1 0.736432
-1393.9 0.737248
-1393.7 0.738106
-1393.5 0.738901
-1393.3 0.739808
-1393.1 0.74065
-1392.9 0.741463
-1392.7 0.742317
-1392.5 0.743189
-1392.3 0.74406
-1392.1 0.745003
-1391.9 0.745813
-1391.7 0.746672
-1391.5 0.747513
-1391.3 0.748374
-1391.1 0.749201
-1390.9 0.750101
-1390.7 0.750941
-1390.5 0.751781
-1390.3 0.752702
-1390.1 0.753628
-1389.9 0.754521
-1389.7 0.755462
-1389.5 0.756362
-1389.3 0.757232
-1389.1 0.758118
-1388.9 0.759011
-1388.7 0.759877
-1388.5 0.760832
-1388.3 0.761696
-1388.1 0.762648
-1387.9 0.763524
-1387.7 0.764417
-1387.5 0.765343
-1387.3 0.766255
-1387.1 0.767176
-1386.9 0.768073
-1386.7 0.768951
-1386.5 0.76976
-1386.3 0.770667
-1386.1 0.771533
-1385.9 0.772424
-1385.7 0.77328
-1385.5 0.774155
-1385.3 0.775041
-1385.1 0.775931
-1384.9 0.776798
-1384.7 0.777575
-1384.5 0.778456
-1384.3 0.779348
-1384.1 0.78024
-1383.9 0.781095
-1383.7 0.78194
-1383.5 0.782817
-1383.3 0.78372
-1383.1 0.784593
-1382.9 0.785442
-1382.7 0.786306
-1382.5 0.787125
-1382.3 0.78807
-1382.1 0.789044
-1381.9 0.789918
-1381.7 0.790789
-1381.5 0.791626
-1381.3 0.792562
-1381.1 0.793419
-1380.9 0.794268
-1380.7 0.795276
-1380.5 0.79624
-1380.3 0.79709
-1380.1 0.797982
-1379.9 0.798788
-1379.7 0.799595
-1379.5 0.80048
-1379.3 0.801348
-1379.1 0.802184
-1378.9 0.803109
-1378.7 0.804004
-1378.5 0.80489
-1378.3 0.8058
-1378.1 0.806704
-1377.9 0.807573
-1377.7 0.808415
-1377.5 0.809296
-1377.3 0.810179
-1377.1 0.811104
-1376.9 0.812038
-1376.7 0.812859
-1376.5 0.813715
-1376.3 0.814558
-1376.1 0.81538
-1375.9 0.816252
-1375.7 0.817173
-1375.5 0.818058
-1375.3 0.818955
-1375.1 0.819781
-1374.9 0.820623
-1374.7 0.82147
-1374.5 0.822372
-1374.3 0.823244
-1374.1 0.824119
-1373.9 0.824947
-1373.7 0.825815
-1373.5 0.82667
-1373.3 0.827579
-1373.1 0.828385
-1372.9 0.829213
-1372.7 0.83002
-1372.5 0.830878
-1372.3 0.831708
-1372.1 0.832489
-1371.9 0.833244
-1371.7 0.834021
-1371.5 0.834922
-1371.3 0.835823
-1371.1 0.836673
-1370.9 0.837484
-1370.7 0.8383
-1370.5 0.839147
-1370.3 0.839989
-1370.1 0.840752
-1369.9 0.841585
-1369.7 0.84246
-1369.5 0.843266
-1369.3 0.844116
-1369.1 0.84497
-1368.9 0.84576
-1368.7 0.846587
-1368.5 0.847425
-1368.3 0.848303
-1368.1 0.849153
-1367.9 0.85
-1367.7 0.850856
-1367.5 0.851708
-1367.3 0.852519
-1367.1 0.853406
-1366.9 0.854258
-1366.7 0.855106
-1366.5 0.855995
-1366.3 0.85685
-1366.1 0.857658
-1365.9 0.858462
-1365.7 0.859338
-1365.5 0.860185
-1365.3 0.861051
-1365.1 0.861903
-1364.9 0.862759
-1364.7 0.863592
-1364.5 0.864396
-1364.3 0.865276
-1364.1 0.866145
-1363.9 0.867031
-1363.7 0.867787
-1363.5 0.868655
-1363.3 0.869495
-1363.1 0.870373
-1362.9 0.871203
-1362.7 0.87204
-1362.5 0.872907
-1362.3 0.873775
-1362.1 0.874637
-1361.9 0.875434
-1361.7 0.876326
-1361.5 0.877188
-1361.3 0.878049
-1361.1 0.878942
-1360.9 0.879776
-1360.7 0.880636
-1360.5 0.881526
-1360.3 0.882373
-1360.1 0.883184
-1359.9 0.883982
-1359.7 0.884847
-1359.5 0.885676
-1359.3 0.886536
-1359.1 0.887359
-1358.9 0.888211
-1358.7 0.889065
-1358.5 0.889909
-1358.3 0.890716
-1358.1 0.891527
-1357.9 0.892402
-1357.7 0.893245
-1357.5 0.894106
-1357.3 0.894975
-1357.1 0.895788
-1356.9 0.896659
-1356.7 0.89746
-1356.5 0.898333
-1356.3 0.899169
-1356.1 0.899992
-1355.9 0.900805
-1355.7 0.901681
-1355.5 0.902568
-1355.3 0.903375
-1355.1 0.904239
-1354.9 0.905043
-1354.7 0.905853
-1354.5 0.906732
-1354.3 0.907545
-1354.1 0.90832
-1353.9 0.909165
-1353.7 0.90999
-1353.5 0.910828
-1353.3 0.911725
-1353.1 0.912586
-1352.9 0.913429
-1352.7 0.91421
-1352.5 0.915058
-1352.3 0.915917
-1352.1 0.916812
-1351.9 0.917664
-1351.7 0.918469
-1351.5 0.919309
-1351.3 0.920197
-1351.1 0.921022
-1350.9 0.92197
-1350.7 0.922827
-1350.5 0.923636
-1350.3 0.924524
-1350.1 0.925377
-1349.9 0.926275
-1349.7 0.927069
-1349.5 0.927955
-1349.3 0.928753
-1349.1 0.929594
-1348.9 0.9304
-1348.7 0.931275
-1348.5 0.93207
-1348.3 0.932917
-1348.1 0.933766
-1347.9 0.934606
-1347.7 0.935426
-1347.5 0.936297
-1347.3 0.937125
-1347.1 0.938006
-1346.9 0.938917
-1346.7 0.939748
-1346.5 0.940629
-1346.3 0.941391
-1346.1 0.942181
-1345.9 0.94299
-1345.7 0.943844
-1345.5 0.944659
-1345.3 0.945451
-1345.1 0.946291
-1344.9 0.947061
-1344.7 0.947839
-1344.5 0.948672
-1344.3 0.949507
-1344.1 0.950337
-1343.9 0.951157
-1343.7 0.952011
-1343.5 0.952793
-1343.3 0.9536
-1343.1 0.954396
-1342.9 0.955107
-1342.7 0.955884
-1342.5 0.956654
-1342.3 0.957431
-1342.1 0.958164
-1341.9 0.958903
-1341.7 0.959659
-1341.5 0.960321
-1341.3 0.961149
-1341.1 0.96181
-1340.9 0.962559
-1340.7 0.963258
-1340.5 0.963968
-1340.3 0.964649
-1340.1 0.96539
-1339.9 0.966113
-1339.7 0.966826
-1339.5 0.967505
-1339.3 0.968157
-1339.1 0.968822
-1338.9 0.969412
-1338.7 0.970079
-1338.5 0.970682
-1338.3 0.971284
-1338.1 0.971924
-1337.9 0.972533
-1337.7 0.973157
-1337.5 0.973752
-1337.3 0.974333
-1337.1 0.974897
-1336.9 0.975444
-1336.7 0.976022
-1336.5 0.976598
-1336.3 0.977121
-1336.1 0.977649
-1335.9 0.978179
-1335.7 0.978715
-1335.5 0.979216
-1335.3 0.979684
-1335.1 0.980207
-1334.9 0.980685
-1334.7 0.981169
-1334.5 0.981628
-1334.3 0.982067
-1334.1 0.982552
-1333.9 0.982964
-1333.7 0.983369
-1333.5 0.983766
-1333.3 0.98412
-1333.1 0.984543
-1332.9 0.984919
-1332.7 0.985322
-1332.5 0.985688
-1332.3 0.986079
-1332.1 0.986429
-1331.9 0.986791
-1331.7 0.987153
-1331.5 0.987448
-1331.3 0.987761
-1331.1 0.988068
-1330.9 0.988433
-1330.7 0.98877
-1330.5 0.989095
-1330.3 0.989425
-1330.1 0.989743
-1329.9 0.990035
-1329.7 0.990333
-1329.5 0.990614
-1329.3 0.990889
-1329.1 0.991218
-1328.9 0.99148
-1328.7 0.991741
-1328.5 0.991991
-1328.3 0.992238
-1328.1 0.992458
-1327.9 0.992701
-1327.7 0.992951
-1327.5 0.993173
-1327.3 0.993385
-1327.1 0.993606
-1326.9 0.993807
-1326.7 0.994009
-1326.5 0.994205
-1326.3 0.994371
-1326.1 0.994567
-1325.9 0.994759
-1325.7 0.994921
-1325.5 0.995144
-1325.3 0.995309
-1325.1 0.99551
-1324.9 0.995683
-1324.7 0.995818
-1324.5 0.995957
-1324.3 0.996104
-1324.1 0.996238
-1323.9 0.996382
-1323.7 0.996487
-1323.5 0.996629
-1323.3 0.996751
-1323.1 0.996847
-1322.9 0.99695
-1322.7 0.997068
-1322.5 0.997166
-1322.3 0.997265
-1322.1 0.997377
-1321.9 0.997474
-1321.7 0.997569
-1321.5 0.997656
-1321.3 0.997742
-1321.1 0.997805
-1320.9 0.99786
-1320.7 0.997924
-1320.5 0.998009
-1320.3 0.998075
-1320.1 0.998133
-1319.9 0.998201
-1319.7 0.998263
-1319.5 0.998327
-1319.3 0.998378
-1319.1 0.998424
-1318.9 0.998471
-1318.7 0.99852
-1318.5 0.998577
-1318.3 0.998615
-1318.1 0.998656
-1317.9 0.998709
-1317.7 0.998754
-1317.5 0.998795
-1317.3 0.998824
-1317.1 0.998865
-1316.9 0.998906
-1316.7 0.998935
-1316.5 0.998966
-1316.3 0.999006
-1316.1 0.999042
-1315.9 0.999069
-1315.7 0.999091
-1315.5 0.999108
-1315.3 0.999129
-1315.1 0.999156
-1314.9 0.999177
-1314.7 0.999213
-1314.5 0.999237
-1314.3 0.999254
-1314.1 0.999273
-1313.9 0.9993
-1313.7 0.999328
-1313.5 0.999342
-1313.3 0.999348
-1313.1 0.999367
-1312.9 0.999396
-1312.7 0.99942
-1312.5 0.999438
-1312.3 0.99945
-1312.1 0.999467
-1311.9 0.999479
-1311.7 0.999499
-1311.5 0.999516
-1311.3 0.999532
-1311.1 0.999559
-1310.9 0.999571
-1310.7 0.999577
-1310.5 0.999594
-1310.3 0.999606
-1310.1 0.999613
-1309.9 0.999626
-1309.7 0.999645
-1309.5 0.999666
-1309.3 0.999686
-1309.1 0.999707
-1308.9 0.999719
-1308.7 0.999727
-1308.5 0.999738
-1308.3 0.999748
-1308.1 0.999757
-1307.9 0.999769
-1307.7 0.999779
-1307.5 0.999789
-1307.3 0.999798
-1307.1 0.999813
-1306.9 0.999822
-1306.7 0.999829
-1306.5 0.999841
-1306.3 0.999846
-1306.1 0.999851
-1305.9 0.999859
-1305.7 0.999866
-1305.5 0.999877
-1305.3 0.99988
-1305.1 0.999885
-1304.9 0.999889
-1304.7 0.999894
-1304.5 0.999897
-1304.3 0.999907
-1304.1 0.999913
-1303.9 0.999918
-1303.7 0.999923
-1303.5 0.999926
-1303.3 0.999933
-1303.1 0.999938
-1302.9 0.999942
-1302.7 0.999949
-1302.5 0.999952
-1302.3 0.999954
-1302.1 0.999957
-1301.9 0.999962
-1301.7 0.999971
-1301.5 0.999978
-1301.3 0.999979
-1301.1 0.999981
-1300.9 0.999986
-1300.7 0.999986
-1300.5 0.99999
-1300.3 0.999991
-1300.1 1
