-199.9 0
-199.7 0
-199.5 0
-199.3 0
-199.1 0
-198.9 0
-198.7 0
-198.5 1
-198.3 1
-198.1 1
-197.9 2
-197.7 5
-197.5 19
-197.3 34
-197.1 51
-196.9 66
-196.7 83
-196.5 104
-196.3 135
-196.1 185
-195.9 260
-195.7 332
-195.5 446
-195.3 524
-195.1 694
-194.9 871
-194.7 988
-194.5 1172
-194.3 1303
-194.1 1549
-193.9 1713
-193.7 1879
-193.5 2054
-193.3 2199
-193.1 2429
-192.9 2453
-192.7 2581
-192.5 2564
-192.3 2642
-192.1 2770
-191.9 2796
-191.7 2855
-191.5 2928
-191.3 2927
-191.1 2823
-190.9 2934
-190.7 2985
-190.5 2825
-190.3 2898
-190.1 2812
-189.9 2889
-189.7 2928
-189.5 2817
-189.3 2795
-189.1 2857
-188.9 2837
-188.7 2789
-188.5 2799
-188.3 2681
-188.1 2773
-187.9 2780
-187.7 2704
-187.5 2662
-187.3 2657
-187.1 2691
-186.9 2659
-186.7 2692
-186.5 2531
-186.3 2640
-186.1 2555
-185.9 2507
-185.7 2555
-185.5 2539
-185.3 2520
-185.1 2469
-184.9 2444
-184.7 2495
-184.5 2452
-184.3 2417
-184.1 2452
-183.9 2358
-183.7 2314
-183.5 2445
-183.3 2284
-183.1 2278
-182.9 2295
-182.7 2238
-182.5 2281
-182.3 2274
-182.1 2284
-181.9 2209
-181.7 2193
-181.5 2211
-181.3 2176
-181.1 2138
-180.9 2132
-180.7 2215
-180.5 2063
-180.3 2056
-180.1 2044
-179.9 2048
-179.7 1966
-179.5 2076
-179.3 2000
-179.1 2003
-178.9 1953
-178.7 1945
-178.5 1934
-178.3 1937
-178.1 1946
-177.9 1883
-177.7 1925
-177.5 1883
-177.3 1835
-177.1 1904
-176.9 1932
-176.7 1869
-176.5 1760
-176.3 1835
-176.1 1808
-175.9 1795
-175.7 1780
-175.5 1762
-175.3 1757
-175.1 1763
-174.9 1825
-174.7 1704
-174.5 1740
-174.3 1685
-174.1 1686
-173.9 1741
-173.7 1693
-173.5 1738
-173.3 1727
-173.1 1636
-172.9 1716
-172.7 1713
-172.5 1637
-172.3 1720
-172.1 1625
-171.9 1658
-171.7 1683
-171.5 1611
-171.3 1615
-171.1 1588
-170.9 1698
-170.7 1650
-170.5 1650
-170.3 1569
-170.1 1607
-169.9 1652
-169.7 1610
-169.5 1572
-169.3 1610
-169.1 1608
-168.9 1689
-168.7 1616
-168.5 1566
-168.3 1598
-168.1 1596
-167.9 1610
-167.7 1631
-167.5 1592
-167.3 1628
-167.1 1637
-166.9 1636
-166.7 1547
-166.5 1585
-166.3 1596
-166.1 1570
-165.9 1584
-165.7 1598
-165.5 1558
-165.3 1585
-165.1 1517
-164.9 1543
-164.7 1603
-164.5 1575
-164.3 1577
-164.1 1536
-163.9 1524
-163.7 1523
-163.5 1496
-163.3 1518
-163.1 1574
-162.9 1534
-162.7 1566
-162.5 1558
-162.3 1529
-162.1 1579
-161.9 1559
-161.7 1485
-161.5 1491
-161.3 1416
-161.1 1575
-160.9 1533
-160.7 1493
-160.5 1549
-160.3 1590
-160.1 1532
-159.9 1598
-159.7 1635
-159.5 1582
-159.3 1500
-159.1 1582
-158.9 1526
-158.7 1491
-158.5 1537
-158.3 1455
-158.1 1564
-157.9 1448
-157.7 1560
-157.5 1438
-157.3 1590
-157.1 1538
-156.9 1513
-156.7 1490
-156.5 1559
-156.3 1588
-156.1 1544
-155.9 1531
-155.7 1523
-155.5 1493
-155.3 1554
-155.1 1552
-154.9 1602
-154.7 1567
-154.5 1457
-154.3 1550
-154.1 1551
-153.9 1495
-153.7 1580
-153.5 1474
-153.3 1497
-153.1 1434
-152.9 1583
-152.7 1585
-152.5 1548
-152.3 1472
-152.1 1471
-151.9 1523
-151.7 1497
-151.5 1495
-151.3 1477
-151.1 1486
-150.9 1512
-150.7 1461
-150.5 1491
-150.3 1446
-150.1 1514
-149.9 1517
-149.7 1520
-149.5 1479
-149.3 1509
-149.1 1486
-148.9 1524
-148.7 1501
-148.5 1390
-148.3 1480
-148.1 1527
-147.9 1520
-147.7 1475
-147.5 1536
-147.3 1474
-147.1 1469
-146.9 1477
-146.7 1495
-146.5 1543
-146.3 1476
-146.1 1487
-145.9 1514
-145.7 1496
-145.5 1475
-145.3 1479
-145.1 1459
-144.9 1512
-144.7 1401
-144.5 1497
-144.3 1457
-144.1 1463
-143.9 1523
-143.7 1419
-143.5 1522
-143.3 1507
-143.1 1415
-142.9 1453
-142.7 1471
-142.5 1468
-142.3 1484
-142.1 1464
-141.9 1443
-141.7 1471
-141.5 1365
-141.3 1413
-141.1 1398
-140.9 1410
-140.7 1491
-140.5 1417
-140.3 1376
-140.1 1403
-139.9 1478
-139.7 1453
-139.5 1383
-139.3 1464
-139.1 1448
-138.9 1460
-138.7 1509
-138.5 1436
-138.3 1496
-138.1 1404
-137.9 1411
-137.7 1462
-137.5 1543
-137.3 1517
-137.1 1554
-136.9 1487
-136.7 1511
-136.5 1465
-136.3 1563
-136.1 1491
-135.9 1474
-135.7 1527
-135.5 1455
-135.3 1535
-135.1 1456
-134.9 1477
-134.7 1510
-134.5 1436
-134.3 1495
-134.1 1512
-133.9 1539
-133.7 1444
-133.5 1582
-133.3 1516
-133.1 1594
-132.9 1517
-132.7 1506
-132.5 1548
-132.3 1492
-132.1 1540
-131.9 1529
-131.7 1509
-131.5 1560
-131.3 1568
-131.1 1576
-130.9 1543
-130.7 1481
-130.5 1554
-130.3 1519
-130.1 1526
-129.9 1587
-129.7 1537
-129.5 1571
-129.3 1538
-129.1 1549
-128.9 1561
-128.7 1485
-128.5 1589
-128.3 1571
-128.1 1525
-127.9 1542
-127.7 1544
-127.5 1489
-127.3 1618
-127.1 1469
-126.9 1552
-126.7 1586
-126.5 1547
-126.3 1480
-126.1 1521
-125.9 1505
-125.7 1526
-125.5 1551
-125.3 1588
-125.1 1518
-124.9 1526
-124.7 1588
-124.5 1554
-124.3 1574
-124.1 1508
-123.9 1526
-123.7 1546
-123.5 1569
-123.3 1415
-123.1 1579
-122.9 1521
-122.7 1527
-122.5 1533
-122.3 1464
-122.1 1474
-121.9 1446
-121.7 1532
-121.5 1526
-121.3 1476
-121.1 1491
-120.9 1520
-120.7 1461
-120.5 1512
-120.3 1549
-120.1 1450
-119.9 1504
-119.7 1496
-119.5 1521
-119.3 1498
-119.1 1491
-118.9 1499
-118.7 1450
-118.5 1535
-118.3 1441
-118.1 1475
-117.9 1463
-117.7 1489
-117.5 1502
-117.3 1461
-117.1 1519
-116.9 1465
-116.7 1470
-116.5 1543
-116.3 1504
-116.1 1543
-115.9 1458
-115.7 1516
-115.5 1490
-115.3 1513
-115.1 1470
-114.9 1476
-114.7 1503
-114.5 1500
-114.3 1501
-114.1 1474
-113.9 1416
-113.7 1578
-113.5 1403
-113.3 1484
-113.1 1510
-112.9 1476
-112.7 1416
-112.5 1441
-112.3 1527
-112.1 1475
-111.9 1502
-111.7 1517
-111.5 1547
-111.3 1471
-111.1 1429
-110.9 1514
-110.7 1487
-110.5 1490
-110.3 1496
-110.1 1456
-109.9 1485
-109.7 1534
-109.5 1476
-109.3 1501
-109.1 1500
-108.9 1497
-108.7 1490
-108.5 1475
-108.3 1491
-108.1 1523
-107.9 1546
-107.7 1548
-107.5 1545
-107.3 1475
-107.1 1444
-106.9 1495
-106.7 1516
-106.5 1469
-106.3 1409
-106.1 1452
-105.9 1444
-105.7 1456
-105.5 1473
-105.3 1459
-105.1 1503
-104.9 1406
-104.7 1489
-104.5 1484
-104.3 1476
-104.1 1474
-103.9 1455
-103.7 1474
-103.5 1480
-103.3 1477
-103.1 1474
-102.9 1533
-102.7 1468
-102.5 1555
-102.3 1457
-102.1 1434
-101.9 1511
-101.7 1506
-101.5 1496
-101.3 1534
-101.1 1448
-100.9 1481
-100.7 1505
-100.5 1488
-100.3 1485
-100.1 1597
-99.9 1503
-99.7 1485
-99.5 1550
-99.3 1536
-99.1 1480
-98.9 1516
-98.7 1429
-98.5 1514
-98.3 1501
-98.1 1467
-97.9 1442
-97.7 1461
-97.5 1480
-97.3 1498
-97.1 1451
-96.9 1539
-96.7 1535
-96.5 1514
-96.3 1482
-96.1 1451
-95.9 1446
-95.7 1563
-95.5 1418
-95.3 1508
-95.1 1498
-94.9 1454
-94.7 1451
-94.5 1412
-94.3 1434
-94.1 1525
-93.9 1448
-93.7 1433
-93.5 1524
-93.3 1428
-93.1 1500
-92.9 1525
-92.7 1470
-92.5 1510
-92.3 1459
-92.1 1512
-91.9 1506
-91.7 1489
-91.5 1492
-91.3 1395
-91.1 1512
-90.9 1513
-90.7 1525
-90.5 1475
-90.3 1505
-90.1 1525
-89.9 1490
-89.7 1496
-89.5 1517
-89.3 1479
-89.1 1448
-88.9 1426
-88.7 1403
-88.5 1454
-88.3 1462
-88.1 1562
-87.9 1501
-87.7 1465
-87.5 1514
-87.3 1441
-87.1 1520
-86.9 1441
-86.7 1440
-86.5 1523
-86.3 1521
-86.1 1444
-85.9 1479
-85.7 1456
-85.5 1463
-85.3 1434
-85.1 1470
-84.9 1493
-84.7 1500
-84.5 1528
-84.3 1466
-84.1 1463
-83.9 1528
-83.7 1476
-83.5 1450
-83.3 1467
-83.1 1466
-82.9 1455
-82.7 1479
-82.5 1470
-82.3 1524
-82.1 1474
-81.9 1439
-81.7 1458
-81.5 1517
-81.3 1522
-81.1 1541
-80.9 1477
-80.7 1464
-80.5 1470
-80.3 1512
-80.1 1499
-79.9 1459
-79.7 1472
-79.5 1451
-79.3 1471
-79.1 1501
-78.9 1428
-78.7 1509
-78.5 1477
-78.3 1508
-78.1 1484
-77.9 1485
-77.7 1484
-77.5 1491
-77.3 1493
-77.1 1481
-76.9 1498
-76.7 1439
-76.5 1444
-76.3 1526
-76.1 1535
-75.9 1536
-75.7 1439
-75.5 1516
-75.3 1462
-75.1 1371
-74.9 1527
-74.7 1447
-74.5 1519
-74.3 1442
-74.1 1491
-73.9 1452
-73.7 1489
-73.5 1504
-73.3 1410
-73.1 1535
-72.9 1436
-72.7 1539
-72.5 1397
-72.3 1468
-72.1 1543
-71.9 1541
-71.7 1503
-71.5 1481
-71.3 1477
-71.1 1460
-70.9 1387
-70.7 1459
-70.5 1462
-70.3 1532
-70.1 1452
-69.9 1493
-69.7 1454
-69.5 1542
-69.3 1437
-69.1 1509
-68.9 1506
-68.7 1494
-68.5 1506
-68.3 1542
-68.1 1403
-67.9 1430
-67.7 1453
-67.5 1469
-67.3 1449
-67.1 1398
-66.9 1531
-66.7 1519
-66.5 1475
-66.3 1488
-66.1 1568
-65.9 1463
-65.7 1496
-65.5 1441
-65.3 1536
-65.1 1435
-64.9 1501
-64.7 1466
-64.5 1439
-64.3 1533
-64.1 1452
-63.9 1523
-63.7 1489
-63.5 1524
-63.3 1525
-63.1 1435
-62.9 1479
-62.7 1487
-62.5 1497
-62.3 1512
-62.1 1543
-61.9 1524
-61.7 1563
-61.5 1485
-61.3 1528
-61.1 1468
-60.9 1456
-60.7 1487
-60.5 1515
-60.3 1484
-60.1 1460
-59.9 1432
-59.7 1497
-59.5 1491
-59.3 1525
-59.1 1516
-58.9 1416
-58.7 1496
-58.5 1485
-58.3 1473
-58.1 1422
-57.9 1558
-57.7 1487
-57.5 1458
-57.3 1487
-57.1 1448
-56.9 1503
-56.7 1452
-56.5 1480
-56.3 1493
-56.1 1504
-55.9 1505
-55.7 1488
-55.5 1523
-55.3 1480
-55.1 1511
-54.9 1501
-54.7 1468
-54.5 1394
-54.3 1456
-54.1 1552
-53.9 1479
-53.7 1498
-53.5 1512
-53.3 1520
-53.1 1467
-52.9 1500
-52.7 1484
-52.5 1476
-52.3 1461
-52.1 1483
-51.9 1445
-51.7 1431
-51.5 1496
-51.3 1450
-51.1 1484
-50.9 1506
-50.7 1521
-50.5 1430
-50.3 1419
-50.1 1455
-49.9 1478
-49.7 1477
-49.5 1511
-49.3 1441
-49.1 1420
-48.9 1453
-48.7 1500
-48.5 1494
-48.3 1452
-48.1 1469
-47.9 1561
-47.7 1391
-47.5 1454
-47.3 1457
-47.1 1496
-46.9 1473
-46.7 1458
-46.5 1499
-46.3 1500
-46.1 1430
-45.9 1475
-45.7 1500
-45.5 1494
-45.3 1473
-45.1 1452
-44.9 1471
-44.7 1447
-44.5 1522
-44.3 1516
-44.1 1451
-43.9 1526
-43.7 1478
-43.5 1497
-43.3 1469
-43.1 1540
-42.9 1524
-42.7 1454
-42.5 1509
-42.3 1473
-42.1 1430
-41.9 1504
-41.7 1490
-41.5 1493
-41.3 1463
-41.1 1458
-40.9 1451
-40.7 1474
-40.5 1517
-40.3 1477
-40.1 1440
-39.9 1481
-39.7 1474
-39.5 1473
-39.3 1410
-39.1 1487
-38.9 1534
-38.7 1434
-38.5 1464
-38.3 1526
-38.1 1535
-37.9 1476
-37.7 1473
-37.5 1446
-37.3 1542
-37.1 1450
-36.9 1424
-36.7 1491
-36.5 1434
-36.3 1467
-36.1 1423
-35.9 1431
-35.7 1535
-35.5 1446
-35.3 1507
-35.1 1498
-34.9 1484
-34.7 1527
-34.5 1405
-34.3 1515
-34.1 1430
-33.9 1510
-33.7 1477
-33.5 1467
-33.3 1454
-33.1 1518
-32.9 1526
-32.7 1465
-32.5 1504
-32.3 1448
-32.1 1547
-31.9 1496
-31.7 1528
-31.5 1537
-31.3 1473
-31.1 1460
-30.9 1423
-30.7 1500
-30.5 1443
-30.3 1555
-30.1 1451
-29.9 1465
-29.7 1458
-29.5 1415
-29.3 1478
-29.1 1538
-28.9 1488
-28.7 1412
-28.5 1480
-28.3 1494
-28.1 1437
-27.9 1377
-27.7 1498
-27.5 1482
-27.3 1408
-27.1 1435
-26.9 1512
-26.7 1403
-26.5 1457
-26.3 1482
-26.1 1438
-25.9 1493
-25.7 1388
-25.5 1437
-25.3 1483
-25.1 1489
-24.9 1459
-24.7 1509
-24.5 1461
-24.3 1446
-24.1 1451
-23.9 1473
-23.7 1447
-23.5 1528
-23.3 1564
-23.1 1461
-22.9 1504
-22.7 1485
-22.5 1439
-22.3 1467
-22.1 1399
-21.9 1504
-21.7 1438
-21.5 1439
-21.3 1456
-21.1 1471
-20.9 1523
-20.7 1497
-20.5 1429
-20.3 1491
-20.1 1479
-19.9 1456
-19.7 1454
-19.5 1412
-19.3 1450
-19.1 1470
-18.9 1438
-18.7 1478
-18.5 1498
-18.3 1389
-18.1 1422
-17.9 1440
-17.7 1458
-17.5 1487
-17.3 1500
-17.1 1454
-16.9 1426
-16.7 1463
-16.5 1456
-16.3 1499
-16.1 1428
-15.9 1474
-15.7 1568
-15.5 1452
-15.3 1453
-15.1 1488
-14.9 1495
-14.7 1543
-14.5 1540
-14.3 1486
-14.1 1479
-13.9 1460
-13.7 1534
-13.5 1402
-13.3 1459
-13.1 1456
-12.9 1358
-12.7 1482
-12.5 1495
-12.3 1444
-12.1 1464
-11.9 1482
-11.7 1514
-11.5 1449
-11.3 1571
-11.1 1486
-10.9 1433
-10.7 1470
-10.5 1518
-10.3 1454
-10.1 1470
-9.9 1460
-9.7 1467
-9.5 1546
-9.3 1410
-9.1 1481
-8.9 1484
-8.7 1414
-8.5 1460
-8.3 1476
-8.1 1477
-7.9 1474
-7.7 1440
-7.5 1508
-7.3 1440
-7.1 1497
-6.9 1478
-6.7 1483
-6.5 1478
-6.3 1442
-6.1 1460
-5.9 1486
-5.7 1519
-5.5 1433
-5.3 1389
-5.1 1456
-4.9 1454
-4.7 1441
-4.5 1380
-4.3 1475
-4.1 1498
-3.9 1525
-3.7 1475
-3.5 1538
-3.3 1490
-3.1 1457
-2.9 1479
-2.7 1433
-2.5 1447
-2.3 1453
-2.1 1457
-1.9 1478
-1.7 1485
-1.5 1503
-1.3 1426
-1.1 1446
-0.9 1373
-0.7 1476
-0.5 1507
-0.3 1435
-0.1 1422
0.1 1407
0.3 1480
0.5 1358
0.7 1423
0.9 1427
1.1 1518
1.3 1471
1.5 1425
1.7 1467
1.9 1423
2.1 1461
2.3 1445
2.5 1533
2.7 1443
2.9 1410
3.1 1504
3.3 1385
3.5 1492
3.7 1412
3.9 1482
4.1 1476
4.3 1439
4.5 1416
4.7 1469
4.9 1443
5.1 1447
5.3 1432
5.5 1436
5.7 1345
5.9 1461
6.1 1404
6.3 1417
6.5 1434
6.7 1432
6.9 1405
7.1 1396
7.3 1445
7.5 1471
7.7 1382
7.9 1384
8.1 1429
8.3 1395
8.5 1401
8.7 1393
8.9 1391
9.1 1400
9.3 1322
9.5 1309
9.7 1430
9.9 1345
10.1 1308
10.3 1325
10.5 1326
10.7 1256
10.9 1263
11.1 1259
11.3 1242
11.5 1297
11.7 1259
11.9 1213
12.1 1150
12.3 1185
12.5 1228
12.7 1132
12.9 1210
13.1 1257
13.3 1118
13.5 1137
13.7 1069
13.9 1107
14.1 1074
14.3 1069
14.5 1045
14.7 996
14.9 1013
15.1 987
15.3 907
15.5 947
15.7 921
15.9 879
16.1 901
16.3 884
16.5 897
16.7 876
16.9 851
17.1 825
17.3 811
17.5 757
17.7 839
17.9 732
18.1 731
18.3 733
18.5 730
18.7 707
18.9 652
19.1 639
19.3 660
19.5 636
19.7 622
19.9 603
20.1 612
20.3 597
20.5 557
20.7 559
20.9 520
21.1 497
21.3 488
21.5 491
21.7 486
21.9 485
22.1 458
22.3 450
22.5 427
22.7 399
22.9 420
23.1 368
23.3 374
23.5 401
23.7 352
23.9 343
24.1 295
24.3 318
24.5 316
24.7 283
24.9 279
25.1 286
25.3 287
25.5 242
25.7 214
25.9 249
26.1 231
26.3 200
26.5 182
26.7 228
26.9 188
27.1 169
27.3 179
27.5 161
27.7 159
27.9 151
28.1 134
28.3 144
28.5 126
28.7 102
28.9 119
29.1 132
29.3 126
29.5 101
29.7 123
29.9 84
