1259
-203.7 1.0285e-05
-203.5 1.0285e-05
-203.3 1.0285e-05
-203.1 1.0285e-05
-202.9 1.0285e-05
-202.7 1.0285e-05
-202.5 1.0285e-05
-202.3 3.0855e-05
-202.1 6.171e-05
-201.9 0.000113135
-201.7 0.000277695
-201.5 0.000442255
-201.3 0.00069938
-201.1 0.00118277
-200.9 0.00181016
-200.7 0.00261239
-200.5 0.00372317
-200.3 0.00501908
-200.1 0.00626356
-199.9 0.00773432
-199.7 0.00972961
-199.5 0.0117866
-199.3 0.0141007
-199.1 0.0163531
-198.9 0.0185747
-198.7 0.020714
-198.5 0.0228635
-198.3 0.0253011
-198.1 0.0273067
-197.9 0.0291065
-197.7 0.030927
-197.5 0.0327371
-197.3 0.0342388
-197.1 0.0358124
-196.9 0.0374374
-196.7 0.0388156
-196.5 0.0403583
-196.3 0.0419422
-196.1 0.0435467
-195.9 0.0450483
-195.7 0.0463442
-195.5 0.0478869
-195.3 0.0494708
-195.1 0.050993
-194.9 0.0521758
-194.7 0.0536671
-194.5 0.0551893
-194.3 0.056732
-194.1 0.0582954
-193.9 0.0596221
-193.7 0.0611546
-193.5 0.0624196
-193.3 0.0637053
-193.1 0.0650629
-192.9 0.0662765
-192.7 0.0677884
-192.5 0.0692077
-192.3 0.0704934
-192.1 0.0718407
-191.9 0.0730235
-191.7 0.0743811
-191.5 0.075677
-191.3 0.0769626
-191.1 0.0781865
-190.9 0.0796162
-190.7 0.0811075
-190.5 0.0823314
-190.3 0.0836787
-190.1 0.0849644
-189.9 0.0862603
-189.7 0.087515
-189.5 0.0888315
-189.3 0.0901069
-189.1 0.0913308
-188.9 0.0924416
-188.7 0.0936346
-188.5 0.0947145
-188.3 0.0960516
-188.1 0.0973989
-187.9 0.0988388
-187.7 0.100083
-187.5 0.101235
-187.3 0.102418
-187.1 0.103632
-186.9 0.104876
-186.7 0.1061
-186.5 0.107468
-186.3 0.108918
-186.1 0.110173
-185.9 0.111469
-185.7 0.112631
-185.5 0.113855
-185.3 0.114914
-185.1 0.116056
-184.9 0.117239
-184.7 0.118411
-184.5 0.119728
-184.3 0.12091
-184.1 0.122165
-183.9 0.123317
-183.7 0.124366
-183.5 0.125693
-183.3 0.12703
-183.1 0.128295
-182.9 0.1292
-182.7 0.130403
-182.5 0.131432
-182.3 0.13246
-182.1 0.133468
-181.9 0.134548
-181.7 0.135659
-181.5 0.136667
-181.3 0.137798
-181.1 0.138919
-180.9 0.139907
-180.7 0.141069
-180.5 0.142211
-180.3 0.14326
-180.1 0.144196
-179.9 0.145162
-179.7 0.146222
-179.5 0.147127
-179.3 0.148258
-179.1 0.149184
-178.9 0.150264
-178.7 0.151344
-178.5 0.152228
-178.3 0.153236
-178.1 0.154296
-177.9 0.15518
-177.7 0.156167
-177.5 0.157175
-177.3 0.158224
-177.1 0.159201
-176.9 0.159932
-176.7 0.161084
-176.5 0.162112
-176.3 0.163192
-176.1 0.164025
-175.9 0.165033
-175.7 0.166082
-175.5 0.166812
-175.3 0.167728
-175.1 0.168746
-174.9 0.1696
-174.7 0.170731
-174.5 0.171698
-174.3 0.172582
-174.1 0.173549
-173.9 0.174578
-173.7 0.175452
-173.5 0.176244
-173.3 0.177159
-173.1 0.178198
-172.9 0.179021
-172.7 0.179895
-172.5 0.180831
-172.3 0.181726
-172.1 0.182703
-171.9 0.183474
-171.7 0.184204
-171.5 0.185171
-171.3 0.186261
-171.1 0.18729
-170.9 0.188133
-170.7 0.189162
-170.5 0.189984
-170.3 0.190951
-170.1 0.191856
-169.9 0.192813
-169.7 0.193615
-169.5 0.194438
-169.3 0.195292
-169.1 0.196238
-168.9 0.197112
-168.7 0.198048
-168.5 0.19885
-168.3 0.19957
-168.1 0.200516
-167.9 0.201493
-167.7 0.202419
-167.5 0.203211
-167.3 0.204013
-167.1 0.205042
-166.9 0.205978
-166.7 0.206677
-166.5 0.207685
-166.3 0.208508
-166.1 0.209372
-165.9 0.210256
-165.7 0.21111
-165.5 0.211953
-165.3 0.213064
-165.1 0.213918
-164.9 0.214864
-164.7 0.215594
-164.5 0.216499
-164.3 0.217435
-164.1 0.218402
-163.9 0.219389
-163.7 0.220264
-163.5 0.221271
-163.3 0.222125
-163.1 0.222907
-162.9 0.223853
-162.7 0.224768
-162.5 0.225591
-162.3 0.226537
-162.1 0.227432
-161.9 0.228378
-161.7 0.229139
-161.5 0.230209
-161.3 0.231063
-161.1 0.231793
-160.9 0.232729
-160.7 0.233644
-160.5 0.234354
-160.3 0.235341
-160.1 0.23638
-159.9 0.237162
-159.7 0.238057
-159.5 0.239054
-159.3 0.239908
-159.1 0.2407
-158.9 0.241595
-158.7 0.242695
-158.5 0.243569
-158.3 0.244444
-158.1 0.245225
-157.9 0.246038
-157.7 0.246912
-157.5 0.247889
-157.3 0.248825
-157.1 0.249781
-156.9 0.250748
-156.7 0.251581
-156.5 0.252435
-156.3 0.25333
-156.1 0.254153
-155.9 0.254965
-155.7 0.255911
-155.5 0.256734
-155.3 0.257608
-155.1 0.258585
-154.9 0.259552
-154.7 0.260498
-154.5 0.261362
-154.3 0.262411
-154.1 0.263368
-153.9 0.264119
-153.7 0.265003
-153.5 0.265733
-153.3 0.266597
-153.1 0.267451
-152.9 0.268315
-152.7 0.269107
-152.5 0.270043
-152.3 0.270876
-152.1 0.271894
-151.9 0.272799
-151.7 0.273519
-151.5 0.274445
-151.3 0.275309
-151.1 0.276142
-150.9 0.277181
-150.7 0.277962
-150.5 0.278723
-150.3 0.279485
-150.1 0.280276
-149.9 0.281264
-149.7 0.282231
-149.5 0.283115
-149.3 0.283886
-149.1 0.284915
-148.9 0.2858
-148.7 0.286715
-148.5 0.287589
-148.3 0.288175
-148.1 0.288947
-147.9 0.289811
-147.7 0.290561
-147.5 0.291467
-147.3 0.29231
-147.1 0.29302
-146.9 0.293791
-146.7 0.294573
-146.5 0.295395
-146.3 0.29629
-146.1 0.297257
-145.9 0.29808
-145.7 0.299139
-145.5 0.300003
-145.3 0.30096
-145.1 0.301752
-144.9 0.302461
-144.7 0.303243
-144.5 0.304004
-144.3 0.30495
-144.1 0.305804
-143.9 0.306555
-143.7 0.307347
-143.5 0.308231
-143.3 0.309249
-143.1 0.310175
-142.9 0.310761
-142.7 0.311697
-142.5 0.312376
-142.3 0.313291
-142.1 0.314104
-141.9 0.314906
-141.7 0.315893
-141.5 0.316747
-141.3 0.317611
-141.1 0.318413
-140.9 0.31939
-140.7 0.320213
-140.5 0.321108
-140.3 0.321941
-140.1 0.322815
-139.9 0.323864
-139.7 0.32479
-139.5 0.325572
-139.3 0.326384
-139.1 0.327217
-138.9 0.328235
-138.7 0.328986
-138.5 0.329881
-138.3 0.330981
-138.1 0.331887
-137.9 0.332915
-137.7 0.333758
-137.5 0.334509
-137.3 0.335332
-137.1 0.336155
-136.9 0.337173
-136.7 0.338253
-136.5 0.339055
-136.3 0.340032
-136.1 0.340968
-135.9 0.342069
-135.7 0.343015
-135.5 0.343982
-135.3 0.344856
-135.1 0.345812
-134.9 0.346831
-134.7 0.347695
-134.5 0.34861
-134.3 0.349525
-134.1 0.35041
-133.9 0.351171
-133.7 0.352138
-133.5 0.353105
-133.3 0.353927
-133.1 0.35474
-132.9 0.355532
-132.7 0.356375
-132.5 0.357249
-132.3 0.358268
-132.1 0.359214
-131.9 0.360098
-131.7 0.361014
-131.5 0.361847
-131.3 0.362649
-131.1 0.363503
-130.9 0.364531
-130.7 0.365498
-130.5 0.366444
-130.3 0.367349
-130.1 0.368182
-129.9 0.369129
-129.7 0.369828
-129.5 0.370764
-129.3 0.371875
-129.1 0.372718
-128.9 0.373561
-128.7 0.374312
-128.5 0.37532
-128.3 0.376297
-128.1 0.377141
-127.9 0.377984
-127.7 0.378848
-127.5 0.379784
-127.3 0.380668
-127.1 0.381522
-126.9 0.382489
-126.7 0.38325
-126.5 0.38396
-126.3 0.384844
-126.1 0.385729
-125.9 0.386592
-125.7 0.387631
-125.5 0.388547
-125.3 0.389359
-125.1 0.39012
-124.9 0.390912
-124.7 0.391848
-124.5 0.392815
-124.3 0.393525
-124.1 0.394368
-123.9 0.39518
-123.7 0.396003
-123.5 0.396847
-123.3 0.397783
-123.1 0.398554
-122.9 0.399418
-122.7 0.400148
-122.5 0.401033
-122.3 0.401886
-122.1 0.402668
-121.9 0.403727
-121.7 0.404478
-121.5 0.405249
-121.3 0.406083
-121.1 0.406813
-120.9 0.407533
-120.7 0.40851
-120.5 0.409446
-120.3 0.41033
-120.1 0.411235
-119.9 0.412007
-119.7 0.412994
-119.5 0.413817
-119.3 0.414599
-119.1 0.41539
-118.9 0.416326
-118.7 0.417098
-118.5 0.417859
-118.3 0.41898
-118.1 0.41972
-117.9 0.420759
-117.7 0.421592
-117.5 0.422364
-117.3 0.423258
-117.1 0.424153
-116.9 0.425192
-116.7 0.426159
-116.5 0.426982
-116.3 0.427887
-116.1 0.428823
-115.9 0.429707
-115.7 0.43054
-115.5 0.431363
-115.3 0.432145
-115.1 0.43305
-114.9 0.433698
-114.7 0.434459
-114.5 0.435395
-114.3 0.436094
-114.1 0.436876
-113.9 0.43775
-113.7 0.438604
-113.5 0.439375
-113.3 0.440249
-113.1 0.441082
-112.9 0.442162
-112.7 0.442995
-112.5 0.443808
-112.3 0.444754
-112.1 0.44568
-111.9 0.446379
-111.7 0.447397
-111.5 0.44821
-111.3 0.449136
-111.1 0.449886
-110.9 0.450771
-110.7 0.451707
-110.5 0.452704
-110.3 0.45364
-110.1 0.454473
-109.9 0.455348
-109.7 0.456129
-109.5 0.456952
-109.3 0.457785
-109.1 0.458587
-108.9 0.459297
-108.7 0.460099
-108.5 0.460871
-108.3 0.461786
-108.1 0.462712
-107.9 0.463607
-107.7 0.464429
-107.5 0.465458
-107.3 0.466188
-107.1 0.466908
-106.9 0.467721
-106.7 0.468533
-106.5 0.469294
-106.3 0.469983
-106.1 0.47095
-105.9 0.471732
-105.7 0.47275
-105.5 0.473686
-105.3 0.474539
-105.1 0.475301
-104.9 0.476216
-104.7 0.476987
-104.5 0.477985
-104.3 0.478705
-104.1 0.479517
-103.9 0.480299
-103.7 0.48107
-103.5 0.481914
-103.3 0.482829
-103.1 0.483673
-102.9 0.484393
-102.7 0.485359
-102.5 0.486285
-102.3 0.48718
-102.1 0.488023
-101.9 0.489
-101.7 0.489782
-101.5 0.490625
-101.3 0.491571
-101.1 0.4926
-100.9 0.493371
-100.7 0.494348
-100.5 0.495295
-100.3 0.496313
-100.1 0.497218
-99.9 0.497866
-99.7 0.498637
-99.5 0.499532
-99.3 0.500437
-99.1 0.501198
-98.9 0.50198
-98.7 0.502895
-98.5 0.503821
-98.3 0.504582
-98.1 0.505436
-97.9 0.506382
-97.7 0.507112
-97.5 0.507801
-97.3 0.508603
-97.1 0.509488
-96.9 0.510321
-96.7 0.511123
-96.5 0.511977
-96.3 0.512707
-96.1 0.513602
-95.9 0.514342
-95.7 0.515248
-95.5 0.515978
-95.3 0.51679
-95.1 0.517592
-94.9 0.518374
-94.7 0.519176
-94.5 0.519927
-94.3 0.520832
-94.1 0.521624
-93.9 0.522622
-93.7 0.523537
-93.5 0.524576
-93.3 0.525605
-93.1 0.526417
-92.9 0.527302
-92.7 0.528155
-92.5 0.529101
-92.3 0.529945
-92.1 0.530675
-91.9 0.531508
-91.7 0.532166
-91.5 0.53303
-91.3 0.533791
-91.1 0.534655
-90.9 0.535355
-90.7 0.536342
-90.5 0.537237
-90.3 0.53806
-90.1 0.538852
-89.9 0.539582
-89.7 0.540374
-89.5 0.541166
-89.3 0.54205
-89.1 0.542894
-88.9 0.543768
-88.7 0.544776
-88.5 0.545681
-88.3 0.54639
-88.1 0.547254
-87.9 0.548221
-87.7 0.549157
-87.5 0.549939
-87.3 0.550669
-87.1 0.551379
-86.9 0.552212
-86.7 0.553045
-86.5 0.553878
-86.3 0.554793
-86.1 0.555503
-85.9 0.556223
-85.7 0.557066
-85.5 0.557776
-85.3 0.55863
-85.1 0.559586
-84.9 0.56046
-84.7 0.561304
-84.5 0.561952
-84.3 0.562795
-84.1 0.563752
-83.9 0.564492
-83.7 0.565263
-83.5 0.566086
-83.3 0.566827
-83.1 0.567732
-82.9 0.568431
-82.7 0.569439
-82.5 0.570241
-82.3 0.570961
-82.1 0.571815
-81.9 0.572679
-81.7 0.573687
-81.5 0.574726
-81.3 0.575394
-81.1 0.576299
-80.9 0.577256
-80.7 0.578048
-80.5 0.578819
-80.3 0.579662
-80.1 0.580547
-79.9 0.581359
-79.7 0.582285
-79.5 0.58317
-79.3 0.584013
-79.1 0.584898
-78.9 0.585813
-78.7 0.586625
-78.5 0.587489
-78.3 0.588127
-78.1 0.58897
-77.9 0.589896
-77.7 0.590678
-77.5 0.591593
-77.3 0.592478
-77.1 0.593177
-76.9 0.593959
-76.7 0.594874
-76.5 0.595789
-76.3 0.596705
-76.1 0.597538
-75.9 0.598258
-75.7 0.599019
-75.5 0.599852
-75.3 0.60085
-75.1 0.601755
-74.9 0.602649
-74.7 0.603647
-74.5 0.604429
-74.3 0.605581
-74.1 0.606352
-73.9 0.607134
-73.7 0.607936
-73.5 0.608851
-73.3 0.609551
-73.1 0.610487
-72.9 0.611381
-72.7 0.612276
-72.5 0.613109
-72.3 0.614004
-72.1 0.614858
-71.9 0.615681
-71.7 0.616544
-71.5 0.617419
-71.3 0.61819
-71.1 0.619105
-70.9 0.619949
-70.7 0.620782
-70.5 0.621574
-70.3 0.62252
-70.1 0.623446
-69.9 0.624279
-69.7 0.625112
-69.5 0.626223
-69.3 0.626778
-69.1 0.627519
-68.9 0.628434
-68.7 0.629432
-68.5 0.630388
-68.3 0.631262
-68.1 0.632157
-67.9 0.633011
-67.7 0.633823
-67.5 0.634615
-67.3 0.635489
-67.1 0.636302
-66.9 0.637197
-66.7 0.638061
-66.5 0.638811
-66.3 0.639614
-66.1 0.640519
-65.9 0.641311
-65.7 0.642113
-65.5 0.642997
-65.3 0.643872
-65.1 0.644828
-64.9 0.645836
-64.7 0.647029
-64.5 0.647903
-64.3 0.648778
-64.1 0.649672
-63.9 0.650649
-63.7 0.651544
-63.5 0.65247
-63.3 0.653159
-63.1 0.654177
-62.9 0.655123
-62.7 0.655946
-62.5 0.65679
-62.3 0.657407
-62.1 0.65826
-61.9 0.659227
-61.7 0.660194
-61.5 0.661017
-61.3 0.661922
-61.1 0.662806
-60.9 0.663825
-60.7 0.664565
-60.5 0.665676
-60.3 0.666416
-60.1 0.667291
-59.9 0.668237
-59.7 0.66908
-59.5 0.669924
-59.3 0.670818
-59.1 0.671765
-58.9 0.672649
-58.7 0.673667
-58.5 0.674459
-58.3 0.675148
-58.1 0.675909
-57.9 0.676691
-57.7 0.677596
-57.5 0.678532
-57.3 0.679303
-57.1 0.68026
-56.9 0.681175
-56.7 0.682194
-56.5 0.68314
-56.3 0.683993
-56.1 0.684899
-55.9 0.685752
-55.7 0.686678
-55.5 0.687768
-55.3 0.688611
-55.1 0.689609
-54.9 0.690401
-54.7 0.691214
-54.5 0.692088
-54.3 0.692993
-54.1 0.693744
-53.9 0.694762
-53.7 0.695533
-53.5 0.696356
-53.3 0.697282
-53.1 0.69832
-52.9 0.699174
-52.7 0.700069
-52.5 0.701025
-52.3 0.701838
-52.1 0.702681
-51.9 0.703463
-51.7 0.704275
-51.5 0.705181
-51.3 0.706055
-51.1 0.706939
-50.9 0.707875
-50.7 0.708667
-50.5 0.709387
-50.3 0.710179
-50.1 0.711022
-49.9 0.711712
-49.7 0.712668
-49.5 0.713501
-49.3 0.714355
-49.1 0.715229
-48.9 0.716021
-48.7 0.716731
-48.5 0.717625
-48.3 0.718397
-48.1 0.719209
-47.9 0.720073
-47.7 0.720875
-47.5 0.72175
-47.3 0.722624
-47.1 0.723539
-46.9 0.724455
-46.7 0.725349
-46.5 0.726255
-46.3 0.72716
-46.1 0.728044
-45.9 0.729001
-45.7 0.729834
-45.5 0.730615
-45.3 0.73149
-45.1 0.732292
-44.9 0.733094
-44.7 0.734009
-44.5 0.734894
-44.3 0.735645
-44.1 0.736406
-43.9 0.737157
-43.7 0.737866
-43.5 0.738895
-43.3 0.739604
-43.1 0.740314
-42.9 0.74126
-42.7 0.742155
-42.5 0.74306
-42.3 0.743739
-42.1 0.7445
-41.9 0.745467
-41.7 0.746351
-41.5 0.747112
-41.3 0.748059
-41.1 0.749025
-40.9 0.7499
-40.7 0.75064
-40.5 0.75134
-40.3 0.752029
-40.1 0.75281
-39.9 0.753695
-39.7 0.754435
-39.5 0.755104
-39.3 0.755875
-39.1 0.75676
-38.9 0.757716
-38.7 0.758529
-38.5 0.759465
-38.3 0.760195
-38.1 0.7611
-37.9 0.761943
-37.7 0.762725
-37.5 0.763517
-37.3 0.764402
-37.1 0.765091
-36.9 0.766037
-36.7 0.766993
-36.5 0.767898
-36.3 0.768804
-36.1 0.769503
-35.9 0.770243
-35.7 0.771097
-35.5 0.771951
-35.3 0.772763
-35.1 0.773802
-34.9 0.774584
-34.7 0.775437
-34.5 0.776404
-34.3 0.777381
-34.1 0.778327
-33.9 0.779212
-33.7 0.779983
-33.5 0.780765
-33.3 0.781742
-33.1 0.782555
-32.9 0.78346
-32.7 0.784231
-32.5 0.785064
-32.3 0.785918
-32.1 0.786689
-31.9 0.78744
-31.7 0.788273
-31.5 0.789137
-31.3 0.790083
-31.1 0.790813
-30.9 0.791708
-30.7 0.792582
-30.5 0.793385
-30.3 0.794146
-30.1 0.794969
-29.9 0.79574
-29.7 0.796604
-29.5 0.797437
-29.3 0.798219
-29.1 0.799185
-28.9 0.800029
-28.7 0.800872
-28.5 0.801654
-28.3 0.802435
-28.1 0.803423
-27.9 0.804277
-27.7 0.805202
-27.5 0.806004
-27.3 0.806971
-27.1 0.807876
-26.9 0.808709
-26.7 0.809419
-26.5 0.810252
-26.3 0.811054
-26.1 0.811826
-25.9 0.812638
-25.7 0.813554
-25.5 0.81449
-25.3 0.815343
-25.1 0.816156
-24.9 0.816989
-24.7 0.817863
-24.5 0.818665
-24.3 0.819334
-24.1 0.820095
-23.9 0.820825
-23.7 0.821555
-23.5 0.822316
-23.3 0.823263
-23.1 0.823952
-22.9 0.824918
-22.7 0.825844
-22.5 0.82676
-22.3 0.827541
-22.1 0.828313
-21.9 0.829115
-21.7 0.829907
-21.5 0.830976
-21.3 0.831809
-21.1 0.832766
-20.9 0.833671
-20.7 0.834442
-20.5 0.835378
-20.3 0.836366
-20.1 0.837147
-19.9 0.837878
-19.7 0.838927
-19.5 0.839616
-19.3 0.840346
-19.1 0.841251
-18.9 0.842012
-18.7 0.842856
-18.5 0.843761
-18.3 0.844676
-18.1 0.845427
-17.9 0.84627
-17.7 0.847144
-17.5 0.848101
-17.3 0.848924
-17.1 0.849674
-16.9 0.850415
-16.7 0.85133
-16.5 0.852277
-16.3 0.853089
-16.1 0.853963
-15.9 0.854786
-15.7 0.855691
-15.5 0.856555
-15.3 0.857429
-15.1 0.858283
-14.9 0.859229
-14.7 0.860155
-14.5 0.861039
-14.3 0.861934
-14.1 0.862839
-13.9 0.863683
-13.7 0.864495
-13.5 0.865369
-13.3 0.86612
-13.1 0.86684
-12.9 0.867632
-12.7 0.868352
-12.5 0.869175
-12.3 0.87008
-12.1 0.870964
-11.9 0.871643
-11.7 0.872651
-11.5 0.873433
-11.3 0.874194
-11.1 0.875192
-10.9 0.876066
-10.7 0.876868
-10.5 0.877814
-10.3 0.878575
-10.1 0.879254
-9.9 0.880139
-9.7 0.880859
-9.5 0.881784
-9.3 0.882597
-9.1 0.883378
-8.9 0.884098
-8.7 0.885096
-8.5 0.886022
-8.3 0.886783
-8.1 0.887606
-7.9 0.888387
-7.7 0.8892
-7.5 0.890002
-7.3 0.890845
-7.1 0.891678
-6.9 0.892439
-6.7 0.893334
-6.5 0.894157
-6.3 0.895083
-6.1 0.895741
-5.9 0.896677
-5.7 0.89752
-5.5 0.898333
-5.3 0.899166
-5.1 0.90003
-4.9 0.900935
-4.7 0.901747
-4.5 0.902581
-4.3 0.903609
-4.1 0.904494
-3.9 0.905378
-3.7 0.906355
-3.5 0.907373
-3.3 0.908248
-3.1 0.909225
-2.9 0.910047
-2.7 0.91086
-2.5 0.911724
-2.3 0.912506
-2.1 0.913359
-1.9 0.914213
-1.7 0.914984
-1.5 0.915745
-1.3 0.916671
-1.1 0.917381
-0.899999 0.918183
-0.699999 0.918944
-0.499999 0.919808
-0.299999 0.92062
-0.0999994 0.921423
0.100001 0.922307
0.300001 0.92313
0.500001 0.923932
0.700001 0.924662
0.900001 0.925434
1.1 0.926267
1.3 0.926987
1.5 0.927892
1.7 0.929003
1.9 0.929928
2.1 0.930823
2.3 0.93179
2.5 0.93252
2.7 0.933528
2.9 0.934145
3.1 0.934989
3.3 0.935883
3.5 0.936758
3.7 0.937683
3.9 0.938578
4.1 0.939216
4.3 0.940028
4.5 0.941057
4.7 0.941663
4.9 0.942414
5.1 0.943103
5.3 0.943823
5.5 0.94477
5.7 0.945572
5.9 0.946487
6.1 0.947248
6.3 0.947989
6.5 0.948791
6.7 0.949583
6.9 0.95021
7.1 0.951064
7.3 0.951969
7.5 0.952792
7.7 0.953471
7.9 0.954088
8.1 0.954808
8.3 0.955569
8.5 0.956433
8.7 0.956998
8.9 0.957708
9.1 0.958407
9.3 0.959086
9.5 0.959899
9.7 0.960608
9.9 0.961308
10.1 0.96209
10.3 0.96284
10.5 0.96355
10.7 0.964064
10.9 0.964722
11.1 0.96534
11.3 0.966193
11.5 0.966893
11.7 0.967602
11.9 0.968374
12.1 0.96932
12.3 0.969916
12.5 0.970544
12.7 0.971284
12.9 0.971829
13.1 0.972467
13.3 0.973002
13.5 0.973496
13.7 0.974041
13.9 0.974545
14.1 0.975059
14.3 0.975697
14.5 0.976396
14.7 0.976931
14.9 0.977507
15.1 0.978144
15.3 0.978607
15.5 0.979296
15.7 0.979841
15.9 0.980325
16.1 0.98086
16.3 0.98122
16.5 0.981806
16.7 0.982258
16.9 0.982649
17.1 0.983112
17.3 0.983606
17.5 0.984099
17.7 0.984562
17.9 0.985046
18.1 0.985498
18.3 0.986023
18.5 0.986352
18.7 0.986825
18.9 0.987216
19.1 0.987596
19.3 0.988069
19.5 0.98845
19.7 0.98882
19.9 0.98919
20.1 0.989612
20.3 0.989859
20.5 0.990137
20.7 0.990476
20.9 0.990877
21.1 0.991206
21.3 0.991433
21.5 0.991679
21.7 0.99207
21.9 0.992451
22.1 0.992739
22.3 0.993047
22.5 0.993397
22.7 0.993675
22.9 0.99388
23.1 0.994148
23.3 0.994436
23.5 0.994714
23.7 0.99495
23.9 0.995248
24.1 0.995454
24.3 0.99566
24.5 0.995804
24.7 0.995958
24.9 0.996071
25.1 0.996225
25.3 0.996318
25.5 0.996503
25.7 0.996647
25.9 0.996884
26.1 0.997089
26.3 0.997264
26.5 0.997439
26.7 0.997573
26.9 0.997717
27.1 0.997892
27.3 0.998005
27.5 0.998097
27.7 0.998241
27.9 0.998344
28.1 0.998468
28.3 0.99855
28.5 0.998704
28.7 0.998817
28.9 0.998889
29.1 0.998982
29.3 0.999023
29.5 0.999064
29.7 0.999085
29.9 0.999167
30.1 0.999198
30.3 0.999229
30.5 0.99929
30.7 0.999342
30.9 0.999403
31.1 0.999455
31.3 0.999486
31.5 0.999517
31.7 0.999558
31.9 0.999568
32.1 0.999589
32.3 0.99964
32.5 0.999661
32.7 0.999681
32.9 0.999702
33.1 0.999702
33.3 0.999722
33.5 0.999753
33.7 0.999763
33.9 0.999794
34.1 0.999805
34.3 0.999815
34.5 0.999815
34.7 0.999815
34.9 0.999825
35.1 0.999835
35.3 0.999835
35.5 0.999835
35.7 0.999835
35.9 0.999856
36.1 0.999856
36.3 0.999856
36.5 0.999856
36.7 0.999856
36.9 0.999856
37.1 0.999856
37.3 0.999866
37.5 0.999866
37.7 0.999866
37.9 0.999866
38.1 0.999877
38.3 0.999877
38.5 0.999897
38.7 0.999907
38.9 0.999907
39.1 0.999907
39.3 0.999907
39.5 0.999907
39.7 0.999918
39.9 0.999928
40.1 0.999928
40.3 0.999928
40.5 0.999928
40.7 0.999928
40.9 0.999928
41.1 0.999928
41.3 0.999938
41.5 0.999938
41.7 0.999938
41.9 0.999949
42.1 0.999949
42.3 0.999949
42.5 0.999949
42.7 0.999949
42.9 0.999949
43.1 0.999949
43.3 0.999949
43.5 0.999949
43.7 0.999949
43.9 0.999949
44.1 0.999949
44.3 0.999949
44.5 0.999949
44.7 0.999949
44.9 0.999969
45.1 0.999969
45.3 0.999969
45.5 0.999979
45.7 0.99999
45.9 0.99999
46.1 0.99999
46.3 0.99999
46.5 0.99999
46.7 0.99999
46.9 0.99999
47.1 0.99999
47.3 0.99999
47.5 0.99999
47.7 0.99999
47.9 1
