1237
-199.1 2.08377e-05
-198.9 4.16753e-05
-198.7 7.29319e-05
-198.5 0.000125026
-198.3 0.000250052
-198.1 0.000375078
-197.9 0.000666806
-197.7 0.00108356
-197.5 0.00175036
-197.3 0.00269848
-197.1 0.00391748
-196.9 0.00520942
-196.7 0.00700146
-196.5 0.00913732
-196.3 0.0114399
-196.1 0.0139508
-195.9 0.0163992
-195.7 0.0190769
-195.5 0.0212232
-195.3 0.0236403
-195.1 0.0257554
-194.9 0.0279121
-194.7 0.0298708
-194.5 0.0316628
-194.3 0.0332569
-194.1 0.034851
-193.9 0.0364451
-193.7 0.0381538
-193.5 0.0395812
-193.3 0.0409148
-193.1 0.0423005
-192.9 0.0439987
-192.7 0.0454157
-192.5 0.0471452
-192.3 0.0487393
-192.1 0.0502605
-191.9 0.0518337
-191.7 0.0534382
-191.5 0.0547614
-191.3 0.0562826
-191.1 0.0577099
-190.9 0.059054
-190.7 0.0603459
-190.5 0.0616483
-190.3 0.0630027
-190.1 0.0643572
-189.9 0.0658679
-189.7 0.0672849
-189.5 0.0687956
-189.3 0.0701813
-189.1 0.071692
-188.9 0.0731507
-188.7 0.0743176
-188.5 0.0757137
-188.3 0.0770056
-188.1 0.0786101
-187.9 0.0799854
-187.7 0.0814024
-187.5 0.0827047
-187.3 0.0839654
-187.1 0.0853824
-186.9 0.0867264
-186.7 0.0878516
-186.5 0.0893728
-186.3 0.0907689
-186.1 0.0920921
-185.9 0.0934986
-185.7 0.0949156
-185.5 0.0962075
-185.3 0.097364
-185.1 0.0985309
-184.9 0.0999271
-184.7 0.101511
-184.5 0.102855
-184.3 0.104209
-184.1 0.105512
-183.9 0.106626
-183.7 0.107783
-183.5 0.108908
-183.3 0.110221
-183.1 0.11145
-182.9 0.11268
-182.7 0.113774
-182.5 0.115191
-182.3 0.116295
-182.1 0.117556
-181.9 0.118837
-181.7 0.120015
-181.5 0.12114
-181.3 0.122234
-181.1 0.123265
-180.9 0.124213
-180.7 0.125245
-180.5 0.126391
-180.3 0.127579
-180.1 0.128891
-179.9 0.129933
-179.7 0.131027
-179.5 0.132132
-179.3 0.133267
-179.1 0.134351
-178.9 0.13557
-178.7 0.136851
-178.5 0.13806
-178.3 0.139019
-178.1 0.140133
-177.9 0.141019
-177.7 0.141998
-177.5 0.142999
-177.3 0.14403
-177.1 0.14503
-176.9 0.146072
-176.7 0.147135
-176.5 0.148114
-176.3 0.149198
-176.1 0.15024
-175.9 0.15125
-175.7 0.152219
-175.5 0.153209
-175.3 0.154147
-175.1 0.155147
-174.9 0.15621
-174.7 0.157283
-174.5 0.158429
-174.3 0.159387
-174.1 0.160346
-173.9 0.161179
-173.7 0.162221
-173.5 0.163263
-173.3 0.164065
-173.1 0.165201
-172.9 0.166087
-172.7 0.166879
-172.5 0.167764
-172.3 0.168941
-172.1 0.16989
-171.9 0.170848
-171.7 0.171838
-171.5 0.172838
-171.3 0.17388
-171.1 0.174807
-170.9 0.175651
-170.7 0.176516
-170.5 0.177474
-170.3 0.178558
-170.1 0.179464
-169.9 0.180423
-169.7 0.181621
-169.5 0.182611
-169.3 0.183444
-169.1 0.184403
-168.9 0.185476
-168.7 0.18631
-168.5 0.187174
-168.3 0.188102
-168.1 0.189019
-167.9 0.190019
-167.7 0.191061
-167.5 0.192071
-167.3 0.193009
-167.1 0.193905
-166.9 0.194749
-166.7 0.195666
-166.5 0.196697
-166.3 0.197437
-166.1 0.198406
-165.9 0.199354
-165.7 0.200385
-165.5 0.201094
-165.3 0.201969
-165.1 0.202907
-164.9 0.203876
-164.7 0.204668
-164.5 0.205543
-164.3 0.206376
-164.1 0.207199
-163.9 0.208127
-163.7 0.208981
-163.5 0.20994
-163.3 0.211054
-163.1 0.212013
-162.9 0.212857
-162.7 0.213815
-162.5 0.214649
-162.3 0.215555
-162.1 0.216483
-161.9 0.217514
-161.7 0.218348
-161.5 0.219244
-161.3 0.220035
-161.1 0.220952
-160.9 0.221911
-160.7 0.222744
-160.5 0.223599
-160.3 0.224536
-160.1 0.225474
-159.9 0.226401
-159.7 0.227235
-159.5 0.22812
-159.3 0.228996
-159.1 0.229954
-158.9 0.230819
-158.7 0.231569
-158.5 0.232257
-158.3 0.233361
-158.1 0.234184
-157.9 0.234934
-157.7 0.235851
-157.5 0.236685
-157.3 0.237737
-157.1 0.238591
-156.9 0.239414
-156.7 0.240227
-156.5 0.241373
-156.3 0.242113
-156.1 0.24303
-155.9 0.24379
-155.7 0.244749
-155.5 0.245655
-155.3 0.246333
-155.1 0.247312
-154.9 0.248198
-154.7 0.249052
-154.5 0.24999
-154.3 0.25074
-154.1 0.251625
-153.9 0.252469
-153.7 0.253334
-153.5 0.254178
-153.3 0.254928
-153.1 0.255793
-152.9 0.256522
-152.7 0.257585
-152.5 0.258471
-152.3 0.259325
-152.1 0.260148
-151.9 0.261065
-151.7 0.261752
-151.5 0.262701
-151.3 0.263472
-151.1 0.264482
-150.9 0.265555
-150.7 0.266524
-150.5 0.267389
-150.3 0.268254
-150.1 0.269191
-149.9 0.270056
-149.7 0.270817
-149.5 0.271619
-149.3 0.272536
-149.1 0.273349
-148.9 0.274193
-148.7 0.274943
-148.5 0.275787
-148.3 0.276829
-148.1 0.277735
-147.9 0.278537
-147.7 0.27936
-147.5 0.280246
-147.3 0.281131
-147.1 0.282163
-146.9 0.282944
-146.7 0.283955
-146.5 0.284882
-146.3 0.285747
-146.1 0.286633
-145.9 0.287435
-145.7 0.288591
-145.5 0.289352
-145.3 0.29005
-145.1 0.2908
-144.9 0.291727
-144.7 0.292561
-144.5 0.293342
-144.3 0.294093
-144.1 0.294999
-143.9 0.295853
-143.7 0.296801
-143.5 0.297708
-143.3 0.298521
-143.1 0.299427
-142.9 0.300302
-142.7 0.301115
-142.5 0.301875
-142.3 0.30274
-142.1 0.303688
-141.9 0.304616
-141.7 0.305564
-141.5 0.306543
-141.3 0.307397
-141.1 0.308439
-140.9 0.309242
-140.7 0.309981
-140.5 0.310898
-140.3 0.311825
-140.1 0.312638
-139.9 0.313534
-139.7 0.314399
-139.5 0.315295
-139.3 0.316253
-139.1 0.317004
-138.9 0.317837
-138.7 0.31865
-138.5 0.319504
-138.3 0.320171
-138.1 0.321025
-137.9 0.321848
-137.7 0.322578
-137.5 0.32339
-137.3 0.324495
-137.1 0.325432
-136.9 0.326433
-136.7 0.327381
-136.5 0.328412
-136.3 0.329235
-136.1 0.330246
-135.9 0.331059
-135.7 0.331882
-135.5 0.332798
-135.3 0.333622
-135.1 0.334445
-134.9 0.335362
-134.7 0.336299
-134.5 0.337143
-134.3 0.338029
-134.1 0.338946
-133.9 0.339727
-133.7 0.340602
-133.5 0.341488
-133.3 0.342446
-133.1 0.343217
-132.9 0.34427
-132.7 0.345041
-132.5 0.345895
-132.3 0.346739
-132.1 0.347531
-131.9 0.348468
-131.7 0.349489
-131.5 0.350375
-131.3 0.351344
-131.1 0.352136
-130.9 0.35298
-130.7 0.353886
-130.5 0.354741
-130.3 0.355616
-130.1 0.356606
-129.9 0.357439
-129.7 0.3582
-129.5 0.359106
-129.3 0.359887
-129.1 0.361023
-128.9 0.362075
-128.7 0.363065
-128.5 0.36392
-128.3 0.364691
-128.1 0.36568
-127.9 0.36642
-127.7 0.36741
-127.5 0.368243
-127.3 0.369129
-127.1 0.370015
-126.9 0.370827
-126.7 0.371859
-126.5 0.372776
-126.3 0.373599
-126.1 0.37439
-125.9 0.375214
-125.7 0.376068
-125.5 0.37687
-125.3 0.377725
-125.1 0.378402
-124.9 0.379204
-124.7 0.380173
-124.5 0.381069
-124.3 0.381944
-124.1 0.382851
-123.9 0.383517
-123.7 0.384247
-123.5 0.385184
-123.3 0.385903
-123.1 0.38682
-122.9 0.387622
-122.7 0.388362
-122.5 0.389196
-122.3 0.390102
-122.1 0.390852
-121.9 0.391498
-121.7 0.392415
-121.5 0.393196
-121.3 0.393999
-121.1 0.394832
-120.9 0.395645
-120.7 0.396645
-120.5 0.397479
-120.3 0.398354
-120.1 0.39925
-119.9 0.400198
-119.7 0.401052
-119.5 0.401938
-119.3 0.402698
-119.1 0.40349
-118.9 0.404282
-118.7 0.405262
-118.5 0.406428
-118.3 0.407158
-118.1 0.408023
-117.9 0.408846
-117.7 0.409637
-117.5 0.41044
-117.3 0.411357
-117.1 0.412148
-116.9 0.412763
-116.7 0.41369
-116.5 0.414805
-116.3 0.415753
-116.1 0.416628
-115.9 0.417493
-115.7 0.418462
-115.5 0.419504
-115.3 0.42039
-115.1 0.421348
-114.9 0.42214
-114.7 0.423067
-114.5 0.423984
-114.3 0.424911
-114.1 0.425682
-113.9 0.426526
-113.7 0.427568
-113.5 0.428464
-113.3 0.429464
-113.1 0.430288
-112.9 0.4311
-112.7 0.432017
-112.5 0.432903
-112.3 0.433684
-112.1 0.434518
-111.9 0.435216
-111.7 0.436143
-111.5 0.437122
-111.3 0.438018
-111.1 0.43905
-110.9 0.44005
-110.7 0.440821
-110.5 0.441696
-110.3 0.442457
-110.1 0.443384
-109.9 0.44427
-109.7 0.445124
-109.5 0.445822
-109.3 0.446666
-109.1 0.447458
-108.9 0.448333
-108.7 0.449208
-108.5 0.450073
-108.3 0.450834
-108.1 0.451573
-107.9 0.452303
-107.7 0.453126
-107.5 0.453959
-107.3 0.454876
-107.1 0.455595
-106.9 0.456428
-106.7 0.457199
-106.5 0.458043
-106.3 0.458887
-106.1 0.459898
-105.9 0.460815
-105.7 0.461752
-105.5 0.462596
-105.3 0.463336
-105.1 0.464274
-104.9 0.465378
-104.7 0.466305
-104.5 0.467316
-104.3 0.468295
-104.1 0.469233
-103.9 0.470077
-103.7 0.470973
-103.5 0.471702
-103.3 0.472536
-103.1 0.473369
-102.9 0.474245
-102.7 0.474932
-102.5 0.475787
-102.3 0.476703
-102.1 0.477474
-101.9 0.47836
-101.7 0.47936
-101.5 0.480277
-101.3 0.481131
-101.1 0.482007
-100.9 0.482861
-100.7 0.483861
-100.5 0.484726
-100.3 0.48558
-100.1 0.486403
-99.9 0.487206
-99.7 0.488081
-99.5 0.488966
-99.3 0.489717
-99.1 0.49055
-98.9 0.491279
-98.7 0.492134
-98.5 0.492978
-98.3 0.493853
-98.1 0.494645
-97.9 0.495395
-97.7 0.496291
-97.5 0.497406
-97.3 0.498208
-97.1 0.49925
-96.9 0.499958
-96.7 0.500844
-96.5 0.50175
-96.3 0.502646
-96.1 0.503605
-95.9 0.504386
-95.7 0.505387
-95.5 0.506189
-95.3 0.507106
-95.1 0.507835
-94.9 0.508762
-94.7 0.509658
-94.5 0.510554
-94.3 0.511502
-94.1 0.512503
-93.9 0.513305
-93.7 0.514107
-93.5 0.515024
-93.3 0.51591
-93.1 0.516535
-92.9 0.517327
-92.7 0.518243
-92.5 0.519139
-92.3 0.519921
-92.1 0.520723
-91.9 0.521671
-91.7 0.522713
-91.5 0.523578
-91.3 0.52438
-91.1 0.525339
-90.9 0.526328
-90.7 0.527162
-90.5 0.527891
-90.3 0.528652
-90.1 0.529496
-89.9 0.530235
-89.7 0.530996
-89.5 0.531913
-89.3 0.532861
-89.1 0.533684
-88.9 0.534611
-88.7 0.535424
-88.5 0.53633
-88.3 0.537039
-88.1 0.537904
-87.9 0.538727
-87.7 0.53956
-87.5 0.540404
-87.3 0.541102
-87.1 0.541998
-86.9 0.543009
-86.7 0.543822
-86.5 0.544853
-86.3 0.545812
-86.1 0.546697
-85.9 0.547541
-85.7 0.548448
-85.5 0.549166
-85.3 0.54999
-85.1 0.550969
-84.9 0.551594
-84.7 0.552417
-84.5 0.553282
-84.3 0.554365
-84.1 0.55522
-83.9 0.556064
-83.7 0.556856
-83.5 0.557814
-83.3 0.558773
-83.1 0.559783
-82.9 0.560565
-82.7 0.561429
-82.5 0.562128
-82.3 0.563024
-82.1 0.563732
-81.9 0.564618
-81.7 0.565462
-81.5 0.566243
-81.3 0.567316
-81.1 0.568368
-80.9 0.569223
-80.7 0.569942
-80.5 0.570827
-80.3 0.571536
-80.1 0.572338
-79.9 0.573244
-79.7 0.574172
-79.5 0.575151
-79.3 0.57612
-79.1 0.576839
-78.9 0.57786
-78.7 0.578568
-78.5 0.579496
-78.3 0.580235
-78.1 0.580923
-77.9 0.581736
-77.7 0.582559
-77.5 0.583372
-77.3 0.584288
-77.1 0.584997
-76.9 0.585789
-76.7 0.586643
-76.5 0.587414
-76.3 0.588227
-76.1 0.589081
-75.9 0.589904
-75.7 0.590769
-75.5 0.591602
-75.3 0.592488
-75.1 0.593207
-74.9 0.593988
-74.7 0.594905
-74.5 0.595707
-74.3 0.596583
-74.1 0.597583
-73.9 0.598427
-73.7 0.599344
-73.5 0.600198
-73.3 0.601188
-73.1 0.602053
-72.9 0.603001
-72.7 0.604168
-72.5 0.604886
-72.3 0.605866
-72.1 0.606564
-71.9 0.607314
-71.7 0.608116
-71.5 0.609075
-71.3 0.610054
-71.1 0.611075
-70.9 0.612034
-70.7 0.612909
-70.5 0.613763
-70.3 0.61468
-70.1 0.615826
-69.9 0.616701
-69.7 0.617618
-69.5 0.618525
-69.3 0.619327
-69.1 0.620171
-68.9 0.621109
-68.7 0.622005
-68.5 0.622776
-68.3 0.623651
-68.1 0.624422
-67.9 0.625422
-67.7 0.626297
-67.5 0.627026
-67.3 0.627912
-67.1 0.628839
-66.9 0.629621
-66.7 0.630319
-66.5 0.631194
-66.3 0.632069
-66.1 0.633007
-65.9 0.633976
-65.7 0.634809
-65.5 0.63581
-65.3 0.63657
-65.1 0.637362
-64.9 0.638185
-64.7 0.639091
-64.5 0.639883
-64.3 0.640738
-64.1 0.64154
-63.9 0.642457
-63.7 0.643228
-63.5 0.644093
-63.3 0.645072
-63.1 0.645843
-62.9 0.646728
-62.7 0.647635
-62.5 0.648448
-62.3 0.649479
-62.1 0.650469
-61.9 0.651448
-61.7 0.652375
-61.5 0.653272
-61.3 0.654011
-61.1 0.654949
-60.9 0.655762
-60.7 0.656762
-60.5 0.657627
-60.3 0.658564
-60.1 0.659346
-59.9 0.6602
-59.7 0.661127
-59.5 0.661836
-59.3 0.662659
-59.1 0.663451
-58.9 0.664253
-58.7 0.665159
-58.5 0.666045
-58.3 0.66691
-58.1 0.667618
-57.9 0.668452
-57.7 0.669233
-57.5 0.670181
-57.3 0.670994
-57.1 0.671692
-56.9 0.672473
-56.7 0.673276
-56.5 0.674099
-56.3 0.674828
-56.1 0.675912
-55.9 0.676766
-55.7 0.677568
-55.5 0.678256
-55.3 0.679131
-55.1 0.680006
-54.9 0.680809
-54.7 0.681725
-54.5 0.682653
-54.3 0.683455
-54.1 0.684111
-53.9 0.684934
-53.7 0.685903
-53.5 0.686768
-53.3 0.687612
-53.1 0.688446
-52.9 0.689237
-52.7 0.69006
-52.5 0.690884
-52.3 0.691842
-52.1 0.692634
-51.9 0.693499
-51.7 0.694343
-51.5 0.695072
-51.3 0.695968
-51.1 0.69677
-50.9 0.697468
-50.7 0.698291
-50.5 0.699219
-50.3 0.700125
-50.1 0.700938
-49.9 0.701782
-49.7 0.702688
-49.5 0.703553
-49.3 0.704459
-49.1 0.705241
-48.9 0.706189
-48.7 0.707012
-48.5 0.708033
-48.3 0.708929
-48.1 0.709846
-47.9 0.710596
-47.7 0.711346
-47.5 0.712315
-47.3 0.713326
-47.1 0.71419
-46.9 0.714972
-46.7 0.715732
-46.5 0.716639
-46.3 0.717337
-46.1 0.718285
-45.9 0.719181
-45.7 0.719962
-45.5 0.720921
-45.3 0.721952
-45.1 0.72289
-44.9 0.723786
-44.7 0.724807
-44.5 0.725651
-44.3 0.726641
-44.1 0.727537
-43.9 0.728475
-43.7 0.729319
-43.5 0.730069
-43.3 0.730975
-43.1 0.731892
-42.9 0.732767
-42.7 0.733642
-42.5 0.734403
-42.3 0.73532
-42.1 0.736268
-41.9 0.737049
-41.7 0.73781
-41.5 0.738539
-41.3 0.739383
-41.1 0.740248
-40.9 0.741175
-40.7 0.742103
-40.5 0.743103
-40.3 0.743988
-40.1 0.744957
-39.9 0.745895
-39.7 0.746687
-39.5 0.747552
-39.3 0.748427
-39.1 0.749187
-38.9 0.750031
-38.7 0.75099
-38.5 0.751917
-38.3 0.752594
-38.1 0.753459
-37.9 0.754459
-37.7 0.755251
-37.5 0.756064
-37.3 0.756949
-37.1 0.757866
-36.9 0.758762
-36.7 0.759596
-36.5 0.760419
-36.3 0.761138
-36.1 0.761919
-35.9 0.762815
-35.7 0.763742
-35.5 0.764524
-35.3 0.76543
-35.1 0.766305
-34.9 0.767139
-34.7 0.767868
-34.5 0.768702
-34.3 0.769598
-34.1 0.770244
-33.9 0.7709
-33.7 0.771692
-33.5 0.772421
-33.3 0.773328
-33.1 0.774297
-32.9 0.775182
-32.7 0.775974
-32.5 0.776776
-32.3 0.777652
-32.1 0.778568
-31.9 0.779339
-31.7 0.780058
-31.5 0.780944
-31.3 0.781736
-31.1 0.782559
-30.9 0.783361
-30.7 0.784205
-30.5 0.785059
-30.3 0.785924
-30.1 0.786862
-29.9 0.787747
-29.7 0.788373
-29.5 0.789227
-29.3 0.79005
-29.1 0.790904
-28.9 0.7918
-28.7 0.792603
-28.5 0.79354
-28.3 0.794384
-28.1 0.795218
-27.9 0.795937
-27.7 0.796854
-27.5 0.79776
-27.3 0.798385
-27.1 0.799177
-26.9 0.799979
-26.7 0.800927
-26.5 0.801761
-26.3 0.802698
-26.1 0.803438
-25.9 0.804303
-25.7 0.80522
-25.5 0.806105
-25.3 0.807012
-25.1 0.807897
-24.9 0.808668
-24.7 0.809606
-24.5 0.810481
-24.3 0.811273
-24.1 0.812128
-23.9 0.813034
-23.7 0.813972
-23.5 0.814732
-23.3 0.815555
-23.1 0.816503
-22.9 0.817222
-22.7 0.818243
-22.5 0.818994
-22.3 0.819765
-22.1 0.82064
-21.9 0.821619
-21.7 0.822546
-21.5 0.823317
-21.3 0.82413
-21.1 0.825047
-20.9 0.825797
-20.7 0.826745
-20.5 0.827704
-20.3 0.828412
-20.1 0.829277
-19.9 0.830069
-19.7 0.831006
-19.5 0.831902
-19.3 0.832913
-19.1 0.833695
-18.9 0.834361
-18.7 0.835195
-18.5 0.835924
-18.3 0.836789
-18.1 0.837654
-17.9 0.83855
-17.7 0.839373
-17.5 0.840269
-17.3 0.841134
-17.1 0.842113
-16.9 0.84304
-16.7 0.843915
-16.5 0.84478
-16.3 0.845509
-16.1 0.846426
-15.9 0.847364
-15.7 0.848135
-15.5 0.848979
-15.3 0.849906
-15.1 0.850688
-14.9 0.851573
-14.7 0.852448
-14.5 0.853469
-14.3 0.854543
-14.1 0.855512
-13.9 0.856408
-13.7 0.857179
-13.5 0.858085
-13.3 0.859085
-13.1 0.859867
-12.9 0.860648
-12.7 0.861461
-12.5 0.862346
-12.3 0.863347
-12.1 0.86417
-11.9 0.865066
-11.7 0.865878
-11.5 0.866712
-11.3 0.867514
-11.1 0.868316
-10.9 0.869119
-10.7 0.86989
-10.5 0.870796
-10.3 0.87165
-10.1 0.872536
-9.9 0.873276
-9.7 0.874036
-9.5 0.87488
-9.3 0.875662
-9.1 0.876547
-8.9 0.877266
-8.7 0.878006
-8.5 0.878871
-8.3 0.879652
-8.1 0.880538
-7.9 0.881475
-7.7 0.882298
-7.5 0.883153
-7.3 0.883986
-7.1 0.884726
-6.9 0.885466
-6.7 0.886289
-6.5 0.887164
-6.3 0.888039
-6.1 0.888925
-5.9 0.889748
-5.7 0.890498
-5.5 0.891342
-5.3 0.892332
-5.1 0.893124
-4.9 0.89402
-4.7 0.894874
-4.5 0.89578
-4.3 0.896541
-4.1 0.89726
-3.9 0.898052
-3.7 0.898844
-3.5 0.89975
-3.3 0.90074
-3.1 0.901521
-2.9 0.902448
-2.7 0.903334
-2.5 0.904157
-2.3 0.90498
-2.1 0.905876
-1.9 0.906658
-1.7 0.90747
-1.5 0.908304
-1.3 0.909106
-1.1 0.909981
-0.899999 0.910783
-0.699999 0.911461
-0.499999 0.912325
-0.299999 0.913222
-0.0999994 0.914055
0.100001 0.914816
0.300001 0.915816
0.500001 0.916681
0.700001 0.917587
0.900001 0.918452
1.1 0.919379
1.3 0.92014
1.5 0.920942
1.7 0.921577
1.9 0.92239
2.1 0.923224
2.3 0.923953
2.5 0.924682
2.7 0.925516
2.9 0.926547
3.1 0.92736
3.3 0.928256
3.5 0.929079
3.7 0.92986
3.9 0.930683
4.1 0.931392
4.3 0.932142
4.5 0.932955
4.7 0.933642
4.9 0.934299
5.1 0.935122
5.3 0.935966
5.5 0.936747
5.7 0.937456
5.9 0.938404
6.1 0.939123
6.3 0.94005
6.5 0.940904
6.7 0.941748
6.9 0.942519
7.1 0.943113
7.3 0.94379
7.5 0.944541
7.7 0.945322
7.9 0.946312
8.1 0.946958
8.3 0.947572
8.5 0.948291
8.7 0.949031
8.9 0.949885
9.1 0.950771
9.3 0.951459
9.5 0.952261
9.7 0.953115
9.9 0.953865
10.1 0.954626
10.3 0.955387
10.5 0.956272
10.7 0.957012
10.9 0.957762
11.1 0.958554
11.3 0.959377
11.5 0.960054
11.7 0.960836
11.9 0.961544
12.1 0.96219
12.3 0.962909
12.5 0.963617
12.7 0.964232
12.9 0.964993
13.1 0.965722
13.3 0.96641
13.5 0.967087
13.7 0.967733
13.9 0.968577
14.1 0.969181
14.3 0.969827
14.5 0.970473
14.7 0.971109
14.9 0.97164
15.1 0.972223
15.3 0.972859
15.5 0.973453
15.7 0.974161
15.9 0.974682
16.1 0.975214
16.3 0.975735
16.5 0.97637
16.7 0.97686
16.9 0.977402
17.1 0.978016
17.3 0.97861
17.5 0.979194
17.7 0.979829
17.9 0.980308
18.1 0.980715
18.3 0.981204
18.5 0.981736
18.7 0.982163
18.9 0.982538
19.1 0.983101
19.3 0.983538
19.5 0.98408
19.7 0.984695
19.9 0.985174
20.1 0.985591
20.3 0.985955
20.5 0.986299
20.7 0.986726
20.9 0.987216
21.1 0.987539
21.3 0.987841
21.5 0.98831
21.7 0.988602
21.9 0.988883
22.1 0.989331
22.3 0.989665
22.5 0.990019
22.7 0.99029
22.9 0.990602
23.1 0.990904
23.3 0.991332
23.5 0.991613
23.7 0.991957
23.9 0.992228
24.1 0.992509
24.3 0.992884
24.5 0.993165
24.7 0.993436
24.9 0.993738
25.1 0.993915
25.3 0.994103
25.5 0.994374
25.7 0.994697
25.9 0.994874
26.1 0.995061
26.3 0.995343
26.5 0.99553
26.7 0.995728
26.9 0.995905
27.1 0.996072
27.3 0.99626
27.5 0.99651
27.7 0.996635
27.9 0.996708
28.1 0.996885
28.3 0.997031
28.5 0.997197
28.7 0.997385
28.9 0.997479
29.1 0.997552
29.3 0.997708
29.5 0.997833
29.7 0.997937
29.9 0.99801
30.1 0.998093
30.3 0.998229
30.5 0.998333
30.7 0.998395
30.9 0.9985
31.1 0.998625
31.3 0.998677
31.5 0.998739
31.7 0.998771
31.9 0.998844
32.1 0.998937
32.3 0.999052
32.5 0.999114
32.7 0.999187
32.9 0.999229
33.1 0.99926
33.3 0.999302
33.5 0.999344
33.7 0.999396
33.9 0.999448
34.1 0.999448
34.3 0.999489
34.5 0.99951
34.7 0.999542
34.9 0.999594
35.1 0.999604
35.3 0.999604
35.5 0.999646
35.7 0.999687
35.9 0.999708
36.1 0.999708
36.3 0.999708
36.5 0.999708
36.7 0.999719
36.9 0.999729
37.1 0.99975
37.3 0.99975
37.5 0.999771
37.7 0.999781
37.9 0.999792
38.1 0.999792
38.3 0.999812
38.5 0.999812
38.7 0.999823
38.9 0.999823
39.1 0.999823
39.3 0.999823
39.5 0.999823
39.7 0.999823
39.9 0.999823
40.1 0.999823
40.3 0.999833
40.5 0.999833
40.7 0.999833
40.9 0.999844
41.1 0.999854
41.3 0.999865
41.5 0.999865
41.7 0.999865
41.9 0.999885
42.1 0.999885
42.3 0.999896
42.5 0.999917
42.7 0.999917
42.9 0.999927
43.1 0.999927
43.3 0.999937
43.5 0.999937
43.7 0.999937
43.9 0.999937
44.1 0.999937
44.3 0.999937
44.5 0.999937
44.7 0.999937
44.9 0.999937
45.1 0.999937
45.3 0.999937
45.5 0.999948
45.7 0.999958
45.9 0.999958
46.1 0.999958
46.3 0.999958
46.5 0.999958
46.7 0.999958
46.9 0.999958
47.1 0.999969
47.3 0.99999
47.5 0.99999
47.7 0.99999
47.9 0.99999
48.1 1
