-1599.9 0
-1599.7 0
-1599.5 0
-1599.3 0
-1599.1 0
-1598.9 0
-1598.7 0
-1598.5 0
-1598.3 0
-1598.1 0
-1597.9 0
-1597.7 0
-1597.5 0
-1597.3 0
-1597.1 0
-1596.9 0
-1596.7 0
-1596.5 0
-1596.3 0
-1596.1 0
-1595.9 0
-1595.7 0
-1595.5 0
-1595.3 0
-1595.1 0
-1594.9 0
-1594.7 0
-1594.5 0
-1594.3 0
-1594.1 0
-1593.9 0
-1593.7 0
-1593.5 0
-1593.3 0
-1593.1 0
-1592.9 0
-1592.7 0
-1592.5 0
-1592.3 0
-1592.1 0
-1591.9 0
-1591.7 0
-1591.5 0
-1591.3 1
-1591.1 0
-1590.9 1
-1590.7 0
-1590.5 0
-1590.3 0
-1590.1 0
-1589.9 0
-1589.7 1
-1589.5 0
-1589.3 0
-1589.1 0
-1588.9 0
-1588.7 0
-1588.5 0
-1588.3 0
-1588.1 0
-1587.9 0
-1587.7 0
-1587.5 0
-1587.3 0
-1587.1 0
-1586.9 0
-1586.7 0
-1586.5 0
-1586.3 0
-1586.1 0
-1585.9 0
-1585.7 0
-1585.5 0
-1585.3 0
-1585.1 0
-1584.9 0
-1584.7 0
-1584.5 0
-1584.3 0
-1584.1 0
-1583.9 0
-1583.7 0
-1583.5 0
-1583.3 0
-1583.1 0
-1582.9 0
-1582.7 0
-1582.5 0
-1582.3 0
-1582.1 1
-1581.9 0
-1581.7 0
-1581.5 0
-1581.3 0
-1581.1 0
-1580.9 0
-1580.7 0
-1580.5 1
-1580.3 0
-1580.1 0
-1579.9 0
-1579.7 0
-1579.5 0
-1579.3 0
-1579.1 0
-1578.9 0
-1578.7 0
-1578.5 1
-1578.3 1
-1578.1 0
-1577.9 1
-1577.7 0
-1577.5 0
-1577.3 2
-1577.1 2
-1576.9 1
-1576.7 2
-1576.5 1
-1576.3 1
-1576.1 6
-1575.9 3
-1575.7 5
-1575.5 1
-1575.3 3
-1575.1 3
-1574.9 2
-1574.7 4
-1574.5 6
-1574.3 2
-1574.1 9
-1573.9 4
-1573.7 9
-1573.5 14
-1573.3 12
-1573.1 16
-1572.9 17
-1572.7 17
-1572.5 13
-1572.3 19
-1572.1 26
-1571.9 22
-1571.7 21
-1571.5 23
-1571.3 36
-1571.1 41
-1570.9 25
-1570.7 56
-1570.5 35
-1570.3 45
-1570.1 49
-1569.9 47
-1569.7 62
-1569.5 62
-1569.3 72
-1569.1 68
-1568.9 61
-1568.7 79
-1568.5 87
-1568.3 76
-1568.1 88
-1567.9 86
-1567.7 101
-1567.5 101
-1567.3 109
-1567.1 101
-1566.9 120
-1566.7 113
-1566.5 115
-1566.3 134
-1566.1 152
-1565.9 146
-1565.7 120
-1565.5 137
-1565.3 128
-1565.1 126
-1564.9 145
-1564.7 122
-1564.5 115
-1564.3 143
-1564.1 140
-1563.9 141
-1563.7 143
-1563.5 147
-1563.3 147
-1563.1 134
-1562.9 161
-1562.7 167
-1562.5 173
-1562.3 157
-1562.1 160
-1561.9 160
-1561.7 143
-1561.5 156
-1561.3 152
-1561.1 164
-1560.9 169
-1560.7 150
-1560.5 141
-1560.3 157
-1560.1 138
-1559.9 172
-1559.7 165
-1559.5 149
-1559.3 139
-1559.1 124
-1558.9 157
-1558.7 147
-1558.5 139
-1558.3 151
-1558.1 148
-1557.9 140
-1557.7 135
-1557.5 147
-1557.3 146
-1557.1 149
-1556.9 155
-1556.7 168
-1556.5 132
-1556.3 136
-1556.1 131
-1555.9 131
-1555.7 126
-1555.5 121
-1555.3 135
-1555.1 134
-1554.9 120
-1554.7 127
-1554.5 100
-1554.3 120
-1554.1 144
-1553.9 132
-1553.7 122
-1553.5 150
-1553.3 121
-1553.1 121
-1552.9 130
-1552.7 125
-1552.5 117
-1552.3 132
-1552.1 123
-1551.9 122
-1551.7 122
-1551.5 110
-1551.3 128
-1551.1 118
-1550.9 135
-1550.7 124
-1550.5 114
-1550.3 114
-1550.1 105
-1549.9 131
-1549.7 127
-1549.5 129
-1549.3 111
-1549.1 132
-1548.9 120
-1548.7 134
-1548.5 120
-1548.3 140
-1548.1 122
-1547.9 90
-1547.7 112
-1547.5 115
-1547.3 100
-1547.1 120
-1546.9 124
-1546.7 108
-1546.5 112
-1546.3 115
-1546.1 129
-1545.9 109
-1545.7 137
-1545.5 114
-1545.3 98
-1545.1 121
-1544.9 95
-1544.7 111
-1544.5 136
-1544.3 124
-1544.1 120
-1543.9 129
-1543.7 123
-1543.5 111
-1543.3 115
-1543.1 108
-1542.9 115
-1542.7 103
-1542.5 105
-1542.3 130
-1542.1 120
-1541.9 116
-1541.7 99
-1541.5 126
-1541.3 102
-1541.1 134
-1540.9 114
-1540.7 111
-1540.5 102
-1540.3 103
-1540.1 111
-1539.9 113
-1539.7 109
-1539.5 100
-1539.3 97
-1539.1 98
-1538.9 115
-1538.7 92
-1538.5 103
-1538.3 96
-1538.1 106
-1537.9 99
-1537.7 103
-1537.5 117
-1537.3 108
-1537.1 107
-1536.9 102
-1536.7 109
-1536.5 106
-1536.3 102
-1536.1 100
-1535.9 128
-1535.7 110
-1535.5 106
-1535.3 97
-1535.1 95
-1534.9 107
-1534.7 100
-1534.5 112
-1534.3 100
-1534.1 108
-1533.9 90
-1533.7 97
-1533.5 87
-1533.3 88
-1533.1 120
-1532.9 96
-1532.7 95
-1532.5 103
-1532.3 108
-1532.1 111
-1531.9 91
-1531.7 111
-1531.5 99
-1531.3 95
-1531.1 106
-1530.9 112
-1530.7 104
-1530.5 114
-1530.3 93
-1530.1 105
-1529.9 119
-1529.7 110
-1529.5 92
-1529.3 112
-1529.1 124
-1528.9 102
-1528.7 124
-1528.5 99
-1528.3 112
-1528.1 112
-1527.9 109
-1527.7 108
-1527.5 109
-1527.3 106
-1527.1 111
-1526.9 107
-1526.7 108
-1526.5 123
-1526.3 105
-1526.1 117
-1525.9 114
-1525.7 118
-1525.5 91
-1525.3 99
-1525.1 110
-1524.9 98
-1524.7 100
-1524.5 99
-1524.3 96
-1524.1 95
-1523.9 99
-1523.7 86
-1523.5 98
-1523.3 103
-1523.1 94
-1522.9 104
-1522.7 89
-1522.5 90
-1522.3 88
-1522.1 91
-1521.9 88
-1521.7 96
-1521.5 101
-1521.3 110
-1521.1 83
-1520.9 72
-1520.7 75
-1520.5 92
-1520.3 78
-1520.1 78
-1519.9 76
-1519.7 97
-1519.5 95
-1519.3 81
-1519.1 93
-1518.9 94
-1518.7 84
-1518.5 92
-1518.3 74
-1518.1 84
-1517.9 77
-1517.7 90
-1517.5 95
-1517.3 78
-1517.1 99
-1516.9 80
-1516.7 93
-1516.5 94
-1516.3 92
-1516.1 113
-1515.9 109
-1515.7 93
-1515.5 95
-1515.3 104
-1515.1 103
-1514.9 110
-1514.7 109
-1514.5 95
-1514.3 110
-1514.1 105
-1513.9 97
-1513.7 125
-1513.5 107
-1513.3 122
-1513.1 97
-1512.9 102
-1512.7 108
-1512.5 114
-1512.3 110
-1512.1 123
-1511.9 99
-1511.7 105
-1511.5 114
-1511.3 109
-1511.1 102
-1510.9 108
-1510.7 111
-1510.5 97
-1510.3 108
-1510.1 94
-1509.9 97
-1509.7 101
-1509.5 92
-1509.3 86
-1509.1 108
-1508.9 101
-1508.7 100
-1508.5 120
-1508.3 94
-1508.1 94
-1507.9 99
-1507.7 101
-1507.5 89
-1507.3 109
-1507.1 89
-1506.9 89
-1506.7 91
-1506.5 87
-1506.3 83
-1506.1 85
-1505.9 88
-1505.7 84
-1505.5 91
-1505.3 81
-1505.1 78
-1504.9 76
-1504.7 88
-1504.5 81
-1504.3 82
-1504.1 86
-1503.9 84
-1503.7 87
-1503.5 80
-1503.3 88
-1503.1 71
-1502.9 77
-1502.7 98
-1502.5 77
-1502.3 82
-1502.1 80
-1501.9 76
-1501.7 91
-1501.5 85
-1501.3 79
-1501.1 81
-1500.9 92
-1500.7 106
-1500.5 93
-1500.3 83
-1500.1 84
-1499.9 91
-1499.7 100
-1499.5 99
-1499.3 93
-1499.1 101
-1498.9 91
-1498.7 86
-1498.5 84
-1498.3 86
-1498.1 112
-1497.9 87
-1497.7 72
-1497.5 102
-1497.3 99
-1497.1 107
-1496.9 93
-1496.7 96
-1496.5 106
-1496.3 111
-1496.1 114
-1495.9 95
-1495.7 107
-1495.5 128
-1495.3 109
-1495.1 117
-1494.9 109
-1494.7 110
-1494.5 107
-1494.3 105
-1494.1 113
-1493.9 119
-1493.7 123
-1493.5 120
-1493.3 123
-1493.1 87
-1492.9 112
-1492.7 115
-1492.5 107
-1492.3 112
-1492.1 105
-1491.9 102
-1491.7 115
-1491.5 113
-1491.3 92
-1491.1 112
-1490.9 103
-1490.7 88
-1490.5 115
-1490.3 93
-1490.1 95
-1489.9 124
-1489.7 102
-1489.5 109
-1489.3 111
-1489.1 94
-1488.9 82
-1488.7 100
-1488.5 97
-1488.3 102
-1488.1 94
-1487.9 118
-1487.7 108
-1487.5 107
-1487.3 111
-1487.1 106
-1486.9 100
-1486.7 104
-1486.5 92
-1486.3 99
-1486.1 96
-1485.9 79
-1485.7 86
-1485.5 95
-1485.3 103
-1485.1 99
-1484.9 92
-1484.7 102
-1484.5 95
-1484.3 107
-1484.1 96
-1483.9 122
-1483.7 122
-1483.5 101
-1483.3 100
-1483.1 95
-1482.9 100
-1482.7 91
-1482.5 101
-1482.3 107
-1482.1 113
-1481.9 97
-1481.7 111
-1481.5 117
-1481.3 98
-1481.1 111
-1480.9 112
-1480.7 105
-1480.5 103
-1480.3 124
-1480.1 103
-1479.9 89
-1479.7 136
-1479.5 119
-1479.3 100
-1479.1 109
-1478.9 114
-1478.7 114
-1478.5 118
-1478.3 107
-1478.1 102
-1477.9 108
-1477.7 130
-1477.5 112
-1477.3 110
-1477.1 135
-1476.9 108
-1476.7 102
-1476.5 103
-1476.3 139
-1476.1 125
-1475.9 112
-1475.7 128
-1475.5 106
-1475.3 101
-1475.1 109
-1474.9 127
-1474.7 101
-1474.5 133
-1474.3 120
-1474.1 118
-1473.9 91
-1473.7 120
-1473.5 92
-1473.3 113
-1473.1 103
-1472.9 96
-1472.7 100
-1472.5 101
-1472.3 107
-1472.1 119
-1471.9 110
-1471.7 106
-1471.5 103
-1471.3 102
-1471.1 111
-1470.9 105
-1470.7 102
-1470.5 109
-1470.3 106
-1470.1 101
-1469.9 107
-1469.7 91
-1469.5 101
-1469.3 104
-1469.1 105
-1468.9 99
-1468.7 84
-1468.5 103
-1468.3 108
-1468.1 119
-1467.9 87
-1467.7 94
-1467.5 107
-1467.3 103
-1467.1 83
-1466.9 92
-1466.7 87
-1466.5 119
-1466.3 101
-1466.1 112
-1465.9 109
-1465.7 86
-1465.5 100
-1465.3 104
-1465.1 97
-1464.9 108
-1464.7 126
-1464.5 100
-1464.3 116
-1464.1 110
-1463.9 97
-1463.7 97
-1463.5 105
-1463.3 98
-1463.1 119
-1462.9 98
-1462.7 123
-1462.5 92
-1462.3 111
-1462.1 111
-1461.9 114
-1461.7 103
-1461.5 111
-1461.3 111
-1461.1 105
-1460.9 83
-1460.7 102
-1460.5 112
-1460.3 97
-1460.1 108
-1459.9 107
-1459.7 111
-1459.5 117
-1459.3 111
-1459.1 109
-1458.9 109
-1458.7 111
-1458.5 95
-1458.3 104
-1458.1 117
-1457.9 101
-1457.7 121
-1457.5 98
-1457.3 86
-1457.1 122
-1456.9 106
-1456.7 99
-1456.5 108
-1456.3 105
-1456.1 111
-1455.9 86
-1455.7 111
-1455.5 99
-1455.3 103
-1455.1 107
-1454.9 118
-1454.7 104
-1454.5 107
-1454.3 96
-1454.1 90
-1453.9 109
-1453.7 106
-1453.5 107
-1453.3 103
-1453.1 105
-1452.9 95
-1452.7 97
-1452.5 103
-1452.3 99
-1452.1 104
-1451.9 86
-1451.7 85
-1451.5 90
-1451.3 103
-1451.1 95
-1450.9 102
-1450.7 103
-1450.5 88
-1450.3 113
-1450.1 119
-1449.9 75
-1449.7 86
-1449.5 102
-1449.3 107
-1449.1 102
-1448.9 77
-1448.7 81
-1448.5 106
-1448.3 88
-1448.1 108
-1447.9 76
-1447.7 90
-1447.5 86
-1447.3 92
-1447.1 105
-1446.9 97
-1446.7 86
-1446.5 121
-1446.3 82
-1446.1 108
-1445.9 113
-1445.7 115
-1445.5 94
-1445.3 103
-1445.1 91
-1444.9 96
-1444.7 76
-1444.5 116
-1444.3 109
-1444.1 109
-1443.9 85
-1443.7 81
-1443.5 94
-1443.3 90
-1443.1 87
-1442.9 96
-1442.7 76
-1442.5 84
-1442.3 86
-1442.1 85
-1441.9 91
-1441.7 103
-1441.5 106
-1441.3 75
-1441.1 89
-1440.9 84
-1440.7 110
-1440.5 84
-1440.3 106
-1440.1 94
-1439.9 80
-1439.7 85
-1439.5 78
-1439.3 91
-1439.1 103
-1438.9 101
-1438.7 94
-1438.5 105
-1438.3 95
-1438.1 104
-1437.9 96
-1437.7 89
-1437.5 92
-1437.3 95
-1437.1 85
-1436.9 90
-1436.7 105
-1436.5 101
-1436.3 96
-1436.1 96
-1435.9 80
-1435.7 84
-1435.5 91
-1435.3 83
-1435.1 97
-1434.9 88
-1434.7 106
-1434.5 99
-1434.3 108
-1434.1 98
-1433.9 86
-1433.7 97
-1433.5 86
-1433.3 87
-1433.1 85
-1432.9 97
-1432.7 96
-1432.5 90
-1432.3 75
-1432.1 88
-1431.9 101
-1431.7 89
-1431.5 92
-1431.3 95
-1431.1 110
-1430.9 119
-1430.7 100
-1430.5 89
-1430.3 84
-1430.1 72
-1429.9 89
-1429.7 107
-1429.5 103
-1429.3 93
-1429.1 94
-1428.9 96
-1428.7 95
-1428.5 102
-1428.3 94
-1428.1 105
-1427.9 87
-1427.7 107
-1427.5 91
-1427.3 86
-1427.1 111
-1426.9 90
-1426.7 87
-1426.5 82
-1426.3 97
-1426.1 98
-1425.9 102
-1425.7 92
-1425.5 99
-1425.3 120
-1425.1 115
-1424.9 88
-1424.7 106
-1424.5 96
-1424.3 103
-1424.1 100
-1423.9 96
-1423.7 98
-1423.5 118
-1423.3 109
-1423.1 105
-1422.9 87
-1422.7 110
-1422.5 91
-1422.3 94
-1422.1 90
-1421.9 109
-1421.7 97
-1421.5 77
-1421.3 106
-1421.1 107
-1420.9 103
-1420.7 100
-1420.5 95
-1420.3 119
-1420.1 112
-1419.9 104
-1419.7 100
-1419.5 111
-1419.3 89
-1419.1 105
-1418.9 93
-1418.7 101
-1418.5 106
-1418.3 135
-1418.1 87
-1417.9 101
-1417.7 99
-1417.5 111
-1417.3 115
-1417.1 95
-1416.9 135
-1416.7 107
-1416.5 88
-1416.3 104
-1416.1 95
-1415.9 130
-1415.7 102
-1415.5 107
-1415.3 112
-1415.1 112
-1414.9 104
-1414.7 104
-1414.5 96
-1414.3 98
-1414.1 110
-1413.9 107
-1413.7 95
-1413.5 98
-1413.3 98
-1413.1 85
-1412.9 105
-1412.7 98
-1412.5 93
-1412.3 105
-1412.1 117
-1411.9 117
-1411.7 95
-1411.5 115
-1411.3 137
-1411.1 110
-1410.9 112
-1410.7 117
-1410.5 97
-1410.3 87
-1410.1 104
-1409.9 86
-1409.7 111
-1409.5 102
-1409.3 116
-1409.1 100
-1408.9 106
-1408.7 92
-1408.5 135
-1408.3 99
-1408.1 108
-1407.9 90
-1407.7 106
-1407.5 109
-1407.3 100
-1407.1 113
-1406.9 120
-1406.7 101
-1406.5 105
-1406.3 117
-1406.1 114
-1405.9 109
-1405.7 96
-1405.5 94
-1405.3 96
-1405.1 121
-1404.9 108
-1404.7 103
-1404.5 108
-1404.3 122
-1404.1 100
-1403.9 111
-1403.7 121
-1403.5 100
-1403.3 119
-1403.1 118
-1402.9 140
-1402.7 112
-1402.5 121
-1402.3 110
-1402.1 99
-1401.9 117
-1401.7 109
-1401.5 105
-1401.3 97
-1401.1 125
-1400.9 105
-1400.7 120
-1400.5 104
-1400.3 106
-1400.1 121
-1399.9 105
-1399.7 103
-1399.5 97
-1399.3 107
-1399.1 115
-1398.9 114
-1398.7 126
-1398.5 123
-1398.3 121
-1398.1 117
-1397.9 99
-1397.7 97
-1397.5 113
-1397.3 130
-1397.1 106
-1396.9 117
-1396.7 96
-1396.5 111
-1396.3 113
-1396.1 106
-1395.9 87
-1395.7 99
-1395.5 100
-1395.3 99
-1395.1 125
-1394.9 101
-1394.7 85
-1394.5 115
-1394.3 107
-1394.1 134
-1393.9 97
-1393.7 110
-1393.5 117
-1393.3 103
-1393.1 103
-1392.9 98
-1392.7 111
-1392.5 106
-1392.3 128
-1392.1 116
-1391.9 111
-1391.7 108
-1391.5 118
-1391.3 103
-1391.1 118
-1390.9 107
-1390.7 88
-1390.5 95
-1390.3 115
-1390.1 115
-1389.9 122
-1389.7 103
-1389.5 114
-1389.3 110
-1389.1 107
-1388.9 86
-1388.7 95
-1388.5 99
-1388.3 117
-1388.1 114
-1387.9 111
-1387.7 117
-1387.5 111
-1387.3 98
-1387.1 115
-1386.9 83
-1386.7 106
-1386.5 104
-1386.3 105
-1386.1 91
-1385.9 116
-1385.7 90
-1385.5 105
-1385.3 118
-1385.1 102
-1384.9 102
-1384.7 94
-1384.5 98
-1384.3 106
-1384.1 98
-1383.9 93
-1383.7 101
-1383.5 84
-1383.3 96
-1383.1 80
-1382.9 87
-1382.7 103
-1382.5 110
-1382.3 101
-1382.1 90
-1381.9 89
-1381.7 99
-1381.5 114
-1381.3 124
-1381.1 110
-1380.9 105
-1380.7 119
-1380.5 90
-1380.3 103
-1380.1 116
-1379.9 97
-1379.7 96
-1379.5 110
-1379.3 102
-1379.1 118
-1378.9 110
-1378.7 117
-1378.5 83
-1378.3 105
-1378.1 90
-1377.9 85
-1377.7 83
-1377.5 90
-1377.3 96
-1377.1 110
-1376.9 89
-1376.7 100
-1376.5 101
-1376.3 91
-1376.1 89
-1375.9 100
-1375.7 104
-1375.5 91
-1375.3 78
-1375.1 102
-1374.9 69
-1374.7 112
-1374.5 85
-1374.3 110
-1374.1 99
-1373.9 104
-1373.7 93
-1373.5 94
-1373.3 81
-1373.1 84
-1372.9 84
-1372.7 97
-1372.5 108
-1372.3 102
-1372.1 87
-1371.9 94
-1371.7 98
-1371.5 90
-1371.3 97
-1371.1 107
-1370.9 107
-1370.7 100
-1370.5 86
-1370.3 109
-1370.1 90
-1369.9 102
-1369.7 95
-1369.5 97
-1369.3 92
-1369.1 104
-1368.9 99
-1368.7 98
-1368.5 96
-1368.3 85
-1368.1 95
-1367.9 97
-1367.7 113
-1367.5 96
-1367.3 103
-1367.1 89
-1366.9 87
-1366.7 80
-1366.5 96
-1366.3 103
-1366.1 88
-1365.9 103
-1365.7 93
-1365.5 83
-1365.3 99
-1365.1 99
-1364.9 94
-1364.7 81
-1364.5 109
-1364.3 104
-1364.1 86
-1363.9 89
-1363.7 88
-1363.5 80
-1363.3 92
-1363.1 74
-1362.9 88
-1362.7 88
-1362.5 87
-1362.3 83
-1362.1 89
-1361.9 82
-1361.7 76
-1361.5 83
-1361.3 79
-1361.1 86
-1360.9 73
-1360.7 75
-1360.5 83
-1360.3 81
-1360.1 76
-1359.9 71
-1359.7 76
-1359.5 72
-1359.3 81
-1359.1 68
-1358.9 78
-1358.7 76
-1358.5 67
-1358.3 63
-1358.1 72
-1357.9 70
-1357.7 68
-1357.5 77
-1357.3 76
-1357.1 66
-1356.9 72
-1356.7 62
-1356.5 49
-1356.3 59
-1356.1 64
-1355.9 58
-1355.7 66
-1355.5 59
-1355.3 74
-1355.1 56
-1354.9 60
-1354.7 52
-1354.5 54
-1354.3 54
-1354.1 61
-1353.9 67
-1353.7 59
-1353.5 53
-1353.3 36
-1353.1 53
-1352.9 72
-1352.7 53
-1352.5 57
-1352.3 56
-1352.1 46
-1351.9 43
-1351.7 56
-1351.5 39
-1351.3 43
-1351.1 49
-1350.9 48
-1350.7 40
-1350.5 39
-1350.3 31
-1350.1 37
-1349.9 37
-1349.7 36
-1349.5 47
-1349.3 32
-1349.1 34
-1348.9 40
-1348.7 39
-1348.5 26
-1348.3 37
-1348.1 32
-1347.9 27
-1347.7 22
-1347.5 31
-1347.3 31
-1347.1 35
-1346.9 25
-1346.7 29
-1346.5 22
-1346.3 35
-1346.1 25
-1345.9 24
-1345.7 18
-1345.5 22
-1345.3 17
-1345.1 23
-1344.9 23
-1344.7 14
-1344.5 18
-1344.3 15
-1344.1 21
-1343.9 20
-1343.7 24
-1343.5 18
-1343.3 21
-1343.1 23
-1342.9 18
-1342.7 15
-1342.5 12
-1342.3 23
-1342.1 16
-1341.9 15
-1341.7 13
-1341.5 18
-1341.3 6
-1341.1 11
-1340.9 20
-1340.7 11
-1340.5 15
-1340.3 13
-1340.1 12
-1339.9 13
-1339.7 8
-1339.5 4
-1339.3 5
-1339.1 9
-1338.9 18
-1338.7 5
-1338.5 14
-1338.3 7
-1338.1 5
-1337.9 10
-1337.7 5
-1337.5 10
-1337.3 3
-1337.1 8
-1336.9 6
-1336.7 5
-1336.5 5
-1336.3 4
-1336.1 2
-1335.9 7
-1335.7 7
-1335.5 2
-1335.3 2
-1335.1 3
-1334.9 2
-1334.7 4
-1334.5 5
-1334.3 6
-1334.1 4
-1333.9 3
-1333.7 7
-1333.5 2
-1333.3 3
-1333.1 1
-1332.9 5
-1332.7 6
-1332.5 1
-1332.3 3
-1332.1 4
-1331.9 2
-1331.7 0
-1331.5 0
-1331.3 1
-1331.1 1
-1330.9 0
-1330.7 2
-1330.5 1
-1330.3 0
-1330.1 1
-1329.9 1
-1329.7 2
-1329.5 0
-1329.3 0
-1329.1 1
-1328.9 1
-1328.7 1
-1328.5 3
-1328.3 4
-1328.1 1
-1327.9 0
-1327.7 0
-1327.5 2
-1327.3 0
-1327.1 0
-1326.9 0
-1326.7 0
-1326.5 0
-1326.3 1
-1326.1 2
-1325.9 0
-1325.7 0
-1325.5 0
-1325.3 0
-1325.1 0
-1324.9 0
-1324.7 0
-1324.5 0
-1324.3 0
-1324.1 0
-1323.9 1
-1323.7 0
-1323.5 0
-1323.3 0
-1323.1 0
-1322.9 0
-1322.7 0
-1322.5 0
-1322.3 0
-1322.1 0
-1321.9 0
-1321.7 0
-1321.5 1
-1321.3 0
-1321.1 0
-1320.9 0
-1320.7 1
-1320.5 0
-1320.3 0
-1320.1 0
-1319.9 0
-1319.7 0
-1319.5 0
-1319.3 0
-1319.1 1
-1318.9 0
-1318.7 0
-1318.5 1
-1318.3 0
-1318.1 0
-1317.9 1
-1317.7 1
-1317.5 1
-1317.3 0
-1317.1 1
-1316.9 0
-1316.7 0
-1316.5 0
-1316.3 1
-1316.1 0
-1315.9 1
-1315.7 0
-1315.5 0
-1315.3 0
-1315.1 0
-1314.9 0
-1314.7 0
-1314.5 0
-1314.3 0
-1314.1 0
-1313.9 0
-1313.7 0
-1313.5 0
-1313.3 0
-1313.1 0
-1312.9 0
-1312.7 0
-1312.5 0
-1312.3 0
-1312.1 0
-1311.9 0
-1311.7 0
-1311.5 0
-1311.3 0
-1311.1 0
-1310.9 0
-1310.7 0
-1310.5 0
-1310.3 1
-1310.1 0
-1309.9 0
-1309.7 0
-1309.5 0
-1309.3 0
-1309.1 0
-1308.9 0
-1308.7 0
-1308.5 1
-1308.3 0
-1308.1 0
-1307.9 0
-1307.7 0
-1307.5 0
-1307.3 1
-1307.1 0
-1306.9 0
-1306.7 0
-1306.5 1
-1306.3 0
-1306.1 0
-1305.9 0
-1305.7 0
-1305.5 0
-1305.3 0
-1305.1 1
-1304.9 0
-1304.7 1
-1304.5 0
-1304.3 1
-1304.1 1
-1303.9 1
-1303.7 0
-1303.5 0
-1303.3 0
-1303.1 0
-1302.9 0
-1302.7 1
-1302.5 0
-1302.3 0
-1302.1 0
-1301.9 1
-1301.7 0
-1301.5 2
-1301.3 0
-1301.1 1
-1300.9 0
-1300.7 0
-1300.5 0
-1300.3 0
-1300.1 1
