-1599.9 0
-1599.7 0
-1599.5 0
-1599.3 0
-1599.1 0
-1598.9 0
-1598.7 0
-1598.5 0
-1598.3 0
-1598.1 0
-1597.9 0
-1597.7 0
-1597.5 0
-1597.3 0
-1597.1 0
-1596.9 0
-1596.7 0
-1596.5 0
-1596.3 0
-1596.1 0
-1595.9 0
-1595.7 0
-1595.5 0
-1595.3 0
-1595.1 0
-1594.9 0
-1594.7 0
-1594.5 0
-1594.3 0
-1594.1 0
-1593.9 0
-1593.7 0
-1593.5 0
-1593.3 0
-1593.1 0
-1592.9 0
-1592.7 0
-1592.5 0
-1592.3 0
-1592.1 0
-1591.9 0
-1591.7 0
-1591.5 0
-1591.3 0
-1591.1 0
-1590.9 0
-1590.7 0
-1590.5 0
-1590.3 0
-1590.1 0
-1589.9 0
-1589.7 0
-1589.5 0
-1589.3 0
-1589.1 0
-1588.9 0
-1588.7 0
-1588.5 0
-1588.3 0
-1588.1 0
-1587.9 0
-1587.7 0
-1587.5 1
-1587.3 0
-1587.1 0
-1586.9 0
-1586.7 0
-1586.5 0
-1586.3 0
-1586.1 0
-1585.9 0
-1585.7 0
-1585.5 1
-1585.3 1
-1585.1 0
-1584.9 2
-1584.7 1
-1584.5 4
-1584.3 1
-1584.1 4
-1583.9 3
-1583.7 2
-1583.5 3
-1583.3 6
-1583.1 12
-1582.9 8
-1582.7 10
-1582.5 10
-1582.3 13
-1582.1 15
-1581.9 23
-1581.7 12
-1581.5 27
-1581.3 29
-1581.1 26
-1580.9 38
-1580.7 29
-1580.5 44
-1580.3 39
-1580.1 45
-1579.9 49
-1579.7 55
-1579.5 59
-1579.3 52
-1579.1 64
-1578.9 54
-1578.7 77
-1578.5 92
-1578.3 61
-1578.1 80
-1577.9 89
-1577.7 99
-1577.5 88
-1577.3 102
-1577.1 104
-1576.9 115
-1576.7 109
-1576.5 129
-1576.3 124
-1576.1 126
-1575.9 121
-1575.7 145
-1575.5 135
-1575.3 135
-1575.1 144
-1574.9 162
-1574.7 186
-1574.5 186
-1574.3 182
-1574.1 201
-1573.9 237
-1573.7 226
-1573.5 239
-1573.3 232
-1573.1 264
-1572.9 247
-1572.7 242
-1572.5 239
-1572.3 252
-1572.1 279
-1571.9 251
-1571.7 280
-1571.5 278
-1571.3 278
-1571.1 300
-1570.9 281
-1570.7 266
-1570.5 267
-1570.3 275
-1570.1 310
-1569.9 289
-1569.7 261
-1569.5 274
-1569.3 322
-1569.1 309
-1568.9 305
-1568.7 303
-1568.5 282
-1568.3 297
-1568.1 288
-1567.9 302
-1567.7 265
-1567.5 264
-1567.3 270
-1567.1 272
-1566.9 308
-1566.7 259
-1566.5 265
-1566.3 276
-1566.1 246
-1565.9 249
-1565.7 241
-1565.5 222
-1565.3 220
-1565.1 238
-1564.9 259
-1564.7 241
-1564.5 263
-1564.3 240
-1564.1 259
-1563.9 255
-1563.7 274
-1563.5 238
-1563.3 256
-1563.1 251
-1562.9 230
-1562.7 227
-1562.5 228
-1562.3 229
-1562.1 245
-1561.9 236
-1561.7 214
-1561.5 219
-1561.3 233
-1561.1 233
-1560.9 196
-1560.7 213
-1560.5 217
-1560.3 198
-1560.1 215
-1559.9 190
-1559.7 211
-1559.5 200
-1559.3 218
-1559.1 194
-1558.9 202
-1558.7 224
-1558.5 175
-1558.3 216
-1558.1 204
-1557.9 210
-1557.7 197
-1557.5 207
-1557.3 197
-1557.1 211
-1556.9 202
-1556.7 196
-1556.5 184
-1556.3 193
-1556.1 214
-1555.9 185
-1555.7 191
-1555.5 171
-1555.3 204
-1555.1 186
-1554.9 174
-1554.7 214
-1554.5 190
-1554.3 184
-1554.1 162
-1553.9 201
-1553.7 174
-1553.5 151
-1553.3 192
-1553.1 190
-1552.9 190
-1552.7 211
-1552.5 178
-1552.3 186
-1552.1 180
-1551.9 169
-1551.7 194
-1551.5 174
-1551.3 169
-1551.1 169
-1550.9 220
-1550.7 164
-1550.5 187
-1550.3 170
-1550.1 183
-1549.9 170
-1549.7 164
-1549.5 171
-1549.3 181
-1549.1 183
-1548.9 192
-1548.7 181
-1548.5 202
-1548.3 173
-1548.1 152
-1547.9 171
-1547.7 194
-1547.5 168
-1547.3 165
-1547.1 185
-1546.9 178
-1546.7 183
-1546.5 178
-1546.3 172
-1546.1 156
-1545.9 191
-1545.7 195
-1545.5 186
-1545.3 175
-1545.1 195
-1544.9 195
-1544.7 162
-1544.5 183
-1544.3 165
-1544.1 183
-1543.9 196
-1543.7 189
-1543.5 186
-1543.3 196
-1543.1 197
-1542.9 168
-1542.7 180
-1542.5 190
-1542.3 173
-1542.1 177
-1541.9 163
-1541.7 167
-1541.5 187
-1541.3 171
-1541.1 183
-1540.9 175
-1540.7 180
-1540.5 191
-1540.3 179
-1540.1 160
-1539.9 178
-1539.7 164
-1539.5 176
-1539.3 187
-1539.1 187
-1538.9 181
-1538.7 177
-1538.5 163
-1538.3 185
-1538.1 179
-1537.9 149
-1537.7 170
-1537.5 162
-1537.3 162
-1537.1 173
-1536.9 166
-1536.7 177
-1536.5 156
-1536.3 152
-1536.1 162
-1535.9 162
-1535.7 178
-1535.5 180
-1535.3 180
-1535.1 167
-1534.9 140
-1534.7 191
-1534.5 195
-1534.3 186
-1534.1 155
-1533.9 174
-1533.7 166
-1533.5 172
-1533.3 180
-1533.1 162
-1532.9 171
-1532.7 170
-1532.5 169
-1532.3 178
-1532.1 172
-1531.9 167
-1531.7 150
-1531.5 154
-1531.3 162
-1531.1 166
-1530.9 176
-1530.7 183
-1530.5 177
-1530.3 194
-1530.1 160
-1529.9 177
-1529.7 164
-1529.5 165
-1529.3 152
-1529.1 165
-1528.9 183
-1528.7 179
-1528.5 157
-1528.3 181
-1528.1 188
-1527.9 173
-1527.7 164
-1527.5 199
-1527.3 168
-1527.1 180
-1526.9 169
-1526.7 193
-1526.5 186
-1526.3 191
-1526.1 166
-1525.9 188
-1525.7 177
-1525.5 158
-1525.3 171
-1525.1 169
-1524.9 169
-1524.7 165
-1524.5 173
-1524.3 181
-1524.1 169
-1523.9 181
-1523.7 159
-1523.5 172
-1523.3 154
-1523.1 181
-1522.9 152
-1522.7 158
-1522.5 149
-1522.3 156
-1522.1 152
-1521.9 179
-1521.7 185
-1521.5 170
-1521.3 156
-1521.1 147
-1520.9 147
-1520.7 158
-1520.5 165
-1520.3 165
-1520.1 162
-1519.9 163
-1519.7 165
-1519.5 155
-1519.3 165
-1519.1 152
-1518.9 155
-1518.7 158
-1518.5 167
-1518.3 159
-1518.1 136
-1517.9 182
-1517.7 186
-1517.5 181
-1517.3 167
-1517.1 154
-1516.9 194
-1516.7 168
-1516.5 179
-1516.3 170
-1516.1 194
-1515.9 185
-1515.7 181
-1515.5 193
-1515.3 188
-1515.1 173
-1514.9 170
-1514.7 167
-1514.5 175
-1514.3 190
-1514.1 197
-1513.9 169
-1513.7 165
-1513.5 198
-1513.3 194
-1513.1 210
-1512.9 183
-1512.7 191
-1512.5 208
-1512.3 166
-1512.1 204
-1511.9 164
-1511.7 183
-1511.5 193
-1511.3 209
-1511.1 197
-1510.9 201
-1510.7 178
-1510.5 199
-1510.3 201
-1510.1 183
-1509.9 165
-1509.7 188
-1509.5 187
-1509.3 192
-1509.1 182
-1508.9 190
-1508.7 178
-1508.5 175
-1508.3 186
-1508.1 160
-1507.9 170
-1507.7 174
-1507.5 133
-1507.3 178
-1507.1 157
-1506.9 160
-1506.7 163
-1506.5 149
-1506.3 172
-1506.1 174
-1505.9 145
-1505.7 171
-1505.5 140
-1505.3 169
-1505.1 176
-1504.9 136
-1504.7 170
-1504.5 163
-1504.3 124
-1504.1 181
-1503.9 173
-1503.7 173
-1503.5 183
-1503.3 162
-1503.1 170
-1502.9 156
-1502.7 142
-1502.5 140
-1502.3 154
-1502.1 165
-1501.9 154
-1501.7 153
-1501.5 159
-1501.3 144
-1501.1 151
-1500.9 178
-1500.7 145
-1500.5 151
-1500.3 176
-1500.1 215
-1499.9 148
-1499.7 153
-1499.5 168
-1499.3 179
-1499.1 182
-1498.9 157
-1498.7 164
-1498.5 155
-1498.3 153
-1498.1 168
-1497.9 177
-1497.7 181
-1497.5 173
-1497.3 193
-1497.1 191
-1496.9 191
-1496.7 190
-1496.5 186
-1496.3 177
-1496.1 194
-1495.9 174
-1495.7 162
-1495.5 179
-1495.3 199
-1495.1 196
-1494.9 202
-1494.7 183
-1494.5 197
-1494.3 187
-1494.1 206
-1493.9 195
-1493.7 185
-1493.5 185
-1493.3 202
-1493.1 197
-1492.9 206
-1492.7 208
-1492.5 182
-1492.3 206
-1492.1 195
-1491.9 182
-1491.7 181
-1491.5 188
-1491.3 162
-1491.1 198
-1490.9 168
-1490.7 171
-1490.5 169
-1490.3 174
-1490.1 148
-1489.9 159
-1489.7 167
-1489.5 177
-1489.3 165
-1489.1 198
-1488.9 161
-1488.7 167
-1488.5 211
-1488.3 162
-1488.1 153
-1487.9 168
-1487.7 160
-1487.5 173
-1487.3 169
-1487.1 168
-1486.9 148
-1486.7 186
-1486.5 164
-1486.3 175
-1486.1 153
-1485.9 157
-1485.7 152
-1485.5 155
-1485.3 171
-1485.1 170
-1484.9 191
-1484.7 149
-1484.5 173
-1484.3 155
-1484.1 164
-1483.9 155
-1483.7 160
-1483.5 158
-1483.3 181
-1483.1 154
-1482.9 181
-1482.7 199
-1482.5 177
-1482.3 191
-1482.1 179
-1481.9 155
-1481.7 142
-1481.5 178
-1481.3 182
-1481.1 169
-1480.9 159
-1480.7 166
-1480.5 181
-1480.3 165
-1480.1 164
-1479.9 184
-1479.7 150
-1479.5 193
-1479.3 168
-1479.1 149
-1478.9 153
-1478.7 153
-1478.5 184
-1478.3 192
-1478.1 188
-1477.9 191
-1477.7 169
-1477.5 199
-1477.3 213
-1477.1 174
-1476.9 190
-1476.7 192
-1476.5 185
-1476.3 152
-1476.1 173
-1475.9 179
-1475.7 178
-1475.5 173
-1475.3 196
-1475.1 185
-1474.9 160
-1474.7 185
-1474.5 194
-1474.3 186
-1474.1 155
-1473.9 181
-1473.7 167
-1473.5 176
-1473.3 173
-1473.1 176
-1472.9 173
-1472.7 187
-1472.5 161
-1472.3 210
-1472.1 162
-1471.9 150
-1471.7 172
-1471.5 187
-1471.3 150
-1471.1 164
-1470.9 177
-1470.7 174
-1470.5 167
-1470.3 150
-1470.1 157
-1469.9 183
-1469.7 177
-1469.5 175
-1469.3 162
-1469.1 159
-1468.9 194
-1468.7 163
-1468.5 158
-1468.3 157
-1468.1 157
-1467.9 178
-1467.7 175
-1467.5 167
-1467.3 182
-1467.1 185
-1466.9 169
-1466.7 176
-1466.5 168
-1466.3 188
-1466.1 172
-1465.9 189
-1465.7 180
-1465.5 166
-1465.3 203
-1465.1 169
-1464.9 164
-1464.7 181
-1464.5 149
-1464.3 162
-1464.1 181
-1463.9 171
-1463.7 151
-1463.5 178
-1463.3 179
-1463.1 194
-1462.9 168
-1462.7 182
-1462.5 156
-1462.3 208
-1462.1 208
-1461.9 140
-1461.7 156
-1461.5 189
-1461.3 196
-1461.1 203
-1460.9 181
-1460.7 163
-1460.5 184
-1460.3 183
-1460.1 167
-1459.9 164
-1459.7 164
-1459.5 167
-1459.3 182
-1459.1 166
-1458.9 180
-1458.7 189
-1458.5 166
-1458.3 180
-1458.1 161
-1457.9 171
-1457.7 183
-1457.5 169
-1457.3 154
-1457.1 155
-1456.9 152
-1456.7 163
-1456.5 190
-1456.3 159
-1456.1 188
-1455.9 201
-1455.7 198
-1455.5 153
-1455.3 166
-1455.1 166
-1454.9 162
-1454.7 206
-1454.5 194
-1454.3 178
-1454.1 178
-1453.9 207
-1453.7 179
-1453.5 165
-1453.3 178
-1453.1 169
-1452.9 179
-1452.7 179
-1452.5 142
-1452.3 146
-1452.1 182
-1451.9 177
-1451.7 188
-1451.5 162
-1451.3 158
-1451.1 173
-1450.9 181
-1450.7 171
-1450.5 190
-1450.3 187
-1450.1 157
-1449.9 165
-1449.7 168
-1449.5 178
-1449.3 179
-1449.1 191
-1448.9 168
-1448.7 167
-1448.5 173
-1448.3 154
-1448.1 175
-1447.9 196
-1447.7 172
-1447.5 170
-1447.3 178
-1447.1 163
-1446.9 161
-1446.7 171
-1446.5 176
-1446.3 158
-1446.1 172
-1445.9 173
-1445.7 176
-1445.5 162
-1445.3 153
-1445.1 191
-1444.9 174
-1444.7 161
-1444.5 162
-1444.3 176
-1444.1 165
-1443.9 178
-1443.7 171
-1443.5 201
-1443.3 167
-1443.1 192
-1442.9 186
-1442.7 182
-1442.5 156
-1442.3 178
-1442.1 180
-1441.9 176
-1441.7 186
-1441.5 167
-1441.3 172
-1441.1 185
-1440.9 182
-1440.7 182
-1440.5 182
-1440.3 167
-1440.1 184
-1439.9 178
-1439.7 178
-1439.5 174
-1439.3 181
-1439.1 160
-1438.9 184
-1438.7 186
-1438.5 156
-1438.3 177
-1438.1 156
-1437.9 161
-1437.7 156
-1437.5 172
-1437.3 194
-1437.1 171
-1436.9 135
-1436.7 159
-1436.5 176
-1436.3 158
-1436.1 187
-1435.9 174
-1435.7 173
-1435.5 145
-1435.3 172
-1435.1 173
-1434.9 154
-1434.7 159
-1434.5 178
-1434.3 164
-1434.1 147
-1433.9 179
-1433.7 181
-1433.5 153
-1433.3 163
-1433.1 154
-1432.9 166
-1432.7 180
-1432.5 184
-1432.3 153
-1432.1 168
-1431.9 179
-1431.7 143
-1431.5 195
-1431.3 163
-1431.1 182
-1430.9 164
-1430.7 153
-1430.5 157
-1430.3 167
-1430.1 136
-1429.9 189
-1429.7 165
-1429.5 168
-1429.3 188
-1429.1 160
-1428.9 174
-1428.7 175
-1428.5 185
-1428.3 155
-1428.1 185
-1427.9 181
-1427.7 196
-1427.5 184
-1427.3 140
-1427.1 184
-1426.9 159
-1426.7 162
-1426.5 162
-1426.3 172
-1426.1 158
-1425.9 182
-1425.7 165
-1425.5 169
-1425.3 186
-1425.1 174
-1424.9 164
-1424.7 172
-1424.5 172
-1424.3 187
-1424.1 155
-1423.9 167
-1423.7 151
-1423.5 180
-1423.3 198
-1423.1 157
-1422.9 162
-1422.7 189
-1422.5 178
-1422.3 163
-1422.1 167
-1421.9 191
-1421.7 210
-1421.5 182
-1421.3 185
-1421.1 164
-1420.9 178
-1420.7 177
-1420.5 187
-1420.3 192
-1420.1 181
-1419.9 171
-1419.7 164
-1419.5 171
-1419.3 188
-1419.1 178
-1418.9 171
-1418.7 199
-1418.5 153
-1418.3 173
-1418.1 158
-1417.9 157
-1417.7 171
-1417.5 163
-1417.3 169
-1417.1 169
-1416.9 177
-1416.7 184
-1416.5 180
-1416.3 201
-1416.1 161
-1415.9 172
-1415.7 204
-1415.5 179
-1415.3 180
-1415.1 141
-1414.9 151
-1414.7 180
-1414.5 167
-1414.3 162
-1414.1 185
-1413.9 184
-1413.7 170
-1413.5 173
-1413.3 184
-1413.1 171
-1412.9 170
-1412.7 175
-1412.5 166
-1412.3 198
-1412.1 179
-1411.9 149
-1411.7 170
-1411.5 182
-1411.3 194
-1411.1 174
-1410.9 161
-1410.7 179
-1410.5 167
-1410.3 171
-1410.1 176
-1409.9 150
-1409.7 161
-1409.5 164
-1409.3 171
-1409.1 183
-1408.9 164
-1408.7 171
-1408.5 179
-1408.3 152
-1408.1 178
-1407.9 167
-1407.7 174
-1407.5 162
-1407.3 173
-1407.1 177
-1406.9 160
-1406.7 139
-1406.5 187
-1406.3 150
-1406.1 166
-1405.9 156
-1405.7 168
-1405.5 172
-1405.3 178
-1405.1 190
-1404.9 162
-1404.7 170
-1404.5 164
-1404.3 172
-1404.1 146
-1403.9 181
-1403.7 191
-1403.5 190
-1403.3 175
-1403.1 180
-1402.9 155
-1402.7 167
-1402.5 180
-1402.3 187
-1402.1 190
-1401.9 161
-1401.7 162
-1401.5 188
-1401.3 189
-1401.1 182
-1400.9 183
-1400.7 175
-1400.5 176
-1400.3 191
-1400.1 177
-1399.9 196
-1399.7 169
-1399.5 170
-1399.3 175
-1399.1 163
-1398.9 162
-1398.7 190
-1398.5 171
-1398.3 167
-1398.1 179
-1397.9 170
-1397.7 157
-1397.5 176
-1397.3 176
-1397.1 174
-1396.9 171
-1396.7 182
-1396.5 190
-1396.3 182
-1396.1 158
-1395.9 179
-1395.7 155
-1395.5 155
-1395.3 162
-1395.1 141
-1394.9 176
-1394.7 185
-1394.5 190
-1394.3 186
-1394.1 159
-1393.9 173
-1393.7 183
-1393.5 160
-1393.3 179
-1393.1 193
-1392.9 181
-1392.7 168
-1392.5 182
-1392.3 177
-1392.1 178
-1391.9 185
-1391.7 160
-1391.5 159
-1391.3 153
-1391.1 164
-1390.9 152
-1390.7 196
-1390.5 190
-1390.3 187
-1390.1 181
-1389.9 180
-1389.7 161
-1389.5 178
-1389.3 186
-1389.1 184
-1388.9 177
-1388.7 159
-1388.5 159
-1388.3 171
-1388.1 179
-1387.9 189
-1387.7 189
-1387.5 169
-1387.3 167
-1387.1 175
-1386.9 150
-1386.7 188
-1386.5 172
-1386.3 179
-1386.1 171
-1385.9 188
-1385.7 160
-1385.5 143
-1385.3 166
-1385.1 174
-1384.9 165
-1384.7 169
-1384.5 160
-1384.3 175
-1384.1 159
-1383.9 177
-1383.7 181
-1383.5 169
-1383.3 166
-1383.1 176
-1382.9 150
-1382.7 193
-1382.5 176
-1382.3 165
-1382.1 185
-1381.9 174
-1381.7 147
-1381.5 191
-1381.3 175
-1381.1 151
-1380.9 167
-1380.7 175
-1380.5 182
-1380.3 167
-1380.1 165
-1379.9 132
-1379.7 196
-1379.5 174
-1379.3 185
-1379.1 174
-1378.9 162
-1378.7 157
-1378.5 199
-1378.3 156
-1378.1 176
-1377.9 189
-1377.7 181
-1377.5 165
-1377.3 188
-1377.1 171
-1376.9 190
-1376.7 159
-1376.5 150
-1376.3 168
-1376.1 165
-1375.9 161
-1375.7 163
-1375.5 145
-1375.3 154
-1375.1 165
-1374.9 157
-1374.7 167
-1374.5 179
-1374.3 166
-1374.1 166
-1373.9 156
-1373.7 158
-1373.5 178
-1373.3 204
-1373.1 179
-1372.9 146
-1372.7 180
-1372.5 175
-1372.3 165
-1372.1 151
-1371.9 152
-1371.7 138
-1371.5 171
-1371.3 162
-1371.1 179
-1370.9 155
-1370.7 178
-1370.5 167
-1370.3 183
-1370.1 185
-1369.9 174
-1369.7 179
-1369.5 171
-1369.3 148
-1369.1 186
-1368.9 154
-1368.7 167
-1368.5 177
-1368.3 178
-1368.1 161
-1367.9 161
-1367.7 174
-1367.5 185
-1367.3 166
-1367.1 158
-1366.9 153
-1366.7 145
-1366.5 171
-1366.3 167
-1366.1 154
-1365.9 152
-1365.7 165
-1365.5 164
-1365.3 179
-1365.1 169
-1364.9 134
-1364.7 173
-1364.5 145
-1364.3 156
-1364.1 157
-1363.9 131
-1363.7 158
-1363.5 154
-1363.3 158
-1363.1 142
-1362.9 154
-1362.7 156
-1362.5 137
-1362.3 125
-1362.1 127
-1361.9 155
-1361.7 156
-1361.5 152
-1361.3 140
-1361.1 124
-1360.9 122
-1360.7 124
-1360.5 130
-1360.3 118
-1360.1 124
-1359.9 113
-1359.7 131
-1359.5 127
-1359.3 137
-1359.1 102
-1358.9 124
-1358.7 120
-1358.5 118
-1358.3 125
-1358.1 124
-1357.9 99
-1357.7 105
-1357.5 113
-1357.3 85
-1357.1 110
-1356.9 111
-1356.7 123
-1356.5 96
-1356.3 94
-1356.1 122
-1355.9 100
-1355.7 87
-1355.5 97
-1355.3 97
-1355.1 87
-1354.9 97
-1354.7 101
-1354.5 85
-1354.3 84
-1354.1 88
-1353.9 91
-1353.7 94
-1353.5 72
-1353.3 72
-1353.1 81
-1352.9 63
-1352.7 66
-1352.5 86
-1352.3 69
-1352.1 64
-1351.9 98
-1351.7 62
-1351.5 69
-1351.3 66
-1351.1 68
-1350.9 76
-1350.7 57
-1350.5 76
-1350.3 59
-1350.1 65
-1349.9 80
-1349.7 53
-1349.5 59
-1349.3 57
-1349.1 58
-1348.9 56
-1348.7 61
-1348.5 54
-1348.3 57
-1348.1 63
-1347.9 51
-1347.7 52
-1347.5 46
-1347.3 53
-1347.1 49
-1346.9 43
-1346.7 52
-1346.5 37
-1346.3 43
-1346.1 46
-1345.9 50
-1345.7 44
-1345.5 42
-1345.3 35
-1345.1 43
-1344.9 33
-1344.7 34
-1344.5 48
-1344.3 27
-1344.1 32
-1343.9 35
-1343.7 33
-1343.5 33
-1343.3 34
-1343.1 29
-1342.9 33
-1342.7 30
-1342.5 30
-1342.3 32
-1342.1 29
-1341.9 32
-1341.7 31
-1341.5 27
-1341.3 25
-1341.1 24
-1340.9 27
-1340.7 22
-1340.5 21
-1340.3 22
-1340.1 28
-1339.9 23
-1339.7 15
-1339.5 15
-1339.3 28
-1339.1 18
-1338.9 29
-1338.7 16
-1338.5 18
-1338.3 22
-1338.1 9
-1337.9 11
-1337.7 19
-1337.5 19
-1337.3 18
-1337.1 15
-1336.9 15
-1336.7 9
-1336.5 15
-1336.3 15
-1336.1 21
-1335.9 10
-1335.7 20
-1335.5 18
-1335.3 7
-1335.1 10
-1334.9 4
-1334.7 12
-1334.5 10
-1334.3 10
-1334.1 6
-1333.9 9
-1333.7 9
-1333.5 7
-1333.3 6
-1333.1 8
-1332.9 15
-1332.7 5
-1332.5 13
-1332.3 9
-1332.1 9
-1331.9 4
-1331.7 10
-1331.5 8
-1331.3 9
-1331.1 3
-1330.9 11
-1330.7 9
-1330.5 4
-1330.3 5
-1330.1 6
-1329.9 5
-1329.7 6
-1329.5 8
-1329.3 7
-1329.1 7
-1328.9 5
-1328.7 3
-1328.5 8
-1328.3 5
-1328.1 4
-1327.9 2
-1327.7 2
-1327.5 7
-1327.3 4
-1327.1 6
-1326.9 4
-1326.7 4
-1326.5 3
-1326.3 4
-1326.1 1
-1325.9 2
-1325.7 6
-1325.5 2
-1325.3 1
-1325.1 1
-1324.9 2
-1324.7 1
-1324.5 1
-1324.3 3
-1324.1 2
-1323.9 0
-1323.7 0
-1323.5 2
-1323.3 1
-1323.1 1
-1322.9 2
-1322.7 1
-1322.5 5
-1322.3 2
-1322.1 4
-1321.9 3
-1321.7 1
-1321.5 2
-1321.3 3
-1321.1 0
-1320.9 1
-1320.7 1
-1320.5 3
-1320.3 2
-1320.1 3
-1319.9 2
-1319.7 0
-1319.5 1
-1319.3 3
-1319.1 1
-1318.9 0
-1318.7 2
-1318.5 0
-1318.3 1
-1318.1 0
-1317.9 1
-1317.7 0
-1317.5 0
-1317.3 2
-1317.1 2
-1316.9 0
-1316.7 1
-1316.5 2
-1316.3 3
-1316.1 1
-1315.9 1
-1315.7 1
-1315.5 0
-1315.3 2
-1315.1 3
-1314.9 1
-1314.7 0
-1314.5 0
-1314.3 0
-1314.1 2
-1313.9 0
-1313.7 1
-1313.5 3
-1313.3 4
-1313.1 1
-1312.9 1
-1312.7 0
-1312.5 0
-1312.3 2
-1312.1 0
-1311.9 0
-1311.7 0
-1311.5 3
-1311.3 0
-1311.1 1
-1310.9 1
-1310.7 1
-1310.5 0
-1310.3 1
-1310.1 2
-1309.9 0
-1309.7 1
-1309.5 2
-1309.3 1
-1309.1 0
-1308.9 2
-1308.7 1
-1308.5 1
-1308.3 1
-1308.1 2
-1307.9 5
-1307.7 0
-1307.5 0
-1307.3 1
-1307.1 1
-1306.9 0
-1306.7 0
-1306.5 1
-1306.3 1
-1306.1 0
-1305.9 3
-1305.7 2
-1305.5 1
-1305.3 2
-1305.1 0
-1304.9 1
-1304.7 2
-1304.5 0
-1304.3 1
-1304.1 1
-1303.9 2
-1303.7 0
-1303.5 1
-1303.3 1
-1303.1 2
-1302.9 1
-1302.7 1
-1302.5 2
-1302.3 0
-1302.1 2
-1301.9 0
-1301.7 1
-1301.5 1
-1301.3 0
-1301.1 2
-1300.9 3
-1300.7 0
-1300.5 1
-1300.3 0
-1300.1 1
