-1599.9 0
-1599.7 1
-1599.5 2
-1599.3 2
-1599.1 2
-1598.9 3
-1598.7 2
-1598.5 2
-1598.3 0
-1598.1 1
-1597.9 2
-1597.7 2
-1597.5 0
-1597.3 3
-1597.1 0
-1596.9 0
-1596.7 2
-1596.5 0
-1596.3 3
-1596.1 0
-1595.9 1
-1595.7 3
-1595.5 1
-1595.3 2
-1595.1 0
-1594.9 0
-1594.7 0
-1594.5 1
-1594.3 1
-1594.1 2
-1593.9 0
-1593.7 2
-1593.5 0
-1593.3 1
-1593.1 2
-1592.9 0
-1592.7 0
-1592.5 0
-1592.3 0
-1592.1 0
-1591.9 0
-1591.7 0
-1591.5 0
-1591.3 0
-1591.1 0
-1590.9 0
-1590.7 0
-1590.5 0
-1590.3 0
-1590.1 0
-1589.9 0
-1589.7 0
-1589.5 0
-1589.3 0
-1589.1 0
-1588.9 0
-1588.7 0
-1588.5 0
-1588.3 0
-1588.1 0
-1587.9 0
-1587.7 0
-1587.5 0
-1587.3 0
-1587.1 0
-1586.9 0
-1586.7 1
-1586.5 0
-1586.3 0
-1586.1 0
-1585.9 0
-1585.7 0
-1585.5 0
-1585.3 0
-1585.1 0
-1584.9 0
-1584.7 0
-1584.5 1
-1584.3 2
-1584.1 3
-1583.9 0
-1583.7 2
-1583.5 2
-1583.3 4
-1583.1 1
-1582.9 3
-1582.7 7
-1582.5 5
-1582.3 7
-1582.1 7
-1581.9 6
-1581.7 11
-1581.5 6
-1581.3 11
-1581.1 18
-1580.9 12
-1580.7 16
-1580.5 14
-1580.3 16
-1580.1 21
-1579.9 19
-1579.7 25
-1579.5 23
-1579.3 30
-1579.1 31
-1578.9 23
-1578.7 44
-1578.5 35
-1578.3 41
-1578.1 39
-1577.9 42
-1577.7 55
-1577.5 60
-1577.3 49
-1577.1 63
-1576.9 61
-1576.7 62
-1576.5 70
-1576.3 72
-1576.1 85
-1575.9 88
-1575.7 87
-1575.5 99
-1575.3 84
-1575.1 113
-1574.9 98
-1574.7 105
-1574.5 114
-1574.3 108
-1574.1 125
-1573.9 154
-1573.7 158
-1573.5 159
-1573.3 141
-1573.1 155
-1572.9 191
-1572.7 185
-1572.5 155
-1572.3 170
-1572.1 199
-1571.9 188
-1571.7 190
-1571.5 233
-1571.3 175
-1571.1 232
-1570.9 230
-1570.7 241
-1570.5 214
-1570.3 232
-1570.1 244
-1569.9 213
-1569.7 211
-1569.5 218
-1569.3 257
-1569.1 221
-1568.9 254
-1568.7 259
-1568.5 257
-1568.3 281
-1568.1 265
-1567.9 276
-1567.7 236
-1567.5 246
-1567.3 262
-1567.1 261
-1566.9 273
-1566.7 272
-1566.5 263
-1566.3 249
-1566.1 282
-1565.9 255
-1565.7 275
-1565.5 259
-1565.3 273
-1565.1 265
-1564.9 261
-1564.7 279
-1564.5 280
-1564.3 269
-1564.1 256
-1563.9 261
-1563.7 258
-1563.5 228
-1563.3 238
-1563.1 271
-1562.9 270
-1562.7 253
-1562.5 235
-1562.3 223
-1562.1 260
-1561.9 249
-1561.7 258
-1561.5 216
-1561.3 236
-1561.1 275
-1560.9 254
-1560.7 221
-1560.5 237
-1560.3 257
-1560.1 237
-1559.9 256
-1559.7 206
-1559.5 224
-1559.3 223
-1559.1 244
-1558.9 239
-1558.7 239
-1558.5 203
-1558.3 193
-1558.1 201
-1557.9 224
-1557.7 239
-1557.5 207
-1557.3 197
-1557.1 231
-1556.9 205
-1556.7 212
-1556.5 205
-1556.3 205
-1556.1 231
-1555.9 203
-1555.7 209
-1555.5 204
-1555.3 190
-1555.1 203
-1554.9 210
-1554.7 233
-1554.5 215
-1554.3 201
-1554.1 189
-1553.9 227
-1553.7 207
-1553.5 196
-1553.3 181
-1553.1 191
-1552.9 202
-1552.7 189
-1552.5 210
-1552.3 195
-1552.1 191
-1551.9 177
-1551.7 187
-1551.5 190
-1551.3 190
-1551.1 213
-1550.9 189
-1550.7 208
-1550.5 179
-1550.3 187
-1550.1 173
-1549.9 182
-1549.7 194
-1549.5 189
-1549.3 205
-1549.1 189
-1548.9 208
-1548.7 176
-1548.5 184
-1548.3 170
-1548.1 179
-1547.9 207
-1547.7 190
-1547.5 182
-1547.3 182
-1547.1 176
-1546.9 189
-1546.7 171
-1546.5 191
-1546.3 179
-1546.1 190
-1545.9 195
-1545.7 188
-1545.5 182
-1545.3 172
-1545.1 180
-1544.9 187
-1544.7 177
-1544.5 183
-1544.3 167
-1544.1 158
-1543.9 185
-1543.7 178
-1543.5 207
-1543.3 188
-1543.1 184
-1542.9 180
-1542.7 194
-1542.5 181
-1542.3 175
-1542.1 175
-1541.9 196
-1541.7 162
-1541.5 205
-1541.3 157
-1541.1 183
-1540.9 157
-1540.7 170
-1540.5 173
-1540.3 196
-1540.1 215
-1539.9 168
-1539.7 160
-1539.5 175
-1539.3 180
-1539.1 174
-1538.9 196
-1538.7 177
-1538.5 208
-1538.3 166
-1538.1 179
-1537.9 174
-1537.7 156
-1537.5 186
-1537.3 179
-1537.1 151
-1536.9 197
-1536.7 171
-1536.5 179
-1536.3 184
-1536.1 190
-1535.9 175
-1535.7 149
-1535.5 173
-1535.3 188
-1535.1 153
-1534.9 179
-1534.7 177
-1534.5 169
-1534.3 176
-1534.1 172
-1533.9 178
-1533.7 172
-1533.5 165
-1533.3 167
-1533.1 176
-1532.9 159
-1532.7 170
-1532.5 155
-1532.3 171
-1532.1 157
-1531.9 175
-1531.7 190
-1531.5 197
-1531.3 180
-1531.1 173
-1530.9 201
-1530.7 187
-1530.5 161
-1530.3 172
-1530.1 151
-1529.9 196
-1529.7 165
-1529.5 154
-1529.3 174
-1529.1 176
-1528.9 171
-1528.7 162
-1528.5 174
-1528.3 167
-1528.1 175
-1527.9 182
-1527.7 180
-1527.5 161
-1527.3 187
-1527.1 177
-1526.9 154
-1526.7 162
-1526.5 165
-1526.3 190
-1526.1 163
-1525.9 165
-1525.7 189
-1525.5 175
-1525.3 170
-1525.1 156
-1524.9 149
-1524.7 162
-1524.5 170
-1524.3 190
-1524.1 158
-1523.9 185
-1523.7 190
-1523.5 203
-1523.3 136
-1523.1 178
-1522.9 166
-1522.7 171
-1522.5 178
-1522.3 151
-1522.1 155
-1521.9 179
-1521.7 210
-1521.5 173
-1521.3 166
-1521.1 172
-1520.9 158
-1520.7 179
-1520.5 152
-1520.3 138
-1520.1 160
-1519.9 177
-1519.7 181
-1519.5 175
-1519.3 197
-1519.1 174
-1518.9 170
-1518.7 199
-1518.5 183
-1518.3 198
-1518.1 187
-1517.9 173
-1517.7 179
-1517.5 165
-1517.3 171
-1517.1 167
-1516.9 179
-1516.7 188
-1516.5 187
-1516.3 168
-1516.1 165
-1515.9 172
-1515.7 171
-1515.5 161
-1515.3 189
-1515.1 161
-1514.9 158
-1514.7 188
-1514.5 176
-1514.3 190
-1514.1 191
-1513.9 188
-1513.7 167
-1513.5 178
-1513.3 171
-1513.1 164
-1512.9 170
-1512.7 189
-1512.5 199
-1512.3 178
-1512.1 190
-1511.9 165
-1511.7 166
-1511.5 183
-1511.3 156
-1511.1 173
-1510.9 176
-1510.7 183
-1510.5 173
-1510.3 198
-1510.1 176
-1509.9 175
-1509.7 185
-1509.5 175
-1509.3 189
-1509.1 200
-1508.9 152
-1508.7 178
-1508.5 174
-1508.3 178
-1508.1 170
-1507.9 171
-1507.7 191
-1507.5 158
-1507.3 174
-1507.1 172
-1506.9 196
-1506.7 196
-1506.5 183
-1506.3 188
-1506.1 162
-1505.9 168
-1505.7 175
-1505.5 177
-1505.3 185
-1505.1 181
-1504.9 179
-1504.7 195
-1504.5 188
-1504.3 163
-1504.1 189
-1503.9 179
-1503.7 171
-1503.5 188
-1503.3 158
-1503.1 191
-1502.9 191
-1502.7 194
-1502.5 159
-1502.3 205
-1502.1 184
-1501.9 165
-1501.7 162
-1501.5 156
-1501.3 164
-1501.1 191
-1500.9 191
-1500.7 157
-1500.5 160
-1500.3 185
-1500.1 167
-1499.9 170
-1499.7 177
-1499.5 176
-1499.3 184
-1499.1 162
-1498.9 180
-1498.7 182
-1498.5 199
-1498.3 137
-1498.1 163
-1497.9 181
-1497.7 167
-1497.5 185
-1497.3 162
-1497.1 184
-1496.9 161
-1496.7 186
-1496.5 196
-1496.3 166
-1496.1 176
-1495.9 179
-1495.7 193
-1495.5 172
-1495.3 173
-1495.1 198
-1494.9 161
-1494.7 164
-1494.5 181
-1494.3 159
-1494.1 180
-1493.9 166
-1493.7 165
-1493.5 143
-1493.3 181
-1493.1 181
-1492.9 168
-1492.7 168
-1492.5 170
-1492.3 148
-1492.1 189
-1491.9 191
-1491.7 160
-1491.5 181
-1491.3 179
-1491.1 159
-1490.9 171
-1490.7 171
-1490.5 175
-1490.3 157
-1490.1 173
-1489.9 153
-1489.7 192
-1489.5 176
-1489.3 191
-1489.1 175
-1488.9 168
-1488.7 165
-1488.5 181
-1488.3 177
-1488.1 167
-1487.9 195
-1487.7 176
-1487.5 211
-1487.3 178
-1487.1 170
-1486.9 173
-1486.7 193
-1486.5 160
-1486.3 178
-1486.1 164
-1485.9 152
-1485.7 175
-1485.5 188
-1485.3 174
-1485.1 167
-1484.9 198
-1484.7 167
-1484.5 157
-1484.3 182
-1484.1 180
-1483.9 174
-1483.7 163
-1483.5 166
-1483.3 145
-1483.1 163
-1482.9 194
-1482.7 188
-1482.5 175
-1482.3 169
-1482.1 171
-1481.9 176
-1481.7 169
-1481.5 175
-1481.3 183
-1481.1 183
-1480.9 202
-1480.7 199
-1480.5 165
-1480.3 190
-1480.1 204
-1479.9 171
-1479.7 154
-1479.5 180
-1479.3 173
-1479.1 182
-1478.9 184
-1478.7 152
-1478.5 198
-1478.3 203
-1478.1 159
-1477.9 188
-1477.7 207
-1477.5 154
-1477.3 177
-1477.1 192
-1476.9 161
-1476.7 171
-1476.5 136
-1476.3 174
-1476.1 151
-1475.9 167
-1475.7 198
-1475.5 173
-1475.3 179
-1475.1 189
-1474.9 180
-1474.7 173
-1474.5 165
-1474.3 180
-1474.1 197
-1473.9 183
-1473.7 174
-1473.5 198
-1473.3 161
-1473.1 160
-1472.9 179
-1472.7 201
-1472.5 184
-1472.3 184
-1472.1 190
-1471.9 174
-1471.7 183
-1471.5 178
-1471.3 162
-1471.1 180
-1470.9 178
-1470.7 170
-1470.5 183
-1470.3 192
-1470.1 179
-1469.9 177
-1469.7 177
-1469.5 196
-1469.3 179
-1469.1 190
-1468.9 185
-1468.7 164
-1468.5 172
-1468.3 198
-1468.1 182
-1467.9 182
-1467.7 173
-1467.5 153
-1467.3 207
-1467.1 185
-1466.9 186
-1466.7 143
-1466.5 194
-1466.3 181
-1466.1 169
-1465.9 170
-1465.7 162
-1465.5 180
-1465.3 180
-1465.1 148
-1464.9 180
-1464.7 175
-1464.5 209
-1464.3 177
-1464.1 169
-1463.9 154
-1463.7 199
-1463.5 151
-1463.3 162
-1463.1 201
-1462.9 177
-1462.7 165
-1462.5 165
-1462.3 152
-1462.1 163
-1461.9 178
-1461.7 178
-1461.5 175
-1461.3 185
-1461.1 164
-1460.9 166
-1460.7 155
-1460.5 163
-1460.3 166
-1460.1 173
-1459.9 164
-1459.7 164
-1459.5 167
-1459.3 191
-1459.1 175
-1458.9 164
-1458.7 188
-1458.5 167
-1458.3 186
-1458.1 183
-1457.9 209
-1457.7 187
-1457.5 181
-1457.3 176
-1457.1 182
-1456.9 173
-1456.7 155
-1456.5 215
-1456.3 179
-1456.1 163
-1455.9 194
-1455.7 157
-1455.5 192
-1455.3 189
-1455.1 179
-1454.9 178
-1454.7 178
-1454.5 176
-1454.3 175
-1454.1 168
-1453.9 190
-1453.7 163
-1453.5 169
-1453.3 166
-1453.1 169
-1452.9 159
-1452.7 159
-1452.5 188
-1452.3 164
-1452.1 203
-1451.9 164
-1451.7 180
-1451.5 178
-1451.3 166
-1451.1 191
-1450.9 161
-1450.7 185
-1450.5 170
-1450.3 171
-1450.1 179
-1449.9 164
-1449.7 188
-1449.5 176
-1449.3 176
-1449.1 183
-1448.9 165
-1448.7 188
-1448.5 192
-1448.3 189
-1448.1 179
-1447.9 173
-1447.7 159
-1447.5 150
-1447.3 184
-1447.1 178
-1446.9 182
-1446.7 161
-1446.5 182
-1446.3 155
-1446.1 171
-1445.9 193
-1445.7 165
-1445.5 168
-1445.3 179
-1445.1 196
-1444.9 168
-1444.7 152
-1444.5 186
-1444.3 194
-1444.1 194
-1443.9 188
-1443.7 159
-1443.5 171
-1443.3 165
-1443.1 189
-1442.9 154
-1442.7 191
-1442.5 166
-1442.3 151
-1442.1 169
-1441.9 196
-1441.7 181
-1441.5 195
-1441.3 183
-1441.1 171
-1440.9 199
-1440.7 171
-1440.5 165
-1440.3 183
-1440.1 197
-1439.9 211
-1439.7 152
-1439.5 179
-1439.3 195
-1439.1 194
-1438.9 154
-1438.7 155
-1438.5 173
-1438.3 175
-1438.1 189
-1437.9 173
-1437.7 178
-1437.5 182
-1437.3 175
-1437.1 199
-1436.9 184
-1436.7 164
-1436.5 173
-1436.3 162
-1436.1 171
-1435.9 192
-1435.7 177
-1435.5 160
-1435.3 173
-1435.1 172
-1434.9 166
-1434.7 199
-1434.5 148
-1434.3 195
-1434.1 155
-1433.9 187
-1433.7 180
-1433.5 187
-1433.3 152
-1433.1 182
-1432.9 198
-1432.7 175
-1432.5 172
-1432.3 198
-1432.1 174
-1431.9 159
-1431.7 169
-1431.5 179
-1431.3 173
-1431.1 180
-1430.9 178
-1430.7 171
-1430.5 137
-1430.3 167
-1430.1 147
-1429.9 176
-1429.7 186
-1429.5 184
-1429.3 161
-1429.1 172
-1428.9 190
-1428.7 174
-1428.5 181
-1428.3 154
-1428.1 203
-1427.9 176
-1427.7 187
-1427.5 176
-1427.3 167
-1427.1 207
-1426.9 160
-1426.7 171
-1426.5 173
-1426.3 179
-1426.1 187
-1425.9 183
-1425.7 162
-1425.5 172
-1425.3 175
-1425.1 177
-1424.9 201
-1424.7 171
-1424.5 178
-1424.3 158
-1424.1 171
-1423.9 177
-1423.7 160
-1423.5 182
-1423.3 160
-1423.1 179
-1422.9 178
-1422.7 159
-1422.5 178
-1422.3 195
-1422.1 170
-1421.9 198
-1421.7 177
-1421.5 156
-1421.3 152
-1421.1 159
-1420.9 161
-1420.7 191
-1420.5 176
-1420.3 180
-1420.1 164
-1419.9 151
-1419.7 166
-1419.5 167
-1419.3 156
-1419.1 210
-1418.9 191
-1418.7 173
-1418.5 173
-1418.3 183
-1418.1 159
-1417.9 140
-1417.7 179
-1417.5 176
-1417.3 160
-1417.1 167
-1416.9 171
-1416.7 144
-1416.5 167
-1416.3 177
-1416.1 186
-1415.9 162
-1415.7 180
-1415.5 166
-1415.3 163
-1415.1 185
-1414.9 162
-1414.7 179
-1414.5 151
-1414.3 177
-1414.1 175
-1413.9 170
-1413.7 158
-1413.5 186
-1413.3 171
-1413.1 155
-1412.9 176
-1412.7 168
-1412.5 195
-1412.3 149
-1412.1 198
-1411.9 200
-1411.7 171
-1411.5 162
-1411.3 145
-1411.1 178
-1410.9 187
-1410.7 182
-1410.5 181
-1410.3 177
-1410.1 190
-1409.9 178
-1409.7 187
-1409.5 177
-1409.3 152
-1409.1 142
-1408.9 182
-1408.7 174
-1408.5 185
-1408.3 168
-1408.1 188
-1407.9 161
-1407.7 177
-1407.5 172
-1407.3 177
-1407.1 164
-1406.9 173
-1406.7 175
-1406.5 170
-1406.3 168
-1406.1 188
-1405.9 185
-1405.7 168
-1405.5 176
-1405.3 173
-1405.1 167
-1404.9 189
-1404.7 189
-1404.5 170
-1404.3 180
-1404.1 169
-1403.9 185
-1403.7 163
-1403.5 156
-1403.3 176
-1403.1 163
-1402.9 166
-1402.7 176
-1402.5 205
-1402.3 185
-1402.1 192
-1401.9 184
-1401.7 166
-1401.5 178
-1401.3 170
-1401.1 178
-1400.9 167
-1400.7 170
-1400.5 175
-1400.3 180
-1400.1 187
-1399.9 166
-1399.7 189
-1399.5 175
-1399.3 195
-1399.1 175
-1398.9 183
-1398.7 183
-1398.5 201
-1398.3 172
-1398.1 195
-1397.9 163
-1397.7 172
-1397.5 184
-1397.3 173
-1397.1 197
-1396.9 192
-1396.7 182
-1396.5 176
-1396.3 174
-1396.1 194
-1395.9 200
-1395.7 166
-1395.5 170
-1395.3 188
-1395.1 175
-1394.9 174
-1394.7 173
-1394.5 198
-1394.3 208
-1394.1 178
-1393.9 201
-1393.7 169
-1393.5 161
-1393.3 170
-1393.1 184
-1392.9 195
-1392.7 195
-1392.5 171
-1392.3 170
-1392.1 186
-1391.9 169
-1391.7 187
-1391.5 202
-1391.3 191
-1391.1 180
-1390.9 158
-1390.7 171
-1390.5 171
-1390.3 169
-1390.1 170
-1389.9 172
-1389.7 176
-1389.5 165
-1389.3 172
-1389.1 171
-1388.9 173
-1388.7 180
-1388.5 185
-1388.3 162
-1388.1 189
-1387.9 176
-1387.7 185
-1387.5 172
-1387.3 201
-1387.1 182
-1386.9 175
-1386.7 182
-1386.5 201
-1386.3 176
-1386.1 156
-1385.9 195
-1385.7 168
-1385.5 176
-1385.3 190
-1385.1 196
-1384.9 155
-1384.7 167
-1384.5 162
-1384.3 170
-1384.1 167
-1383.9 166
-1383.7 175
-1383.5 183
-1383.3 165
-1383.1 184
-1382.9 209
-1382.7 168
-1382.5 170
-1382.3 169
-1382.1 196
-1381.9 174
-1381.7 167
-1381.5 188
-1381.3 175
-1381.1 171
-1380.9 165
-1380.7 169
-1380.5 195
-1380.3 155
-1380.1 190
-1379.9 173
-1379.7 197
-1379.5 192
-1379.3 170
-1379.1 170
-1378.9 174
-1378.7 171
-1378.5 170
-1378.3 176
-1378.1 160
-1377.9 164
-1377.7 191
-1377.5 170
-1377.3 150
-1377.1 190
-1376.9 165
-1376.7 168
-1376.5 174
-1376.3 165
-1376.1 169
-1375.9 166
-1375.7 183
-1375.5 176
-1375.3 150
-1375.1 160
-1374.9 193
-1374.7 169
-1374.5 164
-1374.3 180
-1374.1 162
-1373.9 170
-1373.7 165
-1373.5 196
-1373.3 171
-1373.1 160
-1372.9 166
-1372.7 186
-1372.5 147
-1372.3 156
-1372.1 153
-1371.9 141
-1371.7 155
-1371.5 152
-1371.3 148
-1371.1 141
-1370.9 159
-1370.7 151
-1370.5 132
-1370.3 130
-1370.1 119
-1369.9 153
-1369.7 158
-1369.5 130
-1369.3 134
-1369.1 122
-1368.9 139
-1368.7 130
-1368.5 124
-1368.3 132
-1368.1 112
-1367.9 125
-1367.7 137
-1367.5 134
-1367.3 130
-1367.1 92
-1366.9 124
-1366.7 148
-1366.5 114
-1366.3 102
-1366.1 108
-1365.9 118
-1365.7 83
-1365.5 113
-1365.3 97
-1365.1 87
-1364.9 100
-1364.7 100
-1364.5 101
-1364.3 103
-1364.1 85
-1363.9 87
-1363.7 113
-1363.5 92
-1363.3 95
-1363.1 86
-1362.9 77
-1362.7 77
-1362.5 86
-1362.3 88
-1362.1 78
-1361.9 87
-1361.7 86
-1361.5 68
-1361.3 70
-1361.1 83
-1360.9 84
-1360.7 72
-1360.5 80
-1360.3 63
-1360.1 67
-1359.9 58
-1359.7 65
-1359.5 67
-1359.3 72
-1359.1 62
-1358.9 59
-1358.7 62
-1358.5 50
-1358.3 61
-1358.1 63
-1357.9 47
-1357.7 62
-1357.5 71
-1357.3 66
-1357.1 42
-1356.9 51
-1356.7 62
-1356.5 44
-1356.3 54
-1356.1 57
-1355.9 53
-1355.7 48
-1355.5 36
-1355.3 43
-1355.1 31
-1354.9 61
-1354.7 39
-1354.5 49
-1354.3 40
-1354.1 45
-1353.9 37
-1353.7 31
-1353.5 50
-1353.3 36
-1353.1 32
-1352.9 43
-1352.7 30
-1352.5 46
-1352.3 37
-1352.1 22
-1351.9 43
-1351.7 23
-1351.5 32
-1351.3 18
-1351.1 33
-1350.9 25
-1350.7 32
-1350.5 31
-1350.3 15
-1350.1 26
-1349.9 20
-1349.7 22
-1349.5 26
-1349.3 29
-1349.1 21
-1348.9 12
-1348.7 19
-1348.5 18
-1348.3 20
-1348.1 17
-1347.9 18
-1347.7 17
-1347.5 12
-1347.3 18
-1347.1 17
-1346.9 22
-1346.7 17
-1346.5 12
-1346.3 12
-1346.1 16
-1345.9 16
-1345.7 17
-1345.5 12
-1345.3 13
-1345.1 18
-1344.9 11
-1344.7 17
-1344.5 19
-1344.3 10
-1344.1 11
-1343.9 5
-1343.7 15
-1343.5 8
-1343.3 12
-1343.1 9
-1342.9 5
-1342.7 12
-1342.5 8
-1342.3 14
-1342.1 8
-1341.9 12
-1341.7 5
-1341.5 10
-1341.3 10
-1341.1 4
-1340.9 8
-1340.7 5
-1340.5 8
-1340.3 6
-1340.1 2
-1339.9 7
-1339.7 5
-1339.5 11
-1339.3 1
-1339.1 3
-1338.9 9
-1338.7 7
-1338.5 6
-1338.3 2
-1338.1 5
-1337.9 6
-1337.7 5
-1337.5 4
-1337.3 9
-1337.1 3
-1336.9 5
-1336.7 5
-1336.5 2
-1336.3 4
-1336.1 5
-1335.9 4
-1335.7 5
-1335.5 4
-1335.3 6
-1335.1 3
-1334.9 3
-1334.7 3
-1334.5 5
-1334.3 5
-1334.1 5
-1333.9 6
-1333.7 5
-1333.5 3
-1333.3 5
-1333.1 9
-1332.9 4
-1332.7 3
-1332.5 3
-1332.3 7
-1332.1 4
-1331.9 7
-1331.7 4
-1331.5 3
-1331.3 2
-1331.1 2
-1330.9 3
-1330.7 3
-1330.5 4
-1330.3 0
-1330.1 0
-1329.9 3
-1329.7 4
-1329.5 3
-1329.3 2
-1329.1 2
-1328.9 2
-1328.7 3
-1328.5 3
-1328.3 2
-1328.1 2
-1327.9 3
-1327.7 2
-1327.5 5
-1327.3 4
-1327.1 3
-1326.9 2
-1326.7 2
-1326.5 2
-1326.3 0
-1326.1 2
-1325.9 4
-1325.7 0
-1325.5 0
-1325.3 1
-1325.1 3
-1324.9 4
-1324.7 2
-1324.5 4
-1324.3 0
-1324.1 1
-1323.9 0
-1323.7 0
-1323.5 3
-1323.3 3
-1323.1 1
-1322.9 2
-1322.7 1
-1322.5 1
-1322.3 0
-1322.1 1
-1321.9 3
-1321.7 1
-1321.5 4
-1321.3 0
-1321.1 2
-1320.9 2
-1320.7 1
-1320.5 0
-1320.3 0
-1320.1 1
-1319.9 3
-1319.7 4
-1319.5 0
-1319.3 0
-1319.1 2
-1318.9 0
-1318.7 2
-1318.5 2
-1318.3 0
-1318.1 3
-1317.9 1
-1317.7 2
-1317.5 0
-1317.3 1
-1317.1 2
-1316.9 1
-1316.7 2
-1316.5 0
-1316.3 0
-1316.1 1
-1315.9 2
-1315.7 2
-1315.5 0
-1315.3 1
-1315.1 0
-1314.9 2
-1314.7 2
-1314.5 0
-1314.3 3
-1314.1 0
-1313.9 0
-1313.7 2
-1313.5 1
-1313.3 0
-1313.1 1
-1312.9 2
-1312.7 0
-1312.5 0
-1312.3 2
-1312.1 0
-1311.9 0
-1311.7 0
-1311.5 1
-1311.3 1
-1311.1 0
-1310.9 2
-1310.7 0
-1310.5 1
-1310.3 1
-1310.1 0
-1309.9 1
-1309.7 0
-1309.5 0
-1309.3 1
-1309.1 1
-1308.9 1
-1308.7 1
-1308.5 0
-1308.3 0
-1308.1 2
-1307.9 2
-1307.7 4
-1307.5 1
-1307.3 0
-1307.1 2
-1306.9 1
-1306.7 2
-1306.5 1
-1306.3 1
-1306.1 2
-1305.9 1
-1305.7 2
-1305.5 3
-1305.3 1
-1305.1 0
-1304.9 2
-1304.7 2
-1304.5 3
-1304.3 0
-1304.1 0
-1303.9 1
-1303.7 0
-1303.5 2
-1303.3 0
-1303.1 0
-1302.9 1
-1302.7 0
-1302.5 0
-1302.3 2
-1302.1 0
-1301.9 1
-1301.7 1
-1301.5 2
-1301.3 2
-1301.1 1
-1300.9 2
-1300.7 1
-1300.5 1
-1300.3 1
-1300.1 2
