-209.9 0
-209.7 0
-209.5 1
-209.3 0
-209.1 0
-208.9 0
-208.7 0
-208.5 0
-208.3 1
-208.1 0
-207.9 0
-207.7 1
-207.5 0
-207.3 1
-207.1 4
-206.9 0
-206.7 0
-206.5 0
-206.3 0
-206.1 0
-205.9 0
-205.7 0
-205.5 0
-205.3 0
-205.1 1
-204.9 0
-204.7 0
-204.5 0
-204.3 0
-204.1 0
-203.9 1
-203.7 0
-203.5 0
-203.3 0
-203.1 0
-202.9 0
-202.7 1
-202.5 1
-202.3 1
-202.1 0
-201.9 0
-201.7 1
-201.5 0
-201.3 1
-201.1 0
-200.9 0
-200.7 0
-200.5 0
-200.3 1
-200.1 2
-199.9 0
-199.7 0
-199.5 0
-199.3 0
-199.1 0
-198.9 0
-198.7 0
-198.5 6
-198.3 1
-198.1 4
-197.9 10
-197.7 20
-197.5 27
-197.3 36
-197.1 49
-196.9 67
-196.7 114
-196.5 149
-196.3 185
-196.1 278
-195.9 330
-195.7 459
-195.5 622
-195.3 744
-195.1 960
-194.9 1122
-194.7 1334
-194.5 1515
-194.3 1549
-194.1 1827
-193.9 1900
-193.7 2113
-193.5 2151
-193.3 2205
-193.1 2187
-192.9 2266
-192.7 2277
-192.5 2373
-192.3 2324
-192.1 2263
-191.9 2284
-191.7 2270
-191.5 2214
-191.3 2183
-191.1 2113
-190.9 2069
-190.7 2126
-190.5 2052
-190.3 2018
-190.1 1977
-189.9 2076
-189.7 1880
-189.5 1988
-189.3 1900
-189.1 1934
-188.9 1872
-188.7 1851
-188.5 1879
-188.3 1870
-188.1 1866
-187.9 1885
-187.7 1849
-187.5 1810
-187.3 1796
-187.1 1831
-186.9 1759
-186.7 1764
-186.5 1786
-186.3 1774
-186.1 1817
-185.9 1675
-185.7 1747
-185.5 1685
-185.3 1640
-185.1 1694
-184.9 1692
-184.7 1731
-184.5 1623
-184.3 1659
-184.1 1708
-183.9 1708
-183.7 1596
-183.5 1674
-183.3 1614
-183.1 1640
-182.9 1570
-182.7 1612
-182.5 1589
-182.3 1579
-182.1 1581
-181.9 1558
-181.7 1502
-181.5 1501
-181.3 1582
-181.1 1443
-180.9 1511
-180.7 1443
-180.5 1463
-180.3 1483
-180.1 1474
-179.9 1427
-179.7 1430
-179.5 1344
-179.3 1363
-179.1 1331
-178.9 1333
-178.7 1390
-178.5 1253
-178.3 1376
-178.1 1232
-177.9 1279
-177.7 1210
-177.5 1276
-177.3 1274
-177.1 1227
-176.9 1243
-176.7 1193
-176.5 1241
-176.3 1108
-176.1 1168
-175.9 1204
-175.7 1110
-175.5 1102
-175.3 1117
-175.1 1107
-174.9 1102
-174.7 1137
-174.5 1049
-174.3 1088
-174.1 996
-173.9 1002
-173.7 1005
-173.5 1093
-173.3 1048
-173.1 1047
-172.9 1126
-172.7 1077
-172.5 1010
-172.3 1005
-172.1 1005
-171.9 1003
-171.7 1047
-171.5 1020
-171.3 1055
-171.1 987
-170.9 951
-170.7 976
-170.5 968
-170.3 1008
-170.1 961
-169.9 982
-169.7 930
-169.5 1007
-169.3 955
-169.1 927
-168.9 960
-168.7 973
-168.5 915
-168.3 938
-168.1 917
-167.9 913
-167.7 934
-167.5 930
-167.3 952
-167.1 947
-166.9 977
-166.7 939
-166.5 888
-166.3 958
-166.1 957
-165.9 975
-165.7 958
-165.5 923
-165.3 918
-165.1 954
-164.9 959
-164.7 931
-164.5 895
-164.3 947
-164.1 957
-163.9 952
-163.7 913
-163.5 921
-163.3 935
-163.1 881
-162.9 898
-162.7 920
-162.5 890
-162.3 897
-162.1 950
-161.9 901
-161.7 888
-161.5 890
-161.3 909
-161.1 925
-160.9 891
-160.7 893
-160.5 965
-160.3 940
-160.1 921
-159.9 945
-159.7 864
-159.5 893
-159.3 947
-159.1 894
-158.9 859
-158.7 956
-158.5 917
-158.3 910
-158.1 922
-157.9 879
-157.7 891
-157.5 941
-157.3 875
-157.1 887
-156.9 895
-156.7 908
-156.5 857
-156.3 893
-156.1 847
-155.9 846
-155.7 895
-155.5 860
-155.3 857
-155.1 866
-154.9 875
-154.7 875
-154.5 901
-154.3 854
-154.1 898
-153.9 809
-153.7 829
-153.5 839
-153.3 808
-153.1 835
-152.9 817
-152.7 825
-152.5 852
-152.3 858
-152.1 873
-151.9 839
-151.7 818
-151.5 828
-151.3 770
-151.1 797
-150.9 834
-150.7 806
-150.5 865
-150.3 811
-150.1 804
-149.9 800
-149.7 833
-149.5 808
-149.3 822
-149.1 808
-148.9 805
-148.7 794
-148.5 818
-148.3 771
-148.1 837
-147.9 798
-147.7 828
-147.5 794
-147.3 834
-147.1 860
-146.9 815
-146.7 855
-146.5 841
-146.3 802
-146.1 830
-145.9 838
-145.7 851
-145.5 817
-145.3 797
-145.1 829
-144.9 881
-144.7 864
-144.5 861
-144.3 874
-144.1 845
-143.9 815
-143.7 853
-143.5 833
-143.3 881
-143.1 854
-142.9 873
-142.7 869
-142.5 837
-142.3 825
-142.1 872
-141.9 915
-141.7 821
-141.5 896
-141.3 873
-141.1 886
-140.9 847
-140.7 848
-140.5 891
-140.3 849
-140.1 906
-139.9 898
-139.7 924
-139.5 876
-139.3 915
-139.1 901
-138.9 907
-138.7 946
-138.5 875
-138.3 925
-138.1 899
-137.9 906
-137.7 916
-137.5 964
-137.3 902
-137.1 915
-136.9 881
-136.7 907
-136.5 998
-136.3 939
-136.1 875
-135.9 913
-135.7 935
-135.5 917
-135.3 908
-135.1 880
-134.9 889
-134.7 885
-134.5 925
-134.3 887
-134.1 812
-133.9 922
-133.7 951
-133.5 848
-133.3 906
-133.1 952
-132.9 936
-132.7 900
-132.5 1000
-132.3 966
-132.1 886
-131.9 954
-131.7 935
-131.5 913
-131.3 966
-131.1 960
-130.9 892
-130.7 894
-130.5 914
-130.3 894
-130.1 970
-129.9 937
-129.7 929
-129.5 962
-129.3 915
-129.1 956
-128.9 965
-128.7 933
-128.5 938
-128.3 918
-128.1 901
-127.9 933
-127.7 884
-127.5 934
-127.3 907
-127.1 928
-126.9 855
-126.7 916
-126.5 832
-126.3 923
-126.1 900
-125.9 921
-125.7 888
-125.5 935
-125.3 891
-125.1 855
-124.9 934
-124.7 883
-124.5 926
-124.3 891
-124.1 922
-123.9 829
-123.7 869
-123.5 920
-123.3 894
-123.1 856
-122.9 946
-122.7 981
-122.5 905
-122.3 860
-122.1 892
-121.9 897
-121.7 861
-121.5 876
-121.3 868
-121.1 856
-120.9 948
-120.7 868
-120.5 897
-120.3 889
-120.1 881
-119.9 892
-119.7 896
-119.5 930
-119.3 908
-119.1 862
-118.9 867
-118.7 898
-118.5 846
-118.3 927
-118.1 875
-117.9 829
-117.7 884
-117.5 905
-117.3 854
-117.1 925
-116.9 837
-116.7 901
-116.5 897
-116.3 868
-116.1 926
-115.9 890
-115.7 911
-115.5 884
-115.3 880
-115.1 846
-114.9 910
-114.7 842
-114.5 815
-114.3 903
-114.1 855
-113.9 831
-113.7 893
-113.5 856
-113.3 879
-113.1 885
-112.9 924
-112.7 895
-112.5 896
-112.3 847
-112.1 835
-111.9 884
-111.7 854
-111.5 882
-111.3 811
-111.1 865
-110.9 859
-110.7 913
-110.5 890
-110.3 889
-110.1 854
-109.9 875
-109.7 855
-109.5 851
-109.3 841
-109.1 879
-108.9 855
-108.7 866
-108.5 881
-108.3 895
-108.1 828
-107.9 848
-107.7 889
-107.5 859
-107.3 844
-107.1 879
-106.9 884
-106.7 869
-106.5 805
-106.3 897
-106.1 860
-105.9 869
-105.7 825
-105.5 861
-105.3 888
-105.1 848
-104.9 860
-104.7 871
-104.5 829
-104.3 861
-104.1 825
-103.9 829
-103.7 858
-103.5 847
-103.3 901
-103.1 829
-102.9 852
-102.7 905
-102.5 847
-102.3 873
-102.1 855
-101.9 879
-101.7 858
-101.5 849
-101.3 893
-101.1 836
-100.9 882
-100.7 845
-100.5 892
-100.3 840
-100.1 869
-99.9 876
-99.7 846
-99.5 795
-99.3 834
-99.1 858
-98.9 821
-98.7 822
-98.5 850
-98.3 823
-98.1 892
-97.9 874
-97.7 827
-97.5 809
-97.3 850
-97.1 840
-96.9 799
-96.7 861
-96.5 914
-96.3 866
-96.1 838
-95.9 884
-95.7 843
-95.5 857
-95.3 865
-95.1 882
-94.9 844
-94.7 871
-94.5 871
-94.3 788
-94.1 874
-93.9 782
-93.7 834
-93.5 815
-93.3 841
-93.1 852
-92.9 856
-92.7 803
-92.5 847
-92.3 834
-92.1 831
-91.9 844
-91.7 779
-91.5 807
-91.3 825
-91.1 841
-90.9 858
-90.7 840
-90.5 829
-90.3 868
-90.1 835
-89.9 824
-89.7 878
-89.5 850
-89.3 813
-89.1 881
-88.9 831
-88.7 852
-88.5 818
-88.3 817
-88.1 882
-87.9 834
-87.7 855
-87.5 863
-87.3 821
-87.1 868
-86.9 877
-86.7 793
-86.5 834
-86.3 811
-86.1 824
-85.9 838
-85.7 849
-85.5 845
-85.3 799
-85.1 841
-84.9 830
-84.7 865
-84.5 886
-84.3 827
-84.1 840
-83.9 831
-83.7 847
-83.5 832
-83.3 848
-83.1 861
-82.9 829
-82.7 832
-82.5 772
-82.3 871
-82.1 833
-81.9 834
-81.7 820
-81.5 841
-81.3 854
-81.1 873
-80.9 851
-80.7 862
-80.5 811
-80.3 857
-80.1 857
-79.9 870
-79.7 879
-79.5 852
-79.3 851
-79.1 858
-78.9 830
-78.7 807
-78.5 877
-78.3 837
-78.1 884
-77.9 848
-77.7 879
-77.5 827
-77.3 903
-77.1 851
-76.9 856
-76.7 920
-76.5 886
-76.3 834
-76.1 807
-75.9 856
-75.7 902
-75.5 832
-75.3 821
-75.1 871
-74.9 901
-74.7 823
-74.5 895
-74.3 818
-74.1 807
-73.9 879
-73.7 871
-73.5 878
-73.3 821
-73.1 858
-72.9 844
-72.7 889
-72.5 773
-72.3 846
-72.1 881
-71.9 828
-71.7 859
-71.5 859
-71.3 827
-71.1 878
-70.9 822
-70.7 899
-70.5 844
-70.3 851
-70.1 825
-69.9 909
-69.7 825
-69.5 804
-69.3 905
-69.1 858
-68.9 889
-68.7 828
-68.5 896
-68.3 885
-68.1 834
-67.9 837
-67.7 867
-67.5 860
-67.3 900
-67.1 880
-66.9 799
-66.7 875
-66.5 818
-66.3 828
-66.1 850
-65.9 849
-65.7 883
-65.5 861
-65.3 876
-65.1 864
-64.9 883
-64.7 867
-64.5 854
-64.3 882
-64.1 878
-63.9 910
-63.7 821
-63.5 885
-63.3 871
-63.1 859
-62.9 883
-62.7 904
-62.5 810
-62.3 820
-62.1 804
-61.9 847
-61.7 831
-61.5 872
-61.3 861
-61.1 834
-60.9 831
-60.7 860
-60.5 773
-60.3 886
-60.1 876
-59.9 854
-59.7 873
-59.5 840
-59.3 846
-59.1 891
-58.9 900
-58.7 887
-58.5 832
-58.3 868
-58.1 846
-57.9 874
-57.7 833
-57.5 838
-57.3 837
-57.1 806
-56.9 872
-56.7 884
-56.5 888
-56.3 862
-56.1 918
-55.9 871
-55.7 920
-55.5 862
-55.3 843
-55.1 872
-54.9 830
-54.7 848
-54.5 863
-54.3 875
-54.1 842
-53.9 865
-53.7 852
-53.5 889
-53.3 851
-53.1 853
-52.9 767
-52.7 867
-52.5 889
-52.3 861
-52.1 846
-51.9 816
-51.7 888
-51.5 868
-51.3 897
-51.1 850
-50.9 878
-50.7 866
-50.5 839
-50.3 875
-50.1 827
-49.9 920
-49.7 852
-49.5 880
-49.3 869
-49.1 826
-48.9 842
-48.7 881
-48.5 905
-48.3 875
-48.1 858
-47.9 887
-47.7 870
-47.5 815
-47.3 873
-47.1 840
-46.9 926
-46.7 775
-46.5 876
-46.3 851
-46.1 834
-45.9 883
-45.7 892
-45.5 845
-45.3 858
-45.1 881
-44.9 864
-44.7 840
-44.5 845
-44.3 854
-44.1 888
-43.9 818
-43.7 845
-43.5 840
-43.3 791
-43.1 880
-42.9 811
-42.7 831
-42.5 869
-42.3 876
-42.1 896
-41.9 883
-41.7 807
-41.5 831
-41.3 826
-41.1 814
-40.9 854
-40.7 860
-40.5 868
-40.3 896
-40.1 834
-39.9 860
-39.7 835
-39.5 861
-39.3 863
-39.1 858
-38.9 901
-38.7 867
-38.5 833
-38.3 913
-38.1 775
-37.9 823
-37.7 850
-37.5 876
-37.3 890
-37.1 845
-36.9 848
-36.7 844
-36.5 907
-36.3 879
-36.1 807
-35.9 853
-35.7 815
-35.5 879
-35.3 853
-35.1 781
-34.9 836
-34.7 843
-34.5 839
-34.3 843
-34.1 813
-33.9 808
-33.7 849
-33.5 867
-33.3 802
-33.1 836
-32.9 846
-32.7 868
-32.5 870
-32.3 853
-32.1 862
-31.9 856
-31.7 859
-31.5 887
-31.3 817
-31.1 844
-30.9 896
-30.7 841
-30.5 858
-30.3 899
-30.1 870
-29.9 878
-29.7 797
-29.5 854
-29.3 821
-29.1 817
-28.9 856
-28.7 867
-28.5 860
-28.3 839
-28.1 825
-27.9 838
-27.7 826
-27.5 815
-27.3 895
-27.1 894
-26.9 843
-26.7 879
-26.5 808
-26.3 831
-26.1 857
-25.9 787
-25.7 841
-25.5 779
-25.3 835
-25.1 863
-24.9 819
-24.7 787
-24.5 837
-24.3 888
-24.1 874
-23.9 844
-23.7 783
-23.5 856
-23.3 889
-23.1 839
-22.9 840
-22.7 791
-22.5 886
-22.3 859
-22.1 833
-21.9 837
-21.7 866
-21.5 842
-21.3 814
-21.1 871
-20.9 868
-20.7 855
-20.5 816
-20.3 811
-20.1 799
-19.9 864
-19.7 852
-19.5 833
-19.3 848
-19.1 816
-18.9 815
-18.7 822
-18.5 856
-18.3 828
-18.1 908
-17.9 859
-17.7 846
-17.5 872
-17.3 848
-17.1 827
-16.9 915
-16.7 851
-16.5 811
-16.3 866
-16.1 838
-15.9 869
-15.7 835
-15.5 810
-15.3 852
-15.1 818
-14.9 825
-14.7 820
-14.5 867
-14.3 844
-14.1 846
-13.9 797
-13.7 850
-13.5 845
-13.3 810
-13.1 830
-12.9 825
-12.7 885
-12.5 820
-12.3 865
-12.1 857
-11.9 827
-11.7 807
-11.5 853
-11.3 839
-11.1 847
-10.9 855
-10.7 843
-10.5 821
-10.3 879
-10.1 835
-9.9 812
-9.7 834
-9.5 871
-9.3 831
-9.1 793
-8.9 838
-8.7 883
-8.5 835
-8.3 850
-8.1 869
-7.9 844
-7.7 829
-7.5 849
-7.3 814
-7.1 854
-6.9 866
-6.7 841
-6.5 871
-6.3 805
-6.1 845
-5.9 819
-5.7 813
-5.5 839
-5.3 814
-5.1 848
-4.9 865
-4.7 883
-4.5 828
-4.3 841
-4.1 833
-3.9 833
-3.7 770
-3.5 839
-3.3 817
-3.1 880
-2.9 853
-2.7 865
-2.5 807
-2.3 867
-2.1 808
-1.9 833
-1.7 837
-1.5 811
-1.3 791
-1.1 848
-0.9 810
-0.7 886
-0.5 826
-0.3 866
-0.1 825
0.1 805
0.3 836
0.5 872
0.7 842
0.9 859
1.1 778
1.3 824
1.5 825
1.7 835
1.9 867
2.1 860
2.3 837
2.5 818
2.7 882
2.9 897
3.1 803
3.3 822
3.5 876
3.7 851
3.9 901
4.1 882
4.3 847
4.5 859
4.7 846
4.9 861
5.1 815
5.3 840
5.5 879
5.7 778
5.9 862
6.1 825
6.3 823
6.5 804
6.7 769
6.9 810
7.1 853
7.3 845
7.5 873
7.7 820
7.9 830
8.1 854
8.3 796
8.5 819
8.7 783
8.9 762
9.1 851
9.3 840
9.5 836
9.7 813
9.9 844
10.1 819
10.3 774
10.5 792
10.7 792
10.9 764
11.1 793
11.3 769
11.5 809
11.7 722
11.9 728
12.1 768
12.3 735
12.5 801
12.7 775
12.9 779
13.1 734
13.3 766
13.5 721
13.7 754
13.9 783
14.1 751
14.3 733
14.5 716
14.7 691
14.9 693
15.1 708
15.3 700
15.5 666
15.7 674
15.9 674
16.1 697
16.3 662
16.5 640
16.7 614
16.9 585
17.1 647
17.3 627
17.5 576
17.7 585
17.9 527
18.1 602
18.3 529
18.5 564
18.7 540
18.9 553
19.1 528
19.3 531
19.5 512
19.7 518
19.9 473
20.1 516
20.3 490
20.5 496
20.7 493
20.9 432
21.1 421
21.3 422
21.5 440
21.7 425
21.9 404
22.1 415
22.3 382
22.5 403
22.7 365
22.9 341
23.1 339
23.3 323
23.5 317
23.7 286
23.9 281
24.1 323
24.3 286
24.5 262
24.7 308
24.9 283
25.1 262
25.3 261
25.5 225
25.7 223
25.9 236
26.1 226
26.3 207
26.5 228
26.7 211
26.9 197
27.1 168
27.3 166
27.5 184
27.7 164
27.9 140
28.1 148
28.3 155
28.5 125
28.7 135
28.9 108
29.1 125
29.3 113
29.5 117
29.7 117
29.9 102
30.1 103
30.3 89
30.5 94
30.7 103
30.9 89
31.1 101
31.3 75
31.5 70
31.7 62
31.9 59
32.1 58
32.3 49
32.5 54
32.7 44
32.9 39
33.1 45
33.3 57
33.5 48
33.7 33
33.9 31
34.1 36
34.3 30
34.5 35
34.7 20
34.9 23
35.1 20
35.3 19
35.5 23
35.7 20
35.9 19
36.1 28
36.3 14
36.5 16
36.7 13
36.9 18
37.1 17
37.3 13
37.5 7
37.7 14
37.9 9
38.1 15
38.3 9
38.5 8
38.7 6
38.9 8
39.1 8
39.3 6
39.5 10
39.7 2
39.9 3
40.1 6
40.3 6
40.5 6
40.7 4
40.9 3
41.1 2
41.3 2
41.5 3
41.7 0
41.9 2
42.1 3
42.3 0
42.5 3
42.7 1
42.9 2
43.1 0
43.3 1
43.5 2
43.7 3
43.9 1
44.1 1
44.3 2
44.5 1
44.7 0
44.9 0
45.1 0
45.3 3
45.5 0
45.7 1
45.9 0
46.1 1
46.3 2
46.5 0
46.7 1
46.9 0
47.1 2
47.3 0
47.5 0
47.7 1
47.9 0
48.1 1
48.3 1
48.5 1
48.7 0
48.9 1
49.1 0
49.3 0
49.5 0
49.7 0
49.9 1
