1225
-209.7 1.20757e-06
-209.5 1.20757e-06
-209.3 2.41515e-06
-209.1 2.41515e-06
-208.9 2.41515e-06
-208.7 3.62272e-06
-208.5 4.8303e-06
-208.3 4.8303e-06
-208.1 4.8303e-06
-207.9 4.8303e-06
-207.7 4.8303e-06
-207.5 4.8303e-06
-207.3 4.8303e-06
-207.1 4.8303e-06
-206.9 4.8303e-06
-206.7 6.03787e-06
-206.5 6.03787e-06
-206.3 7.24545e-06
-206.1 7.24545e-06
-205.9 7.24545e-06
-205.7 7.24545e-06
-205.5 7.24545e-06
-205.3 8.45302e-06
-205.1 9.6606e-06
-204.9 9.6606e-06
-204.7 1.08682e-05
-204.5 1.08682e-05
-204.3 1.08682e-05
-204.1 1.08682e-05
-203.9 1.08682e-05
-203.7 1.08682e-05
-203.5 1.08682e-05
-203.3 1.20757e-05
-203.1 1.20757e-05
-202.9 1.20757e-05
-202.7 1.32833e-05
-202.5 1.32833e-05
-202.3 1.32833e-05
-202.1 1.44909e-05
-201.9 1.56985e-05
-201.7 1.56985e-05
-201.5 1.93212e-05
-201.3 1.93212e-05
-201.1 2.17363e-05
-200.9 2.77742e-05
-200.7 3.38121e-05
-200.5 4.34727e-05
-200.3 4.95106e-05
-200.1 5.91712e-05
-199.9 7.48696e-05
-199.7 9.17757e-05
-199.5 0.000136456
-199.3 0.000167853
-199.1 0.000211326
-198.9 0.000284988
-198.7 0.000371933
-198.5 0.000503559
-198.3 0.000638807
-198.1 0.000816321
-197.9 0.00101316
-197.7 0.00128727
-197.5 0.00158313
-197.3 0.0020094
-197.1 0.00250089
-196.9 0.00309139
-196.7 0.00381111
-196.5 0.00469988
-196.3 0.00571545
-196.1 0.00686506
-195.9 0.00822479
-195.7 0.00965335
-195.5 0.0112486
-195.3 0.0128872
-195.1 0.014666
-194.9 0.0165148
-194.7 0.0185145
-194.5 0.0205541
-194.3 0.0226891
-194.1 0.0249243
-193.9 0.0271306
-193.7 0.0293441
-193.5 0.0314296
-193.3 0.0336273
-193.1 0.0358239
-192.9 0.0379335
-192.7 0.0399828
-192.5 0.0420804
-192.3 0.044155
-192.1 0.0462079
-191.9 0.0482052
-191.7 0.0501131
-191.5 0.0520259
-191.3 0.0539665
-191.1 0.0558201
-190.9 0.0576448
-190.7 0.0594767
-190.5 0.061247
-190.3 0.0630596
-190.1 0.0649615
-189.9 0.0667173
-189.7 0.0685263
-189.5 0.0703569
-189.3 0.0720439
-189.1 0.0738529
-188.9 0.0756534
-188.7 0.0774454
-188.5 0.0791432
-188.3 0.0808411
-188.1 0.0825583
-187.9 0.0842984
-187.7 0.0860023
-187.5 0.0876953
-187.3 0.0894547
-187.1 0.0911719
-186.9 0.0928782
-186.7 0.09457
-186.5 0.0963005
-186.3 0.0980068
-186.1 0.0996177
-185.9 0.101295
-185.7 0.102937
-185.5 0.104603
-185.3 0.106216
-185.1 0.107844
-184.9 0.109452
-184.7 0.111061
-184.5 0.112695
-184.3 0.114286
-184.1 0.115864
-183.9 0.117497
-183.7 0.119005
-183.5 0.120512
-183.3 0.122091
-183.1 0.123577
-182.9 0.125104
-182.7 0.126525
-182.5 0.127997
-182.3 0.12947
-182.1 0.130916
-181.9 0.132306
-181.7 0.133698
-181.5 0.135043
-181.3 0.13637
-181.1 0.137736
-180.9 0.139069
-180.7 0.140348
-180.5 0.141668
-180.3 0.142935
-180.1 0.144169
-179.9 0.145444
-179.7 0.146724
-179.5 0.147961
-179.3 0.149208
-179.1 0.150448
-178.9 0.151636
-178.7 0.152776
-178.5 0.153916
-178.3 0.155114
-178.1 0.156257
-177.9 0.157459
-177.7 0.158611
-177.5 0.159682
-177.3 0.160798
-177.1 0.161953
-176.9 0.163058
-176.7 0.164171
-176.5 0.1652
-176.3 0.166281
-176.1 0.167317
-175.9 0.168449
-175.7 0.169434
-175.5 0.170471
-175.3 0.171507
-175.1 0.172617
-174.9 0.173671
-174.7 0.174724
-174.5 0.17577
-174.3 0.176743
-174.1 0.17775
-173.9 0.178756
-173.7 0.179763
-173.5 0.180773
-173.3 0.181765
-173.1 0.182729
-172.9 0.183669
-172.7 0.184662
-172.5 0.18564
-172.3 0.186656
-172.1 0.187608
-171.9 0.188563
-171.7 0.189484
-171.5 0.190435
-171.3 0.191335
-171.1 0.19234
-170.9 0.193268
-170.7 0.194191
-170.5 0.195155
-170.3 0.196085
-170.1 0.197005
-169.9 0.197955
-169.7 0.198871
-169.5 0.199815
-169.3 0.200757
-169.1 0.2017
-168.9 0.202595
-168.7 0.203571
-168.5 0.204404
-168.3 0.205266
-168.1 0.206148
-167.9 0.207025
-167.7 0.207877
-167.5 0.208855
-167.3 0.209756
-167.1 0.21061
-166.9 0.211585
-166.7 0.212485
-166.5 0.213371
-166.3 0.21426
-166.1 0.215162
-165.9 0.216042
-165.7 0.216943
-165.5 0.217908
-165.3 0.218803
-165.1 0.219709
-164.9 0.220567
-164.7 0.221458
-164.5 0.222301
-164.3 0.223176
-164.1 0.224049
-163.9 0.224984
-163.7 0.225877
-163.5 0.226772
-163.3 0.22766
-163.1 0.228546
-162.9 0.229486
-162.7 0.230362
-162.5 0.231225
-162.3 0.232069
-162.1 0.232897
-161.9 0.233796
-161.7 0.23469
-161.5 0.235587
-161.3 0.236473
-161.1 0.237299
-160.9 0.238149
-160.7 0.238997
-160.5 0.239894
-160.3 0.24081
-160.1 0.241696
-159.9 0.242578
-159.7 0.24346
-159.5 0.244301
-159.3 0.245176
-159.1 0.246028
-158.9 0.246863
-158.7 0.247703
-158.5 0.248567
-158.3 0.249463
-158.1 0.250315
-157.9 0.251141
-157.7 0.252037
-157.5 0.25291
-157.3 0.253755
-157.1 0.25461
-156.9 0.255513
-156.7 0.256374
-156.5 0.257226
-156.3 0.258099
-156.1 0.258888
-155.9 0.25974
-155.7 0.260589
-155.5 0.261394
-155.3 0.262273
-155.1 0.263091
-154.9 0.263932
-154.7 0.264721
-154.5 0.265606
-154.3 0.266438
-154.1 0.26723
-153.9 0.26805
-153.7 0.268868
-153.5 0.269668
-153.3 0.27047
-153.1 0.271242
-152.9 0.272061
-152.7 0.272865
-152.5 0.273673
-152.3 0.274485
-152.1 0.275333
-151.9 0.276111
-151.7 0.276914
-151.5 0.277666
-151.3 0.278473
-151.1 0.279264
-150.9 0.280019
-150.7 0.280802
-150.5 0.281586
-150.3 0.282352
-150.1 0.283173
-149.9 0.283917
-149.7 0.284736
-149.5 0.285518
-149.3 0.286291
-149.1 0.287043
-148.9 0.287842
-148.7 0.28859
-148.5 0.28932
-148.3 0.290132
-148.1 0.290889
-147.9 0.291701
-147.7 0.292479
-147.5 0.293295
-147.3 0.294104
-147.1 0.294909
-146.9 0.295695
-146.7 0.296471
-146.5 0.297259
-146.3 0.298147
-146.1 0.298974
-145.9 0.299748
-145.7 0.300585
-145.5 0.301364
-145.3 0.30219
-145.1 0.303051
-144.9 0.303881
-144.7 0.304674
-144.5 0.305568
-144.3 0.306439
-144.1 0.307325
-143.9 0.308236
-143.7 0.309046
-143.5 0.309911
-143.3 0.310762
-143.1 0.311623
-142.9 0.31249
-142.7 0.313303
-142.5 0.31417
-142.3 0.315002
-142.1 0.315893
-141.9 0.316788
-141.7 0.317644
-141.5 0.318523
-141.3 0.319387
-141.1 0.320227
-140.9 0.321111
-140.7 0.321944
-140.5 0.32282
-140.3 0.323746
-140.1 0.32464
-139.9 0.325531
-139.7 0.326434
-139.5 0.327354
-139.3 0.328293
-139.1 0.329233
-138.9 0.330099
-138.7 0.331055
-138.5 0.331912
-138.3 0.332747
-138.1 0.333607
-137.9 0.334516
-137.7 0.335411
-137.5 0.336273
-137.3 0.337229
-137.1 0.338104
-136.9 0.339025
-136.7 0.339956
-136.5 0.340866
-136.3 0.341817
-136.1 0.342717
-135.9 0.343614
-135.7 0.344443
-135.5 0.345353
-135.3 0.346281
-135.1 0.347149
-134.9 0.348029
-134.7 0.348958
-134.5 0.349932
-134.3 0.350826
-134.1 0.351723
-133.9 0.352617
-133.7 0.353501
-133.5 0.354351
-133.3 0.355253
-133.1 0.356166
-132.9 0.357097
-132.7 0.35796
-132.5 0.358844
-132.3 0.359749
-132.1 0.360601
-131.9 0.361521
-131.7 0.362326
-131.5 0.36321
-131.3 0.364091
-131.1 0.364969
-130.9 0.365867
-130.7 0.366762
-130.5 0.367649
-130.3 0.368552
-130.1 0.369387
-129.9 0.370222
-129.7 0.371129
-129.5 0.372019
-129.3 0.372904
-129.1 0.373802
-128.9 0.3747
-128.7 0.375597
-128.5 0.376428
-128.3 0.37733
-128.1 0.378204
-127.9 0.379051
-127.7 0.379937
-127.5 0.38085
-127.3 0.38172
-127.1 0.382624
-126.9 0.383492
-126.7 0.384348
-126.5 0.385174
-126.3 0.386027
-126.1 0.386841
-125.9 0.387796
-125.7 0.388683
-125.5 0.389496
-125.3 0.390355
-125.1 0.391224
-124.9 0.392113
-124.7 0.393017
-124.5 0.393886
-124.3 0.394765
-124.1 0.395623
-123.9 0.396464
-123.7 0.397301
-123.5 0.39813
-123.3 0.398949
-123.1 0.399826
-122.9 0.400708
-122.7 0.40158
-122.5 0.402376
-122.3 0.403201
-122.1 0.404063
-121.9 0.404889
-121.7 0.405726
-121.5 0.406616
-121.3 0.407499
-121.1 0.408332
-120.9 0.409122
-120.7 0.409979
-120.5 0.410839
-120.3 0.411668
-120.1 0.412522
-119.9 0.413418
-119.7 0.414249
-119.5 0.415076
-119.3 0.415925
-119.1 0.416747
-118.9 0.417598
-118.7 0.418414
-118.5 0.419287
-118.3 0.420183
-118.1 0.421063
-117.9 0.421907
-117.7 0.422788
-117.5 0.423687
-117.3 0.424527
-117.1 0.425397
-116.9 0.426212
-116.7 0.427078
-116.5 0.427913
-116.3 0.428787
-116.1 0.429667
-115.9 0.430517
-115.7 0.431398
-115.5 0.432244
-115.3 0.433117
-115.1 0.433996
-114.9 0.434851
-114.7 0.435694
-114.5 0.436593
-114.3 0.43746
-114.1 0.438338
-113.9 0.439199
-113.7 0.440039
-113.5 0.440875
-113.3 0.441692
-113.1 0.442536
-112.9 0.443396
-112.7 0.444212
-112.5 0.445031
-112.3 0.445915
-112.1 0.446752
-111.9 0.447578
-111.7 0.448388
-111.5 0.449223
-111.3 0.450089
-111.1 0.450948
-110.9 0.451813
-110.7 0.452599
-110.5 0.453418
-110.3 0.454296
-110.1 0.45517
-109.9 0.455991
-109.7 0.456838
-109.5 0.457646
-109.3 0.458422
-109.1 0.459268
-108.9 0.460046
-108.7 0.460952
-108.5 0.461801
-108.3 0.462667
-108.1 0.463522
-107.9 0.46431
-107.7 0.465044
-107.5 0.465855
-107.3 0.466659
-107.1 0.467456
-106.9 0.468277
-106.7 0.469107
-106.5 0.469913
-106.3 0.470753
-106.1 0.471574
-105.9 0.472461
-105.7 0.473269
-105.5 0.474088
-105.3 0.474926
-105.1 0.475813
-104.9 0.476672
-104.7 0.477497
-104.5 0.478284
-104.3 0.479103
-104.1 0.479917
-103.9 0.480774
-103.7 0.4816
-103.5 0.482448
-103.3 0.483264
-103.1 0.484108
-102.9 0.484974
-102.7 0.485818
-102.5 0.486594
-102.3 0.487395
-102.1 0.488155
-101.9 0.488976
-101.7 0.4898
-101.5 0.490594
-101.3 0.491409
-101.1 0.492218
-100.9 0.493017
-100.7 0.49387
-100.5 0.494664
-100.3 0.495517
-100.1 0.496281
-99.9 0.497119
-99.7 0.497958
-99.5 0.498797
-99.3 0.499614
-99.1 0.50043
-98.9 0.501249
-98.7 0.502089
-98.5 0.502869
-98.3 0.503695
-98.1 0.504499
-97.9 0.505298
-97.7 0.506084
-97.5 0.506925
-97.3 0.50775
-97.1 0.508591
-96.9 0.509447
-96.7 0.510233
-96.5 0.511076
-96.3 0.511885
-96.1 0.51271
-95.9 0.51348
-95.7 0.514317
-95.5 0.515195
-95.3 0.515985
-95.1 0.516838
-94.9 0.517663
-94.7 0.518506
-94.5 0.519303
-94.3 0.520148
-94.1 0.520968
-93.9 0.521763
-93.7 0.522579
-93.5 0.523466
-93.3 0.524288
-93.1 0.525073
-92.9 0.525902
-92.7 0.52671
-92.5 0.527551
-92.3 0.528376
-92.1 0.529168
-91.9 0.529972
-91.7 0.530799
-91.5 0.531611
-91.3 0.532473
-91.1 0.533271
-90.9 0.534079
-90.7 0.534898
-90.5 0.535656
-90.3 0.536452
-90.1 0.537257
-89.9 0.538072
-89.7 0.538885
-89.5 0.539703
-89.3 0.54049
-89.1 0.54128
-88.9 0.542107
-88.7 0.542894
-88.5 0.543715
-88.3 0.544522
-88.1 0.545348
-87.9 0.546114
-87.7 0.546975
-87.5 0.547832
-87.3 0.548586
-87.1 0.549372
-86.9 0.55018
-86.7 0.550978
-86.5 0.551775
-86.3 0.552673
-86.1 0.55349
-85.9 0.554276
-85.7 0.555087
-85.5 0.555934
-85.3 0.556721
-85.1 0.557576
-84.9 0.558371
-84.7 0.559253
-84.5 0.560067
-84.3 0.560933
-84.1 0.561783
-83.9 0.562608
-83.7 0.563483
-83.5 0.564341
-83.3 0.565156
-83.1 0.565961
-82.9 0.566774
-82.7 0.567613
-82.5 0.568448
-82.3 0.569314
-82.1 0.570152
-81.9 0.570988
-81.7 0.571885
-81.5 0.572674
-81.3 0.573485
-81.1 0.574353
-80.9 0.575261
-80.7 0.576087
-80.5 0.576985
-80.3 0.577819
-80.1 0.578611
-79.9 0.579457
-79.7 0.580286
-79.5 0.581106
-79.3 0.581848
-79.1 0.582628
-78.9 0.583408
-78.7 0.58428
-78.5 0.585165
-78.3 0.586023
-78.1 0.586826
-77.9 0.58764
-77.7 0.588439
-77.5 0.589254
-77.3 0.590091
-77.1 0.590893
-76.9 0.591759
-76.7 0.592616
-76.5 0.593489
-76.3 0.594325
-76.1 0.595164
-75.9 0.596
-75.7 0.596869
-75.5 0.597711
-75.3 0.59857
-75.1 0.59938
-74.9 0.600302
-74.7 0.601087
-74.5 0.601941
-74.3 0.602785
-74.1 0.603598
-73.9 0.604415
-73.7 0.605238
-73.5 0.606021
-73.3 0.606806
-73.1 0.607657
-72.9 0.608505
-72.7 0.609302
-72.5 0.61014
-72.3 0.610964
-72.1 0.611826
-71.9 0.612738
-71.7 0.613589
-71.5 0.61439
-71.3 0.615238
-71.1 0.616071
-70.9 0.616936
-70.7 0.617778
-70.5 0.618639
-70.3 0.619477
-70.1 0.620328
-69.9 0.621231
-69.7 0.622035
-69.5 0.622856
-69.3 0.623727
-69.1 0.624604
-68.9 0.625483
-68.7 0.626271
-68.5 0.627193
-68.3 0.62805
-68.1 0.628857
-67.9 0.629646
-67.7 0.63048
-67.5 0.631326
-67.3 0.632118
-67.1 0.632972
-66.9 0.633833
-66.7 0.634676
-66.5 0.63551
-66.3 0.636321
-66.1 0.637206
-65.9 0.638066
-65.7 0.638938
-65.5 0.639789
-65.3 0.640647
-65.1 0.641443
-64.9 0.642302
-64.7 0.643164
-64.5 0.643989
-64.3 0.644855
-64.1 0.645748
-63.9 0.646638
-63.7 0.6475
-63.5 0.648353
-63.3 0.649154
-63.1 0.649987
-62.9 0.65083
-62.7 0.651676
-62.5 0.652517
-62.3 0.653395
-62.1 0.654163
-61.9 0.654999
-61.7 0.655824
-61.5 0.656596
-61.3 0.657465
-61.1 0.65828
-60.9 0.659102
-60.7 0.659887
-60.5 0.660721
-60.3 0.661601
-60.1 0.662474
-59.9 0.663241
-59.7 0.664118
-59.5 0.664894
-59.3 0.665723
-59.1 0.66658
-58.9 0.667422
-58.7 0.668265
-58.5 0.669044
-58.3 0.669872
-58.1 0.6707
-57.9 0.671517
-57.7 0.672348
-57.5 0.673145
-57.3 0.673934
-57.1 0.674757
-56.9 0.675589
-56.7 0.676457
-56.5 0.677302
-56.3 0.678117
-56.1 0.678894
-55.9 0.679766
-55.7 0.680535
-55.5 0.681355
-55.3 0.682204
-55.1 0.683021
-54.9 0.683939
-54.7 0.684778
-54.5 0.685607
-54.3 0.686404
-54.1 0.687178
-53.9 0.688087
-53.7 0.688895
-53.5 0.6897
-53.3 0.690509
-53.1 0.691302
-52.9 0.692091
-52.7 0.692892
-52.5 0.693682
-52.3 0.694502
-52.1 0.695331
-51.9 0.696198
-51.7 0.696995
-51.5 0.697842
-51.3 0.698669
-51.1 0.699431
-50.9 0.700297
-50.7 0.701079
-50.5 0.701902
-50.3 0.702722
-50.1 0.70359
-49.9 0.704411
-49.7 0.70523
-49.5 0.706028
-49.3 0.706831
-49.1 0.707644
-48.9 0.708541
-48.7 0.709368
-48.5 0.710178
-48.3 0.711024
-48.1 0.711816
-47.9 0.712694
-47.7 0.713539
-47.5 0.714341
-47.3 0.715213
-47.1 0.716085
-46.9 0.716909
-46.7 0.717781
-46.5 0.71858
-46.3 0.719404
-46.1 0.72023
-45.9 0.721085
-45.7 0.721917
-45.5 0.72276
-45.3 0.723558
-45.1 0.72436
-44.9 0.725207
-44.7 0.726017
-44.5 0.726773
-44.3 0.727526
-44.1 0.728379
-43.9 0.729223
-43.7 0.730047
-43.5 0.730898
-43.3 0.731702
-43.1 0.732522
-42.9 0.733297
-42.7 0.734179
-42.5 0.735029
-42.3 0.735894
-42.1 0.736735
-41.9 0.737595
-41.7 0.738427
-41.5 0.739292
-41.3 0.740146
-41.1 0.740939
-40.9 0.741732
-40.7 0.742558
-40.5 0.743331
-40.3 0.744203
-40.1 0.745006
-39.9 0.745819
-39.7 0.746638
-39.5 0.74745
-39.3 0.748321
-39.1 0.749173
-38.9 0.75008
-38.7 0.750892
-38.5 0.751696
-38.3 0.752517
-38.1 0.753356
-37.9 0.754191
-37.7 0.755031
-37.5 0.755885
-37.3 0.756738
-37.1 0.757595
-36.9 0.758436
-36.7 0.759226
-36.5 0.760092
-36.3 0.760904
-36.1 0.761773
-35.9 0.76255
-35.7 0.763302
-35.5 0.764184
-35.3 0.764978
-35.1 0.765757
-34.9 0.766596
-34.7 0.767506
-34.5 0.768386
-34.3 0.769229
-34.1 0.770013
-33.9 0.770865
-33.7 0.771697
-33.5 0.772507
-33.3 0.773309
-33.1 0.774122
-32.9 0.774977
-32.7 0.775716
-32.5 0.776537
-32.3 0.777367
-32.1 0.77823
-31.9 0.779039
-31.7 0.77987
-31.5 0.780736
-31.3 0.781557
-31.1 0.782361
-30.9 0.783196
-30.7 0.784011
-30.5 0.784773
-30.3 0.785596
-30.1 0.786452
-29.9 0.787251
-29.7 0.788044
-29.5 0.788872
-29.3 0.789729
-29.1 0.790555
-28.9 0.791391
-28.7 0.792254
-28.5 0.793087
-28.3 0.793868
-28.1 0.794734
-27.9 0.795526
-27.7 0.796376
-27.5 0.797193
-27.3 0.798067
-27.1 0.798954
-26.9 0.799683
-26.7 0.800483
-26.5 0.801266
-26.3 0.802045
-26.1 0.802896
-25.9 0.803703
-25.7 0.804537
-25.5 0.805359
-25.3 0.806169
-25.1 0.807015
-24.9 0.807839
-24.7 0.808696
-24.5 0.809512
-24.3 0.810343
-24.1 0.811128
-23.9 0.811932
-23.7 0.81275
-23.5 0.813563
-23.3 0.814338
-23.1 0.815206
-22.9 0.816024
-22.7 0.816868
-22.5 0.817698
-22.3 0.818499
-22.1 0.81934
-21.9 0.820128
-21.7 0.820993
-21.5 0.821809
-21.3 0.822611
-21.1 0.823396
-20.9 0.824181
-20.7 0.82498
-20.5 0.825759
-20.3 0.826573
-20.1 0.827393
-19.9 0.828215
-19.7 0.829052
-19.5 0.829873
-19.3 0.830752
-19.1 0.831547
-18.9 0.83234
-18.7 0.833142
-18.5 0.833952
-18.3 0.834851
-18.1 0.835682
-17.9 0.836515
-17.7 0.837314
-17.5 0.838137
-17.3 0.838949
-17.1 0.839796
-16.9 0.840557
-16.7 0.8414
-16.5 0.84218
-16.3 0.843066
-16.1 0.843871
-15.9 0.844711
-15.7 0.84555
-15.5 0.846336
-15.3 0.847148
-15.1 0.848044
-14.9 0.848906
-14.7 0.849752
-14.5 0.850628
-14.3 0.851434
-14.1 0.852218
-13.9 0.853094
-13.7 0.85398
-13.5 0.854843
-13.3 0.855648
-13.1 0.856505
-12.9 0.857261
-12.7 0.858051
-12.5 0.858894
-12.3 0.859738
-12.1 0.860544
-11.9 0.861381
-11.7 0.862188
-11.5 0.86299
-11.3 0.863815
-11.1 0.86463
-10.9 0.865436
-10.7 0.866251
-10.5 0.867041
-10.3 0.867822
-10.1 0.868624
-9.9 0.869418
-9.7 0.870245
-9.5 0.87109
-9.3 0.871905
-9.1 0.872782
-8.9 0.873548
-8.7 0.87438
-8.5 0.875191
-8.3 0.875972
-8.1 0.876763
-7.9 0.877528
-7.7 0.878402
-7.5 0.879203
-7.3 0.880013
-7.1 0.880878
-6.9 0.881716
-6.7 0.882557
-6.5 0.883352
-6.3 0.884172
-6.1 0.88497
-5.9 0.88576
-5.7 0.886587
-5.5 0.887408
-5.3 0.888216
-5.1 0.889054
-4.9 0.889835
-4.7 0.890643
-4.5 0.891449
-4.3 0.892252
-4.1 0.89306
-3.9 0.893931
-3.7 0.894726
-3.5 0.895509
-3.3 0.896302
-3.1 0.897134
-2.9 0.897956
-2.7 0.898808
-2.5 0.899661
-2.3 0.900457
-2.1 0.901333
-1.9 0.902093
-1.7 0.902967
-1.5 0.90379
-1.3 0.904577
-1.1 0.905384
-0.899999 0.906208
-0.699999 0.906988
-0.499999 0.907808
-0.299999 0.908596
-0.0999993 0.909376
0.100001 0.910178
0.300001 0.911033
0.500001 0.911889
0.700001 0.912648
0.900001 0.913459
1.1 0.914279
1.3 0.915063
1.5 0.915913
1.7 0.916675
1.9 0.917535
2.1 0.918299
2.3 0.919103
2.5 0.919922
2.7 0.920705
2.9 0.921475
3.1 0.92228
3.3 0.923116
3.5 0.923946
3.7 0.924802
3.9 0.925615
4.1 0.926468
4.3 0.927306
4.5 0.928119
4.7 0.928893
4.9 0.929687
5.1 0.930529
5.3 0.931353
5.5 0.932175
5.7 0.932943
5.9 0.933721
6.1 0.934533
6.3 0.935363
6.5 0.93622
6.7 0.937017
6.9 0.937844
7.1 0.938654
7.3 0.939463
7.5 0.940284
7.7 0.941044
7.9 0.941859
8.1 0.942682
8.3 0.943518
8.5 0.944295
8.7 0.945096
8.9 0.945924
9.1 0.946721
9.3 0.947563
9.5 0.948412
9.7 0.94913
9.9 0.949938
10.1 0.950742
10.3 0.951582
10.5 0.952364
10.7 0.95317
10.9 0.954011
11.1 0.954761
11.3 0.955567
11.5 0.956315
11.7 0.957049
11.9 0.957811
12.1 0.958551
12.3 0.959283
12.5 0.959991
12.7 0.960751
12.9 0.961531
13.1 0.962274
13.3 0.963081
13.5 0.963803
13.7 0.964508
13.9 0.965241
14.1 0.965916
14.3 0.966621
14.5 0.967254
14.7 0.967936
14.9 0.96868
15.1 0.969402
15.3 0.970139
15.5 0.970795
15.7 0.971443
15.9 0.972077
16.1 0.972737
16.3 0.973394
16.5 0.974043
16.7 0.974657
16.9 0.975308
17.1 0.97597
17.3 0.976578
17.5 0.977182
17.7 0.977731
17.9 0.978332
18.1 0.978893
18.3 0.979477
18.5 0.980068
18.7 0.980657
18.9 0.981219
19.1 0.981746
19.3 0.982253
19.5 0.982749
19.7 0.983285
19.9 0.983788
20.1 0.984316
20.3 0.984771
20.5 0.985256
20.7 0.985731
20.9 0.986205
21.1 0.986679
21.3 0.987132
21.5 0.98756
21.7 0.987991
21.9 0.988406
22.1 0.98879
22.3 0.989192
22.5 0.989556
22.7 0.989938
22.9 0.990301
23.1 0.990687
23.3 0.991045
23.5 0.991446
23.7 0.991798
23.9 0.992134
24.1 0.99245
24.3 0.992759
24.5 0.993067
24.7 0.993381
24.9 0.993641
25.1 0.993909
25.3 0.994173
25.5 0.994448
25.7 0.994719
25.9 0.994981
26.1 0.995208
26.3 0.995435
26.5 0.995688
26.7 0.995895
26.9 0.996084
27.1 0.996269
27.3 0.996465
27.5 0.996655
27.7 0.996829
27.9 0.997018
28.1 0.99718
28.3 0.997359
28.5 0.997491
28.7 0.997627
28.9 0.997772
29.1 0.997904
29.3 0.998021
29.5 0.99814
29.7 0.99828
29.9 0.998372
30.1 0.99847
30.3 0.998577
30.5 0.998692
30.7 0.998789
30.9 0.998854
31.1 0.998952
31.3 0.99903
31.5 0.99911
31.7 0.999203
31.9 0.999266
32.1 0.999338
32.3 0.999393
32.5 0.999461
32.7 0.999522
32.9 0.999573
33.1 0.999621
33.3 0.999667
33.5 0.999701
33.7 0.999746
33.9 0.999794
34.1 0.999822
34.3 0.999865
34.5 0.999902
34.7 0.999937
34.9 0.999969
35.1 1
