-1599.9 0
-1599.7 0
-1599.5 0
-1599.3 0
-1599.1 0
-1598.9 0
-1598.7 0
-1598.5 0
-1598.3 0
-1598.1 0
-1597.9 0
-1597.7 0
-1597.5 0
-1597.3 0
-1597.1 0
-1596.9 0
-1596.7 0
-1596.5 0
-1596.3 0
-1596.1 0
-1595.9 0
-1595.7 0
-1595.5 0
-1595.3 0
-1595.1 0
-1594.9 0
-1594.7 0
-1594.5 0
-1594.3 0
-1594.1 0
-1593.9 0
-1593.7 0
-1593.5 0
-1593.3 0
-1593.1 0
-1592.9 0
-1592.7 0
-1592.5 0
-1592.3 0
-1592.1 0
-1591.9 0
-1591.7 0
-1591.5 0
-1591.3 0
-1591.1 0
-1590.9 0
-1590.7 0
-1590.5 0
-1590.3 0
-1590.1 0
-1589.9 0
-1589.7 0
-1589.5 0
-1589.3 0
-1589.1 0
-1588.9 0
-1588.7 0
-1588.5 0
-1588.3 0
-1588.1 0
-1587.9 0
-1587.7 0
-1587.5 0
-1587.3 0
-1587.1 0
-1586.9 0
-1586.7 0
-1586.5 0
-1586.3 0
-1586.1 0
-1585.9 0
-1585.7 0
-1585.5 0
-1585.3 0
-1585.1 0
-1584.9 0
-1584.7 0
-1584.5 0
-1584.3 0
-1584.1 0
-1583.9 0
-1583.7 0
-1583.5 0
-1583.3 0
-1583.1 0
-1582.9 0
-1582.7 0
-1582.5 0
-1582.3 0
-1582.1 0
-1581.9 0
-1581.7 0
-1581.5 0
-1581.3 0
-1581.1 0
-1580.9 0
-1580.7 0
-1580.5 0
-1580.3 0
-1580.1 0
-1579.9 0
-1579.7 0
-1579.5 0
-1579.3 0
-1579.1 0
-1578.9 0
-1578.7 0
-1578.5 0
-1578.3 0
-1578.1 0
-1577.9 0
-1577.7 0
-1577.5 0
-1577.3 1
-1577.1 0
-1576.9 0
-1576.7 0
-1576.5 0
-1576.3 0
-1576.1 0
-1575.9 0
-1575.7 0
-1575.5 0
-1575.3 0
-1575.1 0
-1574.9 0
-1574.7 1
-1574.5 0
-1574.3 0
-1574.1 0
-1573.9 0
-1573.7 0
-1573.5 0
-1573.3 0
-1573.1 0
-1572.9 0
-1572.7 0
-1572.5 0
-1572.3 0
-1572.1 0
-1571.9 0
-1571.7 0
-1571.5 0
-1571.3 1
-1571.1 0
-1570.9 0
-1570.7 0
-1570.5 0
-1570.3 0
-1570.1 0
-1569.9 0
-1569.7 0
-1569.5 0
-1569.3 0
-1569.1 0
-1568.9 0
-1568.7 2
-1568.5 1
-1568.3 1
-1568.1 0
-1567.9 5
-1567.7 4
-1567.5 0
-1567.3 3
-1567.1 2
-1566.9 3
-1566.7 2
-1566.5 4
-1566.3 7
-1566.1 7
-1565.9 4
-1565.7 8
-1565.5 9
-1565.3 9
-1565.1 10
-1564.9 8
-1564.7 12
-1564.5 13
-1564.3 24
-1564.1 16
-1563.9 18
-1563.7 19
-1563.5 18
-1563.3 18
-1563.1 15
-1562.9 24
-1562.7 20
-1562.5 18
-1562.3 23
-1562.1 19
-1561.9 19
-1561.7 22
-1561.5 28
-1561.3 27
-1561.1 30
-1560.9 24
-1560.7 40
-1560.5 27
-1560.3 34
-1560.1 32
-1559.9 36
-1559.7 32
-1559.5 38
-1559.3 44
-1559.1 38
-1558.9 36
-1558.7 54
-1558.5 46
-1558.3 51
-1558.1 56
-1557.9 49
-1557.7 53
-1557.5 45
-1557.3 47
-1557.1 61
-1556.9 66
-1556.7 61
-1556.5 75
-1556.3 58
-1556.1 69
-1555.9 70
-1555.7 72
-1555.5 71
-1555.3 68
-1555.1 74
-1554.9 69
-1554.7 76
-1554.5 88
-1554.3 82
-1554.1 94
-1553.9 92
-1553.7 88
-1553.5 110
-1553.3 114
-1553.1 122
-1552.9 107
-1552.7 98
-1552.5 119
-1552.3 97
-1552.1 120
-1551.9 113
-1551.7 145
-1551.5 114
-1551.3 116
-1551.1 128
-1550.9 150
-1550.7 143
-1550.5 155
-1550.3 165
-1550.1 151
-1549.9 157
-1549.7 166
-1549.5 167
-1549.3 150
-1549.1 150
-1548.9 160
-1548.7 149
-1548.5 171
-1548.3 165
-1548.1 165
-1547.9 168
-1547.7 168
-1547.5 148
-1547.3 175
-1547.1 192
-1546.9 207
-1546.7 191
-1546.5 206
-1546.3 169
-1546.1 172
-1545.9 202
-1545.7 192
-1545.5 212
-1545.3 172
-1545.1 235
-1544.9 202
-1544.7 210
-1544.5 211
-1544.3 182
-1544.1 217
-1543.9 187
-1543.7 200
-1543.5 204
-1543.3 209
-1543.1 208
-1542.9 225
-1542.7 219
-1542.5 213
-1542.3 216
-1542.1 194
-1541.9 218
-1541.7 215
-1541.5 197
-1541.3 206
-1541.1 244
-1540.9 216
-1540.7 212
-1540.5 206
-1540.3 214
-1540.1 211
-1539.9 219
-1539.7 238
-1539.5 221
-1539.3 194
-1539.1 208
-1538.9 204
-1538.7 213
-1538.5 215
-1538.3 224
-1538.1 220
-1537.9 206
-1537.7 186
-1537.5 201
-1537.3 212
-1537.1 209
-1536.9 211
-1536.7 218
-1536.5 194
-1536.3 209
-1536.1 210
-1535.9 202
-1535.7 221
-1535.5 217
-1535.3 181
-1535.1 189
-1534.9 205
-1534.7 195
-1534.5 187
-1534.3 227
-1534.1 196
-1533.9 232
-1533.7 204
-1533.5 197
-1533.3 179
-1533.1 221
-1532.9 187
-1532.7 214
-1532.5 207
-1532.3 184
-1532.1 180
-1531.9 172
-1531.7 210
-1531.5 181
-1531.3 204
-1531.1 185
-1530.9 202
-1530.7 212
-1530.5 195
-1530.3 189
-1530.1 203
-1529.9 157
-1529.7 174
-1529.5 177
-1529.3 156
-1529.1 163
-1528.9 160
-1528.7 180
-1528.5 187
-1528.3 181
-1528.1 194
-1527.9 183
-1527.7 199
-1527.5 172
-1527.3 185
-1527.1 180
-1526.9 193
-1526.7 187
-1526.5 166
-1526.3 190
-1526.1 181
-1525.9 169
-1525.7 178
-1525.5 161
-1525.3 197
-1525.1 169
-1524.9 182
-1524.7 169
-1524.5 178
-1524.3 159
-1524.1 229
-1523.9 160
-1523.7 186
-1523.5 170
-1523.3 165
-1523.1 166
-1522.9 181
-1522.7 165
-1522.5 188
-1522.3 167
-1522.1 199
-1521.9 182
-1521.7 179
-1521.5 190
-1521.3 173
-1521.1 172
-1520.9 187
-1520.7 182
-1520.5 195
-1520.3 159
-1520.1 186
-1519.9 159
-1519.7 153
-1519.5 175
-1519.3 175
-1519.1 194
-1518.9 165
-1518.7 169
-1518.5 163
-1518.3 168
-1518.1 166
-1517.9 179
-1517.7 176
-1517.5 156
-1517.3 145
-1517.1 162
-1516.9 156
-1516.7 172
-1516.5 152
-1516.3 175
-1516.1 163
-1515.9 170
-1515.7 173
-1515.5 166
-1515.3 164
-1515.1 161
-1514.9 136
-1514.7 191
-1514.5 160
-1514.3 175
-1514.1 161
-1513.9 181
-1513.7 174
-1513.5 163
-1513.3 174
-1513.1 129
-1512.9 144
-1512.7 166
-1512.5 149
-1512.3 161
-1512.1 156
-1511.9 148
-1511.7 146
-1511.5 173
-1511.3 174
-1511.1 131
-1510.9 160
-1510.7 137
-1510.5 131
-1510.3 151
-1510.1 148
-1509.9 149
-1509.7 151
-1509.5 147
-1509.3 143
-1509.1 164
-1508.9 158
-1508.7 179
-1508.5 149
-1508.3 148
-1508.1 153
-1507.9 178
-1507.7 170
-1507.5 176
-1507.3 161
-1507.1 169
-1506.9 162
-1506.7 211
-1506.5 158
-1506.3 168
-1506.1 199
-1505.9 194
-1505.7 163
-1505.5 150
-1505.3 179
-1505.1 168
-1504.9 186
-1504.7 185
-1504.5 177
-1504.3 210
-1504.1 174
-1503.9 158
-1503.7 173
-1503.5 163
-1503.3 178
-1503.1 172
-1502.9 170
-1502.7 165
-1502.5 170
-1502.3 162
-1502.1 151
-1501.9 166
-1501.7 156
-1501.5 187
-1501.3 156
-1501.1 164
-1500.9 151
-1500.7 174
-1500.5 180
-1500.3 169
-1500.1 149
-1499.9 168
-1499.7 141
-1499.5 180
-1499.3 151
-1499.1 165
-1498.9 154
-1498.7 140
-1498.5 142
-1498.3 169
-1498.1 188
-1497.9 151
-1497.7 159
-1497.5 165
-1497.3 158
-1497.1 178
-1496.9 141
-1496.7 149
-1496.5 167
-1496.3 170
-1496.1 154
-1495.9 185
-1495.7 154
-1495.5 166
-1495.3 171
-1495.1 158
-1494.9 159
-1494.7 152
-1494.5 153
-1494.3 172
-1494.1 154
-1493.9 170
-1493.7 147
-1493.5 159
-1493.3 148
-1493.1 167
-1492.9 175
-1492.7 157
-1492.5 151
-1492.3 150
-1492.1 127
-1491.9 156
-1491.7 157
-1491.5 146
-1491.3 157
-1491.1 171
-1490.9 158
-1490.7 168
-1490.5 177
-1490.3 157
-1490.1 150
-1489.9 150
-1489.7 163
-1489.5 179
-1489.3 205
-1489.1 143
-1488.9 166
-1488.7 148
-1488.5 158
-1488.3 147
-1488.1 188
-1487.9 194
-1487.7 179
-1487.5 172
-1487.3 170
-1487.1 161
-1486.9 166
-1486.7 154
-1486.5 174
-1486.3 161
-1486.1 152
-1485.9 148
-1485.7 177
-1485.5 171
-1485.3 161
-1485.1 152
-1484.9 155
-1484.7 159
-1484.5 169
-1484.3 161
-1484.1 163
-1483.9 169
-1483.7 195
-1483.5 163
-1483.3 167
-1483.1 148
-1482.9 162
-1482.7 186
-1482.5 164
-1482.3 155
-1482.1 158
-1481.9 160
-1481.7 158
-1481.5 154
-1481.3 181
-1481.1 159
-1480.9 163
-1480.7 142
-1480.5 164
-1480.3 190
-1480.1 171
-1479.9 175
-1479.7 154
-1479.5 156
-1479.3 170
-1479.1 173
-1478.9 173
-1478.7 161
-1478.5 158
-1478.3 170
-1478.1 134
-1477.9 155
-1477.7 171
-1477.5 165
-1477.3 149
-1477.1 164
-1476.9 148
-1476.7 145
-1476.5 150
-1476.3 162
-1476.1 169
-1475.9 165
-1475.7 164
-1475.5 154
-1475.3 146
-1475.1 144
-1474.9 177
-1474.7 152
-1474.5 154
-1474.3 155
-1474.1 135
-1473.9 154
-1473.7 149
-1473.5 176
-1473.3 162
-1473.1 174
-1472.9 155
-1472.7 179
-1472.5 142
-1472.3 158
-1472.1 179
-1471.9 164
-1471.7 169
-1471.5 185
-1471.3 192
-1471.1 183
-1470.9 170
-1470.7 170
-1470.5 153
-1470.3 166
-1470.1 180
-1469.9 174
-1469.7 166
-1469.5 198
-1469.3 148
-1469.1 152
-1468.9 162
-1468.7 173
-1468.5 150
-1468.3 175
-1468.1 176
-1467.9 168
-1467.7 169
-1467.5 200
-1467.3 165
-1467.1 147
-1466.9 163
-1466.7 133
-1466.5 172
-1466.3 176
-1466.1 143
-1465.9 151
-1465.7 184
-1465.5 153
-1465.3 145
-1465.1 166
-1464.9 167
-1464.7 170
-1464.5 174
-1464.3 163
-1464.1 159
-1463.9 173
-1463.7 171
-1463.5 179
-1463.3 165
-1463.1 166
-1462.9 177
-1462.7 168
-1462.5 175
-1462.3 167
-1462.1 171
-1461.9 193
-1461.7 161
-1461.5 177
-1461.3 165
-1461.1 172
-1460.9 188
-1460.7 170
-1460.5 196
-1460.3 161
-1460.1 193
-1459.9 179
-1459.7 163
-1459.5 137
-1459.3 160
-1459.1 156
-1458.9 153
-1458.7 156
-1458.5 165
-1458.3 139
-1458.1 160
-1457.9 165
-1457.7 173
-1457.5 156
-1457.3 153
-1457.1 147
-1456.9 147
-1456.7 147
-1456.5 169
-1456.3 149
-1456.1 148
-1455.9 146
-1455.7 144
-1455.5 163
-1455.3 142
-1455.1 166
-1454.9 169
-1454.7 174
-1454.5 166
-1454.3 174
-1454.1 164
-1453.9 178
-1453.7 167
-1453.5 196
-1453.3 141
-1453.1 154
-1452.9 173
-1452.7 177
-1452.5 181
-1452.3 142
-1452.1 155
-1451.9 179
-1451.7 169
-1451.5 179
-1451.3 153
-1451.1 168
-1450.9 156
-1450.7 129
-1450.5 150
-1450.3 161
-1450.1 168
-1449.9 150
-1449.7 200
-1449.5 159
-1449.3 148
-1449.1 161
-1448.9 166
-1448.7 155
-1448.5 150
-1448.3 161
-1448.1 147
-1447.9 178
-1447.7 152
-1447.5 156
-1447.3 167
-1447.1 165
-1446.9 152
-1446.7 144
-1446.5 157
-1446.3 169
-1446.1 166
-1445.9 171
-1445.7 153
-1445.5 175
-1445.3 155
-1445.1 139
-1444.9 182
-1444.7 166
-1444.5 145
-1444.3 154
-1444.1 209
-1443.9 162
-1443.7 156
-1443.5 197
-1443.3 166
-1443.1 190
-1442.9 164
-1442.7 161
-1442.5 179
-1442.3 165
-1442.1 180
-1441.9 199
-1441.7 155
-1441.5 153
-1441.3 158
-1441.1 188
-1440.9 177
-1440.7 167
-1440.5 163
-1440.3 152
-1440.1 170
-1439.9 156
-1439.7 149
-1439.5 163
-1439.3 145
-1439.1 152
-1438.9 173
-1438.7 169
-1438.5 157
-1438.3 167
-1438.1 165
-1437.9 176
-1437.7 166
-1437.5 154
-1437.3 147
-1437.1 159
-1436.9 159
-1436.7 137
-1436.5 154
-1436.3 151
-1436.1 172
-1435.9 159
-1435.7 160
-1435.5 172
-1435.3 159
-1435.1 138
-1434.9 159
-1434.7 167
-1434.5 163
-1434.3 148
-1434.1 161
-1433.9 142
-1433.7 149
-1433.5 165
-1433.3 128
-1433.1 124
-1432.9 171
-1432.7 144
-1432.5 164
-1432.3 163
-1432.1 151
-1431.9 144
-1431.7 150
-1431.5 155
-1431.3 165
-1431.1 154
-1430.9 154
-1430.7 166
-1430.5 192
-1430.3 155
-1430.1 156
-1429.9 162
-1429.7 149
-1429.5 147
-1429.3 186
-1429.1 175
-1428.9 181
-1428.7 165
-1428.5 164
-1428.3 142
-1428.1 166
-1427.9 177
-1427.7 178
-1427.5 173
-1427.3 169
-1427.1 167
-1426.9 157
-1426.7 177
-1426.5 150
-1426.3 169
-1426.1 177
-1425.9 162
-1425.7 163
-1425.5 173
-1425.3 174
-1425.1 152
-1424.9 172
-1424.7 173
-1424.5 168
-1424.3 182
-1424.1 164
-1423.9 166
-1423.7 152
-1423.5 165
-1423.3 153
-1423.1 166
-1422.9 142
-1422.7 143
-1422.5 158
-1422.3 146
-1422.1 147
-1421.9 144
-1421.7 130
-1421.5 154
-1421.3 150
-1421.1 157
-1420.9 148
-1420.7 159
-1420.5 161
-1420.3 155
-1420.1 150
-1419.9 147
-1419.7 160
-1419.5 155
-1419.3 138
-1419.1 149
-1418.9 155
-1418.7 157
-1418.5 152
-1418.3 131
-1418.1 144
-1417.9 148
-1417.7 158
-1417.5 144
-1417.3 148
-1417.1 148
-1416.9 166
-1416.7 177
-1416.5 136
-1416.3 170
-1416.1 151
-1415.9 145
-1415.7 158
-1415.5 165
-1415.3 148
-1415.1 165
-1414.9 138
-1414.7 167
-1414.5 186
-1414.3 148
-1414.1 179
-1413.9 172
-1413.7 170
-1413.5 162
-1413.3 164
-1413.1 149
-1412.9 140
-1412.7 178
-1412.5 178
-1412.3 178
-1412.1 165
-1411.9 173
-1411.7 190
-1411.5 164
-1411.3 174
-1411.1 174
-1410.9 189
-1410.7 146
-1410.5 184
-1410.3 165
-1410.1 186
-1409.9 191
-1409.7 166
-1409.5 168
-1409.3 189
-1409.1 151
-1408.9 168
-1408.7 151
-1408.5 180
-1408.3 141
-1408.1 159
-1407.9 160
-1407.7 155
-1407.5 154
-1407.3 146
-1407.1 137
-1406.9 169
-1406.7 148
-1406.5 166
-1406.3 174
-1406.1 159
-1405.9 154
-1405.7 176
-1405.5 127
-1405.3 139
-1405.1 162
-1404.9 138
-1404.7 160
-1404.5 140
-1404.3 149
-1404.1 148
-1403.9 160
-1403.7 150
-1403.5 149
-1403.3 163
-1403.1 167
-1402.9 168
-1402.7 158
-1402.5 154
-1402.3 166
-1402.1 144
-1401.9 179
-1401.7 158
-1401.5 141
-1401.3 168
-1401.1 161
-1400.9 169
-1400.7 185
-1400.5 166
-1400.3 150
-1400.1 161
-1399.9 167
-1399.7 142
-1399.5 142
-1399.3 170
-1399.1 141
-1398.9 172
-1398.7 177
-1398.5 176
-1398.3 195
-1398.1 169
-1397.9 157
-1397.7 164
-1397.5 152
-1397.3 181
-1397.1 159
-1396.9 172
-1396.7 149
-1396.5 157
-1396.3 161
-1396.1 165
-1395.9 169
-1395.7 170
-1395.5 172
-1395.3 147
-1395.1 175
-1394.9 138
-1394.7 151
-1394.5 168
-1394.3 154
-1394.1 142
-1393.9 156
-1393.7 135
-1393.5 157
-1393.3 151
-1393.1 151
-1392.9 130
-1392.7 183
-1392.5 161
-1392.3 155
-1392.1 169
-1391.9 150
-1391.7 147
-1391.5 163
-1391.3 163
-1391.1 145
-1390.9 161
-1390.7 150
-1390.5 153
-1390.3 145
-1390.1 162
-1389.9 162
-1389.7 156
-1389.5 181
-1389.3 155
-1389.1 158
-1388.9 149
-1388.7 147
-1388.5 135
-1388.3 164
-1388.1 165
-1387.9 171
-1387.7 148
-1387.5 175
-1387.3 170
-1387.1 149
-1386.9 155
-1386.7 175
-1386.5 148
-1386.3 144
-1386.1 158
-1385.9 168
-1385.7 175
-1385.5 162
-1385.3 151
-1385.1 174
-1384.9 154
-1384.7 169
-1384.5 154
-1384.3 154
-1384.1 164
-1383.9 165
-1383.7 158
-1383.5 154
-1383.3 158
-1383.1 169
-1382.9 145
-1382.7 163
-1382.5 140
-1382.3 155
-1382.1 147
-1381.9 160
-1381.7 167
-1381.5 163
-1381.3 149
-1381.1 160
-1380.9 161
-1380.7 165
-1380.5 175
-1380.3 136
-1380.1 177
-1379.9 171
-1379.7 158
-1379.5 173
-1379.3 177
-1379.1 174
-1378.9 142
-1378.7 144
-1378.5 175
-1378.3 154
-1378.1 168
-1377.9 150
-1377.7 128
-1377.5 141
-1377.3 151
-1377.1 156
-1376.9 163
-1376.7 161
-1376.5 155
-1376.3 153
-1376.1 148
-1375.9 164
-1375.7 175
-1375.5 153
-1375.3 130
-1375.1 144
-1374.9 140
-1374.7 165
-1374.5 138
-1374.3 144
-1374.1 140
-1373.9 173
-1373.7 153
-1373.5 169
-1373.3 158
-1373.1 145
-1372.9 155
-1372.7 155
-1372.5 171
-1372.3 165
-1372.1 137
-1371.9 159
-1371.7 167
-1371.5 164
-1371.3 156
-1371.1 150
-1370.9 192
-1370.7 153
-1370.5 154
-1370.3 171
-1370.1 171
-1369.9 161
-1369.7 144
-1369.5 155
-1369.3 168
-1369.1 158
-1368.9 144
-1368.7 152
-1368.5 164
-1368.3 166
-1368.1 150
-1367.9 161
-1367.7 142
-1367.5 162
-1367.3 156
-1367.1 128
-1366.9 177
-1366.7 146
-1366.5 157
-1366.3 137
-1366.1 144
-1365.9 165
-1365.7 154
-1365.5 166
-1365.3 170
-1365.1 162
-1364.9 166
-1364.7 149
-1364.5 134
-1364.3 178
-1364.1 164
-1363.9 149
-1363.7 165
-1363.5 162
-1363.3 169
-1363.1 166
-1362.9 146
-1362.7 142
-1362.5 151
-1362.3 158
-1362.1 157
-1361.9 151
-1361.7 159
-1361.5 152
-1361.3 137
-1361.1 148
-1360.9 135
-1360.7 147
-1360.5 147
-1360.3 146
-1360.1 156
-1359.9 161
-1359.7 148
-1359.5 142
-1359.3 144
-1359.1 131
-1358.9 169
-1358.7 143
-1358.5 157
-1358.3 185
-1358.1 130
-1357.9 157
-1357.7 162
-1357.5 145
-1357.3 163
-1357.1 171
-1356.9 156
-1356.7 193
-1356.5 166
-1356.3 159
-1356.1 157
-1355.9 164
-1355.7 158
-1355.5 159
-1355.3 149
-1355.1 166
-1354.9 150
-1354.7 161
-1354.5 172
-1354.3 135
-1354.1 152
-1353.9 160
-1353.7 142
-1353.5 136
-1353.3 154
-1353.1 154
-1352.9 162
-1352.7 145
-1352.5 143
-1352.3 148
-1352.1 147
-1351.9 157
-1351.7 143
-1351.5 148
-1351.3 142
-1351.1 148
-1350.9 162
-1350.7 156
-1350.5 145
-1350.3 144
-1350.1 165
-1349.9 145
-1349.7 153
-1349.5 121
-1349.3 156
-1349.1 157
-1348.9 144
-1348.7 157
-1348.5 137
-1348.3 170
-1348.1 159
-1347.9 143
-1347.7 152
-1347.5 158
-1347.3 138
-1347.1 152
-1346.9 158
-1346.7 144
-1346.5 134
-1346.3 163
-1346.1 139
-1345.9 157
-1345.7 139
-1345.5 134
-1345.3 156
-1345.1 138
-1344.9 156
-1344.7 146
-1344.5 169
-1344.3 152
-1344.1 134
-1343.9 147
-1343.7 147
-1343.5 160
-1343.3 144
-1343.1 143
-1342.9 149
-1342.7 135
-1342.5 139
-1342.3 136
-1342.1 123
-1341.9 149
-1341.7 148
-1341.5 137
-1341.3 112
-1341.1 155
-1340.9 133
-1340.7 116
-1340.5 121
-1340.3 96
-1340.1 128
-1339.9 134
-1339.7 132
-1339.5 144
-1339.3 125
-1339.1 119
-1338.9 115
-1338.7 137
-1338.5 102
-1338.3 127
-1338.1 118
-1337.9 109
-1337.7 120
-1337.5 94
-1337.3 114
-1337.1 94
-1336.9 92
-1336.7 100
-1336.5 95
-1336.3 116
-1336.1 100
-1335.9 106
-1335.7 88
-1335.5 94
-1335.3 102
-1335.1 116
-1334.9 86
-1334.7 68
-1334.5 104
-1334.3 79
-1334.1 80
-1333.9 82
-1333.7 89
-1333.5 79
-1333.3 91
-1333.1 85
-1332.9 67
-1332.7 72
-1332.5 67
-1332.3 71
-1332.1 69
-1331.9 79
-1331.7 57
-1331.5 61
-1331.3 64
-1331.1 61
-1330.9 61
-1330.7 54
-1330.5 57
-1330.3 49
-1330.1 40
-1329.9 55
-1329.7 57
-1329.5 43
-1329.3 46
-1329.1 53
-1328.9 62
-1328.7 46
-1328.5 52
-1328.3 40
-1328.1 38
-1327.9 51
-1327.7 39
-1327.5 40
-1327.3 45
-1327.1 39
-1326.9 40
-1326.7 33
-1326.5 23
-1326.3 39
-1326.1 32
-1325.9 35
-1325.7 34
-1325.5 25
-1325.3 23
-1325.1 17
-1324.9 32
-1324.7 21
-1324.5 24
-1324.3 15
-1324.1 25
-1323.9 22
-1323.7 21
-1323.5 18
-1323.3 20
-1323.1 25
-1322.9 11
-1322.7 22
-1322.5 13
-1322.3 24
-1322.1 14
-1321.9 16
-1321.7 14
-1321.5 9
-1321.3 16
-1321.1 16
-1320.9 12
-1320.7 5
-1320.5 10
-1320.3 12
-1320.1 12
-1319.9 12
-1319.7 13
-1319.5 13
-1319.3 6
-1319.1 11
-1318.9 9
-1318.7 5
-1318.5 9
-1318.3 6
-1318.1 5
-1317.9 8
-1317.7 3
-1317.5 3
-1317.3 10
-1317.1 9
-1316.9 6
-1316.7 6
-1316.5 3
-1316.3 4
-1316.1 2
-1315.9 7
-1315.7 4
-1315.5 3
-1315.3 9
-1315.1 2
-1314.9 3
-1314.7 2
-1314.5 5
-1314.3 8
-1314.1 1
-1313.9 2
-1313.7 1
-1313.5 3
-1313.3 0
-1313.1 3
-1312.9 3
-1312.7 4
-1312.5 4
-1312.3 1
-1312.1 0
-1311.9 2
-1311.7 4
-1311.5 3
-1311.3 2
-1311.1 1
-1310.9 2
-1310.7 1
-1310.5 0
-1310.3 1
-1310.1 0
-1309.9 2
-1309.7 0
-1309.5 1
-1309.3 0
-1309.1 2
-1308.9 0
-1308.7 1
-1308.5 1
-1308.3 1
-1308.1 0
-1307.9 0
-1307.7 1
-1307.5 1
-1307.3 1
-1307.1 0
-1306.9 0
-1306.7 1
-1306.5 1
-1306.3 0
-1306.1 0
-1305.9 2
-1305.7 1
-1305.5 0
-1305.3 0
-1305.1 0
-1304.9 0
-1304.7 1
-1304.5 0
-1304.3 0
-1304.1 0
-1303.9 0
-1303.7 3
-1303.5 0
-1303.3 0
-1303.1 1
-1302.9 1
-1302.7 1
-1302.5 0
-1302.3 1
-1302.1 1
-1301.9 1
-1301.7 1
-1301.5 2
-1301.3 0
-1301.1 0
-1300.9 0
-1300.7 1
-1300.5 0
-1300.3 0
-1300.1 0
