-1599.9 0
-1599.7 0
-1599.5 0
-1599.3 0
-1599.1 0
-1598.9 0
-1598.7 0
-1598.5 0
-1598.3 0
-1598.1 1
-1597.9 0
-1597.7 0
-1597.5 0
-1597.3 0
-1597.1 0
-1596.9 0
-1596.7 0
-1596.5 0
-1596.3 0
-1596.1 0
-1595.9 0
-1595.7 0
-1595.5 0
-1595.3 0
-1595.1 0
-1594.9 0
-1594.7 0
-1594.5 0
-1594.3 0
-1594.1 1
-1593.9 0
-1593.7 0
-1593.5 0
-1593.3 0
-1593.1 0
-1592.9 0
-1592.7 0
-1592.5 0
-1592.3 0
-1592.1 0
-1591.9 0
-1591.7 0
-1591.5 0
-1591.3 0
-1591.1 0
-1590.9 0
-1590.7 0
-1590.5 0
-1590.3 0
-1590.1 0
-1589.9 0
-1589.7 0
-1589.5 0
-1589.3 0
-1589.1 0
-1588.9 0
-1588.7 0
-1588.5 0
-1588.3 0
-1588.1 1
-1587.9 0
-1587.7 0
-1587.5 0
-1587.3 0
-1587.1 0
-1586.9 1
-1586.7 0
-1586.5 0
-1586.3 0
-1586.1 0
-1585.9 0
-1585.7 0
-1585.5 0
-1585.3 0
-1585.1 0
-1584.9 0
-1584.7 0
-1584.5 0
-1584.3 0
-1584.1 0
-1583.9 0
-1583.7 0
-1583.5 0
-1583.3 0
-1583.1 0
-1582.9 0
-1582.7 0
-1582.5 0
-1582.3 0
-1582.1 0
-1581.9 0
-1581.7 0
-1581.5 1
-1581.3 0
-1581.1 0
-1580.9 0
-1580.7 0
-1580.5 0
-1580.3 0
-1580.1 0
-1579.9 1
-1579.7 0
-1579.5 0
-1579.3 0
-1579.1 0
-1578.9 2
-1578.7 1
-1578.5 0
-1578.3 2
-1578.1 0
-1577.9 1
-1577.7 0
-1577.5 3
-1577.3 2
-1577.1 0
-1576.9 4
-1576.7 2
-1576.5 2
-1576.3 6
-1576.1 3
-1575.9 3
-1575.7 3
-1575.5 4
-1575.3 2
-1575.1 4
-1574.9 8
-1574.7 14
-1574.5 1
-1574.3 9
-1574.1 6
-1573.9 11
-1573.7 16
-1573.5 10
-1573.3 13
-1573.1 16
-1572.9 11
-1572.7 11
-1572.5 24
-1572.3 15
-1572.1 18
-1571.9 16
-1571.7 25
-1571.5 18
-1571.3 21
-1571.1 14
-1570.9 22
-1570.7 20
-1570.5 25
-1570.3 16
-1570.1 29
-1569.9 24
-1569.7 39
-1569.5 25
-1569.3 23
-1569.1 39
-1568.9 32
-1568.7 37
-1568.5 39
-1568.3 28
-1568.1 41
-1567.9 35
-1567.7 30
-1567.5 39
-1567.3 43
-1567.1 33
-1566.9 38
-1566.7 50
-1566.5 58
-1566.3 52
-1566.1 36
-1565.9 38
-1565.7 44
-1565.5 51
-1565.3 52
-1565.1 57
-1564.9 37
-1564.7 64
-1564.5 56
-1564.3 55
-1564.1 75
-1563.9 73
-1563.7 70
-1563.5 72
-1563.3 69
-1563.1 69
-1562.9 64
-1562.7 82
-1562.5 63
-1562.3 85
-1562.1 70
-1561.9 87
-1561.7 82
-1561.5 77
-1561.3 92
-1561.1 76
-1560.9 86
-1560.7 96
-1560.5 89
-1560.3 95
-1560.1 99
-1559.9 89
-1559.7 97
-1559.5 116
-1559.3 100
-1559.1 115
-1558.9 124
-1558.7 110
-1558.5 113
-1558.3 124
-1558.1 140
-1557.9 115
-1557.7 142
-1557.5 121
-1557.3 129
-1557.1 128
-1556.9 117
-1556.7 134
-1556.5 127
-1556.3 134
-1556.1 138
-1555.9 141
-1555.7 128
-1555.5 125
-1555.3 126
-1555.1 155
-1554.9 156
-1554.7 170
-1554.5 135
-1554.3 147
-1554.1 144
-1553.9 136
-1553.7 134
-1553.5 149
-1553.3 139
-1553.1 141
-1552.9 153
-1552.7 161
-1552.5 154
-1552.3 138
-1552.1 154
-1551.9 144
-1551.7 148
-1551.5 171
-1551.3 156
-1551.1 160
-1550.9 162
-1550.7 148
-1550.5 137
-1550.3 164
-1550.1 152
-1549.9 172
-1549.7 175
-1549.5 143
-1549.3 185
-1549.1 178
-1548.9 166
-1548.7 161
-1548.5 166
-1548.3 149
-1548.1 160
-1547.9 158
-1547.7 157
-1547.5 153
-1547.3 167
-1547.1 163
-1546.9 150
-1546.7 163
-1546.5 159
-1546.3 149
-1546.1 184
-1545.9 152
-1545.7 161
-1545.5 142
-1545.3 161
-1545.1 163
-1544.9 145
-1544.7 158
-1544.5 150
-1544.3 140
-1544.1 179
-1543.9 162
-1543.7 155
-1543.5 165
-1543.3 151
-1543.1 129
-1542.9 143
-1542.7 154
-1542.5 174
-1542.3 153
-1542.1 172
-1541.9 174
-1541.7 159
-1541.5 154
-1541.3 145
-1541.1 172
-1540.9 145
-1540.7 138
-1540.5 155
-1540.3 188
-1540.1 149
-1539.9 162
-1539.7 152
-1539.5 162
-1539.3 143
-1539.1 126
-1538.9 154
-1538.7 143
-1538.5 160
-1538.3 162
-1538.1 127
-1537.9 151
-1537.7 168
-1537.5 138
-1537.3 148
-1537.1 129
-1536.9 154
-1536.7 149
-1536.5 142
-1536.3 138
-1536.1 148
-1535.9 153
-1535.7 160
-1535.5 129
-1535.3 136
-1535.1 143
-1534.9 157
-1534.7 146
-1534.5 164
-1534.3 150
-1534.1 153
-1533.9 181
-1533.7 125
-1533.5 148
-1533.3 145
-1533.1 135
-1532.9 137
-1532.7 132
-1532.5 133
-1532.3 129
-1532.1 154
-1531.9 134
-1531.7 147
-1531.5 113
-1531.3 128
-1531.1 121
-1530.9 143
-1530.7 155
-1530.5 130
-1530.3 137
-1530.1 155
-1529.9 124
-1529.7 137
-1529.5 145
-1529.3 149
-1529.1 131
-1528.9 144
-1528.7 147
-1528.5 120
-1528.3 141
-1528.1 118
-1527.9 152
-1527.7 131
-1527.5 153
-1527.3 144
-1527.1 124
-1526.9 135
-1526.7 124
-1526.5 132
-1526.3 136
-1526.1 159
-1525.9 155
-1525.7 122
-1525.5 137
-1525.3 131
-1525.1 136
-1524.9 140
-1524.7 129
-1524.5 152
-1524.3 135
-1524.1 130
-1523.9 135
-1523.7 129
-1523.5 139
-1523.3 151
-1523.1 118
-1522.9 138
-1522.7 118
-1522.5 138
-1522.3 145
-1522.1 121
-1521.9 115
-1521.7 134
-1521.5 122
-1521.3 132
-1521.1 149
-1520.9 142
-1520.7 112
-1520.5 111
-1520.3 146
-1520.1 141
-1519.9 127
-1519.7 107
-1519.5 101
-1519.3 123
-1519.1 144
-1518.9 148
-1518.7 104
-1518.5 139
-1518.3 127
-1518.1 101
-1517.9 128
-1517.7 111
-1517.5 126
-1517.3 116
-1517.1 151
-1516.9 132
-1516.7 112
-1516.5 127
-1516.3 118
-1516.1 139
-1515.9 125
-1515.7 137
-1515.5 134
-1515.3 123
-1515.1 151
-1514.9 96
-1514.7 129
-1514.5 104
-1514.3 139
-1514.1 137
-1513.9 131
-1513.7 112
-1513.5 124
-1513.3 120
-1513.1 130
-1512.9 140
-1512.7 127
-1512.5 118
-1512.3 120
-1512.1 131
-1511.9 115
-1511.7 126
-1511.5 143
-1511.3 145
-1511.1 134
-1510.9 115
-1510.7 115
-1510.5 129
-1510.3 134
-1510.1 132
-1509.9 137
-1509.7 134
-1509.5 136
-1509.3 132
-1509.1 138
-1508.9 118
-1508.7 121
-1508.5 115
-1508.3 103
-1508.1 130
-1507.9 139
-1507.7 147
-1507.5 126
-1507.3 127
-1507.1 136
-1506.9 132
-1506.7 136
-1506.5 138
-1506.3 117
-1506.1 119
-1505.9 138
-1505.7 121
-1505.5 148
-1505.3 129
-1505.1 127
-1504.9 123
-1504.7 127
-1504.5 123
-1504.3 119
-1504.1 141
-1503.9 123
-1503.7 141
-1503.5 130
-1503.3 138
-1503.1 145
-1502.9 142
-1502.7 129
-1502.5 147
-1502.3 142
-1502.1 142
-1501.9 144
-1501.7 140
-1501.5 115
-1501.3 123
-1501.1 141
-1500.9 134
-1500.7 129
-1500.5 139
-1500.3 135
-1500.1 137
-1499.9 122
-1499.7 127
-1499.5 130
-1499.3 120
-1499.1 128
-1498.9 122
-1498.7 117
-1498.5 134
-1498.3 130
-1498.1 120
-1497.9 110
-1497.7 101
-1497.5 126
-1497.3 114
-1497.1 110
-1496.9 123
-1496.7 127
-1496.5 111
-1496.3 111
-1496.1 131
-1495.9 115
-1495.7 128
-1495.5 111
-1495.3 120
-1495.1 134
-1494.9 109
-1494.7 129
-1494.5 125
-1494.3 121
-1494.1 124
-1493.9 120
-1493.7 147
-1493.5 120
-1493.3 145
-1493.1 143
-1492.9 130
-1492.7 133
-1492.5 129
-1492.3 127
-1492.1 124
-1491.9 118
-1491.7 131
-1491.5 109
-1491.3 133
-1491.1 128
-1490.9 117
-1490.7 112
-1490.5 130
-1490.3 118
-1490.1 116
-1489.9 137
-1489.7 107
-1489.5 143
-1489.3 118
-1489.1 129
-1488.9 130
-1488.7 148
-1488.5 122
-1488.3 145
-1488.1 116
-1487.9 105
-1487.7 136
-1487.5 126
-1487.3 133
-1487.1 125
-1486.9 136
-1486.7 147
-1486.5 115
-1486.3 147
-1486.1 100
-1485.9 142
-1485.7 133
-1485.5 137
-1485.3 126
-1485.1 120
-1484.9 113
-1484.7 137
-1484.5 91
-1484.3 104
-1484.1 119
-1483.9 117
-1483.7 119
-1483.5 112
-1483.3 115
-1483.1 109
-1482.9 98
-1482.7 123
-1482.5 106
-1482.3 114
-1482.1 119
-1481.9 108
-1481.7 124
-1481.5 115
-1481.3 127
-1481.1 121
-1480.9 106
-1480.7 107
-1480.5 114
-1480.3 110
-1480.1 113
-1479.9 120
-1479.7 114
-1479.5 114
-1479.3 123
-1479.1 108
-1478.9 123
-1478.7 140
-1478.5 120
-1478.3 117
-1478.1 127
-1477.9 120
-1477.7 120
-1477.5 130
-1477.3 135
-1477.1 132
-1476.9 137
-1476.7 130
-1476.5 129
-1476.3 137
-1476.1 155
-1475.9 145
-1475.7 114
-1475.5 140
-1475.3 136
-1475.1 123
-1474.9 127
-1474.7 140
-1474.5 152
-1474.3 136
-1474.1 137
-1473.9 139
-1473.7 133
-1473.5 132
-1473.3 102
-1473.1 155
-1472.9 137
-1472.7 134
-1472.5 133
-1472.3 137
-1472.1 134
-1471.9 160
-1471.7 118
-1471.5 129
-1471.3 136
-1471.1 117
-1470.9 124
-1470.7 127
-1470.5 133
-1470.3 112
-1470.1 113
-1469.9 128
-1469.7 121
-1469.5 112
-1469.3 114
-1469.1 116
-1468.9 130
-1468.7 142
-1468.5 113
-1468.3 119
-1468.1 100
-1467.9 102
-1467.7 131
-1467.5 132
-1467.3 121
-1467.1 113
-1466.9 117
-1466.7 119
-1466.5 123
-1466.3 129
-1466.1 104
-1465.9 115
-1465.7 117
-1465.5 103
-1465.3 132
-1465.1 142
-1464.9 118
-1464.7 110
-1464.5 125
-1464.3 107
-1464.1 114
-1463.9 146
-1463.7 150
-1463.5 143
-1463.3 149
-1463.1 111
-1462.9 135
-1462.7 136
-1462.5 144
-1462.3 134
-1462.1 140
-1461.9 129
-1461.7 133
-1461.5 144
-1461.3 128
-1461.1 140
-1460.9 136
-1460.7 125
-1460.5 119
-1460.3 135
-1460.1 139
-1459.9 134
-1459.7 131
-1459.5 173
-1459.3 156
-1459.1 145
-1458.9 136
-1458.7 124
-1458.5 146
-1458.3 151
-1458.1 125
-1457.9 141
-1457.7 137
-1457.5 131
-1457.3 138
-1457.1 126
-1456.9 125
-1456.7 117
-1456.5 136
-1456.3 135
-1456.1 143
-1455.9 130
-1455.7 130
-1455.5 125
-1455.3 134
-1455.1 131
-1454.9 136
-1454.7 125
-1454.5 124
-1454.3 132
-1454.1 114
-1453.9 98
-1453.7 114
-1453.5 128
-1453.3 122
-1453.1 139
-1452.9 110
-1452.7 116
-1452.5 122
-1452.3 130
-1452.1 117
-1451.9 113
-1451.7 113
-1451.5 122
-1451.3 150
-1451.1 109
-1450.9 141
-1450.7 109
-1450.5 110
-1450.3 108
-1450.1 113
-1449.9 117
-1449.7 123
-1449.5 125
-1449.3 129
-1449.1 114
-1448.9 123
-1448.7 134
-1448.5 126
-1448.3 128
-1448.1 138
-1447.9 130
-1447.7 106
-1447.5 117
-1447.3 117
-1447.1 121
-1446.9 144
-1446.7 103
-1446.5 146
-1446.3 110
-1446.1 117
-1445.9 130
-1445.7 134
-1445.5 121
-1445.3 157
-1445.1 131
-1444.9 115
-1444.7 166
-1444.5 144
-1444.3 154
-1444.1 140
-1443.9 130
-1443.7 144
-1443.5 177
-1443.3 150
-1443.1 137
-1442.9 111
-1442.7 127
-1442.5 149
-1442.3 144
-1442.1 139
-1441.9 137
-1441.7 120
-1441.5 156
-1441.3 139
-1441.1 108
-1440.9 112
-1440.7 130
-1440.5 123
-1440.3 129
-1440.1 130
-1439.9 136
-1439.7 121
-1439.5 120
-1439.3 113
-1439.1 118
-1438.9 129
-1438.7 123
-1438.5 119
-1438.3 147
-1438.1 112
-1437.9 120
-1437.7 125
-1437.5 120
-1437.3 97
-1437.1 121
-1436.9 106
-1436.7 109
-1436.5 108
-1436.3 129
-1436.1 103
-1435.9 127
-1435.7 115
-1435.5 124
-1435.3 106
-1435.1 100
-1434.9 95
-1434.7 107
-1434.5 120
-1434.3 97
-1434.1 123
-1433.9 116
-1433.7 122
-1433.5 118
-1433.3 107
-1433.1 133
-1432.9 107
-1432.7 111
-1432.5 92
-1432.3 116
-1432.1 124
-1431.9 108
-1431.7 120
-1431.5 124
-1431.3 118
-1431.1 124
-1430.9 124
-1430.7 113
-1430.5 133
-1430.3 136
-1430.1 128
-1429.9 152
-1429.7 130
-1429.5 146
-1429.3 132
-1429.1 137
-1428.9 137
-1428.7 146
-1428.5 155
-1428.3 148
-1428.1 121
-1427.9 134
-1427.7 137
-1427.5 143
-1427.3 136
-1427.1 149
-1426.9 141
-1426.7 142
-1426.5 137
-1426.3 144
-1426.1 135
-1425.9 156
-1425.7 122
-1425.5 147
-1425.3 129
-1425.1 137
-1424.9 127
-1424.7 127
-1424.5 145
-1424.3 116
-1424.1 127
-1423.9 121
-1423.7 114
-1423.5 114
-1423.3 123
-1423.1 109
-1422.9 129
-1422.7 116
-1422.5 113
-1422.3 112
-1422.1 113
-1421.9 107
-1421.7 124
-1421.5 112
-1421.3 129
-1421.1 121
-1420.9 115
-1420.7 109
-1420.5 132
-1420.3 99
-1420.1 127
-1419.9 136
-1419.7 111
-1419.5 127
-1419.3 124
-1419.1 109
-1418.9 122
-1418.7 123
-1418.5 123
-1418.3 115
-1418.1 127
-1417.9 127
-1417.7 109
-1417.5 121
-1417.3 115
-1417.1 136
-1416.9 125
-1416.7 143
-1416.5 130
-1416.3 137
-1416.1 132
-1415.9 121
-1415.7 123
-1415.5 143
-1415.3 142
-1415.1 119
-1414.9 123
-1414.7 154
-1414.5 135
-1414.3 135
-1414.1 164
-1413.9 152
-1413.7 133
-1413.5 130
-1413.3 141
-1413.1 129
-1412.9 116
-1412.7 131
-1412.5 133
-1412.3 139
-1412.1 125
-1411.9 151
-1411.7 127
-1411.5 139
-1411.3 126
-1411.1 132
-1410.9 145
-1410.7 142
-1410.5 130
-1410.3 134
-1410.1 125
-1409.9 129
-1409.7 123
-1409.5 127
-1409.3 128
-1409.1 137
-1408.9 118
-1408.7 127
-1408.5 118
-1408.3 112
-1408.1 106
-1407.9 113
-1407.7 110
-1407.5 112
-1407.3 129
-1407.1 134
-1406.9 123
-1406.7 115
-1406.5 97
-1406.3 119
-1406.1 126
-1405.9 106
-1405.7 115
-1405.5 116
-1405.3 122
-1405.1 108
-1404.9 109
-1404.7 118
-1404.5 116
-1404.3 112
-1404.1 112
-1403.9 116
-1403.7 117
-1403.5 112
-1403.3 144
-1403.1 130
-1402.9 125
-1402.7 112
-1402.5 123
-1402.3 118
-1402.1 137
-1401.9 128
-1401.7 154
-1401.5 122
-1401.3 133
-1401.1 128
-1400.9 121
-1400.7 143
-1400.5 118
-1400.3 144
-1400.1 123
-1399.9 125
-1399.7 123
-1399.5 124
-1399.3 134
-1399.1 121
-1398.9 130
-1398.7 142
-1398.5 139
-1398.3 142
-1398.1 143
-1397.9 114
-1397.7 106
-1397.5 135
-1397.3 104
-1397.1 122
-1396.9 136
-1396.7 120
-1396.5 128
-1396.3 124
-1396.1 128
-1395.9 135
-1395.7 112
-1395.5 129
-1395.3 117
-1395.1 128
-1394.9 119
-1394.7 122
-1394.5 126
-1394.3 111
-1394.1 113
-1393.9 108
-1393.7 122
-1393.5 111
-1393.3 122
-1393.1 107
-1392.9 127
-1392.7 127
-1392.5 126
-1392.3 123
-1392.1 103
-1391.9 119
-1391.7 113
-1391.5 108
-1391.3 126
-1391.1 100
-1390.9 123
-1390.7 98
-1390.5 114
-1390.3 116
-1390.1 128
-1389.9 108
-1389.7 129
-1389.5 124
-1389.3 110
-1389.1 113
-1388.9 120
-1388.7 109
-1388.5 125
-1388.3 105
-1388.1 117
-1387.9 134
-1387.7 140
-1387.5 140
-1387.3 132
-1387.1 123
-1386.9 125
-1386.7 114
-1386.5 102
-1386.3 109
-1386.1 120
-1385.9 118
-1385.7 108
-1385.5 147
-1385.3 122
-1385.1 122
-1384.9 132
-1384.7 122
-1384.5 117
-1384.3 122
-1384.1 125
-1383.9 122
-1383.7 119
-1383.5 108
-1383.3 120
-1383.1 116
-1382.9 125
-1382.7 114
-1382.5 127
-1382.3 103
-1382.1 136
-1381.9 132
-1381.7 129
-1381.5 117
-1381.3 108
-1381.1 105
-1380.9 132
-1380.7 133
-1380.5 128
-1380.3 122
-1380.1 114
-1379.9 147
-1379.7 126
-1379.5 120
-1379.3 132
-1379.1 123
-1378.9 116
-1378.7 124
-1378.5 115
-1378.3 121
-1378.1 117
-1377.9 129
-1377.7 124
-1377.5 108
-1377.3 103
-1377.1 120
-1376.9 133
-1376.7 93
-1376.5 121
-1376.3 127
-1376.1 119
-1375.9 125
-1375.7 119
-1375.5 132
-1375.3 105
-1375.1 129
-1374.9 123
-1374.7 125
-1374.5 122
-1374.3 133
-1374.1 120
-1373.9 131
-1373.7 102
-1373.5 135
-1373.3 118
-1373.1 127
-1372.9 112
-1372.7 108
-1372.5 104
-1372.3 112
-1372.1 115
-1371.9 119
-1371.7 138
-1371.5 141
-1371.3 111
-1371.1 122
-1370.9 120
-1370.7 118
-1370.5 125
-1370.3 116
-1370.1 135
-1369.9 121
-1369.7 116
-1369.5 120
-1369.3 94
-1369.1 111
-1368.9 109
-1368.7 121
-1368.5 100
-1368.3 108
-1368.1 130
-1367.9 122
-1367.7 128
-1367.5 118
-1367.3 111
-1367.1 108
-1366.9 105
-1366.7 110
-1366.5 101
-1366.3 101
-1366.1 110
-1365.9 100
-1365.7 100
-1365.5 95
-1365.3 94
-1365.1 94
-1364.9 95
-1364.7 94
-1364.5 99
-1364.3 83
-1364.1 95
-1363.9 95
-1363.7 78
-1363.5 81
-1363.3 86
-1363.1 87
-1362.9 84
-1362.7 85
-1362.5 105
-1362.3 92
-1362.1 55
-1361.9 76
-1361.7 85
-1361.5 92
-1361.3 84
-1361.1 79
-1360.9 87
-1360.7 79
-1360.5 72
-1360.3 65
-1360.1 51
-1359.9 74
-1359.7 63
-1359.5 78
-1359.3 59
-1359.1 60
-1358.9 55
-1358.7 50
-1358.5 71
-1358.3 72
-1358.1 60
-1357.9 56
-1357.7 54
-1357.5 53
-1357.3 53
-1357.1 66
-1356.9 60
-1356.7 54
-1356.5 46
-1356.3 51
-1356.1 44
-1355.9 45
-1355.7 49
-1355.5 63
-1355.3 44
-1355.1 52
-1354.9 36
-1354.7 29
-1354.5 53
-1354.3 38
-1354.1 40
-1353.9 34
-1353.7 30
-1353.5 41
-1353.3 28
-1353.1 32
-1352.9 32
-1352.7 28
-1352.5 33
-1352.3 28
-1352.1 24
-1351.9 24
-1351.7 20
-1351.5 27
-1351.3 29
-1351.1 21
-1350.9 33
-1350.7 29
-1350.5 24
-1350.3 18
-1350.1 22
-1349.9 25
-1349.7 30
-1349.5 15
-1349.3 16
-1349.1 11
-1348.9 18
-1348.7 12
-1348.5 22
-1348.3 16
-1348.1 16
-1347.9 11
-1347.7 13
-1347.5 8
-1347.3 10
-1347.1 13
-1346.9 10
-1346.7 11
-1346.5 11
-1346.3 10
-1346.1 9
-1345.9 12
-1345.7 12
-1345.5 4
-1345.3 8
-1345.1 6
-1344.9 5
-1344.7 5
-1344.5 5
-1344.3 9
-1344.1 7
-1343.9 2
-1343.7 7
-1343.5 8
-1343.3 6
-1343.1 3
-1342.9 3
-1342.7 10
-1342.5 5
-1342.3 7
-1342.1 2
-1341.9 6
-1341.7 6
-1341.5 5
-1341.3 9
-1341.1 3
-1340.9 2
-1340.7 2
-1340.5 6
-1340.3 7
-1340.1 2
-1339.9 4
-1339.7 1
-1339.5 3
-1339.3 3
-1339.1 2
-1338.9 8
-1338.7 4
-1338.5 2
-1338.3 4
-1338.1 3
-1337.9 1
-1337.7 2
-1337.5 2
-1337.3 2
-1337.1 0
-1336.9 1
-1336.7 2
-1336.5 4
-1336.3 3
-1336.1 2
-1335.9 0
-1335.7 0
-1335.5 1
-1335.3 1
-1335.1 1
-1334.9 0
-1334.7 0
-1334.5 2
-1334.3 2
-1334.1 1
-1333.9 2
-1333.7 0
-1333.5 1
-1333.3 0
-1333.1 0
-1332.9 1
-1332.7 2
-1332.5 1
-1332.3 1
-1332.1 0
-1331.9 2
-1331.7 0
-1331.5 0
-1331.3 1
-1331.1 0
-1330.9 0
-1330.7 0
-1330.5 0
-1330.3 0
-1330.1 1
-1329.9 1
-1329.7 0
-1329.5 0
-1329.3 1
-1329.1 0
-1328.9 0
-1328.7 1
-1328.5 0
-1328.3 1
-1328.1 0
-1327.9 1
-1327.7 0
-1327.5 0
-1327.3 1
-1327.1 0
-1326.9 1
-1326.7 0
-1326.5 0
-1326.3 0
-1326.1 1
-1325.9 0
-1325.7 0
-1325.5 1
-1325.3 0
-1325.1 2
-1324.9 0
-1324.7 0
-1324.5 0
-1324.3 0
-1324.1 1
-1323.9 0
-1323.7 0
-1323.5 0
-1323.3 1
-1323.1 0
-1322.9 1
-1322.7 0
-1322.5 0
-1322.3 1
-1322.1 0
-1321.9 1
-1321.7 0
-1321.5 1
-1321.3 0
-1321.1 0
-1320.9 1
-1320.7 0
-1320.5 0
-1320.3 1
-1320.1 1
-1319.9 1
-1319.7 1
-1319.5 0
-1319.3 1
-1319.1 0
-1318.9 0
-1318.7 0
-1318.5 0
-1318.3 0
-1318.1 0
-1317.9 0
-1317.7 1
-1317.5 0
-1317.3 0
-1317.1 0
-1316.9 0
-1316.7 0
-1316.5 0
-1316.3 0
-1316.1 0
-1315.9 0
-1315.7 0
-1315.5 0
-1315.3 0
-1315.1 0
-1314.9 0
-1314.7 0
-1314.5 0
-1314.3 0
-1314.1 0
-1313.9 1
-1313.7 0
-1313.5 1
-1313.3 1
-1313.1 0
-1312.9 0
-1312.7 0
-1312.5 1
-1312.3 0
-1312.1 1
-1311.9 0
-1311.7 0
-1311.5 1
-1311.3 0
-1311.1 2
-1310.9 0
-1310.7 1
-1310.5 2
-1310.3 0
-1310.1 0
-1309.9 1
-1309.7 0
-1309.5 0
-1309.3 0
-1309.1 0
-1308.9 0
-1308.7 1
-1308.5 1
-1308.3 0
-1308.1 0
-1307.9 0
-1307.7 1
-1307.5 0
-1307.3 0
-1307.1 0
-1306.9 1
-1306.7 0
-1306.5 0
-1306.3 1
-1306.1 0
-1305.9 1
-1305.7 0
-1305.5 0
-1305.3 0
-1305.1 2
-1304.9 0
-1304.7 0
-1304.5 0
-1304.3 1
-1304.1 0
-1303.9 1
-1303.7 0
-1303.5 1
-1303.3 0
-1303.1 0
-1302.9 0
-1302.7 0
-1302.5 0
-1302.3 2
-1302.1 0
-1301.9 0
-1301.7 1
-1301.5 0
-1301.3 0
-1301.1 0
-1300.9 0
-1300.7 0
-1300.5 0
-1300.3 0
-1300.1 2
