-1599.9 0
-1599.7 0
-1599.5 0
-1599.3 0
-1599.1 0
-1598.9 0
-1598.7 0
-1598.5 1
-1598.3 0
-1598.1 1
-1597.9 0
-1597.7 0
-1597.5 0
-1597.3 0
-1597.1 0
-1596.9 0
-1596.7 0
-1596.5 0
-1596.3 0
-1596.1 0
-1595.9 0
-1595.7 0
-1595.5 0
-1595.3 0
-1595.1 1
-1594.9 0
-1594.7 0
-1594.5 1
-1594.3 0
-1594.1 0
-1593.9 0
-1593.7 0
-1593.5 0
-1593.3 0
-1593.1 0
-1592.9 0
-1592.7 0
-1592.5 0
-1592.3 0
-1592.1 0
-1591.9 0
-1591.7 0
-1591.5 0
-1591.3 0
-1591.1 0
-1590.9 0
-1590.7 0
-1590.5 1
-1590.3 0
-1590.1 0
-1589.9 0
-1589.7 0
-1589.5 0
-1589.3 0
-1589.1 0
-1588.9 0
-1588.7 0
-1588.5 1
-1588.3 0
-1588.1 0
-1587.9 0
-1587.7 0
-1587.5 0
-1587.3 0
-1587.1 0
-1586.9 0
-1586.7 0
-1586.5 0
-1586.3 0
-1586.1 0
-1585.9 0
-1585.7 0
-1585.5 0
-1585.3 0
-1585.1 0
-1584.9 0
-1584.7 0
-1584.5 0
-1584.3 0
-1584.1 1
-1583.9 0
-1583.7 0
-1583.5 0
-1583.3 0
-1583.1 0
-1582.9 0
-1582.7 0
-1582.5 0
-1582.3 1
-1582.1 0
-1581.9 0
-1581.7 1
-1581.5 0
-1581.3 1
-1581.1 0
-1580.9 0
-1580.7 0
-1580.5 0
-1580.3 0
-1580.1 0
-1579.9 0
-1579.7 0
-1579.5 0
-1579.3 0
-1579.1 0
-1578.9 0
-1578.7 0
-1578.5 0
-1578.3 0
-1578.1 0
-1577.9 0
-1577.7 1
-1577.5 3
-1577.3 2
-1577.1 2
-1576.9 0
-1576.7 3
-1576.5 1
-1576.3 3
-1576.1 3
-1575.9 5
-1575.7 3
-1575.5 2
-1575.3 4
-1575.1 6
-1574.9 11
-1574.7 9
-1574.5 6
-1574.3 6
-1574.1 9
-1573.9 11
-1573.7 14
-1573.5 16
-1573.3 12
-1573.1 12
-1572.9 19
-1572.7 16
-1572.5 19
-1572.3 19
-1572.1 27
-1571.9 17
-1571.7 16
-1571.5 22
-1571.3 19
-1571.1 16
-1570.9 20
-1570.7 18
-1570.5 18
-1570.3 20
-1570.1 24
-1569.9 33
-1569.7 24
-1569.5 26
-1569.3 23
-1569.1 27
-1568.9 35
-1568.7 36
-1568.5 29
-1568.3 36
-1568.1 50
-1567.9 45
-1567.7 44
-1567.5 43
-1567.3 41
-1567.1 35
-1566.9 40
-1566.7 45
-1566.5 42
-1566.3 49
-1566.1 48
-1565.9 57
-1565.7 52
-1565.5 51
-1565.3 62
-1565.1 67
-1564.9 54
-1564.7 56
-1564.5 62
-1564.3 59
-1564.1 69
-1563.9 65
-1563.7 66
-1563.5 82
-1563.3 75
-1563.1 72
-1562.9 86
-1562.7 85
-1562.5 86
-1562.3 92
-1562.1 83
-1561.9 74
-1561.7 91
-1561.5 116
-1561.3 89
-1561.1 99
-1560.9 108
-1560.7 103
-1560.5 95
-1560.3 101
-1560.1 98
-1559.9 105
-1559.7 109
-1559.5 120
-1559.3 111
-1559.1 112
-1558.9 113
-1558.7 112
-1558.5 144
-1558.3 121
-1558.1 134
-1557.9 132
-1557.7 146
-1557.5 131
-1557.3 112
-1557.1 133
-1556.9 128
-1556.7 124
-1556.5 146
-1556.3 149
-1556.1 155
-1555.9 167
-1555.7 150
-1555.5 147
-1555.3 143
-1555.1 141
-1554.9 170
-1554.7 153
-1554.5 147
-1554.3 137
-1554.1 177
-1553.9 156
-1553.7 170
-1553.5 161
-1553.3 142
-1553.1 141
-1552.9 181
-1552.7 161
-1552.5 165
-1552.3 177
-1552.1 165
-1551.9 168
-1551.7 186
-1551.5 168
-1551.3 181
-1551.1 192
-1550.9 175
-1550.7 163
-1550.5 175
-1550.3 193
-1550.1 184
-1549.9 187
-1549.7 158
-1549.5 170
-1549.3 193
-1549.1 158
-1548.9 165
-1548.7 187
-1548.5 177
-1548.3 204
-1548.1 177
-1547.9 179
-1547.7 171
-1547.5 191
-1547.3 172
-1547.1 198
-1546.9 178
-1546.7 179
-1546.5 180
-1546.3 176
-1546.1 175
-1545.9 181
-1545.7 178
-1545.5 194
-1545.3 202
-1545.1 154
-1544.9 175
-1544.7 178
-1544.5 155
-1544.3 176
-1544.1 177
-1543.9 136
-1543.7 156
-1543.5 172
-1543.3 167
-1543.1 169
-1542.9 195
-1542.7 162
-1542.5 165
-1542.3 164
-1542.1 163
-1541.9 149
-1541.7 170
-1541.5 149
-1541.3 145
-1541.1 170
-1540.9 143
-1540.7 170
-1540.5 183
-1540.3 169
-1540.1 145
-1539.9 165
-1539.7 153
-1539.5 170
-1539.3 175
-1539.1 161
-1538.9 131
-1538.7 156
-1538.5 180
-1538.3 185
-1538.1 145
-1537.9 141
-1537.7 140
-1537.5 164
-1537.3 163
-1537.1 155
-1536.9 138
-1536.7 167
-1536.5 146
-1536.3 169
-1536.1 158
-1535.9 159
-1535.7 154
-1535.5 153
-1535.3 148
-1535.1 158
-1534.9 159
-1534.7 173
-1534.5 144
-1534.3 141
-1534.1 159
-1533.9 140
-1533.7 135
-1533.5 170
-1533.3 143
-1533.1 171
-1532.9 165
-1532.7 154
-1532.5 157
-1532.3 157
-1532.1 149
-1531.9 163
-1531.7 168
-1531.5 139
-1531.3 151
-1531.1 175
-1530.9 163
-1530.7 155
-1530.5 151
-1530.3 153
-1530.1 140
-1529.9 160
-1529.7 128
-1529.5 151
-1529.3 130
-1529.1 154
-1528.9 156
-1528.7 131
-1528.5 148
-1528.3 149
-1528.1 146
-1527.9 143
-1527.7 145
-1527.5 138
-1527.3 144
-1527.1 135
-1526.9 143
-1526.7 139
-1526.5 140
-1526.3 162
-1526.1 167
-1525.9 151
-1525.7 138
-1525.5 145
-1525.3 142
-1525.1 165
-1524.9 134
-1524.7 148
-1524.5 131
-1524.3 152
-1524.1 142
-1523.9 135
-1523.7 142
-1523.5 133
-1523.3 154
-1523.1 147
-1522.9 139
-1522.7 148
-1522.5 140
-1522.3 160
-1522.1 148
-1521.9 159
-1521.7 129
-1521.5 145
-1521.3 127
-1521.1 134
-1520.9 153
-1520.7 146
-1520.5 142
-1520.3 151
-1520.1 125
-1519.9 142
-1519.7 150
-1519.5 147
-1519.3 156
-1519.1 160
-1518.9 146
-1518.7 141
-1518.5 161
-1518.3 149
-1518.1 135
-1517.9 146
-1517.7 142
-1517.5 164
-1517.3 175
-1517.1 132
-1516.9 134
-1516.7 138
-1516.5 146
-1516.3 141
-1516.1 151
-1515.9 149
-1515.7 144
-1515.5 144
-1515.3 147
-1515.1 158
-1514.9 131
-1514.7 169
-1514.5 156
-1514.3 147
-1514.1 134
-1513.9 157
-1513.7 150
-1513.5 150
-1513.3 148
-1513.1 156
-1512.9 124
-1512.7 149
-1512.5 139
-1512.3 131
-1512.1 141
-1511.9 113
-1511.7 152
-1511.5 137
-1511.3 129
-1511.1 144
-1510.9 138
-1510.7 129
-1510.5 135
-1510.3 110
-1510.1 118
-1509.9 118
-1509.7 134
-1509.5 123
-1509.3 147
-1509.1 124
-1508.9 119
-1508.7 137
-1508.5 130
-1508.3 131
-1508.1 139
-1507.9 106
-1507.7 124
-1507.5 129
-1507.3 117
-1507.1 132
-1506.9 141
-1506.7 121
-1506.5 130
-1506.3 142
-1506.1 143
-1505.9 114
-1505.7 131
-1505.5 137
-1505.3 159
-1505.1 123
-1504.9 137
-1504.7 141
-1504.5 129
-1504.3 132
-1504.1 159
-1503.9 145
-1503.7 146
-1503.5 132
-1503.3 149
-1503.1 129
-1502.9 147
-1502.7 127
-1502.5 119
-1502.3 128
-1502.1 135
-1501.9 163
-1501.7 157
-1501.5 130
-1501.3 142
-1501.1 155
-1500.9 154
-1500.7 136
-1500.5 156
-1500.3 160
-1500.1 139
-1499.9 152
-1499.7 123
-1499.5 167
-1499.3 160
-1499.1 139
-1498.9 121
-1498.7 137
-1498.5 152
-1498.3 137
-1498.1 163
-1497.9 158
-1497.7 150
-1497.5 151
-1497.3 159
-1497.1 141
-1496.9 149
-1496.7 141
-1496.5 160
-1496.3 154
-1496.1 156
-1495.9 143
-1495.7 147
-1495.5 150
-1495.3 130
-1495.1 151
-1494.9 143
-1494.7 160
-1494.5 159
-1494.3 134
-1494.1 121
-1493.9 141
-1493.7 142
-1493.5 116
-1493.3 157
-1493.1 135
-1492.9 145
-1492.7 123
-1492.5 128
-1492.3 150
-1492.1 129
-1491.9 139
-1491.7 127
-1491.5 102
-1491.3 117
-1491.1 120
-1490.9 144
-1490.7 134
-1490.5 145
-1490.3 121
-1490.1 104
-1489.9 121
-1489.7 126
-1489.5 122
-1489.3 129
-1489.1 109
-1488.9 126
-1488.7 151
-1488.5 135
-1488.3 131
-1488.1 135
-1487.9 136
-1487.7 143
-1487.5 147
-1487.3 117
-1487.1 139
-1486.9 146
-1486.7 147
-1486.5 152
-1486.3 145
-1486.1 124
-1485.9 159
-1485.7 151
-1485.5 137
-1485.3 141
-1485.1 141
-1484.9 155
-1484.7 150
-1484.5 124
-1484.3 147
-1484.1 155
-1483.9 164
-1483.7 154
-1483.5 142
-1483.3 151
-1483.1 147
-1482.9 175
-1482.7 169
-1482.5 180
-1482.3 179
-1482.1 124
-1481.9 151
-1481.7 164
-1481.5 157
-1481.3 122
-1481.1 127
-1480.9 141
-1480.7 137
-1480.5 147
-1480.3 150
-1480.1 155
-1479.9 145
-1479.7 153
-1479.5 168
-1479.3 150
-1479.1 157
-1478.9 139
-1478.7 137
-1478.5 139
-1478.3 144
-1478.1 136
-1477.9 137
-1477.7 121
-1477.5 108
-1477.3 133
-1477.1 132
-1476.9 135
-1476.7 115
-1476.5 123
-1476.3 138
-1476.1 125
-1475.9 107
-1475.7 151
-1475.5 130
-1475.3 107
-1475.1 116
-1474.9 120
-1474.7 112
-1474.5 137
-1474.3 137
-1474.1 119
-1473.9 119
-1473.7 120
-1473.5 110
-1473.3 133
-1473.1 127
-1472.9 114
-1472.7 122
-1472.5 121
-1472.3 121
-1472.1 123
-1471.9 142
-1471.7 121
-1471.5 150
-1471.3 138
-1471.1 145
-1470.9 141
-1470.7 124
-1470.5 152
-1470.3 126
-1470.1 140
-1469.9 159
-1469.7 150
-1469.5 163
-1469.3 141
-1469.1 152
-1468.9 167
-1468.7 147
-1468.5 156
-1468.3 143
-1468.1 165
-1467.9 163
-1467.7 165
-1467.5 154
-1467.3 172
-1467.1 156
-1466.9 167
-1466.7 153
-1466.5 149
-1466.3 157
-1466.1 135
-1465.9 169
-1465.7 165
-1465.5 174
-1465.3 177
-1465.1 159
-1464.9 142
-1464.7 189
-1464.5 133
-1464.3 150
-1464.1 146
-1463.9 143
-1463.7 161
-1463.5 142
-1463.3 133
-1463.1 149
-1462.9 149
-1462.7 143
-1462.5 143
-1462.3 129
-1462.1 164
-1461.9 144
-1461.7 125
-1461.5 134
-1461.3 126
-1461.1 128
-1460.9 130
-1460.7 134
-1460.5 127
-1460.3 120
-1460.1 130
-1459.9 122
-1459.7 110
-1459.5 130
-1459.3 131
-1459.1 135
-1458.9 122
-1458.7 142
-1458.5 118
-1458.3 113
-1458.1 131
-1457.9 123
-1457.7 122
-1457.5 147
-1457.3 94
-1457.1 136
-1456.9 150
-1456.7 139
-1456.5 124
-1456.3 122
-1456.1 157
-1455.9 152
-1455.7 139
-1455.5 154
-1455.3 128
-1455.1 118
-1454.9 107
-1454.7 136
-1454.5 151
-1454.3 147
-1454.1 131
-1453.9 126
-1453.7 121
-1453.5 145
-1453.3 133
-1453.1 153
-1452.9 130
-1452.7 145
-1452.5 142
-1452.3 128
-1452.1 142
-1451.9 143
-1451.7 139
-1451.5 138
-1451.3 142
-1451.1 159
-1450.9 153
-1450.7 130
-1450.5 145
-1450.3 165
-1450.1 161
-1449.9 158
-1449.7 151
-1449.5 132
-1449.3 139
-1449.1 129
-1448.9 156
-1448.7 160
-1448.5 136
-1448.3 146
-1448.1 150
-1447.9 148
-1447.7 156
-1447.5 136
-1447.3 150
-1447.1 158
-1446.9 142
-1446.7 138
-1446.5 167
-1446.3 127
-1446.1 148
-1445.9 156
-1445.7 136
-1445.5 113
-1445.3 167
-1445.1 123
-1444.9 159
-1444.7 145
-1444.5 116
-1444.3 138
-1444.1 137
-1443.9 145
-1443.7 152
-1443.5 167
-1443.3 156
-1443.1 134
-1442.9 170
-1442.7 127
-1442.5 122
-1442.3 152
-1442.1 138
-1441.9 157
-1441.7 146
-1441.5 123
-1441.3 146
-1441.1 126
-1440.9 119
-1440.7 128
-1440.5 121
-1440.3 130
-1440.1 138
-1439.9 138
-1439.7 126
-1439.5 127
-1439.3 128
-1439.1 126
-1438.9 117
-1438.7 118
-1438.5 127
-1438.3 137
-1438.1 144
-1437.9 126
-1437.7 130
-1437.5 136
-1437.3 143
-1437.1 143
-1436.9 131
-1436.7 144
-1436.5 128
-1436.3 153
-1436.1 135
-1435.9 136
-1435.7 126
-1435.5 128
-1435.3 145
-1435.1 163
-1434.9 132
-1434.7 140
-1434.5 157
-1434.3 131
-1434.1 129
-1433.9 144
-1433.7 154
-1433.5 137
-1433.3 133
-1433.1 138
-1432.9 148
-1432.7 154
-1432.5 130
-1432.3 132
-1432.1 126
-1431.9 170
-1431.7 133
-1431.5 149
-1431.3 127
-1431.1 152
-1430.9 143
-1430.7 142
-1430.5 148
-1430.3 143
-1430.1 147
-1429.9 124
-1429.7 152
-1429.5 153
-1429.3 168
-1429.1 117
-1428.9 146
-1428.7 121
-1428.5 135
-1428.3 126
-1428.1 142
-1427.9 131
-1427.7 135
-1427.5 109
-1427.3 139
-1427.1 140
-1426.9 119
-1426.7 121
-1426.5 145
-1426.3 141
-1426.1 137
-1425.9 118
-1425.7 138
-1425.5 140
-1425.3 141
-1425.1 131
-1424.9 143
-1424.7 123
-1424.5 119
-1424.3 117
-1424.1 126
-1423.9 142
-1423.7 138
-1423.5 125
-1423.3 139
-1423.1 148
-1422.9 120
-1422.7 115
-1422.5 131
-1422.3 138
-1422.1 132
-1421.9 131
-1421.7 152
-1421.5 142
-1421.3 138
-1421.1 149
-1420.9 131
-1420.7 152
-1420.5 148
-1420.3 149
-1420.1 146
-1419.9 133
-1419.7 137
-1419.5 136
-1419.3 137
-1419.1 143
-1418.9 148
-1418.7 143
-1418.5 142
-1418.3 129
-1418.1 143
-1417.9 149
-1417.7 133
-1417.5 127
-1417.3 139
-1417.1 149
-1416.9 124
-1416.7 129
-1416.5 134
-1416.3 131
-1416.1 151
-1415.9 137
-1415.7 143
-1415.5 135
-1415.3 139
-1415.1 138
-1414.9 132
-1414.7 118
-1414.5 157
-1414.3 137
-1414.1 121
-1413.9 144
-1413.7 131
-1413.5 129
-1413.3 130
-1413.1 142
-1412.9 114
-1412.7 133
-1412.5 141
-1412.3 117
-1412.1 150
-1411.9 156
-1411.7 128
-1411.5 160
-1411.3 139
-1411.1 137
-1410.9 162
-1410.7 139
-1410.5 148
-1410.3 146
-1410.1 139
-1409.9 137
-1409.7 118
-1409.5 156
-1409.3 141
-1409.1 118
-1408.9 130
-1408.7 128
-1408.5 127
-1408.3 142
-1408.1 147
-1407.9 131
-1407.7 138
-1407.5 138
-1407.3 152
-1407.1 145
-1406.9 137
-1406.7 143
-1406.5 146
-1406.3 151
-1406.1 146
-1405.9 148
-1405.7 127
-1405.5 138
-1405.3 143
-1405.1 134
-1404.9 153
-1404.7 140
-1404.5 157
-1404.3 141
-1404.1 132
-1403.9 148
-1403.7 157
-1403.5 145
-1403.3 130
-1403.1 138
-1402.9 129
-1402.7 133
-1402.5 161
-1402.3 117
-1402.1 140
-1401.9 160
-1401.7 129
-1401.5 134
-1401.3 129
-1401.1 132
-1400.9 144
-1400.7 127
-1400.5 133
-1400.3 128
-1400.1 128
-1399.9 154
-1399.7 142
-1399.5 138
-1399.3 154
-1399.1 122
-1398.9 111
-1398.7 114
-1398.5 156
-1398.3 120
-1398.1 138
-1397.9 122
-1397.7 139
-1397.5 126
-1397.3 118
-1397.1 127
-1396.9 145
-1396.7 136
-1396.5 127
-1396.3 147
-1396.1 139
-1395.9 149
-1395.7 146
-1395.5 145
-1395.3 137
-1395.1 138
-1394.9 131
-1394.7 151
-1394.5 138
-1394.3 160
-1394.1 140
-1393.9 139
-1393.7 131
-1393.5 148
-1393.3 152
-1393.1 146
-1392.9 130
-1392.7 142
-1392.5 126
-1392.3 152
-1392.1 137
-1391.9 137
-1391.7 129
-1391.5 154
-1391.3 123
-1391.1 132
-1390.9 156
-1390.7 156
-1390.5 144
-1390.3 162
-1390.1 134
-1389.9 128
-1389.7 151
-1389.5 145
-1389.3 148
-1389.1 140
-1388.9 145
-1388.7 116
-1388.5 132
-1388.3 117
-1388.1 134
-1387.9 144
-1387.7 124
-1387.5 145
-1387.3 135
-1387.1 143
-1386.9 157
-1386.7 123
-1386.5 112
-1386.3 131
-1386.1 136
-1385.9 140
-1385.7 129
-1385.5 124
-1385.3 127
-1385.1 143
-1384.9 122
-1384.7 128
-1384.5 131
-1384.3 136
-1384.1 118
-1383.9 134
-1383.7 135
-1383.5 127
-1383.3 130
-1383.1 134
-1382.9 111
-1382.7 128
-1382.5 142
-1382.3 104
-1382.1 131
-1381.9 125
-1381.7 124
-1381.5 122
-1381.3 133
-1381.1 127
-1380.9 118
-1380.7 137
-1380.5 121
-1380.3 138
-1380.1 133
-1379.9 114
-1379.7 144
-1379.5 135
-1379.3 141
-1379.1 129
-1378.9 143
-1378.7 153
-1378.5 126
-1378.3 126
-1378.1 132
-1377.9 142
-1377.7 117
-1377.5 145
-1377.3 135
-1377.1 136
-1376.9 140
-1376.7 134
-1376.5 142
-1376.3 119
-1376.1 158
-1375.9 159
-1375.7 155
-1375.5 137
-1375.3 136
-1375.1 133
-1374.9 115
-1374.7 130
-1374.5 129
-1374.3 142
-1374.1 157
-1373.9 136
-1373.7 136
-1373.5 129
-1373.3 143
-1373.1 131
-1372.9 161
-1372.7 128
-1372.5 113
-1372.3 133
-1372.1 134
-1371.9 130
-1371.7 144
-1371.5 131
-1371.3 128
-1371.1 139
-1370.9 126
-1370.7 128
-1370.5 136
-1370.3 123
-1370.1 139
-1369.9 142
-1369.7 91
-1369.5 119
-1369.3 113
-1369.1 148
-1368.9 118
-1368.7 123
-1368.5 111
-1368.3 117
-1368.1 117
-1367.9 105
-1367.7 103
-1367.5 109
-1367.3 115
-1367.1 107
-1366.9 121
-1366.7 96
-1366.5 113
-1366.3 127
-1366.1 99
-1365.9 118
-1365.7 108
-1365.5 93
-1365.3 103
-1365.1 116
-1364.9 111
-1364.7 119
-1364.5 110
-1364.3 107
-1364.1 106
-1363.9 105
-1363.7 103
-1363.5 93
-1363.3 111
-1363.1 103
-1362.9 99
-1362.7 105
-1362.5 91
-1362.3 97
-1362.1 88
-1361.9 79
-1361.7 94
-1361.5 87
-1361.3 76
-1361.1 84
-1360.9 77
-1360.7 78
-1360.5 81
-1360.3 95
-1360.1 73
-1359.9 65
-1359.7 71
-1359.5 72
-1359.3 71
-1359.1 58
-1358.9 66
-1358.7 61
-1358.5 68
-1358.3 69
-1358.1 68
-1357.9 54
-1357.7 65
-1357.5 53
-1357.3 58
-1357.1 52
-1356.9 62
-1356.7 44
-1356.5 46
-1356.3 54
-1356.1 45
-1355.9 50
-1355.7 29
-1355.5 42
-1355.3 51
-1355.1 45
-1354.9 48
-1354.7 38
-1354.5 42
-1354.3 38
-1354.1 49
-1353.9 36
-1353.7 37
-1353.5 38
-1353.3 39
-1353.1 33
-1352.9 33
-1352.7 45
-1352.5 37
-1352.3 32
-1352.1 33
-1351.9 33
-1351.7 38
-1351.5 38
-1351.3 32
-1351.1 22
-1350.9 24
-1350.7 27
-1350.5 26
-1350.3 19
-1350.1 21
-1349.9 23
-1349.7 20
-1349.5 17
-1349.3 18
-1349.1 24
-1348.9 20
-1348.7 11
-1348.5 20
-1348.3 17
-1348.1 17
-1347.9 24
-1347.7 15
-1347.5 20
-1347.3 12
-1347.1 16
-1346.9 13
-1346.7 10
-1346.5 10
-1346.3 11
-1346.1 13
-1345.9 4
-1345.7 10
-1345.5 13
-1345.3 8
-1345.1 4
-1344.9 15
-1344.7 7
-1344.5 5
-1344.3 11
-1344.1 8
-1343.9 7
-1343.7 11
-1343.5 13
-1343.3 9
-1343.1 7
-1342.9 6
-1342.7 7
-1342.5 4
-1342.3 4
-1342.1 6
-1341.9 4
-1341.7 6
-1341.5 5
-1341.3 2
-1341.1 3
-1340.9 2
-1340.7 7
-1340.5 5
-1340.3 4
-1340.1 2
-1339.9 6
-1339.7 8
-1339.5 6
-1339.3 4
-1339.1 3
-1338.9 3
-1338.7 1
-1338.5 4
-1338.3 0
-1338.1 1
-1337.9 3
-1337.7 0
-1337.5 3
-1337.3 1
-1337.1 3
-1336.9 1
-1336.7 1
-1336.5 1
-1336.3 1
-1336.1 1
-1335.9 1
-1335.7 3
-1335.5 1
-1335.3 1
-1335.1 3
-1334.9 1
-1334.7 2
-1334.5 4
-1334.3 1
-1334.1 0
-1333.9 2
-1333.7 1
-1333.5 1
-1333.3 2
-1333.1 2
-1332.9 3
-1332.7 0
-1332.5 1
-1332.3 3
-1332.1 2
-1331.9 2
-1331.7 0
-1331.5 1
-1331.3 0
-1331.1 1
-1330.9 2
-1330.7 0
-1330.5 0
-1330.3 3
-1330.1 0
-1329.9 0
-1329.7 2
-1329.5 2
-1329.3 1
-1329.1 1
-1328.9 0
-1328.7 0
-1328.5 0
-1328.3 1
-1328.1 0
-1327.9 2
-1327.7 1
-1327.5 1
-1327.3 1
-1327.1 0
-1326.9 0
-1326.7 1
-1326.5 3
-1326.3 0
-1326.1 0
-1325.9 0
-1325.7 0
-1325.5 0
-1325.3 1
-1325.1 0
-1324.9 0
-1324.7 1
-1324.5 0
-1324.3 1
-1324.1 1
-1323.9 0
-1323.7 1
-1323.5 0
-1323.3 3
-1323.1 0
-1322.9 2
-1322.7 1
-1322.5 2
-1322.3 1
-1322.1 0
-1321.9 0
-1321.7 0
-1321.5 0
-1321.3 0
-1321.1 0
-1320.9 1
-1320.7 0
-1320.5 0
-1320.3 1
-1320.1 0
-1319.9 0
-1319.7 0
-1319.5 2
-1319.3 1
-1319.1 0
-1318.9 0
-1318.7 1
-1318.5 2
-1318.3 0
-1318.1 1
-1317.9 0
-1317.7 1
-1317.5 0
-1317.3 0
-1317.1 0
-1316.9 0
-1316.7 0
-1316.5 2
-1316.3 0
-1316.1 1
-1315.9 0
-1315.7 0
-1315.5 1
-1315.3 1
-1315.1 2
-1314.9 0
-1314.7 2
-1314.5 0
-1314.3 0
-1314.1 0
-1313.9 0
-1313.7 0
-1313.5 0
-1313.3 0
-1313.1 0
-1312.9 0
-1312.7 0
-1312.5 1
-1312.3 1
-1312.1 1
-1311.9 0
-1311.7 0
-1311.5 0
-1311.3 1
-1311.1 1
-1310.9 0
-1310.7 0
-1310.5 0
-1310.3 0
-1310.1 0
-1309.9 1
-1309.7 1
-1309.5 0
-1309.3 1
-1309.1 1
-1308.9 0
-1308.7 0
-1308.5 0
-1308.3 0
-1308.1 0
-1307.9 1
-1307.7 0
-1307.5 1
-1307.3 3
-1307.1 1
-1306.9 0
-1306.7 1
-1306.5 0
-1306.3 0
-1306.1 1
-1305.9 0
-1305.7 2
-1305.5 1
-1305.3 2
-1305.1 0
-1304.9 0
-1304.7 0
-1304.5 0
-1304.3 1
-1304.1 0
-1303.9 0
-1303.7 0
-1303.5 1
-1303.3 0
-1303.1 0
-1302.9 0
-1302.7 0
-1302.5 1
-1302.3 0
-1302.1 0
-1301.9 0
-1301.7 0
-1301.5 0
-1301.3 0
-1301.1 0
-1300.9 0
-1300.7 0
-1300.5 0
-1300.3 0
-1300.1 0
