-1599.9 0
-1599.7 0
-1599.5 0
-1599.3 0
-1599.1 0
-1598.9 0
-1598.7 0
-1598.5 0
-1598.3 0
-1598.1 0
-1597.9 0
-1597.7 0
-1597.5 0
-1597.3 0
-1597.1 0
-1596.9 0
-1596.7 0
-1596.5 0
-1596.3 0
-1596.1 0
-1595.9 0
-1595.7 0
-1595.5 0
-1595.3 0
-1595.1 0
-1594.9 0
-1594.7 0
-1594.5 0
-1594.3 0
-1594.1 0
-1593.9 1
-1593.7 0
-1593.5 0
-1593.3 0
-1593.1 0
-1592.9 0
-1592.7 0
-1592.5 0
-1592.3 0
-1592.1 0
-1591.9 0
-1591.7 0
-1591.5 0
-1591.3 0
-1591.1 0
-1590.9 0
-1590.7 0
-1590.5 0
-1590.3 0
-1590.1 0
-1589.9 0
-1589.7 0
-1589.5 0
-1589.3 0
-1589.1 0
-1588.9 0
-1588.7 0
-1588.5 0
-1588.3 0
-1588.1 0
-1587.9 0
-1587.7 0
-1587.5 0
-1587.3 0
-1587.1 0
-1586.9 0
-1586.7 0
-1586.5 1
-1586.3 0
-1586.1 0
-1585.9 0
-1585.7 0
-1585.5 0
-1585.3 0
-1585.1 0
-1584.9 0
-1584.7 0
-1584.5 0
-1584.3 0
-1584.1 0
-1583.9 0
-1583.7 0
-1583.5 0
-1583.3 0
-1583.1 0
-1582.9 0
-1582.7 0
-1582.5 0
-1582.3 1
-1582.1 0
-1581.9 0
-1581.7 0
-1581.5 0
-1581.3 0
-1581.1 1
-1580.9 0
-1580.7 0
-1580.5 0
-1580.3 0
-1580.1 0
-1579.9 0
-1579.7 0
-1579.5 0
-1579.3 0
-1579.1 0
-1578.9 0
-1578.7 0
-1578.5 0
-1578.3 0
-1578.1 0
-1577.9 0
-1577.7 0
-1577.5 0
-1577.3 0
-1577.1 0
-1576.9 0
-1576.7 0
-1576.5 0
-1576.3 0
-1576.1 0
-1575.9 1
-1575.7 0
-1575.5 0
-1575.3 0
-1575.1 0
-1574.9 0
-1574.7 0
-1574.5 0
-1574.3 0
-1574.1 0
-1573.9 0
-1573.7 0
-1573.5 0
-1573.3 0
-1573.1 0
-1572.9 0
-1572.7 0
-1572.5 0
-1572.3 0
-1572.1 0
-1571.9 0
-1571.7 1
-1571.5 0
-1571.3 0
-1571.1 0
-1570.9 0
-1570.7 0
-1570.5 0
-1570.3 0
-1570.1 0
-1569.9 0
-1569.7 0
-1569.5 0
-1569.3 0
-1569.1 0
-1568.9 1
-1568.7 0
-1568.5 1
-1568.3 0
-1568.1 1
-1567.9 0
-1567.7 0
-1567.5 2
-1567.3 2
-1567.1 1
-1566.9 1
-1566.7 2
-1566.5 0
-1566.3 2
-1566.1 3
-1565.9 3
-1565.7 2
-1565.5 3
-1565.3 4
-1565.1 5
-1564.9 9
-1564.7 10
-1564.5 13
-1564.3 9
-1564.1 10
-1563.9 11
-1563.7 12
-1563.5 11
-1563.3 13
-1563.1 22
-1562.9 18
-1562.7 18
-1562.5 17
-1562.3 20
-1562.1 17
-1561.9 17
-1561.7 22
-1561.5 23
-1561.3 25
-1561.1 26
-1560.9 20
-1560.7 34
-1560.5 24
-1560.3 32
-1560.1 28
-1559.9 27
-1559.7 24
-1559.5 42
-1559.3 37
-1559.1 34
-1558.9 44
-1558.7 37
-1558.5 33
-1558.3 41
-1558.1 33
-1557.9 48
-1557.7 43
-1557.5 40
-1557.3 51
-1557.1 48
-1556.9 51
-1556.7 47
-1556.5 64
-1556.3 56
-1556.1 68
-1555.9 68
-1555.7 59
-1555.5 78
-1555.3 70
-1555.1 72
-1554.9 71
-1554.7 67
-1554.5 75
-1554.3 78
-1554.1 87
-1553.9 96
-1553.7 99
-1553.5 93
-1553.3 98
-1553.1 89
-1552.9 114
-1552.7 113
-1552.5 114
-1552.3 104
-1552.1 130
-1551.9 100
-1551.7 109
-1551.5 126
-1551.3 124
-1551.1 131
-1550.9 122
-1550.7 142
-1550.5 148
-1550.3 127
-1550.1 145
-1549.9 131
-1549.7 163
-1549.5 134
-1549.3 162
-1549.1 146
-1548.9 171
-1548.7 181
-1548.5 169
-1548.3 187
-1548.1 178
-1547.9 161
-1547.7 176
-1547.5 173
-1547.3 185
-1547.1 199
-1546.9 200
-1546.7 211
-1546.5 201
-1546.3 191
-1546.1 174
-1545.9 206
-1545.7 230
-1545.5 205
-1545.3 205
-1545.1 237
-1544.9 224
-1544.7 215
-1544.5 222
-1544.3 196
-1544.1 233
-1543.9 232
-1543.7 187
-1543.5 227
-1543.3 218
-1543.1 224
-1542.9 235
-1542.7 226
-1542.5 218
-1542.3 205
-1542.1 216
-1541.9 216
-1541.7 247
-1541.5 257
-1541.3 225
-1541.1 236
-1540.9 241
-1540.7 221
-1540.5 226
-1540.3 230
-1540.1 246
-1539.9 203
-1539.7 208
-1539.5 207
-1539.3 217
-1539.1 236
-1538.9 255
-1538.7 239
-1538.5 236
-1538.3 242
-1538.1 198
-1537.9 208
-1537.7 226
-1537.5 244
-1537.3 245
-1537.1 223
-1536.9 212
-1536.7 243
-1536.5 206
-1536.3 210
-1536.1 204
-1535.9 206
-1535.7 215
-1535.5 190
-1535.3 216
-1535.1 186
-1534.9 205
-1534.7 209
-1534.5 212
-1534.3 204
-1534.1 206
-1533.9 203
-1533.7 204
-1533.5 223
-1533.3 221
-1533.1 245
-1532.9 183
-1532.7 204
-1532.5 223
-1532.3 196
-1532.1 194
-1531.9 194
-1531.7 180
-1531.5 223
-1531.3 190
-1531.1 200
-1530.9 170
-1530.7 202
-1530.5 183
-1530.3 185
-1530.1 204
-1529.9 195
-1529.7 199
-1529.5 180
-1529.3 190
-1529.1 186
-1528.9 208
-1528.7 197
-1528.5 192
-1528.3 172
-1528.1 193
-1527.9 181
-1527.7 207
-1527.5 193
-1527.3 184
-1527.1 211
-1526.9 208
-1526.7 189
-1526.5 182
-1526.3 192
-1526.1 167
-1525.9 189
-1525.7 179
-1525.5 178
-1525.3 191
-1525.1 181
-1524.9 183
-1524.7 187
-1524.5 190
-1524.3 195
-1524.1 182
-1523.9 182
-1523.7 215
-1523.5 171
-1523.3 168
-1523.1 202
-1522.9 177
-1522.7 189
-1522.5 164
-1522.3 184
-1522.1 200
-1521.9 185
-1521.7 194
-1521.5 176
-1521.3 207
-1521.1 215
-1520.9 185
-1520.7 172
-1520.5 202
-1520.3 210
-1520.1 190
-1519.9 216
-1519.7 192
-1519.5 193
-1519.3 176
-1519.1 204
-1518.9 185
-1518.7 185
-1518.5 206
-1518.3 218
-1518.1 194
-1517.9 176
-1517.7 228
-1517.5 189
-1517.3 170
-1517.1 191
-1516.9 192
-1516.7 202
-1516.5 160
-1516.3 175
-1516.1 193
-1515.9 175
-1515.7 185
-1515.5 158
-1515.3 182
-1515.1 167
-1514.9 158
-1514.7 187
-1514.5 183
-1514.3 156
-1514.1 184
-1513.9 177
-1513.7 168
-1513.5 156
-1513.3 160
-1513.1 157
-1512.9 157
-1512.7 162
-1512.5 139
-1512.3 162
-1512.1 156
-1511.9 162
-1511.7 159
-1511.5 168
-1511.3 164
-1511.1 152
-1510.9 155
-1510.7 151
-1510.5 189
-1510.3 155
-1510.1 173
-1509.9 182
-1509.7 174
-1509.5 162
-1509.3 159
-1509.1 162
-1508.9 181
-1508.7 178
-1508.5 167
-1508.3 164
-1508.1 148
-1507.9 186
-1507.7 164
-1507.5 181
-1507.3 176
-1507.1 191
-1506.9 183
-1506.7 178
-1506.5 178
-1506.3 224
-1506.1 184
-1505.9 217
-1505.7 204
-1505.5 215
-1505.3 190
-1505.1 191
-1504.9 166
-1504.7 180
-1504.5 195
-1504.3 189
-1504.1 200
-1503.9 198
-1503.7 196
-1503.5 184
-1503.3 178
-1503.1 169
-1502.9 184
-1502.7 172
-1502.5 182
-1502.3 159
-1502.1 168
-1501.9 192
-1501.7 188
-1501.5 179
-1501.3 186
-1501.1 185
-1500.9 173
-1500.7 196
-1500.5 169
-1500.3 181
-1500.1 160
-1499.9 155
-1499.7 158
-1499.5 182
-1499.3 170
-1499.1 171
-1498.9 158
-1498.7 189
-1498.5 159
-1498.3 164
-1498.1 166
-1497.9 155
-1497.7 163
-1497.5 136
-1497.3 148
-1497.1 160
-1496.9 152
-1496.7 157
-1496.5 169
-1496.3 159
-1496.1 161
-1495.9 172
-1495.7 184
-1495.5 158
-1495.3 148
-1495.1 163
-1494.9 141
-1494.7 160
-1494.5 164
-1494.3 147
-1494.1 175
-1493.9 137
-1493.7 160
-1493.5 151
-1493.3 143
-1493.1 158
-1492.9 159
-1492.7 166
-1492.5 164
-1492.3 151
-1492.1 197
-1491.9 171
-1491.7 173
-1491.5 158
-1491.3 181
-1491.1 183
-1490.9 184
-1490.7 152
-1490.5 184
-1490.3 154
-1490.1 193
-1489.9 168
-1489.7 182
-1489.5 178
-1489.3 173
-1489.1 198
-1488.9 196
-1488.7 193
-1488.5 186
-1488.3 156
-1488.1 178
-1487.9 191
-1487.7 177
-1487.5 172
-1487.3 190
-1487.1 169
-1486.9 172
-1486.7 186
-1486.5 165
-1486.3 157
-1486.1 182
-1485.9 177
-1485.7 172
-1485.5 181
-1485.3 163
-1485.1 157
-1484.9 187
-1484.7 172
-1484.5 167
-1484.3 156
-1484.1 182
-1483.9 171
-1483.7 153
-1483.5 163
-1483.3 163
-1483.1 166
-1482.9 157
-1482.7 166
-1482.5 160
-1482.3 164
-1482.1 180
-1481.9 150
-1481.7 157
-1481.5 144
-1481.3 150
-1481.1 157
-1480.9 145
-1480.7 170
-1480.5 173
-1480.3 180
-1480.1 152
-1479.9 165
-1479.7 169
-1479.5 175
-1479.3 175
-1479.1 173
-1478.9 179
-1478.7 188
-1478.5 153
-1478.3 189
-1478.1 180
-1477.9 206
-1477.7 169
-1477.5 163
-1477.3 174
-1477.1 167
-1476.9 155
-1476.7 169
-1476.5 208
-1476.3 197
-1476.1 165
-1475.9 193
-1475.7 178
-1475.5 167
-1475.3 144
-1475.1 163
-1474.9 147
-1474.7 162
-1474.5 154
-1474.3 141
-1474.1 146
-1473.9 165
-1473.7 166
-1473.5 148
-1473.3 174
-1473.1 165
-1472.9 180
-1472.7 169
-1472.5 170
-1472.3 180
-1472.1 160
-1471.9 161
-1471.7 177
-1471.5 171
-1471.3 180
-1471.1 173
-1470.9 164
-1470.7 154
-1470.5 183
-1470.3 177
-1470.1 168
-1469.9 176
-1469.7 163
-1469.5 180
-1469.3 179
-1469.1 182
-1468.9 173
-1468.7 184
-1468.5 164
-1468.3 166
-1468.1 186
-1467.9 188
-1467.7 183
-1467.5 175
-1467.3 167
-1467.1 175
-1466.9 186
-1466.7 191
-1466.5 202
-1466.3 172
-1466.1 177
-1465.9 204
-1465.7 195
-1465.5 170
-1465.3 171
-1465.1 158
-1464.9 152
-1464.7 195
-1464.5 173
-1464.3 176
-1464.1 194
-1463.9 167
-1463.7 175
-1463.5 169
-1463.3 153
-1463.1 164
-1462.9 166
-1462.7 175
-1462.5 213
-1462.3 182
-1462.1 156
-1461.9 185
-1461.7 174
-1461.5 178
-1461.3 160
-1461.1 139
-1460.9 151
-1460.7 182
-1460.5 171
-1460.3 168
-1460.1 163
-1459.9 165
-1459.7 157
-1459.5 198
-1459.3 174
-1459.1 173
-1458.9 176
-1458.7 161
-1458.5 188
-1458.3 155
-1458.1 158
-1457.9 196
-1457.7 167
-1457.5 172
-1457.3 162
-1457.1 168
-1456.9 183
-1456.7 171
-1456.5 138
-1456.3 170
-1456.1 188
-1455.9 170
-1455.7 159
-1455.5 180
-1455.3 188
-1455.1 157
-1454.9 182
-1454.7 165
-1454.5 162
-1454.3 180
-1454.1 173
-1453.9 176
-1453.7 159
-1453.5 153
-1453.3 202
-1453.1 172
-1452.9 167
-1452.7 193
-1452.5 178
-1452.3 186
-1452.1 194
-1451.9 168
-1451.7 162
-1451.5 197
-1451.3 190
-1451.1 200
-1450.9 165
-1450.7 169
-1450.5 188
-1450.3 158
-1450.1 179
-1449.9 180
-1449.7 176
-1449.5 176
-1449.3 191
-1449.1 185
-1448.9 202
-1448.7 175
-1448.5 167
-1448.3 193
-1448.1 189
-1447.9 166
-1447.7 179
-1447.5 170
-1447.3 203
-1447.1 169
-1446.9 196
-1446.7 161
-1446.5 176
-1446.3 201
-1446.1 196
-1445.9 174
-1445.7 169
-1445.5 196
-1445.3 174
-1445.1 198
-1444.9 141
-1444.7 177
-1444.5 180
-1444.3 166
-1444.1 176
-1443.9 159
-1443.7 150
-1443.5 159
-1443.3 164
-1443.1 174
-1442.9 175
-1442.7 152
-1442.5 182
-1442.3 157
-1442.1 150
-1441.9 170
-1441.7 168
-1441.5 180
-1441.3 144
-1441.1 175
-1440.9 173
-1440.7 181
-1440.5 178
-1440.3 172
-1440.1 158
-1439.9 175
-1439.7 146
-1439.5 168
-1439.3 140
-1439.1 169
-1438.9 157
-1438.7 177
-1438.5 168
-1438.3 175
-1438.1 167
-1437.9 180
-1437.7 170
-1437.5 160
-1437.3 178
-1437.1 139
-1436.9 178
-1436.7 154
-1436.5 187
-1436.3 205
-1436.1 184
-1435.9 162
-1435.7 184
-1435.5 183
-1435.3 181
-1435.1 214
-1434.9 151
-1434.7 176
-1434.5 198
-1434.3 205
-1434.1 168
-1433.9 197
-1433.7 174
-1433.5 166
-1433.3 195
-1433.1 168
-1432.9 190
-1432.7 180
-1432.5 164
-1432.3 188
-1432.1 163
-1431.9 151
-1431.7 164
-1431.5 175
-1431.3 181
-1431.1 175
-1430.9 160
-1430.7 173
-1430.5 156
-1430.3 151
-1430.1 182
-1429.9 163
-1429.7 175
-1429.5 145
-1429.3 169
-1429.1 164
-1428.9 157
-1428.7 177
-1428.5 175
-1428.3 182
-1428.1 180
-1427.9 165
-1427.7 173
-1427.5 168
-1427.3 178
-1427.1 133
-1426.9 185
-1426.7 173
-1426.5 153
-1426.3 177
-1426.1 170
-1425.9 181
-1425.7 161
-1425.5 164
-1425.3 178
-1425.1 162
-1424.9 167
-1424.7 152
-1424.5 195
-1424.3 174
-1424.1 153
-1423.9 193
-1423.7 178
-1423.5 182
-1423.3 185
-1423.1 175
-1422.9 179
-1422.7 164
-1422.5 165
-1422.3 174
-1422.1 176
-1421.9 184
-1421.7 185
-1421.5 172
-1421.3 182
-1421.1 156
-1420.9 161
-1420.7 164
-1420.5 180
-1420.3 170
-1420.1 185
-1419.9 170
-1419.7 185
-1419.5 176
-1419.3 181
-1419.1 169
-1418.9 171
-1418.7 180
-1418.5 173
-1418.3 181
-1418.1 196
-1417.9 167
-1417.7 169
-1417.5 149
-1417.3 157
-1417.1 149
-1416.9 172
-1416.7 168
-1416.5 168
-1416.3 176
-1416.1 197
-1415.9 161
-1415.7 168
-1415.5 152
-1415.3 145
-1415.1 139
-1414.9 159
-1414.7 156
-1414.5 148
-1414.3 147
-1414.1 162
-1413.9 168
-1413.7 189
-1413.5 163
-1413.3 160
-1413.1 161
-1412.9 170
-1412.7 178
-1412.5 180
-1412.3 165
-1412.1 171
-1411.9 145
-1411.7 156
-1411.5 162
-1411.3 163
-1411.1 169
-1410.9 173
-1410.7 174
-1410.5 188
-1410.3 171
-1410.1 161
-1409.9 155
-1409.7 158
-1409.5 179
-1409.3 184
-1409.1 191
-1408.9 175
-1408.7 161
-1408.5 168
-1408.3 163
-1408.1 180
-1407.9 160
-1407.7 162
-1407.5 174
-1407.3 178
-1407.1 188
-1406.9 162
-1406.7 199
-1406.5 169
-1406.3 190
-1406.1 177
-1405.9 195
-1405.7 202
-1405.5 194
-1405.3 184
-1405.1 149
-1404.9 190
-1404.7 178
-1404.5 188
-1404.3 179
-1404.1 162
-1403.9 182
-1403.7 170
-1403.5 172
-1403.3 178
-1403.1 173
-1402.9 191
-1402.7 172
-1402.5 181
-1402.3 187
-1402.1 157
-1401.9 174
-1401.7 185
-1401.5 171
-1401.3 168
-1401.1 168
-1400.9 150
-1400.7 145
-1400.5 145
-1400.3 167
-1400.1 164
-1399.9 172
-1399.7 140
-1399.5 150
-1399.3 152
-1399.1 156
-1398.9 159
-1398.7 166
-1398.5 153
-1398.3 175
-1398.1 165
-1397.9 159
-1397.7 141
-1397.5 180
-1397.3 160
-1397.1 160
-1396.9 164
-1396.7 157
-1396.5 172
-1396.3 189
-1396.1 145
-1395.9 169
-1395.7 178
-1395.5 176
-1395.3 162
-1395.1 181
-1394.9 159
-1394.7 154
-1394.5 167
-1394.3 175
-1394.1 163
-1393.9 174
-1393.7 154
-1393.5 164
-1393.3 154
-1393.1 174
-1392.9 183
-1392.7 188
-1392.5 175
-1392.3 166
-1392.1 189
-1391.9 167
-1391.7 168
-1391.5 162
-1391.3 157
-1391.1 171
-1390.9 191
-1390.7 185
-1390.5 189
-1390.3 171
-1390.1 166
-1389.9 171
-1389.7 171
-1389.5 178
-1389.3 165
-1389.1 168
-1388.9 168
-1388.7 155
-1388.5 188
-1388.3 159
-1388.1 145
-1387.9 177
-1387.7 155
-1387.5 170
-1387.3 169
-1387.1 159
-1386.9 176
-1386.7 168
-1386.5 186
-1386.3 156
-1386.1 171
-1385.9 167
-1385.7 178
-1385.5 163
-1385.3 142
-1385.1 167
-1384.9 165
-1384.7 177
-1384.5 173
-1384.3 165
-1384.1 156
-1383.9 181
-1383.7 169
-1383.5 168
-1383.3 153
-1383.1 174
-1382.9 173
-1382.7 152
-1382.5 171
-1382.3 196
-1382.1 162
-1381.9 186
-1381.7 191
-1381.5 183
-1381.3 199
-1381.1 176
-1380.9 163
-1380.7 176
-1380.5 188
-1380.3 143
-1380.1 184
-1379.9 178
-1379.7 154
-1379.5 170
-1379.3 176
-1379.1 175
-1378.9 157
-1378.7 169
-1378.5 158
-1378.3 160
-1378.1 160
-1377.9 159
-1377.7 165
-1377.5 164
-1377.3 166
-1377.1 189
-1376.9 185
-1376.7 178
-1376.5 169
-1376.3 165
-1376.1 148
-1375.9 181
-1375.7 159
-1375.5 185
-1375.3 179
-1375.1 170
-1374.9 139
-1374.7 179
-1374.5 167
-1374.3 157
-1374.1 163
-1373.9 158
-1373.7 147
-1373.5 157
-1373.3 161
-1373.1 176
-1372.9 196
-1372.7 168
-1372.5 166
-1372.3 160
-1372.1 166
-1371.9 165
-1371.7 167
-1371.5 167
-1371.3 165
-1371.1 151
-1370.9 163
-1370.7 162
-1370.5 165
-1370.3 145
-1370.1 169
-1369.9 177
-1369.7 177
-1369.5 172
-1369.3 164
-1369.1 164
-1368.9 155
-1368.7 158
-1368.5 162
-1368.3 153
-1368.1 174
-1367.9 164
-1367.7 163
-1367.5 163
-1367.3 148
-1367.1 166
-1366.9 167
-1366.7 173
-1366.5 171
-1366.3 158
-1366.1 173
-1365.9 183
-1365.7 171
-1365.5 127
-1365.3 155
-1365.1 142
-1364.9 150
-1364.7 183
-1364.5 170
-1364.3 171
-1364.1 163
-1363.9 137
-1363.7 177
-1363.5 159
-1363.3 165
-1363.1 177
-1362.9 167
-1362.7 179
-1362.5 179
-1362.3 169
-1362.1 168
-1361.9 146
-1361.7 158
-1361.5 161
-1361.3 169
-1361.1 144
-1360.9 161
-1360.7 192
-1360.5 166
-1360.3 151
-1360.1 157
-1359.9 171
-1359.7 170
-1359.5 144
-1359.3 160
-1359.1 177
-1358.9 161
-1358.7 175
-1358.5 159
-1358.3 174
-1358.1 160
-1357.9 148
-1357.7 157
-1357.5 147
-1357.3 148
-1357.1 142
-1356.9 173
-1356.7 149
-1356.5 187
-1356.3 177
-1356.1 175
-1355.9 169
-1355.7 171
-1355.5 146
-1355.3 159
-1355.1 170
-1354.9 169
-1354.7 163
-1354.5 158
-1354.3 175
-1354.1 181
-1353.9 176
-1353.7 143
-1353.5 185
-1353.3 178
-1353.1 172
-1352.9 175
-1352.7 141
-1352.5 168
-1352.3 160
-1352.1 161
-1351.9 175
-1351.7 152
-1351.5 179
-1351.3 147
-1351.1 155
-1350.9 168
-1350.7 146
-1350.5 152
-1350.3 166
-1350.1 178
-1349.9 167
-1349.7 156
-1349.5 176
-1349.3 160
-1349.1 154
-1348.9 151
-1348.7 172
-1348.5 158
-1348.3 179
-1348.1 181
-1347.9 156
-1347.7 181
-1347.5 167
-1347.3 177
-1347.1 151
-1346.9 144
-1346.7 173
-1346.5 157
-1346.3 183
-1346.1 156
-1345.9 169
-1345.7 173
-1345.5 163
-1345.3 166
-1345.1 189
-1344.9 166
-1344.7 164
-1344.5 148
-1344.3 163
-1344.1 170
-1343.9 170
-1343.7 145
-1343.5 159
-1343.3 185
-1343.1 167
-1342.9 163
-1342.7 163
-1342.5 168
-1342.3 153
-1342.1 126
-1341.9 122
-1341.7 131
-1341.5 126
-1341.3 152
-1341.1 140
-1340.9 136
-1340.7 150
-1340.5 118
-1340.3 139
-1340.1 133
-1339.9 146
-1339.7 122
-1339.5 130
-1339.3 147
-1339.1 135
-1338.9 115
-1338.7 135
-1338.5 118
-1338.3 136
-1338.1 112
-1337.9 121
-1337.7 127
-1337.5 111
-1337.3 99
-1337.1 118
-1336.9 111
-1336.7 94
-1336.5 111
-1336.3 119
-1336.1 91
-1335.9 102
-1335.7 103
-1335.5 87
-1335.3 119
-1335.1 95
-1334.9 108
-1334.7 96
-1334.5 91
-1334.3 88
-1334.1 111
-1333.9 91
-1333.7 92
-1333.5 74
-1333.3 87
-1333.1 75
-1332.9 74
-1332.7 94
-1332.5 73
-1332.3 60
-1332.1 69
-1331.9 69
-1331.7 68
-1331.5 76
-1331.3 56
-1331.1 78
-1330.9 56
-1330.7 58
-1330.5 74
-1330.3 61
-1330.1 49
-1329.9 57
-1329.7 62
-1329.5 55
-1329.3 53
-1329.1 47
-1328.9 47
-1328.7 44
-1328.5 45
-1328.3 43
-1328.1 40
-1327.9 45
-1327.7 35
-1327.5 40
-1327.3 45
-1327.1 44
-1326.9 44
-1326.7 39
-1326.5 36
-1326.3 43
-1326.1 39
-1325.9 45
-1325.7 26
-1325.5 44
-1325.3 30
-1325.1 26
-1324.9 38
-1324.7 23
-1324.5 33
-1324.3 32
-1324.1 35
-1323.9 23
-1323.7 21
-1323.5 15
-1323.3 17
-1323.1 20
-1322.9 17
-1322.7 12
-1322.5 19
-1322.3 12
-1322.1 12
-1321.9 16
-1321.7 13
-1321.5 22
-1321.3 12
-1321.1 13
-1320.9 18
-1320.7 12
-1320.5 14
-1320.3 16
-1320.1 12
-1319.9 19
-1319.7 5
-1319.5 9
-1319.3 11
-1319.1 6
-1318.9 5
-1318.7 7
-1318.5 10
-1318.3 6
-1318.1 9
-1317.9 6
-1317.7 6
-1317.5 10
-1317.3 6
-1317.1 9
-1316.9 10
-1316.7 7
-1316.5 10
-1316.3 5
-1316.1 3
-1315.9 4
-1315.7 4
-1315.5 3
-1315.3 4
-1315.1 8
-1314.9 2
-1314.7 2
-1314.5 8
-1314.3 2
-1314.1 5
-1313.9 4
-1313.7 6
-1313.5 6
-1313.3 2
-1313.1 5
-1312.9 2
-1312.7 4
-1312.5 3
-1312.3 4
-1312.1 2
-1311.9 2
-1311.7 3
-1311.5 3
-1311.3 3
-1311.1 3
-1310.9 1
-1310.7 7
-1310.5 1
-1310.3 2
-1310.1 2
-1309.9 3
-1309.7 0
-1309.5 2
-1309.3 2
-1309.1 2
-1308.9 2
-1308.7 1
-1308.5 1
-1308.3 2
-1308.1 1
-1307.9 0
-1307.7 1
-1307.5 1
-1307.3 0
-1307.1 0
-1306.9 3
-1306.7 2
-1306.5 1
-1306.3 2
-1306.1 1
-1305.9 0
-1305.7 0
-1305.5 0
-1305.3 1
-1305.1 1
-1304.9 1
-1304.7 1
-1304.5 1
-1304.3 2
-1304.1 1
-1303.9 1
-1303.7 0
-1303.5 1
-1303.3 0
-1303.1 0
-1302.9 1
-1302.7 1
-1302.5 0
-1302.3 0
-1302.1 1
-1301.9 1
-1301.7 0
-1301.5 0
-1301.3 1
-1301.1 0
-1300.9 0
-1300.7 0
-1300.5 0
-1300.3 0
-1300.1 0
