-1599.9 0
-1599.7 0
-1599.5 0
-1599.3 0
-1599.1 0
-1598.9 0
-1598.7 0
-1598.5 0
-1598.3 0
-1598.1 0
-1597.9 0
-1597.7 1
-1597.5 0
-1597.3 0
-1597.1 0
-1596.9 0
-1596.7 0
-1596.5 0
-1596.3 0
-1596.1 0
-1595.9 0
-1595.7 0
-1595.5 0
-1595.3 0
-1595.1 0
-1594.9 0
-1594.7 0
-1594.5 0
-1594.3 0
-1594.1 0
-1593.9 0
-1593.7 0
-1593.5 0
-1593.3 0
-1593.1 0
-1592.9 0
-1592.7 0
-1592.5 0
-1592.3 0
-1592.1 0
-1591.9 0
-1591.7 0
-1591.5 0
-1591.3 0
-1591.1 0
-1590.9 0
-1590.7 0
-1590.5 0
-1590.3 0
-1590.1 0
-1589.9 0
-1589.7 0
-1589.5 0
-1589.3 1
-1589.1 0
-1588.9 0
-1588.7 0
-1588.5 0
-1588.3 0
-1588.1 0
-1587.9 0
-1587.7 0
-1587.5 0
-1587.3 0
-1587.1 0
-1586.9 0
-1586.7 0
-1586.5 1
-1586.3 0
-1586.1 0
-1585.9 0
-1585.7 0
-1585.5 0
-1585.3 0
-1585.1 0
-1584.9 0
-1584.7 0
-1584.5 0
-1584.3 0
-1584.1 0
-1583.9 0
-1583.7 1
-1583.5 0
-1583.3 0
-1583.1 0
-1582.9 1
-1582.7 0
-1582.5 2
-1582.3 3
-1582.1 4
-1581.9 2
-1581.7 2
-1581.5 6
-1581.3 7
-1581.1 10
-1580.9 8
-1580.7 2
-1580.5 3
-1580.3 9
-1580.1 9
-1579.9 7
-1579.7 12
-1579.5 14
-1579.3 12
-1579.1 10
-1578.9 8
-1578.7 16
-1578.5 26
-1578.3 18
-1578.1 13
-1577.9 16
-1577.7 20
-1577.5 19
-1577.3 19
-1577.1 22
-1576.9 19
-1576.7 28
-1576.5 24
-1576.3 24
-1576.1 20
-1575.9 25
-1575.7 28
-1575.5 31
-1575.3 27
-1575.1 34
-1574.9 43
-1574.7 46
-1574.5 39
-1574.3 40
-1574.1 37
-1573.9 50
-1573.7 37
-1573.5 39
-1573.3 53
-1573.1 45
-1572.9 47
-1572.7 46
-1572.5 51
-1572.3 48
-1572.1 50
-1571.9 61
-1571.7 57
-1571.5 63
-1571.3 61
-1571.1 60
-1570.9 70
-1570.7 80
-1570.5 78
-1570.3 80
-1570.1 79
-1569.9 83
-1569.7 85
-1569.5 72
-1569.3 96
-1569.1 74
-1568.9 89
-1568.7 87
-1568.5 109
-1568.3 102
-1568.1 104
-1567.9 87
-1567.7 99
-1567.5 102
-1567.3 95
-1567.1 84
-1566.9 119
-1566.7 96
-1566.5 107
-1566.3 113
-1566.1 104
-1565.9 124
-1565.7 124
-1565.5 121
-1565.3 113
-1565.1 129
-1564.9 132
-1564.7 142
-1564.5 133
-1564.3 174
-1564.1 156
-1563.9 144
-1563.7 153
-1563.5 149
-1563.3 165
-1563.1 174
-1562.9 172
-1562.7 176
-1562.5 178
-1562.3 157
-1562.1 168
-1561.9 164
-1561.7 175
-1561.5 193
-1561.3 170
-1561.1 186
-1560.9 225
-1560.7 181
-1560.5 172
-1560.3 184
-1560.1 177
-1559.9 182
-1559.7 195
-1559.5 180
-1559.3 216
-1559.1 182
-1558.9 178
-1558.7 195
-1558.5 196
-1558.3 221
-1558.1 185
-1557.9 196
-1557.7 216
-1557.5 194
-1557.3 221
-1557.1 208
-1556.9 226
-1556.7 189
-1556.5 224
-1556.3 235
-1556.1 212
-1555.9 203
-1555.7 208
-1555.5 199
-1555.3 232
-1555.1 220
-1554.9 190
-1554.7 216
-1554.5 206
-1554.3 194
-1554.1 242
-1553.9 201
-1553.7 217
-1553.5 251
-1553.3 201
-1553.1 206
-1552.9 227
-1552.7 224
-1552.5 213
-1552.3 230
-1552.1 204
-1551.9 217
-1551.7 228
-1551.5 203
-1551.3 195
-1551.1 216
-1550.9 174
-1550.7 202
-1550.5 196
-1550.3 223
-1550.1 188
-1549.9 205
-1549.7 233
-1549.5 216
-1549.3 198
-1549.1 210
-1548.9 203
-1548.7 202
-1548.5 207
-1548.3 183
-1548.1 197
-1547.9 180
-1547.7 213
-1547.5 213
-1547.3 202
-1547.1 198
-1546.9 198
-1546.7 212
-1546.5 212
-1546.3 213
-1546.1 185
-1545.9 220
-1545.7 180
-1545.5 197
-1545.3 214
-1545.1 194
-1544.9 191
-1544.7 192
-1544.5 217
-1544.3 214
-1544.1 209
-1543.9 180
-1543.7 205
-1543.5 210
-1543.3 193
-1543.1 191
-1542.9 182
-1542.7 186
-1542.5 198
-1542.3 189
-1542.1 189
-1541.9 192
-1541.7 197
-1541.5 189
-1541.3 197
-1541.1 212
-1540.9 198
-1540.7 153
-1540.5 187
-1540.3 173
-1540.1 188
-1539.9 194
-1539.7 200
-1539.5 179
-1539.3 164
-1539.1 193
-1538.9 187
-1538.7 197
-1538.5 168
-1538.3 157
-1538.1 191
-1537.9 192
-1537.7 187
-1537.5 195
-1537.3 186
-1537.1 200
-1536.9 164
-1536.7 143
-1536.5 162
-1536.3 191
-1536.1 214
-1535.9 174
-1535.7 166
-1535.5 174
-1535.3 160
-1535.1 185
-1534.9 165
-1534.7 178
-1534.5 178
-1534.3 165
-1534.1 150
-1533.9 163
-1533.7 189
-1533.5 165
-1533.3 164
-1533.1 168
-1532.9 182
-1532.7 201
-1532.5 160
-1532.3 199
-1532.1 177
-1531.9 165
-1531.7 181
-1531.5 160
-1531.3 184
-1531.1 165
-1530.9 167
-1530.7 137
-1530.5 174
-1530.3 175
-1530.1 163
-1529.9 186
-1529.7 179
-1529.5 187
-1529.3 181
-1529.1 169
-1528.9 184
-1528.7 229
-1528.5 160
-1528.3 195
-1528.1 194
-1527.9 159
-1527.7 178
-1527.5 177
-1527.3 216
-1527.1 155
-1526.9 192
-1526.7 161
-1526.5 173
-1526.3 184
-1526.1 191
-1525.9 182
-1525.7 207
-1525.5 199
-1525.3 193
-1525.1 166
-1524.9 160
-1524.7 156
-1524.5 170
-1524.3 151
-1524.1 166
-1523.9 153
-1523.7 147
-1523.5 154
-1523.3 143
-1523.1 155
-1522.9 176
-1522.7 150
-1522.5 172
-1522.3 164
-1522.1 161
-1521.9 145
-1521.7 143
-1521.5 149
-1521.3 151
-1521.1 148
-1520.9 170
-1520.7 149
-1520.5 164
-1520.3 149
-1520.1 140
-1519.9 138
-1519.7 149
-1519.5 166
-1519.3 150
-1519.1 146
-1518.9 124
-1518.7 152
-1518.5 129
-1518.3 158
-1518.1 166
-1517.9 146
-1517.7 135
-1517.5 168
-1517.3 181
-1517.1 154
-1516.9 141
-1516.7 165
-1516.5 176
-1516.3 162
-1516.1 156
-1515.9 153
-1515.7 173
-1515.5 166
-1515.3 169
-1515.1 213
-1514.9 194
-1514.7 161
-1514.5 172
-1514.3 197
-1514.1 193
-1513.9 184
-1513.7 198
-1513.5 170
-1513.3 180
-1513.1 195
-1512.9 171
-1512.7 201
-1512.5 172
-1512.3 210
-1512.1 230
-1511.9 220
-1511.7 208
-1511.5 216
-1511.3 187
-1511.1 205
-1510.9 198
-1510.7 216
-1510.5 180
-1510.3 190
-1510.1 212
-1509.9 202
-1509.7 202
-1509.5 202
-1509.3 179
-1509.1 204
-1508.9 187
-1508.7 160
-1508.5 172
-1508.3 160
-1508.1 173
-1507.9 181
-1507.7 160
-1507.5 198
-1507.3 168
-1507.1 165
-1506.9 159
-1506.7 158
-1506.5 164
-1506.3 171
-1506.1 137
-1505.9 177
-1505.7 123
-1505.5 160
-1505.3 134
-1505.1 144
-1504.9 145
-1504.7 153
-1504.5 131
-1504.3 117
-1504.1 133
-1503.9 145
-1503.7 105
-1503.5 126
-1503.3 128
-1503.1 140
-1502.9 132
-1502.7 145
-1502.5 139
-1502.3 139
-1502.1 118
-1501.9 115
-1501.7 144
-1501.5 139
-1501.3 137
-1501.1 147
-1500.9 134
-1500.7 162
-1500.5 140
-1500.3 137
-1500.1 154
-1499.9 176
-1499.7 160
-1499.5 137
-1499.3 136
-1499.1 137
-1498.9 149
-1498.7 154
-1498.5 170
-1498.3 168
-1498.1 166
-1497.9 173
-1497.7 134
-1497.5 205
-1497.3 170
-1497.1 187
-1496.9 182
-1496.7 199
-1496.5 199
-1496.3 202
-1496.1 188
-1495.9 203
-1495.7 184
-1495.5 162
-1495.3 192
-1495.1 194
-1494.9 197
-1494.7 210
-1494.5 196
-1494.3 247
-1494.1 176
-1493.9 207
-1493.7 214
-1493.5 205
-1493.3 191
-1493.1 206
-1492.9 178
-1492.7 232
-1492.5 206
-1492.3 182
-1492.1 189
-1491.9 202
-1491.7 188
-1491.5 193
-1491.3 172
-1491.1 161
-1490.9 179
-1490.7 173
-1490.5 180
-1490.3 178
-1490.1 154
-1489.9 161
-1489.7 167
-1489.5 158
-1489.3 183
-1489.1 159
-1488.9 147
-1488.7 160
-1488.5 189
-1488.3 138
-1488.1 175
-1487.9 147
-1487.7 174
-1487.5 160
-1487.3 148
-1487.1 159
-1486.9 150
-1486.7 160
-1486.5 164
-1486.3 167
-1486.1 160
-1485.9 154
-1485.7 146
-1485.5 164
-1485.3 165
-1485.1 168
-1484.9 178
-1484.7 163
-1484.5 161
-1484.3 145
-1484.1 168
-1483.9 157
-1483.7 153
-1483.5 186
-1483.3 173
-1483.1 174
-1482.9 183
-1482.7 153
-1482.5 177
-1482.3 174
-1482.1 165
-1481.9 178
-1481.7 151
-1481.5 162
-1481.3 177
-1481.1 160
-1480.9 171
-1480.7 168
-1480.5 167
-1480.3 177
-1480.1 166
-1479.9 145
-1479.7 150
-1479.5 162
-1479.3 174
-1479.1 171
-1478.9 187
-1478.7 171
-1478.5 137
-1478.3 160
-1478.1 159
-1477.9 146
-1477.7 167
-1477.5 136
-1477.3 198
-1477.1 192
-1476.9 166
-1476.7 183
-1476.5 192
-1476.3 192
-1476.1 167
-1475.9 158
-1475.7 166
-1475.5 178
-1475.3 190
-1475.1 165
-1474.9 161
-1474.7 183
-1474.5 189
-1474.3 205
-1474.1 167
-1473.9 191
-1473.7 201
-1473.5 176
-1473.3 167
-1473.1 186
-1472.9 193
-1472.7 179
-1472.5 199
-1472.3 189
-1472.1 193
-1471.9 180
-1471.7 192
-1471.5 193
-1471.3 202
-1471.1 201
-1470.9 174
-1470.7 173
-1470.5 189
-1470.3 172
-1470.1 169
-1469.9 177
-1469.7 197
-1469.5 177
-1469.3 168
-1469.1 172
-1468.9 166
-1468.7 158
-1468.5 194
-1468.3 185
-1468.1 169
-1467.9 165
-1467.7 161
-1467.5 162
-1467.3 164
-1467.1 171
-1466.9 143
-1466.7 144
-1466.5 142
-1466.3 153
-1466.1 171
-1465.9 140
-1465.7 157
-1465.5 184
-1465.3 163
-1465.1 163
-1464.9 167
-1464.7 132
-1464.5 154
-1464.3 155
-1464.1 182
-1463.9 155
-1463.7 162
-1463.5 173
-1463.3 166
-1463.1 161
-1462.9 151
-1462.7 140
-1462.5 160
-1462.3 148
-1462.1 150
-1461.9 176
-1461.7 155
-1461.5 173
-1461.3 178
-1461.1 189
-1460.9 152
-1460.7 167
-1460.5 167
-1460.3 176
-1460.1 177
-1459.9 184
-1459.7 175
-1459.5 180
-1459.3 172
-1459.1 187
-1458.9 189
-1458.7 166
-1458.5 192
-1458.3 175
-1458.1 186
-1457.9 169
-1457.7 176
-1457.5 189
-1457.3 171
-1457.1 183
-1456.9 180
-1456.7 182
-1456.5 166
-1456.3 173
-1456.1 180
-1455.9 174
-1455.7 177
-1455.5 193
-1455.3 168
-1455.1 162
-1454.9 179
-1454.7 167
-1454.5 175
-1454.3 178
-1454.1 158
-1453.9 167
-1453.7 146
-1453.5 169
-1453.3 140
-1453.1 152
-1452.9 159
-1452.7 173
-1452.5 152
-1452.3 173
-1452.1 167
-1451.9 156
-1451.7 167
-1451.5 158
-1451.3 162
-1451.1 167
-1450.9 162
-1450.7 155
-1450.5 167
-1450.3 170
-1450.1 154
-1449.9 161
-1449.7 168
-1449.5 166
-1449.3 149
-1449.1 172
-1448.9 149
-1448.7 154
-1448.5 160
-1448.3 188
-1448.1 161
-1447.9 173
-1447.7 151
-1447.5 192
-1447.3 163
-1447.1 178
-1446.9 160
-1446.7 171
-1446.5 159
-1446.3 164
-1446.1 164
-1445.9 171
-1445.7 194
-1445.5 191
-1445.3 187
-1445.1 181
-1444.9 177
-1444.7 189
-1444.5 188
-1444.3 183
-1444.1 158
-1443.9 182
-1443.7 167
-1443.5 153
-1443.3 173
-1443.1 178
-1442.9 186
-1442.7 173
-1442.5 162
-1442.3 176
-1442.1 183
-1441.9 161
-1441.7 157
-1441.5 182
-1441.3 144
-1441.1 177
-1440.9 189
-1440.7 186
-1440.5 177
-1440.3 161
-1440.1 176
-1439.9 167
-1439.7 179
-1439.5 149
-1439.3 193
-1439.1 167
-1438.9 174
-1438.7 178
-1438.5 169
-1438.3 160
-1438.1 171
-1437.9 185
-1437.7 171
-1437.5 142
-1437.3 174
-1437.1 196
-1436.9 158
-1436.7 166
-1436.5 155
-1436.3 168
-1436.1 156
-1435.9 185
-1435.7 178
-1435.5 148
-1435.3 163
-1435.1 173
-1434.9 148
-1434.7 167
-1434.5 172
-1434.3 187
-1434.1 163
-1433.9 174
-1433.7 188
-1433.5 145
-1433.3 156
-1433.1 139
-1432.9 151
-1432.7 156
-1432.5 161
-1432.3 166
-1432.1 167
-1431.9 175
-1431.7 184
-1431.5 181
-1431.3 187
-1431.1 145
-1430.9 166
-1430.7 179
-1430.5 169
-1430.3 165
-1430.1 155
-1429.9 163
-1429.7 172
-1429.5 182
-1429.3 151
-1429.1 186
-1428.9 172
-1428.7 146
-1428.5 168
-1428.3 176
-1428.1 175
-1427.9 173
-1427.7 171
-1427.5 169
-1427.3 183
-1427.1 170
-1426.9 156
-1426.7 175
-1426.5 201
-1426.3 135
-1426.1 162
-1425.9 161
-1425.7 162
-1425.5 163
-1425.3 169
-1425.1 177
-1424.9 184
-1424.7 127
-1424.5 160
-1424.3 147
-1424.1 174
-1423.9 155
-1423.7 168
-1423.5 163
-1423.3 148
-1423.1 156
-1422.9 158
-1422.7 153
-1422.5 158
-1422.3 149
-1422.1 166
-1421.9 162
-1421.7 171
-1421.5 187
-1421.3 163
-1421.1 194
-1420.9 162
-1420.7 178
-1420.5 155
-1420.3 157
-1420.1 162
-1419.9 174
-1419.7 170
-1419.5 177
-1419.3 185
-1419.1 165
-1418.9 170
-1418.7 168
-1418.5 168
-1418.3 188
-1418.1 174
-1417.9 168
-1417.7 178
-1417.5 163
-1417.3 165
-1417.1 156
-1416.9 183
-1416.7 167
-1416.5 174
-1416.3 184
-1416.1 183
-1415.9 199
-1415.7 168
-1415.5 175
-1415.3 171
-1415.1 196
-1414.9 198
-1414.7 149
-1414.5 171
-1414.3 176
-1414.1 191
-1413.9 156
-1413.7 177
-1413.5 168
-1413.3 181
-1413.1 178
-1412.9 156
-1412.7 175
-1412.5 166
-1412.3 167
-1412.1 164
-1411.9 190
-1411.7 176
-1411.5 142
-1411.3 172
-1411.1 175
-1410.9 176
-1410.7 140
-1410.5 154
-1410.3 201
-1410.1 152
-1409.9 156
-1409.7 173
-1409.5 186
-1409.3 158
-1409.1 163
-1408.9 182
-1408.7 142
-1408.5 166
-1408.3 142
-1408.1 144
-1407.9 177
-1407.7 152
-1407.5 159
-1407.3 155
-1407.1 148
-1406.9 160
-1406.7 161
-1406.5 160
-1406.3 155
-1406.1 164
-1405.9 163
-1405.7 157
-1405.5 168
-1405.3 147
-1405.1 147
-1404.9 155
-1404.7 154
-1404.5 159
-1404.3 141
-1404.1 168
-1403.9 160
-1403.7 166
-1403.5 159
-1403.3 166
-1403.1 152
-1402.9 161
-1402.7 147
-1402.5 190
-1402.3 166
-1402.1 173
-1401.9 195
-1401.7 176
-1401.5 168
-1401.3 184
-1401.1 159
-1400.9 186
-1400.7 184
-1400.5 160
-1400.3 181
-1400.1 186
-1399.9 175
-1399.7 178
-1399.5 165
-1399.3 162
-1399.1 168
-1398.9 175
-1398.7 142
-1398.5 186
-1398.3 172
-1398.1 168
-1397.9 153
-1397.7 154
-1397.5 194
-1397.3 174
-1397.1 165
-1396.9 160
-1396.7 152
-1396.5 157
-1396.3 165
-1396.1 187
-1395.9 200
-1395.7 151
-1395.5 177
-1395.3 181
-1395.1 175
-1394.9 167
-1394.7 169
-1394.5 185
-1394.3 178
-1394.1 165
-1393.9 163
-1393.7 150
-1393.5 165
-1393.3 179
-1393.1 163
-1392.9 166
-1392.7 167
-1392.5 179
-1392.3 152
-1392.1 160
-1391.9 179
-1391.7 165
-1391.5 171
-1391.3 161
-1391.1 172
-1390.9 137
-1390.7 152
-1390.5 176
-1390.3 168
-1390.1 164
-1389.9 153
-1389.7 164
-1389.5 152
-1389.3 145
-1389.1 182
-1388.9 163
-1388.7 160
-1388.5 173
-1388.3 165
-1388.1 136
-1387.9 166
-1387.7 171
-1387.5 145
-1387.3 201
-1387.1 147
-1386.9 170
-1386.7 145
-1386.5 168
-1386.3 176
-1386.1 172
-1385.9 189
-1385.7 151
-1385.5 153
-1385.3 169
-1385.1 154
-1384.9 174
-1384.7 159
-1384.5 165
-1384.3 153
-1384.1 164
-1383.9 177
-1383.7 166
-1383.5 174
-1383.3 163
-1383.1 148
-1382.9 170
-1382.7 173
-1382.5 163
-1382.3 166
-1382.1 171
-1381.9 147
-1381.7 190
-1381.5 161
-1381.3 169
-1381.1 175
-1380.9 180
-1380.7 165
-1380.5 168
-1380.3 173
-1380.1 151
-1379.9 156
-1379.7 142
-1379.5 175
-1379.3 153
-1379.1 178
-1378.9 179
-1378.7 174
-1378.5 155
-1378.3 170
-1378.1 159
-1377.9 180
-1377.7 156
-1377.5 152
-1377.3 151
-1377.1 181
-1376.9 183
-1376.7 181
-1376.5 156
-1376.3 168
-1376.1 159
-1375.9 175
-1375.7 144
-1375.5 145
-1375.3 161
-1375.1 145
-1374.9 172
-1374.7 163
-1374.5 129
-1374.3 161
-1374.1 140
-1373.9 158
-1373.7 141
-1373.5 165
-1373.3 160
-1373.1 147
-1372.9 169
-1372.7 156
-1372.5 166
-1372.3 158
-1372.1 160
-1371.9 175
-1371.7 182
-1371.5 152
-1371.3 162
-1371.1 176
-1370.9 173
-1370.7 166
-1370.5 167
-1370.3 177
-1370.1 182
-1369.9 155
-1369.7 184
-1369.5 149
-1369.3 154
-1369.1 147
-1368.9 161
-1368.7 175
-1368.5 154
-1368.3 176
-1368.1 164
-1367.9 174
-1367.7 180
-1367.5 161
-1367.3 156
-1367.1 184
-1366.9 159
-1366.7 171
-1366.5 171
-1366.3 144
-1366.1 184
-1365.9 179
-1365.7 148
-1365.5 167
-1365.3 178
-1365.1 149
-1364.9 164
-1364.7 169
-1364.5 144
-1364.3 155
-1364.1 167
-1363.9 160
-1363.7 187
-1363.5 182
-1363.3 166
-1363.1 150
-1362.9 169
-1362.7 195
-1362.5 165
-1362.3 168
-1362.1 158
-1361.9 165
-1361.7 155
-1361.5 170
-1361.3 155
-1361.1 145
-1360.9 130
-1360.7 181
-1360.5 176
-1360.3 148
-1360.1 165
-1359.9 153
-1359.7 159
-1359.5 145
-1359.3 152
-1359.1 137
-1358.9 160
-1358.7 145
-1358.5 138
-1358.3 147
-1358.1 137
-1357.9 136
-1357.7 128
-1357.5 137
-1357.3 153
-1357.1 143
-1356.9 124
-1356.7 156
-1356.5 153
-1356.3 144
-1356.1 136
-1355.9 151
-1355.7 133
-1355.5 139
-1355.3 130
-1355.1 119
-1354.9 142
-1354.7 129
-1354.5 127
-1354.3 131
-1354.1 145
-1353.9 161
-1353.7 134
-1353.5 124
-1353.3 108
-1353.1 120
-1352.9 132
-1352.7 120
-1352.5 112
-1352.3 115
-1352.1 108
-1351.9 119
-1351.7 127
-1351.5 91
-1351.3 91
-1351.1 117
-1350.9 96
-1350.7 112
-1350.5 113
-1350.3 90
-1350.1 98
-1349.9 99
-1349.7 92
-1349.5 85
-1349.3 94
-1349.1 92
-1348.9 94
-1348.7 92
-1348.5 92
-1348.3 74
-1348.1 70
-1347.9 72
-1347.7 82
-1347.5 84
-1347.3 66
-1347.1 71
-1346.9 77
-1346.7 68
-1346.5 66
-1346.3 73
-1346.1 56
-1345.9 73
-1345.7 56
-1345.5 76
-1345.3 52
-1345.1 53
-1344.9 42
-1344.7 60
-1344.5 62
-1344.3 45
-1344.1 68
-1343.9 48
-1343.7 46
-1343.5 45
-1343.3 47
-1343.1 53
-1342.9 42
-1342.7 55
-1342.5 44
-1342.3 52
-1342.1 39
-1341.9 36
-1341.7 39
-1341.5 49
-1341.3 37
-1341.1 36
-1340.9 26
-1340.7 41
-1340.5 31
-1340.3 32
-1340.1 32
-1339.9 32
-1339.7 24
-1339.5 23
-1339.3 26
-1339.1 24
-1338.9 34
-1338.7 24
-1338.5 31
-1338.3 23
-1338.1 16
-1337.9 23
-1337.7 26
-1337.5 21
-1337.3 22
-1337.1 13
-1336.9 16
-1336.7 13
-1336.5 22
-1336.3 7
-1336.1 13
-1335.9 18
-1335.7 14
-1335.5 15
-1335.3 14
-1335.1 9
-1334.9 16
-1334.7 11
-1334.5 15
-1334.3 10
-1334.1 10
-1333.9 6
-1333.7 11
-1333.5 4
-1333.3 8
-1333.1 12
-1332.9 7
-1332.7 8
-1332.5 6
-1332.3 6
-1332.1 7
-1331.9 7
-1331.7 4
-1331.5 3
-1331.3 9
-1331.1 9
-1330.9 6
-1330.7 3
-1330.5 5
-1330.3 2
-1330.1 2
-1329.9 9
-1329.7 1
-1329.5 7
-1329.3 5
-1329.1 3
-1328.9 2
-1328.7 7
-1328.5 1
-1328.3 1
-1328.1 6
-1327.9 5
-1327.7 0
-1327.5 5
-1327.3 1
-1327.1 2
-1326.9 0
-1326.7 1
-1326.5 2
-1326.3 3
-1326.1 2
-1325.9 2
-1325.7 0
-1325.5 1
-1325.3 0
-1325.1 4
-1324.9 2
-1324.7 1
-1324.5 3
-1324.3 0
-1324.1 1
-1323.9 2
-1323.7 2
-1323.5 2
-1323.3 4
-1323.1 2
-1322.9 2
-1322.7 0
-1322.5 0
-1322.3 1
-1322.1 0
-1321.9 0
-1321.7 2
-1321.5 1
-1321.3 1
-1321.1 1
-1320.9 2
-1320.7 2
-1320.5 1
-1320.3 1
-1320.1 0
-1319.9 1
-1319.7 0
-1319.5 1
-1319.3 2
-1319.1 0
-1318.9 0
-1318.7 0
-1318.5 0
-1318.3 1
-1318.1 0
-1317.9 0
-1317.7 1
-1317.5 0
-1317.3 1
-1317.1 0
-1316.9 1
-1316.7 4
-1316.5 0
-1316.3 2
-1316.1 0
-1315.9 1
-1315.7 0
-1315.5 0
-1315.3 0
-1315.1 1
-1314.9 0
-1314.7 0
-1314.5 0
-1314.3 0
-1314.1 0
-1313.9 1
-1313.7 0
-1313.5 1
-1313.3 1
-1313.1 0
-1312.9 0
-1312.7 1
-1312.5 2
-1312.3 0
-1312.1 2
-1311.9 2
-1311.7 2
-1311.5 0
-1311.3 0
-1311.1 0
-1310.9 4
-1310.7 0
-1310.5 2
-1310.3 0
-1310.1 0
-1309.9 0
-1309.7 1
-1309.5 0
-1309.3 0
-1309.1 1
-1308.9 0
-1308.7 0
-1308.5 1
-1308.3 1
-1308.1 0
-1307.9 1
-1307.7 0
-1307.5 0
-1307.3 0
-1307.1 0
-1306.9 0
-1306.7 0
-1306.5 0
-1306.3 0
-1306.1 0
-1305.9 1
-1305.7 1
-1305.5 1
-1305.3 0
-1305.1 0
-1304.9 0
-1304.7 0
-1304.5 1
-1304.3 0
-1304.1 1
-1303.9 1
-1303.7 0
-1303.5 0
-1303.3 1
-1303.1 0
-1302.9 0
-1302.7 1
-1302.5 0
-1302.3 2
-1302.1 0
-1301.9 0
-1301.7 0
-1301.5 0
-1301.3 0
-1301.1 1
-1300.9 0
-1300.7 0
-1300.5 1
-1300.3 0
-1300.1 0
