-1584.9 0
-1584.7 1
-1584.5 0
-1584.3 0
-1584.1 0
-1583.9 0
-1583.7 0
-1583.5 0
-1583.3 0
-1583.1 0
-1582.9 0
-1582.7 0
-1582.5 0
-1582.3 0
-1582.1 0
-1581.9 1
-1581.7 0
-1581.5 0
-1581.3 0
-1581.1 0
-1580.9 0
-1580.7 0
-1580.5 0
-1580.3 0
-1580.1 0
-1579.9 0
-1579.7 0
-1579.5 2
-1579.3 1
-1579.1 0
-1578.9 0
-1578.7 1
-1578.5 1
-1578.3 1
-1578.1 0
-1577.9 3
-1577.7 6
-1577.5 5
-1577.3 3
-1577.1 7
-1576.9 6
-1576.7 9
-1576.5 11
-1576.3 9
-1576.1 6
-1575.9 9
-1575.7 10
-1575.5 16
-1575.3 10
-1575.1 16
-1574.9 17
-1574.7 16
-1574.5 20
-1574.3 16
-1574.1 21
-1573.9 22
-1573.7 34
-1573.5 25
-1573.3 20
-1573.1 42
-1572.9 35
-1572.7 36
-1572.5 37
-1572.3 33
-1572.1 37
-1571.9 37
-1571.7 28
-1571.5 42
-1571.3 31
-1571.1 45
-1570.9 41
-1570.7 46
-1570.5 53
-1570.3 45
-1570.1 59
-1569.9 52
-1569.7 52
-1569.5 66
-1569.3 61
-1569.1 56
-1568.9 51
-1568.7 69
-1568.5 77
-1568.3 52
-1568.1 68
-1567.9 71
-1567.7 62
-1567.5 71
-1567.3 57
-1567.1 84
-1566.9 66
-1566.7 93
-1566.5 93
-1566.3 89
-1566.1 92
-1565.9 107
-1565.7 113
-1565.5 104
-1565.3 112
-1565.1 122
-1564.9 112
-1564.7 112
-1564.5 117
-1564.3 118
-1564.1 113
-1563.9 127
-1563.7 147
-1563.5 116
-1563.3 144
-1563.1 144
-1562.9 151
-1562.7 150
-1562.5 151
-1562.3 167
-1562.1 173
-1561.9 167
-1561.7 158
-1561.5 166
-1561.3 170
-1561.1 144
-1560.9 159
-1560.7 200
-1560.5 193
-1560.3 184
-1560.1 176
-1559.9 197
-1559.7 187
-1559.5 193
-1559.3 216
-1559.1 227
-1558.9 200
-1558.7 215
-1558.5 222
-1558.3 221
-1558.1 206
-1557.9 231
-1557.7 238
-1557.5 262
-1557.3 231
-1557.1 251
-1556.9 211
-1556.7 254
-1556.5 249
-1556.3 258
-1556.1 243
-1555.9 268
-1555.7 266
-1555.5 244
-1555.3 257
-1555.1 243
-1554.9 249
-1554.7 251
-1554.5 264
-1554.3 285
-1554.1 254
-1553.9 272
-1553.7 248
-1553.5 268
-1553.3 284
-1553.1 298
-1552.9 264
-1552.7 277
-1552.5 281
-1552.3 278
-1552.1 296
-1551.9 295
-1551.7 283
-1551.5 290
-1551.3 287
-1551.1 316
-1550.9 267
-1550.7 296
-1550.5 292
-1550.3 290
-1550.1 299
-1549.9 285
-1549.7 283
-1549.5 277
-1549.3 276
-1549.1 298
-1548.9 282
-1548.7 300
-1548.5 268
-1548.3 283
-1548.1 287
-1547.9 307
-1547.7 280
-1547.5 303
-1547.3 310
-1547.1 285
-1546.9 293
-1546.7 289
-1546.5 275
-1546.3 250
-1546.1 269
-1545.9 241
-1545.7 290
-1545.5 269
-1545.3 286
-1545.1 303
-1544.9 292
-1544.7 298
-1544.5 272
-1544.3 290
-1544.1 275
-1543.9 285
-1543.7 296
-1543.5 281
-1543.3 307
-1543.1 258
-1542.9 260
-1542.7 258
-1542.5 287
-1542.3 301
-1542.1 252
-1541.9 257
-1541.7 261
-1541.5 237
-1541.3 279
-1541.1 278
-1540.9 264
-1540.7 290
-1540.5 260
-1540.3 271
-1540.1 265
-1539.9 251
-1539.7 256
-1539.5 285
-1539.3 261
-1539.1 238
-1538.9 281
-1538.7 244
-1538.5 252
-1538.3 232
-1538.1 278
-1537.9 258
-1537.7 245
-1537.5 240
-1537.3 249
-1537.1 244
-1536.9 249
-1536.7 247
-1536.5 242
-1536.3 244
-1536.1 224
-1535.9 268
-1535.7 240
-1535.5 265
-1535.3 244
-1535.1 233
-1534.9 257
-1534.7 253
-1534.5 219
-1534.3 221
-1534.1 249
-1533.9 256
-1533.7 205
-1533.5 241
-1533.3 235
-1533.1 250
-1532.9 248
-1532.7 259
-1532.5 242
-1532.3 271
-1532.1 218
-1531.9 208
-1531.7 238
-1531.5 231
-1531.3 221
-1531.1 220
-1530.9 234
-1530.7 265
-1530.5 247
-1530.3 260
-1530.1 208
-1529.9 234
-1529.7 244
-1529.5 220
-1529.3 236
-1529.1 236
-1528.9 232
-1528.7 250
-1528.5 232
-1528.3 229
-1528.1 229
-1527.9 238
-1527.7 229
-1527.5 242
-1527.3 215
-1527.1 244
-1526.9 236
-1526.7 242
-1526.5 241
-1526.3 255
-1526.1 225
-1525.9 229
-1525.7 194
-1525.5 242
-1525.3 234
-1525.1 212
-1524.9 208
-1524.7 237
-1524.5 222
-1524.3 244
-1524.1 228
-1523.9 218
-1523.7 230
-1523.5 234
-1523.3 229
-1523.1 229
-1522.9 211
-1522.7 184
-1522.5 201
-1522.3 242
-1522.1 261
-1521.9 215
-1521.7 222
-1521.5 198
-1521.3 210
-1521.1 248
-1520.9 214
-1520.7 233
-1520.5 222
-1520.3 200
-1520.1 236
-1519.9 219
-1519.7 219
-1519.5 234
-1519.3 190
-1519.1 209
-1518.9 223
-1518.7 234
-1518.5 207
-1518.3 226
-1518.1 221
-1517.9 203
-1517.7 192
-1517.5 202
-1517.3 220
-1517.1 202
-1516.9 226
-1516.7 189
-1516.5 238
-1516.3 202
-1516.1 226
-1515.9 202
-1515.7 229
-1515.5 227
-1515.3 199
-1515.1 237
-1514.9 227
-1514.7 206
-1514.5 229
-1514.3 203
-1514.1 193
-1513.9 219
-1513.7 250
-1513.5 207
-1513.3 221
-1513.1 217
-1512.9 196
-1512.7 217
-1512.5 255
-1512.3 223
-1512.1 217
-1511.9 206
-1511.7 232
-1511.5 219
-1511.3 251
-1511.1 233
-1510.9 215
-1510.7 245
-1510.5 211
-1510.3 211
-1510.1 201
-1509.9 199
-1509.7 236
-1509.5 205
-1509.3 228
-1509.1 223
-1508.9 214
-1508.7 222
-1508.5 200
-1508.3 207
-1508.1 235
-1507.9 203
-1507.7 207
-1507.5 220
-1507.3 213
-1507.1 218
-1506.9 217
-1506.7 214
-1506.5 215
-1506.3 219
-1506.1 216
-1505.9 212
-1505.7 251
-1505.5 230
-1505.3 223
-1505.1 229
-1504.9 208
-1504.7 224
-1504.5 230
-1504.3 224
-1504.1 245
-1503.9 215
-1503.7 232
-1503.5 207
-1503.3 221
-1503.1 218
-1502.9 236
-1502.7 208
-1502.5 217
-1502.3 231
-1502.1 230
-1501.9 233
-1501.7 223
-1501.5 216
-1501.3 233
-1501.1 254
-1500.9 198
-1500.7 228
-1500.5 255
-1500.3 226
-1500.1 239
-1499.9 221
-1499.7 258
-1499.5 202
-1499.3 225
-1499.1 221
-1498.9 221
-1498.7 207
-1498.5 186
-1498.3 212
-1498.1 238
-1497.9 238
-1497.7 219
-1497.5 213
-1497.3 233
-1497.1 207
-1496.9 244
-1496.7 224
-1496.5 194
-1496.3 235
-1496.1 187
-1495.9 210
-1495.7 221
-1495.5 200
-1495.3 232
-1495.1 207
-1494.9 223
-1494.7 223
-1494.5 215
-1494.3 222
-1494.1 199
-1493.9 220
-1493.7 248
-1493.5 213
-1493.3 239
-1493.1 224
-1492.9 207
-1492.7 222
-1492.5 239
-1492.3 232
-1492.1 238
-1491.9 207
-1491.7 256
-1491.5 233
-1491.3 223
-1491.1 222
-1490.9 241
-1490.7 223
-1490.5 232
-1490.3 241
-1490.1 208
-1489.9 228
-1489.7 230
-1489.5 205
-1489.3 235
-1489.1 217
-1488.9 235
-1488.7 220
-1488.5 245
-1488.3 232
-1488.1 235
-1487.9 229
-1487.7 226
-1487.5 201
-1487.3 219
-1487.1 242
-1486.9 241
-1486.7 220
-1486.5 231
-1486.3 224
-1486.1 206
-1485.9 205
-1485.7 199
-1485.5 233
-1485.3 197
-1485.1 237
-1484.9 220
-1484.7 217
-1484.5 190
-1484.3 213
-1484.1 226
-1483.9 214
-1483.7 202
-1483.5 184
-1483.3 227
-1483.1 208
-1482.9 218
-1482.7 183
-1482.5 208
-1482.3 182
-1482.1 195
-1481.9 212
-1481.7 190
-1481.5 217
-1481.3 204
-1481.1 204
-1480.9 175
-1480.7 209
-1480.5 220
-1480.3 215
-1480.1 207
-1479.9 187
-1479.7 218
-1479.5 205
-1479.3 207
-1479.1 218
-1478.9 228
-1478.7 220
-1478.5 229
-1478.3 206
-1478.1 219
-1477.9 224
-1477.7 252
-1477.5 225
-1477.3 242
-1477.1 230
-1476.9 222
-1476.7 232
-1476.5 200
-1476.3 254
-1476.1 243
-1475.9 249
-1475.7 228
-1475.5 236
-1475.3 222
-1475.1 230
-1474.9 239
-1474.7 225
-1474.5 231
-1474.3 259
-1474.1 229
-1473.9 226
-1473.7 256
-1473.5 236
-1473.3 213
-1473.1 270
-1472.9 238
-1472.7 253
-1472.5 212
-1472.3 222
-1472.1 234
-1471.9 220
-1471.7 253
-1471.5 242
-1471.3 206
-1471.1 217
-1470.9 236
-1470.7 210
-1470.5 217
-1470.3 212
-1470.1 208
-1469.9 196
-1469.7 215
-1469.5 230
-1469.3 211
-1469.1 209
-1468.9 210
-1468.7 200
-1468.5 224
-1468.3 233
-1468.1 194
-1467.9 220
-1467.7 210
-1467.5 210
-1467.3 228
-1467.1 210
-1466.9 180
-1466.7 226
-1466.5 210
-1466.3 203
-1466.1 194
-1465.9 214
-1465.7 198
-1465.5 234
-1465.3 193
-1465.1 220
-1464.9 213
-1464.7 211
-1464.5 195
-1464.3 187
-1464.1 216
-1463.9 241
-1463.7 217
-1463.5 212
-1463.3 193
-1463.1 206
-1462.9 212
-1462.7 227
-1462.5 249
-1462.3 242
-1462.1 198
-1461.9 248
-1461.7 229
-1461.5 226
-1461.3 232
-1461.1 234
-1460.9 229
-1460.7 215
-1460.5 208
-1460.3 233
-1460.1 231
-1459.9 267
-1459.7 246
-1459.5 250
-1459.3 250
-1459.1 252
-1458.9 233
-1458.7 233
-1458.5 256
-1458.3 246
-1458.1 237
-1457.9 258
-1457.7 233
-1457.5 246
-1457.3 211
-1457.1 264
-1456.9 244
-1456.7 218
-1456.5 228
-1456.3 217
-1456.1 214
-1455.9 221
-1455.7 264
-1455.5 198
-1455.3 210
-1455.1 230
-1454.9 223
-1454.7 190
-1454.5 226
-1454.3 255
-1454.1 205
-1453.9 258
-1453.7 206
-1453.5 226
-1453.3 200
-1453.1 202
-1452.9 254
-1452.7 215
-1452.5 214
-1452.3 198
-1452.1 211
-1451.9 200
-1451.7 216
-1451.5 209
-1451.3 199
-1451.1 198
-1450.9 216
-1450.7 218
-1450.5 207
-1450.3 199
-1450.1 218
-1449.9 190
-1449.7 215
-1449.5 196
-1449.3 221
-1449.1 215
-1448.9 211
-1448.7 214
-1448.5 223
-1448.3 199
-1448.1 177
-1447.9 194
-1447.7 196
-1447.5 223
-1447.3 214
-1447.1 211
-1446.9 220
-1446.7 237
-1446.5 218
-1446.3 221
-1446.1 232
-1445.9 233
-1445.7 208
-1445.5 226
-1445.3 254
-1445.1 218
-1444.9 210
-1444.7 208
-1444.5 228
-1444.3 227
-1444.1 227
-1443.9 229
-1443.7 211
-1443.5 241
-1443.3 202
-1443.1 263
-1442.9 223
-1442.7 234
-1442.5 246
-1442.3 240
-1442.1 231
-1441.9 236
-1441.7 247
-1441.5 215
-1441.3 234
-1441.1 249
-1440.9 239
-1440.7 240
-1440.5 193
-1440.3 231
-1440.1 217
-1439.9 233
-1439.7 226
-1439.5 205
-1439.3 251
-1439.1 209
-1438.9 231
-1438.7 237
-1438.5 230
-1438.3 213
-1438.1 226
-1437.9 223
-1437.7 232
-1437.5 221
-1437.3 225
-1437.1 230
-1436.9 195
-1436.7 210
-1436.5 216
-1436.3 216
-1436.1 211
-1435.9 204
-1435.7 195
-1435.5 191
-1435.3 216
-1435.1 196
-1434.9 218
-1434.7 189
-1434.5 173
-1434.3 220
-1434.1 202
-1433.9 212
-1433.7 213
-1433.5 206
-1433.3 212
-1433.1 242
-1432.9 201
-1432.7 224
-1432.5 214
-1432.3 239
-1432.1 193
-1431.9 256
-1431.7 233
-1431.5 247
-1431.3 221
-1431.1 219
-1430.9 230
-1430.7 215
-1430.5 211
-1430.3 244
-1430.1 240
-1429.9 251
-1429.7 233
-1429.5 249
-1429.3 249
-1429.1 228
-1428.9 246
-1428.7 232
-1428.5 248
-1428.3 250
-1428.1 227
-1427.9 221
-1427.7 276
-1427.5 243
-1427.3 212
-1427.1 240
-1426.9 227
-1426.7 264
-1426.5 230
-1426.3 236
-1426.1 234
-1425.9 244
-1425.7 231
-1425.5 251
-1425.3 229
-1425.1 210
-1424.9 242
-1424.7 255
-1424.5 232
-1424.3 236
-1424.1 217
-1423.9 240
-1423.7 209
-1423.5 230
-1423.3 211
-1423.1 230
-1422.9 194
-1422.7 216
-1422.5 203
-1422.3 203
-1422.1 202
-1421.9 192
-1421.7 190
-1421.5 194
-1421.3 194
-1421.1 221
-1420.9 191
-1420.7 202
-1420.5 200
-1420.3 190
-1420.1 185
-1419.9 173
-1419.7 210
-1419.5 216
-1419.3 192
-1419.1 183
-1418.9 190
-1418.7 199
-1418.5 201
-1418.3 197
-1418.1 196
-1417.9 224
-1417.7 197
-1417.5 209
-1417.3 230
-1417.1 200
-1416.9 211
-1416.7 227
-1416.5 214
-1416.3 229
-1416.1 203
-1415.9 201
-1415.7 237
-1415.5 238
-1415.3 240
-1415.1 216
-1414.9 221
-1414.7 249
-1414.5 223
-1414.3 229
-1414.1 223
-1413.9 215
-1413.7 238
-1413.5 224
-1413.3 248
-1413.1 249
-1412.9 246
-1412.7 226
-1412.5 223
-1412.3 265
-1412.1 242
-1411.9 231
-1411.7 228
-1411.5 225
-1411.3 250
-1411.1 253
-1410.9 235
-1410.7 211
-1410.5 226
-1410.3 274
-1410.1 232
-1409.9 225
-1409.7 204
-1409.5 200
-1409.3 190
-1409.1 229
-1408.9 239
-1408.7 222
-1408.5 207
-1408.3 208
-1408.1 202
-1407.9 217
-1407.7 254
-1407.5 208
-1407.3 210
-1407.1 239
-1406.9 207
-1406.7 210
-1406.5 185
-1406.3 178
-1406.1 216
-1405.9 197
-1405.7 243
-1405.5 219
-1405.3 211
-1405.1 190
-1404.9 223
-1404.7 204
-1404.5 200
-1404.3 192
-1404.1 223
-1403.9 225
-1403.7 200
-1403.5 218
-1403.3 207
-1403.1 253
-1402.9 217
-1402.7 212
-1402.5 248
-1402.3 214
-1402.1 232
-1401.9 194
-1401.7 236
-1401.5 214
-1401.3 235
-1401.1 223
-1400.9 232
-1400.7 246
-1400.5 213
-1400.3 242
-1400.1 209
-1399.9 226
-1399.7 228
-1399.5 239
-1399.3 231
-1399.1 237
-1398.9 215
-1398.7 219
-1398.5 253
-1398.3 224
-1398.1 224
-1397.9 238
-1397.7 218
-1397.5 227
-1397.3 217
-1397.1 237
-1396.9 214
-1396.7 195
-1396.5 220
-1396.3 230
-1396.1 224
-1395.9 248
-1395.7 222
-1395.5 211
-1395.3 208
-1395.1 218
-1394.9 198
-1394.7 220
-1394.5 202
-1394.3 235
-1394.1 215
-1393.9 236
-1393.7 220
-1393.5 206
-1393.3 217
-1393.1 212
-1392.9 212
-1392.7 206
-1392.5 206
-1392.3 211
-1392.1 223
-1391.9 186
-1391.7 206
-1391.5 193
-1391.3 210
-1391.1 213
-1390.9 204
-1390.7 186
-1390.5 193
-1390.3 190
-1390.1 221
-1389.9 200
-1389.7 199
-1389.5 219
-1389.3 194
-1389.1 225
-1388.9 223
-1388.7 215
-1388.5 196
-1388.3 216
-1388.1 185
-1387.9 221
-1387.7 213
-1387.5 194
-1387.3 246
-1387.1 189
-1386.9 207
-1386.7 190
-1386.5 243
-1386.3 200
-1386.1 246
-1385.9 212
-1385.7 228
-1385.5 196
-1385.3 210
-1385.1 209
-1384.9 227
-1384.7 216
-1384.5 199
-1384.3 205
-1384.1 225
-1383.9 245
-1383.7 200
-1383.5 196
-1383.3 209
-1383.1 207
-1382.9 216
-1382.7 223
-1382.5 208
-1382.3 218
-1382.1 248
-1381.9 201
-1381.7 235
-1381.5 215
-1381.3 203
-1381.1 204
-1380.9 233
-1380.7 211
-1380.5 219
-1380.3 231
-1380.1 225
-1379.9 209
-1379.7 220
-1379.5 238
-1379.3 254
-1379.1 229
-1378.9 233
-1378.7 210
-1378.5 177
-1378.3 226
-1378.1 210
-1377.9 205
-1377.7 225
-1377.5 203
-1377.3 211
-1377.1 205
-1376.9 230
-1376.7 232
-1376.5 194
-1376.3 191
-1376.1 208
-1375.9 218
-1375.7 204
-1375.5 215
-1375.3 196
-1375.1 206
-1374.9 207
-1374.7 207
-1374.5 218
-1374.3 210
-1374.1 239
-1373.9 199
-1373.7 223
-1373.5 188
-1373.3 207
-1373.1 222
-1372.9 215
-1372.7 188
-1372.5 208
-1372.3 228
-1372.1 220
-1371.9 206
-1371.7 231
-1371.5 215
-1371.3 216
-1371.1 211
-1370.9 214
-1370.7 215
-1370.5 202
-1370.3 197
-1370.1 220
-1369.9 231
-1369.7 183
-1369.5 227
-1369.3 193
-1369.1 202
-1368.9 197
-1368.7 188
-1368.5 180
-1368.3 211
-1368.1 187
-1367.9 184
-1367.7 166
-1367.5 197
-1367.3 178
-1367.1 188
-1366.9 197
-1366.7 191
-1366.5 179
-1366.3 169
-1366.1 177
-1365.9 156
-1365.7 170
-1365.5 167
-1365.3 174
-1365.1 179
-1364.9 164
-1364.7 181
-1364.5 173
-1364.3 183
-1364.1 144
-1363.9 159
-1363.7 162
-1363.5 129
-1363.3 134
-1363.1 159
-1362.9 123
-1362.7 132
-1362.5 141
-1362.3 160
-1362.1 154
-1361.9 131
-1361.7 136
-1361.5 139
-1361.3 123
-1361.1 134
-1360.9 97
-1360.7 144
-1360.5 118
-1360.3 125
-1360.1 93
-1359.9 114
-1359.7 114
-1359.5 127
-1359.3 124
-1359.1 111
-1358.9 90
-1358.7 122
-1358.5 116
-1358.3 110
-1358.1 98
-1357.9 93
-1357.7 90
-1357.5 86
-1357.3 88
-1357.1 92
-1356.9 98
-1356.7 93
-1356.5 84
-1356.3 86
-1356.1 75
-1355.9 80
-1355.7 87
-1355.5 68
-1355.3 65
-1355.1 75
-1354.9 76
-1354.7 72
-1354.5 58
-1354.3 86
-1354.1 68
-1353.9 63
-1353.7 55
-1353.5 68
-1353.3 64
-1353.1 55
-1352.9 69
-1352.7 58
-1352.5 60
-1352.3 44
-1352.1 49
-1351.9 65
-1351.7 46
-1351.5 53
-1351.3 49
-1351.1 43
-1350.9 51
-1350.7 38
-1350.5 42
-1350.3 38
-1350.1 35
-1349.9 40
-1349.7 43
-1349.5 42
-1349.3 38
-1349.1 37
-1348.9 37
-1348.7 29
-1348.5 35
-1348.3 30
-1348.1 21
-1347.9 26
-1347.7 20
-1347.5 30
-1347.3 16
-1347.1 20
-1346.9 20
-1346.7 29
-1346.5 19
-1346.3 23
-1346.1 18
-1345.9 22
-1345.7 17
-1345.5 12
-1345.3 12
-1345.1 17
-1344.9 14
-1344.7 13
-1344.5 12
-1344.3 10
-1344.1 9
-1343.9 13
-1343.7 9
-1343.5 9
-1343.3 6
-1343.1 11
-1342.9 10
-1342.7 7
-1342.5 12
-1342.3 5
-1342.1 7
-1341.9 6
-1341.7 6
-1341.5 9
-1341.3 7
-1341.1 13
-1340.9 9
-1340.7 7
-1340.5 9
-1340.3 2
-1340.1 2
-1339.9 4
-1339.7 8
-1339.5 10
-1339.3 7
-1339.1 5
-1338.9 8
-1338.7 5
-1338.5 5
-1338.3 2
-1338.1 6
-1337.9 7
-1337.7 5
-1337.5 5
-1337.3 5
-1337.1 3
-1336.9 3
-1336.7 2
-1336.5 4
-1336.3 5
-1336.1 0
-1335.9 2
-1335.7 7
-1335.5 6
-1335.3 3
-1335.1 3
-1334.9 1
-1334.7 2
-1334.5 5
-1334.3 4
-1334.1 3
-1333.9 1
-1333.7 4
-1333.5 4
-1333.3 5
-1333.1 4
-1332.9 1
-1332.7 0
-1332.5 1
-1332.3 0
-1332.1 2
-1331.9 1
-1331.7 1
-1331.5 2
-1331.3 0
-1331.1 1
-1330.9 1
-1330.7 2
-1330.5 0
-1330.3 0
-1330.1 2
-1329.9 1
-1329.7 2
-1329.5 3
-1329.3 2
-1329.1 1
-1328.9 1
-1328.7 0
-1328.5 1
-1328.3 1
-1328.1 0
-1327.9 4
-1327.7 2
-1327.5 0
-1327.3 0
-1327.1 1
-1326.9 2
-1326.7 1
-1326.5 2
-1326.3 0
-1326.1 0
-1325.9 0
-1325.7 2
-1325.5 1
-1325.3 0
-1325.1 1
-1324.9 0
-1324.7 1
-1324.5 0
-1324.3 2
-1324.1 0
-1323.9 0
-1323.7 0
-1323.5 0
-1323.3 0
-1323.1 1
-1322.9 1
-1322.7 2
-1322.5 1
-1322.3 1
-1322.1 0
-1321.9 1
-1321.7 1
-1321.5 2
-1321.3 2
-1321.1 1
-1320.9 0
-1320.7 1
-1320.5 0
-1320.3 1
-1320.1 1
-1319.9 2
-1319.7 0
-1319.5 3
-1319.3 0
-1319.1 0
-1318.9 3
-1318.7 1
-1318.5 1
-1318.3 1
-1318.1 1
-1317.9 1
-1317.7 2
-1317.5 0
-1317.3 1
-1317.1 0
-1316.9 0
-1316.7 2
-1316.5 1
-1316.3 2
-1316.1 0
-1315.9 0
-1315.7 0
-1315.5 1
-1315.3 0
-1315.1 0
-1314.9 1
-1314.7 2
-1314.5 1
-1314.3 0
-1314.1 0
-1313.9 1
-1313.7 1
-1313.5 1
-1313.3 1
-1313.1 1
-1312.9 2
-1312.7 1
-1312.5 1
-1312.3 2
-1312.1 2
-1311.9 0
-1311.7 2
-1311.5 2
-1311.3 3
-1311.1 1
-1310.9 2
-1310.7 2
-1310.5 1
-1310.3 3
-1310.1 1
-1309.9 3
-1309.7 3
-1309.5 0
-1309.3 0
-1309.1 2
-1308.9 1
-1308.7 1
-1308.5 0
-1308.3 0
-1308.1 1
-1307.9 2
-1307.7 1
-1307.5 1
-1307.3 2
-1307.1 2
-1306.9 1
-1306.7 2
-1306.5 0
-1306.3 2
-1306.1 3
-1305.9 1
-1305.7 1
-1305.5 2
-1305.3 1
-1305.1 2
-1304.9 0
-1304.7 1
-1304.5 3
-1304.3 1
-1304.1 1
-1303.9 1
-1303.7 0
-1303.5 1
-1303.3 0
-1303.1 2
-1302.9 1
-1302.7 3
-1302.5 0
-1302.3 0
-1302.1 0
-1301.9 2
-1301.7 0
-1301.5 0
-1301.3 3
-1301.1 0
-1300.9 1
-1300.7 0
-1300.5 0
-1300.3 0
-1300.1 1
