-1584.9 0
-1584.7 0
-1584.5 0
-1584.3 0
-1584.1 0
-1583.9 0
-1583.7 0
-1583.5 0
-1583.3 0
-1583.1 0
-1582.9 0
-1582.7 0
-1582.5 0
-1582.3 0
-1582.1 0
-1581.9 0
-1581.7 0
-1581.5 0
-1581.3 1
-1581.1 0
-1580.9 0
-1580.7 1
-1580.5 0
-1580.3 0
-1580.1 0
-1579.9 0
-1579.7 1
-1579.5 1
-1579.3 2
-1579.1 2
-1578.9 0
-1578.7 1
-1578.5 0
-1578.3 1
-1578.1 2
-1577.9 3
-1577.7 0
-1577.5 3
-1577.3 2
-1577.1 5
-1576.9 5
-1576.7 8
-1576.5 3
-1576.3 3
-1576.1 7
-1575.9 5
-1575.7 12
-1575.5 12
-1575.3 9
-1575.1 13
-1574.9 18
-1574.7 8
-1574.5 13
-1574.3 15
-1574.1 13
-1573.9 18
-1573.7 28
-1573.5 26
-1573.3 27
-1573.1 29
-1572.9 23
-1572.7 19
-1572.5 31
-1572.3 31
-1572.1 39
-1571.9 36
-1571.7 43
-1571.5 32
-1571.3 35
-1571.1 43
-1570.9 49
-1570.7 44
-1570.5 35
-1570.3 43
-1570.1 50
-1569.9 54
-1569.7 55
-1569.5 54
-1569.3 57
-1569.1 54
-1568.9 56
-1568.7 57
-1568.5 73
-1568.3 58
-1568.1 63
-1567.9 81
-1567.7 89
-1567.5 69
-1567.3 77
-1567.1 103
-1566.9 75
-1566.7 102
-1566.5 100
-1566.3 84
-1566.1 92
-1565.9 103
-1565.7 106
-1565.5 102
-1565.3 119
-1565.1 109
-1564.9 122
-1564.7 133
-1564.5 113
-1564.3 134
-1564.1 130
-1563.9 131
-1563.7 125
-1563.5 145
-1563.3 156
-1563.1 169
-1562.9 135
-1562.7 146
-1562.5 168
-1562.3 162
-1562.1 178
-1561.9 171
-1561.7 158
-1561.5 174
-1561.3 157
-1561.1 186
-1560.9 174
-1560.7 191
-1560.5 204
-1560.3 196
-1560.1 229
-1559.9 201
-1559.7 199
-1559.5 235
-1559.3 206
-1559.1 233
-1558.9 240
-1558.7 234
-1558.5 234
-1558.3 238
-1558.1 236
-1557.9 233
-1557.7 249
-1557.5 259
-1557.3 269
-1557.1 252
-1556.9 280
-1556.7 270
-1556.5 281
-1556.3 269
-1556.1 256
-1555.9 283
-1555.7 252
-1555.5 266
-1555.3 268
-1555.1 302
-1554.9 256
-1554.7 276
-1554.5 286
-1554.3 269
-1554.1 301
-1553.9 301
-1553.7 291
-1553.5 317
-1553.3 288
-1553.1 271
-1552.9 335
-1552.7 311
-1552.5 335
-1552.3 285
-1552.1 303
-1551.9 320
-1551.7 301
-1551.5 289
-1551.3 303
-1551.1 327
-1550.9 293
-1550.7 288
-1550.5 263
-1550.3 284
-1550.1 279
-1549.9 267
-1549.7 304
-1549.5 298
-1549.3 268
-1549.1 321
-1548.9 310
-1548.7 315
-1548.5 285
-1548.3 311
-1548.1 347
-1547.9 311
-1547.7 274
-1547.5 298
-1547.3 275
-1547.1 289
-1546.9 290
-1546.7 311
-1546.5 308
-1546.3 304
-1546.1 285
-1545.9 311
-1545.7 305
-1545.5 311
-1545.3 305
-1545.1 255
-1544.9 294
-1544.7 271
-1544.5 281
-1544.3 265
-1544.1 284
-1543.9 301
-1543.7 303
-1543.5 269
-1543.3 300
-1543.1 287
-1542.9 295
-1542.7 282
-1542.5 256
-1542.3 267
-1542.1 278
-1541.9 246
-1541.7 269
-1541.5 285
-1541.3 268
-1541.1 255
-1540.9 284
-1540.7 255
-1540.5 267
-1540.3 276
-1540.1 309
-1539.9 279
-1539.7 283
-1539.5 272
-1539.3 272
-1539.1 245
-1538.9 270
-1538.7 245
-1538.5 261
-1538.3 272
-1538.1 257
-1537.9 283
-1537.7 265
-1537.5 258
-1537.3 276
-1537.1 261
-1536.9 294
-1536.7 264
-1536.5 256
-1536.3 270
-1536.1 262
-1535.9 259
-1535.7 234
-1535.5 274
-1535.3 266
-1535.1 297
-1534.9 274
-1534.7 260
-1534.5 272
-1534.3 281
-1534.1 272
-1533.9 259
-1533.7 263
-1533.5 259
-1533.3 249
-1533.1 262
-1532.9 278
-1532.7 242
-1532.5 255
-1532.3 252
-1532.1 249
-1531.9 265
-1531.7 267
-1531.5 269
-1531.3 279
-1531.1 286
-1530.9 261
-1530.7 264
-1530.5 228
-1530.3 268
-1530.1 286
-1529.9 268
-1529.7 223
-1529.5 256
-1529.3 275
-1529.1 243
-1528.9 240
-1528.7 254
-1528.5 272
-1528.3 236
-1528.1 238
-1527.9 256
-1527.7 270
-1527.5 276
-1527.3 257
-1527.1 224
-1526.9 240
-1526.7 212
-1526.5 254
-1526.3 264
-1526.1 256
-1525.9 258
-1525.7 227
-1525.5 224
-1525.3 225
-1525.1 229
-1524.9 246
-1524.7 231
-1524.5 242
-1524.3 234
-1524.1 248
-1523.9 244
-1523.7 241
-1523.5 242
-1523.3 203
-1523.1 241
-1522.9 231
-1522.7 251
-1522.5 254
-1522.3 252
-1522.1 219
-1521.9 219
-1521.7 258
-1521.5 240
-1521.3 249
-1521.1 243
-1520.9 253
-1520.7 255
-1520.5 239
-1520.3 223
-1520.1 239
-1519.9 225
-1519.7 233
-1519.5 262
-1519.3 228
-1519.1 259
-1518.9 239
-1518.7 238
-1518.5 218
-1518.3 233
-1518.1 246
-1517.9 238
-1517.7 241
-1517.5 263
-1517.3 237
-1517.1 245
-1516.9 240
-1516.7 234
-1516.5 240
-1516.3 250
-1516.1 261
-1515.9 271
-1515.7 246
-1515.5 253
-1515.3 273
-1515.1 240
-1514.9 232
-1514.7 225
-1514.5 257
-1514.3 228
-1514.1 242
-1513.9 251
-1513.7 223
-1513.5 246
-1513.3 241
-1513.1 253
-1512.9 216
-1512.7 216
-1512.5 221
-1512.3 222
-1512.1 198
-1511.9 233
-1511.7 195
-1511.5 218
-1511.3 210
-1511.1 198
-1510.9 214
-1510.7 200
-1510.5 205
-1510.3 216
-1510.1 216
-1509.9 191
-1509.7 225
-1509.5 217
-1509.3 201
-1509.1 219
-1508.9 217
-1508.7 233
-1508.5 213
-1508.3 232
-1508.1 239
-1507.9 220
-1507.7 188
-1507.5 191
-1507.3 232
-1507.1 214
-1506.9 217
-1506.7 247
-1506.5 242
-1506.3 228
-1506.1 219
-1505.9 239
-1505.7 199
-1505.5 239
-1505.3 215
-1505.1 234
-1504.9 264
-1504.7 219
-1504.5 211
-1504.3 258
-1504.1 220
-1503.9 230
-1503.7 256
-1503.5 237
-1503.3 266
-1503.1 243
-1502.9 252
-1502.7 247
-1502.5 225
-1502.3 253
-1502.1 233
-1501.9 228
-1501.7 248
-1501.5 238
-1501.3 245
-1501.1 251
-1500.9 214
-1500.7 248
-1500.5 272
-1500.3 273
-1500.1 237
-1499.9 248
-1499.7 280
-1499.5 233
-1499.3 222
-1499.1 236
-1498.9 262
-1498.7 253
-1498.5 231
-1498.3 261
-1498.1 268
-1497.9 269
-1497.7 265
-1497.5 267
-1497.3 257
-1497.1 270
-1496.9 223
-1496.7 230
-1496.5 236
-1496.3 254
-1496.1 247
-1495.9 245
-1495.7 279
-1495.5 247
-1495.3 261
-1495.1 244
-1494.9 260
-1494.7 254
-1494.5 245
-1494.3 228
-1494.1 233
-1493.9 239
-1493.7 265
-1493.5 211
-1493.3 231
-1493.1 224
-1492.9 212
-1492.7 232
-1492.5 197
-1492.3 216
-1492.1 233
-1491.9 226
-1491.7 212
-1491.5 202
-1491.3 209
-1491.1 205
-1490.9 242
-1490.7 194
-1490.5 220
-1490.3 180
-1490.1 199
-1489.9 205
-1489.7 218
-1489.5 198
-1489.3 222
-1489.1 217
-1488.9 201
-1488.7 232
-1488.5 213
-1488.3 233
-1488.1 196
-1487.9 227
-1487.7 222
-1487.5 216
-1487.3 209
-1487.1 213
-1486.9 235
-1486.7 230
-1486.5 237
-1486.3 241
-1486.1 244
-1485.9 224
-1485.7 265
-1485.5 243
-1485.3 259
-1485.1 262
-1484.9 267
-1484.7 232
-1484.5 228
-1484.3 245
-1484.1 252
-1483.9 250
-1483.7 289
-1483.5 291
-1483.3 258
-1483.1 283
-1482.9 279
-1482.7 248
-1482.5 260
-1482.3 267
-1482.1 241
-1481.9 257
-1481.7 254
-1481.5 262
-1481.3 221
-1481.1 284
-1480.9 252
-1480.7 292
-1480.5 285
-1480.3 217
-1480.1 247
-1479.9 239
-1479.7 242
-1479.5 258
-1479.3 231
-1479.1 242
-1478.9 217
-1478.7 241
-1478.5 233
-1478.3 231
-1478.1 217
-1477.9 217
-1477.7 227
-1477.5 230
-1477.3 225
-1477.1 213
-1476.9 222
-1476.7 195
-1476.5 230
-1476.3 203
-1476.1 190
-1475.9 192
-1475.7 216
-1475.5 200
-1475.3 232
-1475.1 206
-1474.9 210
-1474.7 220
-1474.5 210
-1474.3 202
-1474.1 213
-1473.9 194
-1473.7 196
-1473.5 206
-1473.3 190
-1473.1 222
-1472.9 207
-1472.7 204
-1472.5 225
-1472.3 217
-1472.1 206
-1471.9 225
-1471.7 242
-1471.5 226
-1471.3 244
-1471.1 267
-1470.9 220
-1470.7 243
-1470.5 198
-1470.3 244
-1470.1 259
-1469.9 249
-1469.7 274
-1469.5 266
-1469.3 257
-1469.1 233
-1468.9 254
-1468.7 266
-1468.5 237
-1468.3 257
-1468.1 278
-1467.9 230
-1467.7 271
-1467.5 256
-1467.3 277
-1467.1 288
-1466.9 268
-1466.7 289
-1466.5 254
-1466.3 285
-1466.1 261
-1465.9 251
-1465.7 256
-1465.5 255
-1465.3 295
-1465.1 274
-1464.9 237
-1464.7 261
-1464.5 226
-1464.3 262
-1464.1 226
-1463.9 266
-1463.7 239
-1463.5 225
-1463.3 247
-1463.1 242
-1462.9 270
-1462.7 221
-1462.5 243
-1462.3 266
-1462.1 249
-1461.9 231
-1461.7 209
-1461.5 221
-1461.3 216
-1461.1 219
-1460.9 217
-1460.7 213
-1460.5 214
-1460.3 214
-1460.1 218
-1459.9 256
-1459.7 237
-1459.5 249
-1459.3 233
-1459.1 224
-1458.9 200
-1458.7 200
-1458.5 223
-1458.3 208
-1458.1 219
-1457.9 209
-1457.7 211
-1457.5 216
-1457.3 196
-1457.1 227
-1456.9 213
-1456.7 231
-1456.5 213
-1456.3 199
-1456.1 230
-1455.9 199
-1455.7 208
-1455.5 224
-1455.3 182
-1455.1 231
-1454.9 212
-1454.7 213
-1454.5 228
-1454.3 230
-1454.1 211
-1453.9 229
-1453.7 226
-1453.5 258
-1453.3 226
-1453.1 222
-1452.9 257
-1452.7 230
-1452.5 256
-1452.3 256
-1452.1 262
-1451.9 265
-1451.7 218
-1451.5 225
-1451.3 247
-1451.1 269
-1450.9 250
-1450.7 226
-1450.5 218
-1450.3 270
-1450.1 229
-1449.9 227
-1449.7 244
-1449.5 228
-1449.3 281
-1449.1 256
-1448.9 251
-1448.7 268
-1448.5 238
-1448.3 268
-1448.1 210
-1447.9 241
-1447.7 255
-1447.5 250
-1447.3 236
-1447.1 241
-1446.9 229
-1446.7 227
-1446.5 266
-1446.3 256
-1446.1 247
-1445.9 260
-1445.7 227
-1445.5 234
-1445.3 264
-1445.1 258
-1444.9 202
-1444.7 199
-1444.5 247
-1444.3 249
-1444.1 208
-1443.9 220
-1443.7 240
-1443.5 218
-1443.3 249
-1443.1 217
-1442.9 220
-1442.7 199
-1442.5 213
-1442.3 232
-1442.1 253
-1441.9 239
-1441.7 184
-1441.5 223
-1441.3 229
-1441.1 215
-1440.9 222
-1440.7 220
-1440.5 221
-1440.3 232
-1440.1 240
-1439.9 215
-1439.7 249
-1439.5 229
-1439.3 215
-1439.1 230
-1438.9 223
-1438.7 206
-1438.5 209
-1438.3 212
-1438.1 224
-1437.9 213
-1437.7 238
-1437.5 237
-1437.3 234
-1437.1 249
-1436.9 225
-1436.7 232
-1436.5 230
-1436.3 250
-1436.1 221
-1435.9 246
-1435.7 233
-1435.5 222
-1435.3 210
-1435.1 262
-1434.9 246
-1434.7 248
-1434.5 253
-1434.3 259
-1434.1 221
-1433.9 230
-1433.7 227
-1433.5 253
-1433.3 227
-1433.1 241
-1432.9 235
-1432.7 238
-1432.5 253
-1432.3 249
-1432.1 272
-1431.9 276
-1431.7 259
-1431.5 260
-1431.3 244
-1431.1 254
-1430.9 245
-1430.7 248
-1430.5 282
-1430.3 249
-1430.1 226
-1429.9 272
-1429.7 256
-1429.5 234
-1429.3 266
-1429.1 242
-1428.9 233
-1428.7 207
-1428.5 212
-1428.3 256
-1428.1 259
-1427.9 230
-1427.7 255
-1427.5 238
-1427.3 237
-1427.1 225
-1426.9 228
-1426.7 231
-1426.5 228
-1426.3 239
-1426.1 219
-1425.9 265
-1425.7 214
-1425.5 238
-1425.3 207
-1425.1 217
-1424.9 242
-1424.7 238
-1424.5 220
-1424.3 236
-1424.1 228
-1423.9 224
-1423.7 206
-1423.5 239
-1423.3 260
-1423.1 219
-1422.9 219
-1422.7 232
-1422.5 243
-1422.3 248
-1422.1 204
-1421.9 219
-1421.7 211
-1421.5 245
-1421.3 239
-1421.1 213
-1420.9 233
-1420.7 254
-1420.5 222
-1420.3 254
-1420.1 253
-1419.9 271
-1419.7 211
-1419.5 225
-1419.3 243
-1419.1 233
-1418.9 216
-1418.7 223
-1418.5 250
-1418.3 232
-1418.1 237
-1417.9 233
-1417.7 234
-1417.5 257
-1417.3 248
-1417.1 252
-1416.9 213
-1416.7 239
-1416.5 221
-1416.3 243
-1416.1 224
-1415.9 235
-1415.7 234
-1415.5 218
-1415.3 219
-1415.1 225
-1414.9 203
-1414.7 231
-1414.5 219
-1414.3 262
-1414.1 225
-1413.9 248
-1413.7 239
-1413.5 235
-1413.3 222
-1413.1 242
-1412.9 228
-1412.7 213
-1412.5 213
-1412.3 221
-1412.1 223
-1411.9 220
-1411.7 237
-1411.5 216
-1411.3 244
-1411.1 204
-1410.9 240
-1410.7 238
-1410.5 255
-1410.3 238
-1410.1 240
-1409.9 247
-1409.7 244
-1409.5 207
-1409.3 245
-1409.1 235
-1408.9 225
-1408.7 238
-1408.5 249
-1408.3 270
-1408.1 277
-1407.9 260
-1407.7 248
-1407.5 237
-1407.3 236
-1407.1 227
-1406.9 256
-1406.7 247
-1406.5 227
-1406.3 253
-1406.1 276
-1405.9 224
-1405.7 238
-1405.5 252
-1405.3 203
-1405.1 243
-1404.9 255
-1404.7 256
-1404.5 234
-1404.3 253
-1404.1 254
-1403.9 192
-1403.7 238
-1403.5 232
-1403.3 253
-1403.1 232
-1402.9 251
-1402.7 261
-1402.5 239
-1402.3 268
-1402.1 269
-1401.9 240
-1401.7 233
-1401.5 240
-1401.3 207
-1401.1 233
-1400.9 251
-1400.7 240
-1400.5 199
-1400.3 216
-1400.1 246
-1399.9 212
-1399.7 219
-1399.5 233
-1399.3 233
-1399.1 237
-1398.9 206
-1398.7 224
-1398.5 240
-1398.3 224
-1398.1 247
-1397.9 219
-1397.7 216
-1397.5 234
-1397.3 204
-1397.1 248
-1396.9 223
-1396.7 244
-1396.5 253
-1396.3 228
-1396.1 222
-1395.9 213
-1395.7 214
-1395.5 238
-1395.3 247
-1395.1 226
-1394.9 235
-1394.7 245
-1394.5 246
-1394.3 224
-1394.1 229
-1393.9 232
-1393.7 271
-1393.5 259
-1393.3 244
-1393.1 228
-1392.9 222
-1392.7 242
-1392.5 234
-1392.3 219
-1392.1 223
-1391.9 253
-1391.7 247
-1391.5 273
-1391.3 226
-1391.1 240
-1390.9 246
-1390.7 232
-1390.5 216
-1390.3 244
-1390.1 233
-1389.9 230
-1389.7 229
-1389.5 237
-1389.3 216
-1389.1 237
-1388.9 231
-1388.7 226
-1388.5 215
-1388.3 239
-1388.1 228
-1387.9 210
-1387.7 223
-1387.5 226
-1387.3 211
-1387.1 228
-1386.9 247
-1386.7 213
-1386.5 223
-1386.3 236
-1386.1 237
-1385.9 226
-1385.7 228
-1385.5 201
-1385.3 235
-1385.1 224
-1384.9 243
-1384.7 217
-1384.5 206
-1384.3 240
-1384.1 211
-1383.9 222
-1383.7 227
-1383.5 191
-1383.3 214
-1383.1 215
-1382.9 240
-1382.7 216
-1382.5 261
-1382.3 206
-1382.1 224
-1381.9 216
-1381.7 217
-1381.5 210
-1381.3 231
-1381.1 204
-1380.9 217
-1380.7 204
-1380.5 227
-1380.3 228
-1380.1 244
-1379.9 235
-1379.7 198
-1379.5 238
-1379.3 215
-1379.1 221
-1378.9 219
-1378.7 261
-1378.5 215
-1378.3 232
-1378.1 227
-1377.9 238
-1377.7 207
-1377.5 235
-1377.3 255
-1377.1 225
-1376.9 237
-1376.7 247
-1376.5 217
-1376.3 231
-1376.1 245
-1375.9 243
-1375.7 238
-1375.5 225
-1375.3 240
-1375.1 224
-1374.9 244
-1374.7 260
-1374.5 238
-1374.3 259
-1374.1 236
-1373.9 223
-1373.7 246
-1373.5 233
-1373.3 243
-1373.1 234
-1372.9 191
-1372.7 209
-1372.5 238
-1372.3 235
-1372.1 204
-1371.9 256
-1371.7 222
-1371.5 236
-1371.3 236
-1371.1 232
-1370.9 204
-1370.7 207
-1370.5 207
-1370.3 189
-1370.1 237
-1369.9 189
-1369.7 197
-1369.5 195
-1369.3 203
-1369.1 223
-1368.9 223
-1368.7 183
-1368.5 181
-1368.3 190
-1368.1 219
-1367.9 226
-1367.7 196
-1367.5 177
-1367.3 212
-1367.1 207
-1366.9 188
-1366.7 216
-1366.5 209
-1366.3 193
-1366.1 174
-1365.9 164
-1365.7 187
-1365.5 205
-1365.3 164
-1365.1 165
-1364.9 165
-1364.7 178
-1364.5 184
-1364.3 178
-1364.1 172
-1363.9 156
-1363.7 170
-1363.5 153
-1363.3 175
-1363.1 146
-1362.9 148
-1362.7 155
-1362.5 165
-1362.3 154
-1362.1 134
-1361.9 128
-1361.7 151
-1361.5 146
-1361.3 142
-1361.1 139
-1360.9 144
-1360.7 162
-1360.5 128
-1360.3 136
-1360.1 118
-1359.9 113
-1359.7 140
-1359.5 130
-1359.3 117
-1359.1 116
-1358.9 105
-1358.7 116
-1358.5 103
-1358.3 112
-1358.1 107
-1357.9 115
-1357.7 109
-1357.5 108
-1357.3 102
-1357.1 77
-1356.9 98
-1356.7 104
-1356.5 81
-1356.3 85
-1356.1 74
-1355.9 92
-1355.7 81
-1355.5 76
-1355.3 76
-1355.1 72
-1354.9 101
-1354.7 64
-1354.5 74
-1354.3 65
-1354.1 71
-1353.9 68
-1353.7 61
-1353.5 68
-1353.3 69
-1353.1 57
-1352.9 72
-1352.7 68
-1352.5 56
-1352.3 54
-1352.1 59
-1351.9 44
-1351.7 57
-1351.5 30
-1351.3 32
-1351.1 42
-1350.9 41
-1350.7 50
-1350.5 42
-1350.3 39
-1350.1 34
-1349.9 41
-1349.7 31
-1349.5 31
-1349.3 37
-1349.1 42
-1348.9 29
-1348.7 27
-1348.5 32
-1348.3 26
-1348.1 27
-1347.9 21
-1347.7 22
-1347.5 19
-1347.3 26
-1347.1 15
-1346.9 16
-1346.7 28
-1346.5 21
-1346.3 12
-1346.1 18
-1345.9 20
-1345.7 13
-1345.5 15
-1345.3 14
-1345.1 15
-1344.9 14
-1344.7 11
-1344.5 17
-1344.3 11
-1344.1 14
-1343.9 9
-1343.7 16
-1343.5 12
-1343.3 10
-1343.1 8
-1342.9 10
-1342.7 6
-1342.5 10
-1342.3 7
-1342.1 16
-1341.9 7
-1341.7 5
-1341.5 10
-1341.3 5
-1341.1 8
-1340.9 6
-1340.7 6
-1340.5 8
-1340.3 4
-1340.1 4
-1339.9 8
-1339.7 8
-1339.5 10
-1339.3 4
-1339.1 8
-1338.9 4
-1338.7 2
-1338.5 6
-1338.3 6
-1338.1 2
-1337.9 2
-1337.7 4
-1337.5 6
-1337.3 4
-1337.1 6
-1336.9 4
-1336.7 2
-1336.5 1
-1336.3 4
-1336.1 3
-1335.9 3
-1335.7 1
-1335.5 4
-1335.3 3
-1335.1 3
-1334.9 4
-1334.7 1
-1334.5 2
-1334.3 1
-1334.1 2
-1333.9 1
-1333.7 2
-1333.5 1
-1333.3 2
-1333.1 4
-1332.9 1
-1332.7 2
-1332.5 2
-1332.3 0
-1332.1 2
-1331.9 2
-1331.7 0
-1331.5 3
-1331.3 1
-1331.1 1
-1330.9 0
-1330.7 4
-1330.5 0
-1330.3 3
-1330.1 5
-1329.9 1
-1329.7 1
-1329.5 0
-1329.3 1
-1329.1 1
-1328.9 2
-1328.7 3
-1328.5 3
-1328.3 1
-1328.1 1
-1327.9 2
-1327.7 1
-1327.5 2
-1327.3 1
-1327.1 2
-1326.9 1
-1326.7 3
-1326.5 1
-1326.3 0
-1326.1 1
-1325.9 1
-1325.7 0
-1325.5 1
-1325.3 0
-1325.1 1
-1324.9 0
-1324.7 1
-1324.5 1
-1324.3 3
-1324.1 0
-1323.9 1
-1323.7 1
-1323.5 0
-1323.3 3
-1323.1 3
-1322.9 2
-1322.7 0
-1322.5 1
-1322.3 2
-1322.1 5
-1321.9 3
-1321.7 2
-1321.5 2
-1321.3 1
-1321.1 2
-1320.9 2
-1320.7 1
-1320.5 1
-1320.3 3
-1320.1 1
-1319.9 0
-1319.7 0
-1319.5 0
-1319.3 1
-1319.1 4
-1318.9 4
-1318.7 1
-1318.5 2
-1318.3 1
-1318.1 0
-1317.9 4
-1317.7 0
-1317.5 0
-1317.3 1
-1317.1 5
-1316.9 1
-1316.7 1
-1316.5 2
-1316.3 1
-1316.1 2
-1315.9 1
-1315.7 2
-1315.5 1
-1315.3 0
-1315.1 0
-1314.9 0
-1314.7 2
-1314.5 2
-1314.3 1
-1314.1 1
-1313.9 1
-1313.7 3
-1313.5 0
-1313.3 2
-1313.1 0
-1312.9 0
-1312.7 0
-1312.5 1
-1312.3 2
-1312.1 2
-1311.9 0
-1311.7 0
-1311.5 0
-1311.3 0
-1311.1 0
-1310.9 0
-1310.7 1
-1310.5 0
-1310.3 3
-1310.1 0
-1309.9 2
-1309.7 1
-1309.5 2
-1309.3 2
-1309.1 0
-1308.9 0
-1308.7 0
-1308.5 1
-1308.3 4
-1308.1 0
-1307.9 1
-1307.7 0
-1307.5 1
-1307.3 2
-1307.1 1
-1306.9 1
-1306.7 2
-1306.5 0
-1306.3 2
-1306.1 2
-1305.9 1
-1305.7 0
-1305.5 0
-1305.3 2
-1305.1 1
-1304.9 0
-1304.7 0
-1304.5 1
-1304.3 1
-1304.1 3
-1303.9 2
-1303.7 1
-1303.5 0
-1303.3 5
-1303.1 0
-1302.9 1
-1302.7 1
-1302.5 1
-1302.3 1
-1302.1 1
-1301.9 0
-1301.7 2
-1301.5 0
-1301.3 0
-1301.1 3
-1300.9 3
-1300.7 0
-1300.5 1
-1300.3 0
-1300.1 2
