1496
-1599.1 9.95659e-06
-1598.9 9.95659e-06
-1598.7 9.95659e-06
-1598.5 9.95659e-06
-1598.3 9.95659e-06
-1598.1 9.95659e-06
-1597.9 9.95659e-06
-1597.7 9.95659e-06
-1597.5 9.95659e-06
-1597.3 9.95659e-06
-1597.1 9.95659e-06
-1596.9 9.95659e-06
-1596.7 9.95659e-06
-1596.5 9.95659e-06
-1596.3 9.95659e-06
-1596.1 9.95659e-06
-1595.9 9.95659e-06
-1595.7 9.95659e-06
-1595.5 9.95659e-06
-1595.3 9.95659e-06
-1595.1 9.95659e-06
-1594.9 1.99132e-05
-1594.7 1.99132e-05
-1594.5 2.98698e-05
-1594.3 2.98698e-05
-1594.1 2.98698e-05
-1593.9 2.98698e-05
-1593.7 2.98698e-05
-1593.5 2.98698e-05
-1593.3 2.98698e-05
-1593.1 2.98698e-05
-1592.9 2.98698e-05
-1592.7 2.98698e-05
-1592.5 2.98698e-05
-1592.3 2.98698e-05
-1592.1 2.98698e-05
-1591.9 2.98698e-05
-1591.7 2.98698e-05
-1591.5 2.98698e-05
-1591.3 2.98698e-05
-1591.1 3.98264e-05
-1590.9 3.98264e-05
-1590.7 3.98264e-05
-1590.5 3.98264e-05
-1590.3 3.98264e-05
-1590.1 3.98264e-05
-1589.9 3.98264e-05
-1589.7 3.98264e-05
-1589.5 3.98264e-05
-1589.3 4.97829e-05
-1589.1 5.97395e-05
-1588.9 5.97395e-05
-1588.7 5.97395e-05
-1588.5 5.97395e-05
-1588.3 5.97395e-05
-1588.1 5.97395e-05
-1587.9 5.97395e-05
-1587.7 5.97395e-05
-1587.5 5.97395e-05
-1587.3 5.97395e-05
-1587.1 5.97395e-05
-1586.9 5.97395e-05
-1586.7 5.97395e-05
-1586.5 5.97395e-05
-1586.3 5.97395e-05
-1586.1 5.97395e-05
-1585.9 5.97395e-05
-1585.7 5.97395e-05
-1585.5 5.97395e-05
-1585.3 5.97395e-05
-1585.1 5.97395e-05
-1584.9 5.97395e-05
-1584.7 5.97395e-05
-1584.5 5.97395e-05
-1584.3 5.97395e-05
-1584.1 5.97395e-05
-1583.9 5.97395e-05
-1583.7 5.97395e-05
-1583.5 5.97395e-05
-1583.3 5.97395e-05
-1583.1 5.97395e-05
-1582.9 5.97395e-05
-1582.7 6.96961e-05
-1582.5 6.96961e-05
-1582.3 6.96961e-05
-1582.1 6.96961e-05
-1581.9 6.96961e-05
-1581.7 6.96961e-05
-1581.5 6.96961e-05
-1581.3 6.96961e-05
-1581.1 6.96961e-05
-1580.9 6.96961e-05
-1580.7 6.96961e-05
-1580.5 6.96961e-05
-1580.3 6.96961e-05
-1580.1 6.96961e-05
-1579.9 6.96961e-05
-1579.7 6.96961e-05
-1579.5 6.96961e-05
-1579.3 6.96961e-05
-1579.1 6.96961e-05
-1578.9 6.96961e-05
-1578.7 6.96961e-05
-1578.5 6.96961e-05
-1578.3 6.96961e-05
-1578.1 6.96961e-05
-1577.9 6.96961e-05
-1577.7 6.96961e-05
-1577.5 6.96961e-05
-1577.3 6.96961e-05
-1577.1 6.96961e-05
-1576.9 6.96961e-05
-1576.7 6.96961e-05
-1576.5 6.96961e-05
-1576.3 6.96961e-05
-1576.1 6.96961e-05
-1575.9 6.96961e-05
-1575.7 6.96961e-05
-1575.5 6.96961e-05
-1575.3 6.96961e-05
-1575.1 6.96961e-05
-1574.9 7.96527e-05
-1574.7 8.96093e-05
-1574.5 8.96093e-05
-1574.3 8.96093e-05
-1574.1 9.95659e-05
-1573.9 9.95659e-05
-1573.7 9.95659e-05
-1573.5 9.95659e-05
-1573.3 0.000109522
-1573.1 0.000109522
-1572.9 0.000109522
-1572.7 0.000109522
-1572.5 0.000109522
-1572.3 0.000109522
-1572.1 0.000119479
-1571.9 0.000119479
-1571.7 0.000129436
-1571.5 0.000129436
-1571.3 0.000129436
-1571.1 0.000139392
-1570.9 0.000139392
-1570.7 0.000139392
-1570.5 0.000139392
-1570.3 0.000139392
-1570.1 0.000139392
-1569.9 0.000139392
-1569.7 0.000139392
-1569.5 0.000139392
-1569.3 0.000139392
-1569.1 0.000139392
-1568.9 0.000139392
-1568.7 0.000139392
-1568.5 0.000149349
-1568.3 0.000159305
-1568.1 0.000159305
-1567.9 0.000159305
-1567.7 0.000159305
-1567.5 0.000159305
-1567.3 0.000159305
-1567.1 0.000159305
-1566.9 0.000159305
-1566.7 0.000159305
-1566.5 0.000159305
-1566.3 0.000159305
-1566.1 0.000159305
-1565.9 0.000159305
-1565.7 0.000159305
-1565.5 0.000159305
-1565.3 0.000159305
-1565.1 0.000159305
-1564.9 0.000159305
-1564.7 0.000159305
-1564.5 0.000159305
-1564.3 0.000169262
-1564.1 0.000179219
-1563.9 0.000179219
-1563.7 0.000179219
-1563.5 0.000199132
-1563.3 0.000219045
-1563.1 0.000229002
-1562.9 0.000238958
-1562.7 0.000248915
-1562.5 0.000278784
-1562.3 0.000308654
-1562.1 0.000328567
-1561.9 0.000348481
-1561.7 0.000358437
-1561.5 0.000368394
-1561.3 0.00040822
-1561.1 0.000458003
-1560.9 0.000497829
-1560.7 0.000537656
-1560.5 0.000627265
-1560.3 0.000667091
-1560.1 0.000806484
-1559.9 0.000925963
-1559.7 0.00103549
-1559.5 0.00113505
-1559.3 0.00126449
-1559.1 0.00141384
-1558.9 0.00157314
-1558.7 0.00170258
-1558.5 0.00194153
-1558.3 0.00215062
-1558.1 0.00238958
-1557.9 0.00260863
-1557.7 0.00295711
-1557.5 0.00345494
-1557.3 0.00377355
-1557.1 0.00405233
-1556.9 0.00458999
-1556.7 0.00500816
-1556.5 0.00548608
-1556.3 0.00597395
-1556.1 0.00657135
-1555.9 0.00721853
-1555.7 0.00790553
-1555.5 0.00865228
-1555.3 0.00947867
-1555.1 0.0102453
-1554.9 0.0110219
-1554.7 0.0118384
-1554.5 0.0127643
-1554.3 0.0136704
-1554.1 0.0145167
-1553.9 0.0153829
-1553.7 0.0165279
-1553.5 0.0177227
-1553.3 0.0187483
-1553.1 0.0198534
-1552.9 0.020869
-1552.7 0.0221335
-1552.5 0.0234478
-1552.3 0.0246426
-1552.1 0.025927
-1551.9 0.0271317
-1551.7 0.0283962
-1551.5 0.0297403
-1551.3 0.0310148
-1551.1 0.0322494
-1550.9 0.0336035
-1550.7 0.0350372
-1550.5 0.0364809
-1550.3 0.038084
-1550.1 0.039687
-1549.9 0.0411605
-1549.7 0.0423752
-1549.5 0.0435103
-1549.3 0.0450137
-1549.1 0.0466168
-1548.9 0.0479708
-1548.7 0.0491955
-1548.5 0.0505695
-1548.3 0.0519535
-1548.1 0.0535864
-1547.9 0.0549205
-1547.7 0.0565933
-1547.5 0.0578179
-1547.3 0.0592019
-1547.1 0.0606655
-1546.9 0.0623083
-1546.7 0.0637819
-1546.5 0.0652555
-1546.3 0.0664602
-1546.1 0.0679338
-1545.9 0.0693178
-1545.7 0.070642
-1545.5 0.0718766
-1545.3 0.0732805
-1545.1 0.0747541
-1544.9 0.0759787
-1544.7 0.0771934
-1544.5 0.078448
-1544.3 0.0797025
-1544.1 0.0809471
-1543.9 0.0820622
-1543.7 0.0834661
-1543.5 0.0848102
-1543.3 0.0860249
-1543.1 0.0872795
-1542.9 0.0885539
-1542.7 0.0897686
-1542.5 0.0910829
-1542.3 0.0921482
-1542.1 0.0933729
-1541.9 0.0946274
-1541.7 0.0960114
-1541.5 0.0972361
-1541.3 0.0983213
-1541.1 0.0994962
-1540.9 0.100452
-1540.7 0.101567
-1540.5 0.102543
-1540.3 0.103509
-1540.1 0.104713
-1539.9 0.105709
-1539.7 0.106695
-1539.5 0.10787
-1539.3 0.108766
-1539.1 0.109722
-1538.9 0.110737
-1538.7 0.111663
-1538.5 0.112629
-1538.3 0.113744
-1538.1 0.11471
-1537.9 0.115964
-1537.7 0.11699
-1537.5 0.117966
-1537.3 0.118931
-1537.1 0.120116
-1536.9 0.121212
-1536.7 0.122217
-1536.5 0.123233
-1536.3 0.124059
-1536.1 0.124846
-1535.9 0.125792
-1535.7 0.126897
-1535.5 0.127843
-1535.3 0.128818
-1535.1 0.129675
-1534.9 0.130849
-1534.7 0.131865
-1534.5 0.132911
-1534.3 0.133767
-1534.1 0.134812
-1533.9 0.135659
-1533.7 0.136485
-1533.5 0.13757
-1533.3 0.138715
-1533.1 0.139581
-1532.9 0.140458
-1532.7 0.141384
-1532.5 0.14219
-1532.3 0.143116
-1532.1 0.144042
-1531.9 0.144978
-1531.7 0.145874
-1531.5 0.14684
-1531.3 0.147676
-1531.1 0.148702
-1530.9 0.149638
-1530.7 0.150454
-1530.5 0.15132
-1530.3 0.152216
-1530.1 0.153222
-1529.9 0.154297
-1529.7 0.155283
-1529.5 0.15606
-1529.3 0.156956
-1529.1 0.157862
-1528.9 0.158718
-1528.7 0.159524
-1528.5 0.160411
-1528.3 0.161406
-1528.1 0.162282
-1527.9 0.163129
-1527.7 0.164154
-1527.5 0.16508
-1527.3 0.165927
-1527.1 0.166992
-1526.9 0.167888
-1526.7 0.168665
-1526.5 0.169541
-1526.3 0.170447
-1526.1 0.171263
-1525.9 0.17211
-1525.7 0.172896
-1525.5 0.173981
-1525.3 0.174878
-1525.1 0.175983
-1524.9 0.177088
-1524.7 0.178213
-1524.5 0.1789
-1524.3 0.179716
-1524.1 0.180712
-1523.9 0.181598
-1523.7 0.182504
-1523.5 0.183331
-1523.3 0.184366
-1523.1 0.185302
-1522.9 0.186278
-1522.7 0.187204
-1522.5 0.188229
-1522.3 0.189175
-1522.1 0.190111
-1521.9 0.190878
-1521.7 0.191834
-1521.5 0.192491
-1521.3 0.193357
-1521.1 0.194313
-1520.9 0.195289
-1520.7 0.196424
-1520.5 0.19734
-1520.3 0.198156
-1520.1 0.199062
-1519.9 0.199988
-1519.7 0.200844
-1519.5 0.20184
-1519.3 0.202607
-1519.1 0.203423
-1518.9 0.20414
-1518.7 0.205185
-1518.5 0.206022
-1518.3 0.207067
-1518.1 0.207993
-1517.9 0.20872
-1517.7 0.209596
-1517.5 0.210313
-1517.3 0.211149
-1517.1 0.212006
-1516.9 0.212882
-1516.7 0.213828
-1516.5 0.214774
-1516.3 0.21565
-1516.1 0.216616
-1515.9 0.217741
-1515.7 0.218577
-1515.5 0.219364
-1515.3 0.220349
-1515.1 0.221385
-1514.9 0.222191
-1514.7 0.223157
-1514.5 0.224003
-1514.3 0.22485
-1514.1 0.225805
-1513.9 0.226612
-1513.7 0.227269
-1513.5 0.228125
-1513.3 0.228872
-1513.1 0.229679
-1512.9 0.230595
-1512.7 0.23169
-1512.5 0.232456
-1512.3 0.233253
-1512.1 0.234079
-1511.9 0.234756
-1511.7 0.235563
-1511.5 0.236379
-1511.3 0.237166
-1511.1 0.237833
-1510.9 0.23861
-1510.7 0.239336
-1510.5 0.240223
-1510.3 0.241009
-1510.1 0.241806
-1509.9 0.242592
-1509.7 0.243508
-1509.5 0.244434
-1509.3 0.245241
-1509.1 0.245978
-1508.9 0.246814
-1508.7 0.24764
-1508.5 0.248377
-1508.3 0.249154
-1508.1 0.2501
-1507.9 0.250926
-1507.7 0.251722
-1507.5 0.252688
-1507.3 0.253545
-1507.1 0.254391
-1506.9 0.255237
-1506.7 0.256024
-1506.5 0.25695
-1506.3 0.257945
-1506.1 0.25909
-1505.9 0.259937
-1505.7 0.260753
-1505.5 0.261649
-1505.3 0.262705
-1505.1 0.26381
-1504.9 0.264746
-1504.7 0.265721
-1504.5 0.266767
-1504.3 0.267872
-1504.1 0.268589
-1503.9 0.269555
-1503.7 0.270501
-1503.5 0.271427
-1503.3 0.272193
-1503.1 0.273229
-1502.9 0.274324
-1502.7 0.27517
-1502.5 0.276216
-1502.3 0.277181
-1502.1 0.278018
-1501.9 0.278844
-1501.7 0.27972
-1501.5 0.280607
-1501.3 0.281304
-1501.1 0.28209
-1500.9 0.282966
-1500.7 0.283892
-1500.5 0.284639
-1500.3 0.285605
-1500.1 0.286501
-1499.9 0.287238
-1499.7 0.288054
-1499.5 0.28889
-1499.3 0.289697
-1499.1 0.290364
-1498.9 0.291141
-1498.7 0.291997
-1498.5 0.292833
-1498.3 0.29362
-1498.1 0.294416
-1497.9 0.295203
-1497.7 0.2958
-1497.5 0.296647
-1497.3 0.297433
-1497.1 0.298339
-1496.9 0.299116
-1496.7 0.299873
-1496.5 0.300729
-1496.3 0.301515
-1496.1 0.302262
-1495.9 0.303049
-1495.7 0.303915
-1495.5 0.304662
-1495.3 0.305389
-1495.1 0.306076
-1494.9 0.306772
-1494.7 0.307469
-1494.5 0.308107
-1494.3 0.308863
-1494.1 0.30967
-1493.9 0.310427
-1493.7 0.311353
-1493.5 0.312119
-1493.3 0.313165
-1493.1 0.314051
-1492.9 0.314678
-1492.7 0.315544
-1492.5 0.31654
-1492.3 0.317615
-1492.1 0.318511
-1491.9 0.319348
-1491.7 0.320264
-1491.5 0.32113
-1491.3 0.322155
-1491.1 0.322942
-1490.9 0.323719
-1490.7 0.324515
-1490.5 0.325411
-1490.3 0.326506
-1490.1 0.327343
-1489.9 0.328299
-1489.7 0.329304
-1489.5 0.33023
-1489.3 0.331196
-1489.1 0.332082
-1488.9 0.333018
-1488.7 0.333815
-1488.5 0.334591
-1488.3 0.335428
-1488.1 0.336344
-1487.9 0.33725
-1487.7 0.338225
-1487.5 0.339062
-1487.3 0.339848
-1487.1 0.340814
-1486.9 0.34168
-1486.7 0.342666
-1486.5 0.343512
-1486.3 0.344608
-1486.1 0.345623
-1485.9 0.346489
-1485.7 0.347246
-1485.5 0.348132
-1485.3 0.348978
-1485.1 0.349765
-1484.9 0.350701
-1484.7 0.351617
-1484.5 0.352324
-1484.3 0.35323
-1484.1 0.354146
-1483.9 0.355032
-1483.7 0.355898
-1483.5 0.356974
-1483.3 0.35775
-1483.1 0.358716
-1482.9 0.359612
-1482.7 0.360628
-1482.5 0.361554
-1482.3 0.36247
-1482.1 0.363296
-1481.9 0.364152
-1481.7 0.364889
-1481.5 0.365775
-1481.3 0.366811
-1481.1 0.367776
-1480.9 0.368473
-1480.7 0.36933
-1480.5 0.370226
-1480.3 0.370853
-1480.1 0.37165
-1479.9 0.372526
-1479.7 0.373143
-1479.5 0.3738
-1479.3 0.374647
-1479.1 0.375353
-1478.9 0.37615
-1478.7 0.377096
-1478.5 0.378052
-1478.3 0.378769
-1478.1 0.379585
-1477.9 0.380262
-1477.7 0.381029
-1477.5 0.381865
-1477.3 0.382572
-1477.1 0.383448
-1476.9 0.384294
-1476.7 0.385061
-1476.5 0.385828
-1476.3 0.386744
-1476.1 0.38766
-1475.9 0.388496
-1475.7 0.389492
-1475.5 0.390199
-1475.3 0.391135
-1475.1 0.39209
-1474.9 0.392977
-1474.7 0.393903
-1474.5 0.394908
-1474.3 0.395974
-1474.1 0.397059
-1473.9 0.397985
-1473.7 0.398931
-1473.5 0.399886
-1473.3 0.400812
-1473.1 0.401639
-1472.9 0.402644
-1472.7 0.403451
-1472.5 0.404407
-1472.3 0.405323
-1472.1 0.406109
-1471.9 0.406995
-1471.7 0.407902
-1471.5 0.408927
-1471.3 0.409823
-1471.1 0.410709
-1470.9 0.411556
-1470.7 0.412342
-1470.5 0.413169
-1470.3 0.414294
-1470.1 0.41512
-1469.9 0.416235
-1469.7 0.417002
-1469.5 0.417988
-1469.3 0.418655
-1469.1 0.419551
-1468.9 0.420507
-1468.7 0.421532
-1468.5 0.422428
-1468.3 0.423284
-1468.1 0.424111
-1467.9 0.424947
-1467.7 0.425903
-1467.5 0.426839
-1467.3 0.427606
-1467.1 0.428571
-1466.9 0.429617
-1466.7 0.430483
-1466.5 0.431379
-1466.3 0.432365
-1466.1 0.43338
-1465.9 0.434287
-1465.7 0.435153
-1465.5 0.435989
-1465.3 0.436796
-1465.1 0.437672
-1464.9 0.438618
-1464.7 0.439564
-1464.5 0.440539
-1464.3 0.441515
-1464.1 0.442531
-1463.9 0.443407
-1463.7 0.444333
-1463.5 0.445199
-1463.3 0.446175
-1463.1 0.446941
-1462.9 0.447907
-1462.7 0.448734
-1462.5 0.449729
-1462.3 0.450625
-1462.1 0.451412
-1461.9 0.452348
-1461.7 0.453363
-1461.5 0.45412
-1461.3 0.454857
-1461.1 0.455723
-1460.9 0.456549
-1460.7 0.457246
-1460.5 0.458073
-1460.3 0.45865
-1460.1 0.459417
-1459.9 0.460343
-1459.7 0.461368
-1459.5 0.462145
-1459.3 0.463071
-1459.1 0.463947
-1458.9 0.464664
-1458.7 0.465371
-1458.5 0.466237
-1458.3 0.467084
-1458.1 0.468039
-1457.9 0.468896
-1457.7 0.469712
-1457.5 0.470588
-1457.3 0.471315
-1457.1 0.472062
-1456.9 0.472878
-1456.7 0.473715
-1456.5 0.474521
-1456.3 0.475357
-1456.1 0.476283
-1455.9 0.47714
-1455.7 0.478135
-1455.5 0.479111
-1455.3 0.480097
-1455.1 0.480814
-1454.9 0.481859
-1454.7 0.482795
-1454.5 0.483651
-1454.3 0.484607
-1454.1 0.485384
-1453.9 0.48614
-1453.7 0.487106
-1453.5 0.487943
-1453.3 0.488819
-1453.1 0.489675
-1452.9 0.490681
-1452.7 0.491636
-1452.5 0.492552
-1452.3 0.493379
-1452.1 0.494345
-1451.9 0.49539
-1451.7 0.496336
-1451.5 0.497242
-1451.3 0.498198
-1451.1 0.499064
-1450.9 0.500159
-1450.7 0.501255
-1450.5 0.50232
-1450.3 0.503266
-1450.1 0.504271
-1449.9 0.505217
-1449.7 0.506054
-1449.5 0.50696
-1449.3 0.507816
-1449.1 0.508841
-1448.9 0.509638
-1448.7 0.510375
-1448.5 0.511301
-1448.3 0.511998
-1448.1 0.512993
-1447.9 0.51377
-1447.7 0.514716
-1447.5 0.515751
-1447.3 0.516647
-1447.1 0.517593
-1446.9 0.518509
-1446.7 0.519346
-1446.5 0.520282
-1446.3 0.521297
-1446.1 0.522064
-1445.9 0.52295
-1445.7 0.523846
-1445.5 0.524981
-1445.3 0.525768
-1445.1 0.526445
-1444.9 0.52745
-1444.7 0.528207
-1444.5 0.529004
-1444.3 0.5298
-1444.1 0.530736
-1443.9 0.531592
-1443.7 0.532389
-1443.5 0.533076
-1443.3 0.533842
-1443.1 0.534768
-1442.9 0.535555
-1442.7 0.536371
-1442.5 0.537198
-1442.3 0.538094
-1442.1 0.539169
-1441.9 0.539876
-1441.7 0.540772
-1441.5 0.541698
-1441.3 0.542465
-1441.1 0.543391
-1440.9 0.544396
-1440.7 0.545213
-1440.5 0.546139
-1440.3 0.546945
-1440.1 0.547851
-1439.9 0.548688
-1439.7 0.549375
-1439.5 0.550181
-1439.3 0.551137
-1439.1 0.551904
-1438.9 0.552869
-1438.7 0.553666
-1438.5 0.554622
-1438.3 0.555458
-1438.1 0.556275
-1437.9 0.557061
-1437.7 0.557808
-1437.5 0.558684
-1437.3 0.55953
-1437.1 0.560536
-1436.9 0.561253
-1436.7 0.56197
-1436.5 0.562836
-1436.3 0.563682
-1436.1 0.564539
-1435.9 0.565285
-1435.7 0.566142
-1435.5 0.567008
-1435.3 0.567844
-1435.1 0.56871
-1434.9 0.569507
-1434.7 0.570294
-1434.5 0.57116
-1434.3 0.572126
-1434.1 0.572882
-1433.9 0.573888
-1433.7 0.574655
-1433.5 0.575431
-1433.3 0.576327
-1433.1 0.577203
-1432.9 0.578279
-1432.7 0.579105
-1432.5 0.579981
-1432.3 0.580838
-1432.1 0.581724
-1431.9 0.582699
-1431.7 0.583596
-1431.5 0.584591
-1431.3 0.585308
-1431.1 0.586184
-1430.9 0.5871
-1430.7 0.587897
-1430.5 0.588653
-1430.3 0.58946
-1430.1 0.590227
-1429.9 0.590914
-1429.7 0.59174
-1429.5 0.592606
-1429.3 0.593333
-1429.1 0.594199
-1428.9 0.595135
-1428.7 0.596121
-1428.5 0.596927
-1428.3 0.597784
-1428.1 0.59857
-1427.9 0.599526
-1427.7 0.600542
-1427.5 0.601438
-1427.3 0.602274
-1427.1 0.60318
-1426.9 0.603957
-1426.7 0.604833
-1426.5 0.605659
-1426.3 0.606506
-1426.1 0.607223
-1425.9 0.607979
-1425.7 0.608855
-1425.5 0.609702
-1425.3 0.610488
-1425.1 0.611305
-1424.9 0.612061
-1424.7 0.612748
-1424.5 0.613635
-1424.3 0.61461
-1424.1 0.615556
-1423.9 0.616353
-1423.7 0.617239
-1423.5 0.618165
-1423.3 0.619081
-1423.1 0.619748
-1422.9 0.620684
-1422.7 0.62163
-1422.5 0.622347
-1422.3 0.623113
-1422.1 0.62383
-1421.9 0.624706
-1421.7 0.625762
-1421.5 0.626449
-1421.3 0.627106
-1421.1 0.627932
-1420.9 0.628918
-1420.7 0.629754
-1420.5 0.630541
-1420.3 0.631507
-1420.1 0.632243
-1419.9 0.63306
-1419.7 0.634105
-1419.5 0.634922
-1419.3 0.635937
-1419.1 0.636853
-1418.9 0.63765
-1418.7 0.638596
-1418.5 0.639402
-1418.3 0.640149
-1418.1 0.641085
-1417.9 0.641852
-1417.7 0.642668
-1417.5 0.643594
-1417.3 0.6445
-1417.1 0.645396
-1416.9 0.646143
-1416.7 0.64685
-1416.5 0.647626
-1416.3 0.648552
-1416.1 0.649369
-1415.9 0.650285
-1415.7 0.651081
-1415.5 0.651818
-1415.3 0.652644
-1415.1 0.653351
-1414.9 0.654218
-1414.7 0.655064
-1414.5 0.656079
-1414.3 0.657025
-1414.1 0.657941
-1413.9 0.658688
-1413.7 0.659574
-1413.5 0.660331
-1413.3 0.661167
-1413.1 0.662183
-1412.9 0.663089
-1412.7 0.663965
-1412.5 0.665011
-1412.3 0.666006
-1412.1 0.666813
-1411.9 0.667649
-1411.7 0.668426
-1411.5 0.669212
-1411.3 0.670019
-1411.1 0.671044
-1410.9 0.67196
-1410.7 0.672757
-1410.5 0.673613
-1410.3 0.674658
-1410.1 0.675445
-1409.9 0.676391
-1409.7 0.677377
-1409.5 0.678183
-1409.3 0.679199
-1409.1 0.680174
-1408.9 0.68122
-1408.7 0.682046
-1408.5 0.682713
-1408.3 0.683609
-1408.1 0.684346
-1407.9 0.685332
-1407.7 0.686258
-1407.5 0.687134
-1407.3 0.68814
-1407.1 0.688936
-1406.9 0.689922
-1406.7 0.690669
-1406.5 0.691545
-1406.3 0.692431
-1406.1 0.693357
-1405.9 0.694094
-1405.7 0.695
-1405.5 0.695886
-1405.3 0.696682
-1405.1 0.697499
-1404.9 0.698425
-1404.7 0.69943
-1404.5 0.700137
-1404.3 0.700944
-1404.1 0.70186
-1403.9 0.702706
-1403.7 0.703443
-1403.5 0.70419
-1403.3 0.704986
-1403.1 0.706032
-1402.9 0.706938
-1402.7 0.707784
-1402.5 0.708471
-1402.3 0.709317
-1402.1 0.710263
-1401.9 0.71105
-1401.7 0.711807
-1401.5 0.712593
-1401.3 0.71339
-1401.1 0.714206
-1400.9 0.714923
-1400.7 0.715749
-1400.5 0.716645
-1400.3 0.717731
-1400.1 0.718497
-1399.9 0.719264
-1399.7 0.72015
-1399.5 0.721096
-1399.3 0.722022
-1399.1 0.723147
-1398.9 0.723954
-1398.7 0.724929
-1398.5 0.725786
-1398.3 0.726811
-1398.1 0.727518
-1397.9 0.728364
-1397.7 0.72928
-1397.5 0.730236
-1397.3 0.731232
-1397.1 0.732078
-1396.9 0.732924
-1396.7 0.733761
-1396.5 0.734577
-1396.3 0.735414
-1396.1 0.73631
-1395.9 0.737156
-1395.7 0.738122
-1395.5 0.738928
-1395.3 0.739745
-1395.1 0.74076
-1394.9 0.741517
-1394.7 0.742353
-1394.5 0.74321
-1394.3 0.743986
-1394.1 0.744932
-1393.9 0.745739
-1393.7 0.746655
-1393.5 0.74762
-1393.3 0.748327
-1393.1 0.749313
-1392.9 0.75009
-1392.7 0.750906
-1392.5 0.751762
-1392.3 0.752658
-1392.1 0.753545
-1391.9 0.75448
-1391.7 0.755217
-1391.5 0.756044
-1391.3 0.757089
-1391.1 0.757945
-1390.9 0.758782
-1390.7 0.759628
-1390.5 0.760524
-1390.3 0.761341
-1390.1 0.762157
-1389.9 0.762973
-1389.7 0.763919
-1389.5 0.764766
-1389.3 0.765672
-1389.1 0.766548
-1388.9 0.767454
-1388.7 0.76839
-1388.5 0.769286
-1388.3 0.770272
-1388.1 0.771068
-1387.9 0.771984
-1387.7 0.7729
-1387.5 0.773746
-1387.3 0.774523
-1387.1 0.775369
-1386.9 0.776196
-1386.7 0.777062
-1386.5 0.777749
-1386.3 0.778585
-1386.1 0.779491
-1385.9 0.780417
-1385.7 0.781353
-1385.5 0.78204
-1385.3 0.782817
-1385.1 0.783464
-1384.9 0.7845
-1384.7 0.785436
-1384.5 0.786292
-1384.3 0.787347
-1384.1 0.788203
-1383.9 0.78905
-1383.7 0.789986
-1383.5 0.790772
-1383.3 0.791509
-1383.1 0.792485
-1382.9 0.793301
-1382.7 0.794048
-1382.5 0.794924
-1382.3 0.79582
-1382.1 0.796647
-1381.9 0.797513
-1381.7 0.798479
-1381.5 0.799315
-1381.3 0.800211
-1381.1 0.801028
-1380.9 0.801834
-1380.7 0.80279
-1380.5 0.803566
-1380.3 0.804383
-1380.1 0.805209
-1379.9 0.806235
-1379.7 0.807081
-1379.5 0.807937
-1379.3 0.808883
-1379.1 0.809789
-1378.9 0.810745
-1378.7 0.811502
-1378.5 0.812507
-1378.3 0.813414
-1378.1 0.81426
-1377.9 0.815255
-1377.7 0.816122
-1377.5 0.816978
-1377.3 0.817864
-1377.1 0.818531
-1376.9 0.819268
-1376.7 0.820174
-1376.5 0.820951
-1376.3 0.821936
-1376.1 0.822842
-1375.9 0.823709
-1375.7 0.824435
-1375.5 0.825351
-1375.3 0.826228
-1375.1 0.827104
-1374.9 0.82797
-1374.7 0.828786
-1374.5 0.829732
-1374.3 0.830549
-1374.1 0.831415
-1373.9 0.832142
-1373.7 0.833038
-1373.5 0.833874
-1373.3 0.834691
-1373.1 0.835497
-1372.9 0.836264
-1372.7 0.83717
-1372.5 0.837867
-1372.3 0.838713
-1372.1 0.839599
-1371.9 0.840306
-1371.7 0.841342
-1371.5 0.842278
-1371.3 0.843114
-1371.1 0.844159
-1370.9 0.844996
-1370.7 0.845743
-1370.5 0.846708
-1370.3 0.847575
-1370.1 0.848321
-1369.9 0.849247
-1369.7 0.850153
-1369.5 0.851099
-1369.3 0.852075
-1369.1 0.852871
-1368.9 0.853648
-1368.7 0.854494
-1368.5 0.855281
-1368.3 0.856316
-1368.1 0.857003
-1367.9 0.8579
-1367.7 0.858915
-1367.5 0.85999
-1367.3 0.860936
-1367.1 0.861713
-1366.9 0.862629
-1366.7 0.863445
-1366.5 0.864252
-1366.3 0.865068
-1366.1 0.865984
-1365.9 0.867
-1365.7 0.867996
-1365.5 0.868922
-1365.3 0.869808
-1365.1 0.870684
-1364.9 0.87151
-1364.7 0.872267
-1364.5 0.873053
-1364.3 0.87393
-1364.1 0.874806
-1363.9 0.875871
-1363.7 0.876668
-1363.5 0.877494
-1363.3 0.87838
-1363.1 0.879087
-1362.9 0.879784
-1362.7 0.880551
-1362.5 0.881357
-1362.3 0.882134
-1362.1 0.88299
-1361.9 0.883797
-1361.7 0.884633
-1361.5 0.88542
-1361.3 0.886346
-1361.1 0.887152
-1360.9 0.888038
-1360.7 0.888954
-1360.5 0.89002
-1360.3 0.890836
-1360.1 0.891742
-1359.9 0.892539
-1359.7 0.893455
-1359.5 0.894281
-1359.3 0.895217
-1359.1 0.895993
-1358.9 0.89688
-1358.7 0.897816
-1358.5 0.898761
-1358.3 0.899538
-1358.1 0.900414
-1357.9 0.90135
-1357.7 0.902236
-1357.5 0.903222
-1357.3 0.904009
-1357.1 0.904845
-1356.9 0.905821
-1356.7 0.906747
-1356.5 0.907563
-1356.3 0.908459
-1356.1 0.909375
-1355.9 0.910192
-1355.7 0.911058
-1355.5 0.912024
-1355.3 0.91278
-1355.1 0.913686
-1354.9 0.914742
-1354.7 0.915698
-1354.5 0.916584
-1354.3 0.917569
-1354.1 0.918396
-1353.9 0.919192
-1353.7 0.920178
-1353.5 0.921094
-1353.3 0.92196
-1353.1 0.922936
-1352.9 0.923742
-1352.7 0.924589
-1352.5 0.925465
-1352.3 0.926431
-1352.1 0.927297
-1351.9 0.928213
-1351.7 0.92901
-1351.5 0.929945
-1351.3 0.930842
-1351.1 0.931767
-1350.9 0.932634
-1350.7 0.93351
-1350.5 0.934516
-1350.3 0.935292
-1350.1 0.935969
-1349.9 0.936825
-1349.7 0.937702
-1349.5 0.938478
-1349.3 0.939325
-1349.1 0.94028
-1348.9 0.941007
-1348.7 0.941824
-1348.5 0.94259
-1348.3 0.943347
-1348.1 0.944144
-1347.9 0.945149
-1347.7 0.946025
-1347.5 0.946852
-1347.3 0.947449
-1347.1 0.948285
-1346.9 0.949012
-1346.7 0.949898
-1346.5 0.950795
-1346.3 0.951621
-1346.1 0.952308
-1345.9 0.953144
-1345.7 0.953791
-1345.5 0.954498
-1345.3 0.955146
-1345.1 0.955962
-1344.9 0.956729
-1344.7 0.957306
-1344.5 0.958023
-1344.3 0.95879
-1344.1 0.959566
-1343.9 0.960353
-1343.7 0.961179
-1343.5 0.962055
-1343.3 0.962862
-1343.1 0.963629
-1342.9 0.964355
-1342.7 0.965132
-1342.5 0.965769
-1342.3 0.966536
-1342.1 0.967113
-1341.9 0.967721
-1341.7 0.968388
-1341.5 0.968985
-1341.3 0.969503
-1341.1 0.970021
-1340.9 0.970668
-1340.7 0.971345
-1340.5 0.971992
-1340.3 0.97253
-1340.1 0.973087
-1339.9 0.973764
-1339.7 0.974272
-1339.5 0.97477
-1339.3 0.975457
-1339.1 0.976134
-1338.9 0.976632
-1338.7 0.977209
-1338.5 0.977797
-1338.3 0.978344
-1338.1 0.978842
-1337.9 0.97925
-1337.7 0.979718
-1337.5 0.980127
-1337.3 0.980684
-1337.1 0.981262
-1336.9 0.98167
-1336.7 0.982257
-1336.5 0.982745
-1336.3 0.983143
-1336.1 0.983572
-1335.9 0.98402
-1335.7 0.984418
-1335.5 0.984846
-1335.3 0.985234
-1335.1 0.985513
-1334.9 0.985971
-1334.7 0.986399
-1334.5 0.986628
-1334.3 0.986887
-1334.1 0.987285
-1333.9 0.987564
-1333.7 0.987823
-1333.5 0.988211
-1333.3 0.98858
-1333.1 0.988918
-1332.9 0.989207
-1332.7 0.989565
-1332.5 0.989864
-1332.3 0.990193
-1332.1 0.990402
-1331.9 0.990661
-1331.7 0.99089
-1331.5 0.991129
-1331.3 0.991427
-1331.1 0.991627
-1330.9 0.991796
-1330.7 0.992015
-1330.5 0.992353
-1330.3 0.992622
-1330.1 0.992881
-1329.9 0.9931
-1329.7 0.993249
-1329.5 0.993478
-1329.3 0.993648
-1329.1 0.993767
-1328.9 0.993956
-1328.7 0.994195
-1328.5 0.994384
-1328.3 0.994574
-1328.1 0.994683
-1327.9 0.994912
-1327.7 0.995081
-1327.5 0.995271
-1327.3 0.99545
-1327.1 0.995599
-1326.9 0.995768
-1326.7 0.995928
-1326.5 0.996057
-1326.3 0.996197
-1326.1 0.996286
-1325.9 0.996426
-1325.7 0.996575
-1325.5 0.996684
-1325.3 0.996834
-1325.1 0.996904
-1324.9 0.997023
-1324.7 0.997142
-1324.5 0.997222
-1324.3 0.997302
-1324.1 0.997362
-1323.9 0.997511
-1323.7 0.99763
-1323.5 0.99772
-1323.3 0.99778
-1323.1 0.997899
-1322.9 0.997969
-1322.7 0.998049
-1322.5 0.998148
-1322.3 0.998198
-1322.1 0.998278
-1321.9 0.998327
-1321.7 0.998417
-1321.5 0.998487
-1321.3 0.998626
-1321.1 0.998765
-1320.9 0.998805
-1320.7 0.998915
-1320.5 0.998935
-1320.3 0.999004
-1320.1 0.999014
-1319.9 0.999044
-1319.7 0.999054
-1319.5 0.999114
-1319.3 0.999154
-1319.1 0.999203
-1318.9 0.999253
-1318.7 0.999263
-1318.5 0.999323
-1318.3 0.999373
-1318.1 0.999432
-1317.9 0.999472
-1317.7 0.999502
-1317.5 0.999522
-1317.3 0.999562
-1317.1 0.999562
-1316.9 0.999602
-1316.7 0.999602
-1316.5 0.999602
-1316.3 0.999602
-1316.1 0.999652
-1315.9 0.999671
-1315.7 0.999691
-1315.5 0.999711
-1315.3 0.999731
-1315.1 0.999761
-1314.9 0.999781
-1314.7 0.999811
-1314.5 0.999831
-1314.3 0.999841
-1314.1 0.999841
-1313.9 0.999861
-1313.7 0.999861
-1313.5 0.999871
-1313.3 0.999881
-1313.1 0.99989
-1312.9 0.99989
-1312.7 0.9999
-1312.5 0.9999
-1312.3 0.9999
-1312.1 0.9999
-1311.9 0.9999
-1311.7 0.9999
-1311.5 0.9999
-1311.3 0.99991
-1311.1 0.99992
-1310.9 0.99992
-1310.7 0.99992
-1310.5 0.99992
-1310.3 0.99992
-1310.1 0.99992
-1309.9 0.99993
-1309.7 0.99993
-1309.5 0.99993
-1309.3 0.99993
-1309.1 0.99993
-1308.9 0.99993
-1308.7 0.99993
-1308.5 0.99993
-1308.3 0.99993
-1308.1 0.99994
-1307.9 0.99994
-1307.7 0.99994
-1307.5 0.99994
-1307.3 0.99994
-1307.1 0.99994
-1306.9 0.99994
-1306.7 0.99994
-1306.5 0.99994
-1306.3 0.99994
-1306.1 0.99994
-1305.9 0.99994
-1305.7 0.99994
-1305.5 0.99994
-1305.3 0.99994
-1305.1 0.99994
-1304.9 0.99994
-1304.7 0.99996
-1304.5 0.99996
-1304.3 0.99997
-1304.1 0.99997
-1303.9 0.99997
-1303.7 0.99997
-1303.5 0.99997
-1303.3 0.99997
-1303.1 0.99997
-1302.9 0.99997
-1302.7 0.99997
-1302.5 0.99997
-1302.3 0.99997
-1302.1 0.99997
-1301.9 0.99997
-1301.7 0.99997
-1301.5 0.99998
-1301.3 0.99998
-1301.1 0.99998
-1300.9 0.99998
-1300.7 0.99998
-1300.5 0.99999
-1300.3 0.99999
-1300.1 1
