1485
-1597.9 9.20556e-06
-1597.7 9.20556e-06
-1597.5 9.20556e-06
-1597.3 9.20556e-06
-1597.1 9.20556e-06
-1596.9 9.20556e-06
-1596.7 9.20556e-06
-1596.5 9.20556e-06
-1596.3 9.20556e-06
-1596.1 9.20556e-06
-1595.9 9.20556e-06
-1595.7 9.20556e-06
-1595.5 9.20556e-06
-1595.3 9.20556e-06
-1595.1 9.20556e-06
-1594.9 9.20556e-06
-1594.7 9.20556e-06
-1594.5 9.20556e-06
-1594.3 9.20556e-06
-1594.1 9.20556e-06
-1593.9 9.20556e-06
-1593.7 9.20556e-06
-1593.5 9.20556e-06
-1593.3 9.20556e-06
-1593.1 9.20556e-06
-1592.9 9.20556e-06
-1592.7 9.20556e-06
-1592.5 9.20556e-06
-1592.3 9.20556e-06
-1592.1 1.84111e-05
-1591.9 1.84111e-05
-1591.7 1.84111e-05
-1591.5 1.84111e-05
-1591.3 1.84111e-05
-1591.1 1.84111e-05
-1590.9 1.84111e-05
-1590.7 1.84111e-05
-1590.5 1.84111e-05
-1590.3 1.84111e-05
-1590.1 1.84111e-05
-1589.9 1.84111e-05
-1589.7 1.84111e-05
-1589.5 1.84111e-05
-1589.3 1.84111e-05
-1589.1 1.84111e-05
-1588.9 1.84111e-05
-1588.7 1.84111e-05
-1588.5 1.84111e-05
-1588.3 1.84111e-05
-1588.1 1.84111e-05
-1587.9 1.84111e-05
-1587.7 1.84111e-05
-1587.5 1.84111e-05
-1587.3 1.84111e-05
-1587.1 1.84111e-05
-1586.9 1.84111e-05
-1586.7 1.84111e-05
-1586.5 1.84111e-05
-1586.3 1.84111e-05
-1586.1 1.84111e-05
-1585.9 1.84111e-05
-1585.7 2.76167e-05
-1585.5 2.76167e-05
-1585.3 3.68222e-05
-1585.1 3.68222e-05
-1584.9 3.68222e-05
-1584.7 3.68222e-05
-1584.5 4.60278e-05
-1584.3 4.60278e-05
-1584.1 4.60278e-05
-1583.9 4.60278e-05
-1583.7 4.60278e-05
-1583.5 4.60278e-05
-1583.3 5.52334e-05
-1583.1 5.52334e-05
-1582.9 5.52334e-05
-1582.7 5.52334e-05
-1582.5 5.52334e-05
-1582.3 5.52334e-05
-1582.1 6.44389e-05
-1581.9 7.36445e-05
-1581.7 7.36445e-05
-1581.5 7.36445e-05
-1581.3 7.36445e-05
-1581.1 7.36445e-05
-1580.9 7.36445e-05
-1580.7 7.36445e-05
-1580.5 7.36445e-05
-1580.3 7.36445e-05
-1580.1 7.36445e-05
-1579.9 7.36445e-05
-1579.7 7.36445e-05
-1579.5 7.36445e-05
-1579.3 7.36445e-05
-1579.1 7.36445e-05
-1578.9 7.36445e-05
-1578.7 7.36445e-05
-1578.5 7.36445e-05
-1578.3 7.36445e-05
-1578.1 7.36445e-05
-1577.9 7.36445e-05
-1577.7 7.36445e-05
-1577.5 7.36445e-05
-1577.3 7.36445e-05
-1577.1 7.36445e-05
-1576.9 7.36445e-05
-1576.7 7.36445e-05
-1576.5 7.36445e-05
-1576.3 7.36445e-05
-1576.1 7.36445e-05
-1575.9 7.36445e-05
-1575.7 7.36445e-05
-1575.5 7.36445e-05
-1575.3 7.36445e-05
-1575.1 8.285e-05
-1574.9 8.285e-05
-1574.7 8.285e-05
-1574.5 8.285e-05
-1574.3 0.000119672
-1574.1 0.000128878
-1573.9 0.000138083
-1573.7 0.000156495
-1573.5 0.000174906
-1573.3 0.000193317
-1573.1 0.000211728
-1572.9 0.000239345
-1572.7 0.000257756
-1572.5 0.000276167
-1572.3 0.000322195
-1572.1 0.000359017
-1571.9 0.00041425
-1571.7 0.000460278
-1571.5 0.000515511
-1571.3 0.000570745
-1571.1 0.000672006
-1570.9 0.000727239
-1570.7 0.000791678
-1570.5 0.000856117
-1570.3 0.000984995
-1570.1 0.00110467
-1569.9 0.00126116
-1569.7 0.00135322
-1569.5 0.00143607
-1569.3 0.00154653
-1569.1 0.00180429
-1568.9 0.00196078
-1568.7 0.00210807
-1568.5 0.00232901
-1568.3 0.00262358
-1568.1 0.00286293
-1567.9 0.00324036
-1567.7 0.00361779
-1567.5 0.00402283
-1567.3 0.00440026
-1567.1 0.00478689
-1566.9 0.00517352
-1566.7 0.00559698
-1566.5 0.00602964
-1566.3 0.00649913
-1566.1 0.00691338
-1565.9 0.00739206
-1565.7 0.00781552
-1565.5 0.0082758
-1565.3 0.00896622
-1565.1 0.00954617
-1564.9 0.0101813
-1564.7 0.0108441
-1564.5 0.0115254
-1564.3 0.0121698
-1564.1 0.0130259
-1563.9 0.0137715
-1563.7 0.0144711
-1563.5 0.0153273
-1563.3 0.0161189
-1563.1 0.0170119
-1562.9 0.0177115
-1562.7 0.01854
-1562.5 0.0192856
-1562.3 0.0202062
-1562.1 0.0210347
-1561.9 0.0217896
-1561.7 0.0227561
-1561.5 0.0237411
-1561.3 0.0246341
-1561.1 0.0257572
-1560.9 0.026779
-1560.7 0.0278652
-1560.5 0.0292
-1560.3 0.0303968
-1560.1 0.0315014
-1559.9 0.0328731
-1559.7 0.034033
-1559.5 0.0352113
-1559.3 0.036408
-1559.1 0.0376047
-1558.9 0.0388291
-1558.7 0.0400074
-1558.5 0.0411304
-1558.3 0.0421983
-1558.1 0.0437632
-1557.9 0.0450796
-1557.7 0.0463684
-1557.5 0.047694
-1557.3 0.0489276
-1557.1 0.0501887
-1556.9 0.0516984
-1556.7 0.0529964
-1556.5 0.0544325
-1556.3 0.0557305
-1556.1 0.05701
-1555.9 0.0584185
-1555.7 0.0596889
-1555.5 0.0610973
-1555.3 0.0623124
-1555.1 0.0635736
-1554.9 0.0647335
-1554.7 0.0659855
-1554.5 0.0673571
-1554.3 0.0686735
-1554.1 0.0699162
-1553.9 0.0710945
-1553.7 0.0722176
-1553.5 0.0735248
-1553.3 0.0748596
-1553.1 0.0761852
-1552.9 0.0775292
-1552.7 0.0787167
-1552.5 0.0799227
-1552.3 0.0811194
-1552.1 0.082132
-1551.9 0.0833287
-1551.7 0.0845439
-1551.5 0.085713
-1551.3 0.0870017
-1551.1 0.0882261
-1550.9 0.0893216
-1550.7 0.0906195
-1550.5 0.0916966
-1550.3 0.0928565
-1550.1 0.09409
-1549.9 0.0953236
-1549.7 0.0967412
-1549.5 0.0978551
-1549.3 0.0989966
-1549.1 0.100064
-1548.9 0.101298
-1548.7 0.102513
-1548.5 0.103664
-1548.3 0.104768
-1548.1 0.105781
-1547.9 0.10684
-1547.7 0.108073
-1547.5 0.109169
-1547.3 0.110375
-1547.1 0.111627
-1546.9 0.112676
-1546.7 0.113799
-1546.5 0.115014
-1546.3 0.115981
-1546.1 0.116984
-1545.9 0.118163
-1545.7 0.119433
-1545.5 0.12051
-1545.3 0.121605
-1545.1 0.122867
-1544.9 0.123888
-1544.7 0.124818
-1544.5 0.125932
-1544.3 0.126908
-1544.1 0.128059
-1543.9 0.129237
-1543.7 0.130369
-1543.5 0.131501
-1543.3 0.132597
-1543.1 0.133738
-1542.9 0.134806
-1542.7 0.135975
-1542.5 0.136933
-1542.3 0.138111
-1542.1 0.139354
-1541.9 0.140376
-1541.7 0.141296
-1541.5 0.142438
-1541.3 0.143772
-1541.1 0.144767
-1540.9 0.145568
-1540.7 0.146433
-1540.5 0.14751
-1540.3 0.148504
-1540.1 0.149655
-1539.9 0.150723
-1539.7 0.151735
-1539.5 0.152748
-1539.3 0.153714
-1539.1 0.154764
-1538.9 0.155556
-1538.7 0.156559
-1538.5 0.1577
-1538.3 0.158676
-1538.1 0.159643
-1537.9 0.160499
-1537.7 0.161521
-1537.5 0.162616
-1537.3 0.163684
-1537.1 0.164761
-1536.9 0.165728
-1536.7 0.166676
-1536.5 0.16767
-1536.3 0.168655
-1536.1 0.169585
-1535.9 0.170662
-1535.7 0.171656
-1535.5 0.172494
-1535.3 0.173497
-1535.1 0.174381
-1534.9 0.17544
-1534.7 0.176305
-1534.5 0.177317
-1534.3 0.178302
-1534.1 0.179232
-1533.9 0.180355
-1533.7 0.181221
-1533.5 0.182141
-1533.3 0.183172
-1533.1 0.184277
-1532.9 0.185225
-1532.7 0.18609
-1532.5 0.187241
-1532.3 0.188226
-1532.1 0.189137
-1531.9 0.190049
-1531.7 0.191061
-1531.5 0.192203
-1531.3 0.193068
-1531.1 0.194219
-1530.9 0.195425
-1530.7 0.196465
-1530.5 0.197496
-1530.3 0.19849
-1530.1 0.19931
-1529.9 0.200138
-1529.7 0.201132
-1529.5 0.201988
-1529.3 0.202688
-1529.1 0.203728
-1528.9 0.204833
-1528.7 0.205717
-1528.5 0.206757
-1528.3 0.20776
-1528.1 0.208552
-1527.9 0.209509
-1527.7 0.210522
-1527.5 0.211406
-1527.3 0.212547
-1527.1 0.21356
-1526.9 0.214664
-1526.7 0.215668
-1526.5 0.216616
-1526.3 0.217408
-1526.1 0.218319
-1525.9 0.219387
-1525.7 0.220206
-1525.5 0.221256
-1525.3 0.222268
-1525.1 0.223216
-1524.9 0.2241
-1524.7 0.224938
-1524.5 0.225904
-1524.3 0.226917
-1524.1 0.227902
-1523.9 0.228896
-1523.7 0.229688
-1523.5 0.230737
-1523.3 0.23186
-1523.1 0.232864
-1522.9 0.233766
-1522.7 0.234825
-1522.5 0.235672
-1522.3 0.23662
-1522.1 0.237549
-1521.9 0.238479
-1521.7 0.239299
-1521.5 0.240201
-1521.3 0.24114
-1521.1 0.241922
-1520.9 0.242879
-1520.7 0.243818
-1520.5 0.244675
-1520.3 0.245742
-1520.1 0.246608
-1519.9 0.247574
-1519.7 0.248458
-1519.5 0.249342
-1519.3 0.250226
-1519.1 0.250971
-1518.9 0.252076
-1518.7 0.252923
-1518.5 0.253806
-1518.3 0.254764
-1518.1 0.255749
-1517.9 0.256725
-1517.7 0.257746
-1517.5 0.258695
-1517.3 0.259569
-1517.1 0.260398
-1516.9 0.261466
-1516.7 0.262331
-1516.5 0.26327
-1516.3 0.264172
-1516.1 0.265065
-1515.9 0.266022
-1515.7 0.266888
-1515.5 0.267799
-1515.3 0.268683
-1515.1 0.26941
-1514.9 0.270294
-1514.7 0.271168
-1514.5 0.272006
-1514.3 0.273074
-1514.1 0.27405
-1513.9 0.275044
-1513.7 0.275973
-1513.5 0.276949
-1513.3 0.278054
-1513.1 0.278892
-1512.9 0.27972
-1512.7 0.280558
-1512.5 0.281322
-1512.3 0.282114
-1512.1 0.283071
-1511.9 0.284019
-1511.7 0.284977
-1511.5 0.285962
-1511.3 0.286993
-1511.1 0.287839
-1510.9 0.288788
-1510.7 0.289662
-1510.5 0.290472
-1510.3 0.291328
-1510.1 0.292212
-1509.9 0.293068
-1509.7 0.29397
-1509.5 0.294946
-1509.3 0.295683
-1509.1 0.29664
-1508.9 0.29768
-1508.7 0.298555
-1508.5 0.299484
-1508.3 0.300239
-1508.1 0.300911
-1507.9 0.301878
-1507.7 0.302872
-1507.5 0.303839
-1507.3 0.30487
-1507.1 0.305772
-1506.9 0.306545
-1506.7 0.307309
-1506.5 0.308331
-1506.3 0.309215
-1506.1 0.310181
-1505.9 0.311258
-1505.7 0.31217
-1505.5 0.312971
-1505.3 0.313873
-1505.1 0.314674
-1504.9 0.315751
-1504.7 0.316736
-1504.5 0.317675
-1504.3 0.318678
-1504.1 0.319654
-1503.9 0.320648
-1503.7 0.321532
-1503.5 0.322535
-1503.3 0.323419
-1503.1 0.324441
-1502.9 0.325196
-1502.7 0.326098
-1502.5 0.327
-1502.3 0.327939
-1502.1 0.32885
-1501.9 0.329863
-1501.7 0.33094
-1501.5 0.33187
-1501.3 0.332698
-1501.1 0.333444
-1500.9 0.334263
-1500.7 0.335064
-1500.5 0.336003
-1500.3 0.336914
-1500.1 0.337706
-1499.9 0.338755
-1499.7 0.339575
-1499.5 0.340486
-1499.3 0.341333
-1499.1 0.342401
-1498.9 0.343312
-1498.7 0.344168
-1498.5 0.345089
-1498.3 0.346083
-1498.1 0.346819
-1497.9 0.347703
-1497.7 0.348661
-1497.5 0.349627
-1497.3 0.350529
-1497.1 0.351376
-1496.9 0.352288
-1496.7 0.353374
-1496.5 0.354294
-1496.3 0.355252
-1496.1 0.356154
-1495.9 0.357194
-1495.7 0.358105
-1495.5 0.359127
-1495.3 0.360039
-1495.1 0.360913
-1494.9 0.361963
-1494.7 0.362828
-1494.5 0.363841
-1494.3 0.36477
-1494.1 0.3657
-1493.9 0.36651
-1493.7 0.367366
-1493.5 0.368407
-1493.3 0.369281
-1493.1 0.370303
-1492.9 0.371141
-1492.7 0.371932
-1492.5 0.373009
-1492.3 0.373884
-1492.1 0.374574
-1491.9 0.375522
-1491.7 0.376443
-1491.5 0.377198
-1491.3 0.378256
-1491.1 0.379186
-1490.9 0.380052
-1490.7 0.380963
-1490.5 0.381847
-1490.3 0.382914
-1490.1 0.383826
-1489.9 0.384728
-1489.7 0.385584
-1489.5 0.386431
-1489.3 0.387333
-1489.1 0.388337
-1488.9 0.389368
-1488.7 0.390463
-1488.5 0.391512
-1488.3 0.392479
-1488.1 0.393427
-1487.9 0.394385
-1487.7 0.395425
-1487.5 0.396253
-1487.3 0.397174
-1487.1 0.398122
-1486.9 0.398794
-1486.7 0.399844
-1486.5 0.400819
-1486.3 0.401767
-1486.1 0.402817
-1485.9 0.403673
-1485.7 0.404676
-1485.5 0.405643
-1485.3 0.40661
-1485.1 0.407549
-1484.9 0.408561
-1484.7 0.4095
-1484.5 0.410504
-1484.3 0.411378
-1484.1 0.412317
-1483.9 0.413284
-1483.7 0.41414
-1483.5 0.415152
-1483.3 0.416101
-1483.1 0.416874
-1482.9 0.417693
-1482.7 0.418706
-1482.5 0.419672
-1482.3 0.420519
-1482.1 0.421467
-1481.9 0.42259
-1481.7 0.423612
-1481.5 0.424717
-1481.3 0.425684
-1481.1 0.426696
-1480.9 0.427681
-1480.7 0.428519
-1480.5 0.429614
-1480.3 0.430452
-1480.1 0.431419
-1479.9 0.432348
-1479.7 0.433324
-1479.5 0.434272
-1479.3 0.435285
-1479.1 0.436224
-1478.9 0.437163
-1478.7 0.437982
-1478.5 0.438884
-1478.3 0.439961
-1478.1 0.44091
-1477.9 0.441858
-1477.7 0.442806
-1477.5 0.443892
-1477.3 0.444803
-1477.1 0.445687
-1476.9 0.446562
-1476.7 0.44751
-1476.5 0.448458
-1476.3 0.449296
-1476.1 0.45018
-1475.9 0.451165
-1475.7 0.452352
-1475.5 0.453227
-1475.3 0.454184
-1475.1 0.455132
-1474.9 0.456053
-1474.7 0.456854
-1474.5 0.457737
-1474.3 0.458695
-1474.1 0.459818
-1473.9 0.460876
-1473.7 0.461825
-1473.5 0.462837
-1473.3 0.463693
-1473.1 0.464595
-1472.9 0.465571
-1472.7 0.466584
-1472.5 0.467357
-1472.3 0.468278
-1472.1 0.469438
-1471.9 0.470441
-1471.7 0.471352
-1471.5 0.472218
-1471.3 0.473138
-1471.1 0.474142
-1470.9 0.475127
-1470.7 0.476029
-1470.5 0.477014
-1470.3 0.478091
-1470.1 0.478975
-1469.9 0.479895
-1469.7 0.480724
-1469.5 0.481782
-1469.3 0.48273
-1469.1 0.483522
-1468.9 0.48447
-1468.7 0.485566
-1468.5 0.486569
-1468.3 0.487526
-1468.1 0.488484
-1467.9 0.489616
-1467.7 0.49073
-1467.5 0.491687
-1467.3 0.4927
-1467.1 0.493639
-1466.9 0.49479
-1466.7 0.495738
-1466.5 0.496622
-1466.3 0.49768
-1466.1 0.498794
-1465.9 0.499779
-1465.7 0.500736
-1465.5 0.501767
-1465.3 0.502734
-1465.1 0.50371
-1464.9 0.504594
-1464.7 0.505431
-1464.5 0.506287
-1464.3 0.507245
-1464.1 0.508156
-1463.9 0.509104
-1463.7 0.510283
-1463.5 0.511258
-1463.3 0.512032
-1463.1 0.512869
-1462.9 0.513882
-1462.7 0.51483
-1462.5 0.515852
-1462.3 0.516588
-1462.1 0.517472
-1461.9 0.518393
-1461.7 0.519534
-1461.5 0.520225
-1461.3 0.5212
-1461.1 0.522149
-1460.9 0.523244
-1460.7 0.524017
-1460.5 0.525021
-1460.3 0.525914
-1460.1 0.526807
-1459.9 0.527773
-1459.7 0.528988
-1459.5 0.530075
-1459.3 0.531115
-1459.1 0.532137
-1458.9 0.533214
-1458.7 0.534328
-1458.5 0.535543
-1458.3 0.536583
-1458.1 0.537596
-1457.9 0.538765
-1457.7 0.539768
-1457.5 0.54067
-1457.3 0.541692
-1457.1 0.542419
-1456.9 0.543386
-1456.7 0.544472
-1456.5 0.545393
-1456.3 0.546433
-1456.1 0.547317
-1455.9 0.54821
-1455.7 0.54902
-1455.5 0.549885
-1455.3 0.550888
-1455.1 0.551772
-1454.9 0.552702
-1454.7 0.553705
-1454.5 0.554755
-1454.3 0.555694
-1454.1 0.556826
-1453.9 0.557618
-1453.7 0.558529
-1453.5 0.559367
-1453.3 0.560324
-1453.1 0.561208
-1452.9 0.562018
-1452.7 0.563123
-1452.5 0.563905
-1452.3 0.56466
-1452.1 0.565534
-1451.9 0.566565
-1451.7 0.567458
-1451.5 0.568379
-1451.3 0.569253
-1451.1 0.570192
-1450.9 0.570947
-1450.7 0.571702
-1450.5 0.572604
-1450.3 0.573506
-1450.1 0.574501
-1449.9 0.57543
-1449.7 0.576259
-1449.5 0.577143
-1449.3 0.57798
-1449.1 0.578919
-1448.9 0.579729
-1448.7 0.580678
-1448.5 0.581681
-1448.3 0.582592
-1448.1 0.583596
-1447.9 0.584433
-1447.7 0.585124
-1447.5 0.585915
-1447.3 0.586716
-1447.1 0.587674
-1446.9 0.588511
-1446.7 0.589533
-1446.5 0.590334
-1446.3 0.591439
-1446.1 0.592277
-1445.9 0.59328
-1445.7 0.594293
-1445.5 0.595121
-1445.3 0.596134
-1445.1 0.597054
-1444.9 0.597938
-1444.7 0.598785
-1444.5 0.599715
-1444.3 0.600617
-1444.1 0.601648
-1443.9 0.602476
-1443.7 0.603397
-1443.5 0.604428
-1443.3 0.605312
-1443.1 0.606343
-1442.9 0.607383
-1442.7 0.608285
-1442.5 0.609169
-1442.3 0.610052
-1442.1 0.610973
-1441.9 0.611894
-1441.7 0.6131
-1441.5 0.61391
-1441.3 0.614913
-1441.1 0.616101
-1440.9 0.616929
-1440.7 0.617896
-1440.5 0.618881
-1440.3 0.619875
-1440.1 0.62086
-1439.9 0.621753
-1439.7 0.622425
-1439.5 0.623419
-1439.3 0.624395
-1439.1 0.625407
-1438.9 0.626402
-1438.7 0.627294
-1438.5 0.628206
-1438.3 0.62885
-1438.1 0.629789
-1437.9 0.630728
-1437.7 0.631704
-1437.5 0.632625
-1437.3 0.6336
-1437.1 0.63465
-1436.9 0.63546
-1436.7 0.636426
-1436.5 0.637393
-1436.3 0.638332
-1436.1 0.639335
-1435.9 0.640099
-1435.7 0.641048
-1435.5 0.641885
-1435.3 0.642649
-1435.1 0.643496
-1434.9 0.644371
-1434.7 0.645282
-1434.5 0.646203
-1434.3 0.647013
-1434.1 0.647851
-1433.9 0.648734
-1433.7 0.64982
-1433.5 0.650852
-1433.3 0.651809
-1433.1 0.652803
-1432.9 0.653613
-1432.7 0.654571
-1432.5 0.655178
-1432.3 0.656007
-1432.1 0.656881
-1431.9 0.65794
-1431.7 0.658814
-1431.5 0.659882
-1431.3 0.660665
-1431.1 0.661466
-1430.9 0.662441
-1430.7 0.663546
-1430.5 0.664494
-1430.3 0.665525
-1430.1 0.666538
-1429.9 0.667468
-1429.7 0.668213
-1429.5 0.669152
-1429.3 0.669962
-1429.1 0.670809
-1428.9 0.671684
-1428.7 0.67277
-1428.5 0.673654
-1428.3 0.674537
-1428.1 0.675357
-1427.9 0.676305
-1427.7 0.677207
-1427.5 0.678128
-1427.3 0.679094
-1427.1 0.679913
-1426.9 0.680852
-1426.7 0.681764
-1426.5 0.682721
-1426.3 0.68378
-1426.1 0.684664
-1425.9 0.685695
-1425.7 0.686495
-1425.5 0.687471
-1425.3 0.688419
-1425.1 0.689285
-1424.9 0.690307
-1424.7 0.691153
-1424.5 0.691908
-1424.3 0.692838
-1424.1 0.693924
-1423.9 0.694845
-1423.7 0.695756
-1423.5 0.696695
-1423.3 0.697597
-1423.1 0.698638
-1422.9 0.699613
-1422.7 0.700469
-1422.5 0.701491
-1422.3 0.702393
-1422.1 0.703286
-1421.9 0.703958
-1421.7 0.705017
-1421.5 0.706039
-1421.3 0.706849
-1421.1 0.707806
-1420.9 0.70881
-1420.7 0.709583
-1420.5 0.710421
-1420.3 0.711304
-1420.1 0.712161
-1419.9 0.713072
-1419.7 0.713946
-1419.5 0.714904
-1419.3 0.715649
-1419.1 0.716533
-1418.9 0.717297
-1418.7 0.718172
-1418.5 0.719175
-1418.3 0.720105
-1418.1 0.721246
-1417.9 0.722213
-1417.7 0.723106
-1417.5 0.723944
-1417.3 0.724818
-1417.1 0.725794
-1416.9 0.726586
-1416.7 0.727515
-1416.5 0.728353
-1416.3 0.729421
-1416.1 0.730314
-1415.9 0.731207
-1415.7 0.732173
-1415.5 0.733048
-1415.3 0.734024
-1415.1 0.734898
-1414.9 0.735791
-1414.7 0.736831
-1414.5 0.737761
-1414.3 0.738654
-1414.1 0.73963
-1413.9 0.740458
-1413.7 0.741204
-1413.5 0.742309
-1413.3 0.743321
-1413.1 0.744316
-1412.9 0.745245
-1412.7 0.746157
-1412.5 0.747059
-1412.3 0.747906
-1412.1 0.748964
-1411.9 0.74982
-1411.7 0.750704
-1411.5 0.751708
-1411.3 0.752739
-1411.1 0.753733
-1410.9 0.754681
-1410.7 0.755583
-1410.5 0.756577
-1410.3 0.757489
-1410.1 0.758658
-1409.9 0.759606
-1409.7 0.76049
-1409.5 0.761438
-1409.3 0.76257
-1409.1 0.76362
-1408.9 0.764356
-1408.7 0.765341
-1408.5 0.766363
-1408.3 0.767357
-1408.1 0.768268
-1407.9 0.769382
-1407.7 0.770432
-1407.5 0.77149
-1407.3 0.772337
-1407.1 0.773387
-1406.9 0.774547
-1406.7 0.775541
-1406.5 0.776581
-1406.3 0.77752
-1406.1 0.778671
-1405.9 0.779656
-1405.7 0.780493
-1405.5 0.781442
-1405.3 0.782279
-1405.1 0.783218
-1404.9 0.784065
-1404.7 0.784995
-1404.5 0.786008
-1404.3 0.786919
-1404.1 0.787968
-1403.9 0.788778
-1403.7 0.7898
-1403.5 0.790712
-1403.3 0.791641
-1403.1 0.79258
-1402.9 0.793657
-1402.7 0.794495
-1402.5 0.795563
-1402.3 0.796493
-1402.1 0.797441
-1401.9 0.798398
-1401.7 0.799383
-1401.5 0.800331
-1401.3 0.801307
-1401.1 0.80232
-1400.9 0.803296
-1400.7 0.804198
-1400.5 0.805183
-1400.3 0.806103
-1400.1 0.807171
-1399.9 0.808129
-1399.7 0.809067
-1399.5 0.810016
-1399.3 0.811083
-1399.1 0.812013
-1398.9 0.813053
-1398.7 0.814048
-1398.5 0.815005
-1398.3 0.816082
-1398.1 0.817214
-1397.9 0.818144
-1397.7 0.819102
-1397.5 0.820179
-1397.3 0.821311
-1397.1 0.822121
-1396.9 0.823005
-1396.7 0.824027
-1396.5 0.825039
-1396.3 0.826006
-1396.1 0.826742
-1395.9 0.827663
-1395.7 0.828675
-1395.5 0.829697
-1395.3 0.830747
-1395.1 0.831575
-1394.9 0.832385
-1394.7 0.833499
-1394.5 0.834309
-1394.3 0.835193
-1394.1 0.836169
-1393.9 0.837016
-1393.7 0.838074
-1393.5 0.838976
-1393.3 0.839704
-1393.1 0.840569
-1392.9 0.841397
-1392.7 0.842143
-1392.5 0.843146
-1392.3 0.844012
-1392.1 0.844932
-1391.9 0.84566
-1391.7 0.846506
-1391.5 0.847409
-1391.3 0.848292
-1391.1 0.849259
-1390.9 0.850364
-1390.7 0.851303
-1390.5 0.852315
-1390.3 0.853236
-1390.1 0.854267
-1389.9 0.855289
-1389.7 0.8562
-1389.5 0.857074
-1389.3 0.858133
-1389.1 0.85909
-1388.9 0.86014
-1388.7 0.861097
-1388.5 0.862027
-1388.3 0.863104
-1388.1 0.864089
-1387.9 0.864908
-1387.7 0.865829
-1387.5 0.866768
-1387.3 0.867495
-1387.1 0.868296
-1386.9 0.869309
-1386.7 0.870386
-1386.5 0.871279
-1386.3 0.872273
-1386.1 0.873175
-1385.9 0.874151
-1385.7 0.875117
-1385.5 0.875955
-1385.3 0.876894
-1385.1 0.878026
-1384.9 0.879048
-1384.7 0.879959
-1384.5 0.880788
-1384.3 0.881801
-1384.1 0.882786
-1383.9 0.883651
-1383.7 0.884627
-1383.5 0.885566
-1383.3 0.88644
-1383.1 0.887407
-1382.9 0.888291
-1382.7 0.889276
-1382.5 0.890168
-1382.3 0.891052
-1382.1 0.891991
-1381.9 0.89293
-1381.7 0.893823
-1381.5 0.894863
-1381.3 0.895756
-1381.1 0.896723
-1380.9 0.897625
-1380.7 0.89861
-1380.5 0.89954
-1380.3 0.900626
-1380.1 0.901547
-1379.9 0.902504
-1379.7 0.903406
-1379.5 0.904244
-1379.3 0.905146
-1379.1 0.906159
-1378.9 0.907134
-1378.7 0.908248
-1378.5 0.909307
-1378.3 0.910467
-1378.1 0.911387
-1377.9 0.912289
-1377.7 0.913219
-1377.5 0.91414
-1377.3 0.915244
-1377.1 0.916266
-1376.9 0.917086
-1376.7 0.91796
-1376.5 0.918807
-1376.3 0.919893
-1376.1 0.92074
-1375.9 0.921762
-1375.7 0.922701
-1375.5 0.923511
-1375.3 0.924422
-1375.1 0.925288
-1374.9 0.926144
-1374.7 0.927028
-1374.5 0.927884
-1374.3 0.928804
-1374.1 0.929706
-1373.9 0.930535
-1373.7 0.931483
-1373.5 0.932523
-1373.3 0.93337
-1373.1 0.934493
-1372.9 0.935276
-1372.7 0.936205
-1372.5 0.93719
-1372.3 0.938047
-1372.1 0.938958
-1371.9 0.939851
-1371.7 0.940845
-1371.5 0.941683
-1371.3 0.942456
-1371.1 0.943487
-1370.9 0.944564
-1370.7 0.945577
-1370.5 0.946451
-1370.3 0.947298
-1370.1 0.9482
-1369.9 0.949038
-1369.7 0.949765
-1369.5 0.95052
-1369.3 0.951303
-1369.1 0.952076
-1368.9 0.952785
-1368.7 0.953604
-1368.5 0.954497
-1368.3 0.955362
-1368.1 0.956218
-1367.9 0.956982
-1367.7 0.957811
-1367.5 0.958547
-1367.3 0.959376
-1367.1 0.960195
-1366.9 0.960867
-1366.7 0.961723
-1366.5 0.962358
-1366.3 0.963159
-1366.1 0.963813
-1365.9 0.964632
-1365.7 0.965498
-1365.5 0.966225
-1365.3 0.966878
-1365.1 0.967679
-1364.9 0.968241
-1364.7 0.96894
-1364.5 0.969714
-1364.3 0.970367
-1364.1 0.971067
-1363.9 0.971647
-1363.7 0.972346
-1363.5 0.972908
-1363.3 0.973442
-1363.1 0.973957
-1362.9 0.974501
-1362.7 0.975071
-1362.5 0.975743
-1362.3 0.976277
-1362.1 0.976885
-1361.9 0.977502
-1361.7 0.977971
-1361.5 0.978551
-1361.3 0.979122
-1361.1 0.97972
-1360.9 0.980226
-1360.7 0.980714
-1360.5 0.981202
-1360.3 0.98158
-1360.1 0.982068
-1359.9 0.982601
-1359.7 0.983043
-1359.5 0.983467
-1359.3 0.983863
-1359.1 0.984277
-1358.9 0.984691
-1358.7 0.985115
-1358.5 0.985575
-1358.3 0.985998
-1358.1 0.986523
-1357.9 0.986947
-1357.7 0.987352
-1357.5 0.987747
-1357.3 0.988162
-1357.1 0.988521
-1356.9 0.988806
-1356.7 0.989156
-1356.5 0.989469
-1356.3 0.989745
-1356.1 0.990058
-1355.9 0.990362
-1355.7 0.990666
-1355.5 0.991015
-1355.3 0.991282
-1355.1 0.991531
-1354.9 0.991881
-1354.7 0.992175
-1354.5 0.992387
-1354.3 0.992663
-1354.1 0.992856
-1353.9 0.993013
-1353.7 0.993243
-1353.5 0.993464
-1353.3 0.993657
-1353.1 0.993897
-1352.9 0.994099
-1352.7 0.994329
-1352.5 0.994523
-1352.3 0.994707
-1352.1 0.994845
-1351.9 0.995001
-1351.7 0.995232
-1351.5 0.995379
-1351.3 0.995498
-1351.1 0.995646
-1350.9 0.995821
-1350.7 0.99595
-1350.5 0.996078
-1350.3 0.996161
-1350.1 0.996327
-1349.9 0.996428
-1349.7 0.996585
-1349.5 0.996695
-1349.3 0.996815
-1349.1 0.996898
-1348.9 0.997008
-1348.7 0.997137
-1348.5 0.997266
-1348.3 0.997367
-1348.1 0.997514
-1347.9 0.997588
-1347.7 0.99768
-1347.5 0.997763
-1347.3 0.997827
-1347.1 0.99791
-1346.9 0.997993
-1346.7 0.998076
-1346.5 0.998104
-1346.3 0.998168
-1346.1 0.998269
-1345.9 0.998343
-1345.7 0.998463
-1345.5 0.998499
-1345.3 0.998536
-1345.1 0.998601
-1344.9 0.998674
-1344.7 0.99873
-1344.5 0.998776
-1344.3 0.998822
-1344.1 0.998859
-1343.9 0.998886
-1343.7 0.998914
-1343.5 0.998941
-1343.3 0.998978
-1343.1 0.999015
-1342.9 0.999052
-1342.7 0.99907
-1342.5 0.999089
-1342.3 0.999098
-1342.1 0.999125
-1341.9 0.999144
-1341.7 0.999171
-1341.5 0.99919
-1341.3 0.999245
-1341.1 0.999264
-1340.9 0.9993
-1340.7 0.9993
-1340.5 0.999319
-1340.3 0.999356
-1340.1 0.999365
-1339.9 0.999365
-1339.7 0.999402
-1339.5 0.999429
-1339.3 0.999448
-1339.1 0.999448
-1338.9 0.999457
-1338.7 0.999484
-1338.5 0.999494
-1338.3 0.999512
-1338.1 0.999521
-1337.9 0.999521
-1337.7 0.999521
-1337.5 0.999531
-1337.3 0.999531
-1337.1 0.999531
-1336.9 0.999531
-1336.7 0.99954
-1336.5 0.99954
-1336.3 0.999549
-1336.1 0.999558
-1335.9 0.999567
-1335.7 0.999567
-1335.5 0.999577
-1335.3 0.999577
-1335.1 0.999586
-1334.9 0.999604
-1334.7 0.999613
-1334.5 0.999613
-1334.3 0.999613
-1334.1 0.999613
-1333.9 0.999613
-1333.7 0.999613
-1333.5 0.999623
-1333.3 0.999632
-1333.1 0.999641
-1332.9 0.99965
-1332.7 0.999669
-1332.5 0.999669
-1332.3 0.999669
-1332.1 0.999669
-1331.9 0.999669
-1331.7 0.999669
-1331.5 0.999696
-1331.3 0.999705
-1331.1 0.999715
-1330.9 0.999724
-1330.7 0.999724
-1330.5 0.999724
-1330.3 0.999724
-1330.1 0.999724
-1329.9 0.999724
-1329.7 0.999724
-1329.5 0.999733
-1329.3 0.999733
-1329.1 0.999733
-1328.9 0.999733
-1328.7 0.999742
-1328.5 0.999751
-1328.3 0.999751
-1328.1 0.999751
-1327.9 0.999751
-1327.7 0.999751
-1327.5 0.999751
-1327.3 0.999751
-1327.1 0.999751
-1326.9 0.999751
-1326.7 0.999751
-1326.5 0.999751
-1326.3 0.999751
-1326.1 0.999751
-1325.9 0.999751
-1325.7 0.999751
-1325.5 0.999761
-1325.3 0.999761
-1325.1 0.999761
-1324.9 0.999761
-1324.7 0.999761
-1324.5 0.999761
-1324.3 0.999761
-1324.1 0.999761
-1323.9 0.999761
-1323.7 0.999761
-1323.5 0.99977
-1323.3 0.99977
-1323.1 0.99977
-1322.9 0.99977
-1322.7 0.99977
-1322.5 0.99977
-1322.3 0.999779
-1322.1 0.999779
-1321.9 0.999779
-1321.7 0.999779
-1321.5 0.999779
-1321.3 0.999788
-1321.1 0.999797
-1320.9 0.999807
-1320.7 0.999807
-1320.5 0.999807
-1320.3 0.999816
-1320.1 0.999816
-1319.9 0.999825
-1319.7 0.999825
-1319.5 0.999825
-1319.3 0.999825
-1319.1 0.999825
-1318.9 0.999825
-1318.7 0.999825
-1318.5 0.999825
-1318.3 0.999825
-1318.1 0.999825
-1317.9 0.999825
-1317.7 0.999825
-1317.5 0.999825
-1317.3 0.999825
-1317.1 0.999825
-1316.9 0.999834
-1316.7 0.999834
-1316.5 0.999834
-1316.3 0.999844
-1316.1 0.999844
-1315.9 0.999844
-1315.7 0.999853
-1315.5 0.999853
-1315.3 0.999853
-1315.1 0.999862
-1314.9 0.999862
-1314.7 0.999871
-1314.5 0.999871
-1314.3 0.999871
-1314.1 0.999871
-1313.9 0.999871
-1313.7 0.99988
-1313.5 0.99988
-1313.3 0.99988
-1313.1 0.99988
-1312.9 0.999899
-1312.7 0.999899
-1312.5 0.999899
-1312.3 0.999899
-1312.1 0.999908
-1311.9 0.999908
-1311.7 0.999917
-1311.5 0.999917
-1311.3 0.999917
-1311.1 0.999926
-1310.9 0.999926
-1310.7 0.999926
-1310.5 0.999926
-1310.3 0.999926
-1310.1 0.999926
-1309.9 0.999926
-1309.7 0.999936
-1309.5 0.999945
-1309.3 0.999945
-1309.1 0.999945
-1308.9 0.999945
-1308.7 0.999945
-1308.5 0.999945
-1308.3 0.999945
-1308.1 0.999945
-1307.9 0.999945
-1307.7 0.999945
-1307.5 0.999945
-1307.3 0.999945
-1307.1 0.999954
-1306.9 0.999954
-1306.7 0.999954
-1306.5 0.999954
-1306.3 0.999954
-1306.1 0.999954
-1305.9 0.999954
-1305.7 0.999954
-1305.5 0.999963
-1305.3 0.999963
-1305.1 0.999972
-1304.9 0.999972
-1304.7 0.999972
-1304.5 0.999972
-1304.3 0.999972
-1304.1 0.999972
-1303.9 0.999982
-1303.7 0.999982
-1303.5 0.999982
-1303.3 0.999982
-1303.1 0.999982
-1302.9 0.999982
-1302.7 0.999982
-1302.5 0.999982
-1302.3 0.999982
-1302.1 0.999982
-1301.9 0.999991
-1301.7 0.999991
-1301.5 0.999991
-1301.3 0.999991
-1301.1 1
