1296
-209.3 9.72419e-07
-209.1 1.94484e-06
-208.9 2.91726e-06
-208.7 2.91726e-06
-208.5 2.91726e-06
-208.3 2.91726e-06
-208.1 2.91726e-06
-207.9 2.91726e-06
-207.7 2.91726e-06
-207.5 2.91726e-06
-207.3 4.8621e-06
-207.1 4.8621e-06
-206.9 4.8621e-06
-206.7 5.83452e-06
-206.5 5.83452e-06
-206.3 5.83452e-06
-206.1 6.80693e-06
-205.9 6.80693e-06
-205.7 6.80693e-06
-205.5 6.80693e-06
-205.3 6.80693e-06
-205.1 6.80693e-06
-204.9 6.80693e-06
-204.7 6.80693e-06
-204.5 7.77935e-06
-204.3 7.77935e-06
-204.1 7.77935e-06
-203.9 7.77935e-06
-203.7 7.77935e-06
-203.5 8.75177e-06
-203.3 8.75177e-06
-203.1 8.75177e-06
-202.9 8.75177e-06
-202.7 8.75177e-06
-202.5 8.75177e-06
-202.3 8.75177e-06
-202.1 8.75177e-06
-201.9 1.06966e-05
-201.7 1.06966e-05
-201.5 1.36139e-05
-201.3 1.45863e-05
-201.1 1.55587e-05
-200.9 1.8476e-05
-200.7 2.13932e-05
-200.5 2.91726e-05
-200.3 3.69519e-05
-200.1 4.27864e-05
-199.9 5.54279e-05
-199.7 6.90418e-05
-199.5 9.0435e-05
-199.3 0.000126415
-199.1 0.000175035
-198.9 0.000234353
-198.7 0.000317981
-198.5 0.000408416
-198.3 0.000549417
-198.1 0.000728342
-197.9 0.000935467
-197.7 0.00119608
-197.5 0.00155976
-197.3 0.00193317
-197.1 0.00246994
-196.9 0.0030602
-196.7 0.00379049
-196.5 0.00460343
-196.3 0.00558558
-196.1 0.00673887
-195.9 0.00805163
-195.7 0.00951318
-195.5 0.011175
-195.3 0.0128904
-195.1 0.0147905
-194.9 0.0167635
-194.7 0.0188435
-194.5 0.0208944
-194.3 0.0230668
-194.1 0.0252362
-193.9 0.0274563
-193.7 0.0296724
-193.5 0.0317991
-193.3 0.033989
-193.1 0.0362003
-192.9 0.0383055
-192.7 0.0404604
-192.5 0.0425939
-192.3 0.0447264
-192.1 0.0468259
-191.9 0.0488718
-191.7 0.0508595
-191.5 0.052887
-191.3 0.0547783
-191.1 0.0567066
-190.9 0.0585853
-190.7 0.0604611
-190.5 0.0623418
-190.3 0.0642157
-190.1 0.0660846
-189.9 0.067907
-189.7 0.0697789
-189.5 0.0715788
-189.3 0.0734138
-189.1 0.0752565
-188.9 0.0770292
-188.7 0.0787942
-188.5 0.0805037
-188.3 0.0823659
-188.1 0.084088
-187.9 0.0857538
-187.7 0.0874205
-187.5 0.0890969
-187.3 0.0908687
-187.1 0.0926249
-186.9 0.0943149
-186.7 0.0960624
-186.5 0.0977962
-186.3 0.0994046
-186.1 0.101152
-185.9 0.102792
-185.7 0.104469
-185.5 0.106138
-185.3 0.10773
-185.1 0.109343
-184.9 0.110912
-184.7 0.112505
-184.5 0.114025
-184.3 0.115543
-184.1 0.117157
-183.9 0.118721
-183.7 0.12026
-183.5 0.121749
-183.3 0.123254
-183.1 0.124742
-182.9 0.126213
-182.7 0.127686
-182.5 0.129117
-182.3 0.130577
-182.1 0.132001
-181.9 0.133443
-181.7 0.134917
-181.5 0.136257
-181.3 0.137552
-181.1 0.138957
-180.9 0.140274
-180.7 0.141636
-180.5 0.142893
-180.3 0.144156
-180.1 0.145401
-179.9 0.146652
-179.7 0.147921
-179.5 0.149132
-179.3 0.150319
-179.1 0.151485
-178.9 0.152642
-178.7 0.153778
-178.5 0.154959
-178.3 0.156083
-178.1 0.157218
-177.9 0.158343
-177.7 0.159453
-177.5 0.160545
-177.3 0.16163
-177.1 0.162748
-176.9 0.163833
-176.7 0.164916
-176.5 0.165971
-176.3 0.166933
-176.1 0.167962
-175.9 0.16895
-175.7 0.169991
-175.5 0.171055
-175.3 0.172101
-175.1 0.173098
-174.9 0.174119
-174.7 0.17515
-174.5 0.176184
-174.3 0.177198
-174.1 0.178171
-173.9 0.17917
-173.7 0.180183
-173.5 0.181173
-173.3 0.182121
-173.1 0.183167
-172.9 0.184109
-172.7 0.185044
-172.5 0.185994
-172.3 0.186962
-172.1 0.187958
-171.9 0.188865
-171.7 0.189826
-171.5 0.190755
-171.3 0.191715
-171.1 0.192646
-170.9 0.193557
-170.7 0.19445
-170.5 0.195405
-170.3 0.196352
-170.1 0.197277
-169.9 0.198198
-169.7 0.199126
-169.5 0.200056
-169.3 0.200971
-169.1 0.201957
-168.9 0.202835
-168.7 0.203743
-168.5 0.204645
-168.3 0.205614
-168.1 0.206517
-167.9 0.207417
-167.7 0.208289
-167.5 0.209185
-167.3 0.210105
-167.1 0.211007
-166.9 0.211901
-166.7 0.212823
-166.5 0.213731
-166.3 0.214632
-166.1 0.215543
-165.9 0.216407
-165.7 0.2173
-165.5 0.218155
-165.3 0.219095
-165.1 0.220011
-164.9 0.220916
-164.7 0.221786
-164.5 0.222683
-164.3 0.223587
-164.1 0.224416
-163.9 0.225346
-163.7 0.226209
-163.5 0.227125
-163.3 0.22799
-163.1 0.228872
-162.9 0.229814
-162.7 0.230677
-162.5 0.231552
-162.3 0.232447
-162.1 0.233306
-161.9 0.234209
-161.7 0.235068
-161.5 0.235943
-161.3 0.236808
-161.1 0.237702
-160.9 0.238562
-160.7 0.239414
-160.5 0.240302
-160.3 0.241185
-160.1 0.242012
-159.9 0.24285
-159.7 0.243707
-159.5 0.244595
-159.3 0.24544
-159.1 0.246298
-158.9 0.247175
-158.7 0.247981
-158.5 0.248843
-158.3 0.249726
-158.1 0.250539
-157.9 0.251401
-157.7 0.252237
-157.5 0.253068
-157.3 0.253892
-157.1 0.254712
-156.9 0.255534
-156.7 0.256363
-156.5 0.257193
-156.3 0.258045
-156.1 0.25888
-155.9 0.259682
-155.7 0.260526
-155.5 0.261381
-155.3 0.262145
-155.1 0.26293
-154.9 0.263775
-154.7 0.264597
-154.5 0.265459
-154.3 0.266274
-154.1 0.267096
-153.9 0.267849
-153.7 0.268672
-153.5 0.269511
-153.3 0.270287
-153.1 0.271078
-152.9 0.271878
-152.7 0.272683
-152.5 0.273504
-152.3 0.274273
-152.1 0.275058
-151.9 0.275879
-151.7 0.276702
-151.5 0.27745
-151.3 0.278273
-151.1 0.279075
-150.9 0.279856
-150.7 0.280634
-150.5 0.281388
-150.3 0.282108
-150.1 0.282849
-149.9 0.283657
-149.7 0.284419
-149.5 0.28517
-149.3 0.285991
-149.1 0.286797
-148.9 0.287595
-148.7 0.288422
-148.5 0.289207
-148.3 0.290008
-148.1 0.290734
-147.9 0.291567
-147.7 0.292384
-147.5 0.293216
-147.3 0.294012
-147.1 0.294786
-146.9 0.295577
-146.7 0.296424
-146.5 0.297236
-146.3 0.29804
-146.1 0.298829
-145.9 0.299623
-145.7 0.300363
-145.5 0.301156
-145.3 0.302007
-145.1 0.302873
-144.9 0.303723
-144.7 0.304555
-144.5 0.305339
-144.3 0.306185
-144.1 0.307025
-143.9 0.307844
-143.7 0.308712
-143.5 0.309542
-143.3 0.310352
-143.1 0.311239
-142.9 0.31209
-142.7 0.312931
-142.5 0.313849
-142.3 0.314699
-142.1 0.315539
-141.9 0.31638
-141.7 0.31726
-141.5 0.318147
-141.3 0.319048
-141.1 0.31992
-140.9 0.320797
-140.7 0.321632
-140.5 0.322496
-140.3 0.323361
-140.1 0.324243
-139.9 0.325125
-139.7 0.326012
-139.5 0.326892
-139.3 0.327855
-139.1 0.328685
-138.9 0.329563
-138.7 0.330443
-138.5 0.331357
-138.3 0.332237
-138.1 0.333128
-137.9 0.333972
-137.7 0.334867
-137.5 0.335779
-137.3 0.336681
-137.1 0.337594
-136.9 0.338545
-136.7 0.339442
-136.5 0.340391
-136.3 0.341275
-136.1 0.34221
-135.9 0.343137
-135.7 0.34406
-135.5 0.344933
-135.3 0.345787
-135.1 0.3467
-134.9 0.347603
-134.7 0.348495
-134.5 0.349395
-134.3 0.350328
-134.1 0.351179
-133.9 0.352145
-133.7 0.353095
-133.5 0.353956
-133.3 0.35483
-133.1 0.355724
-132.9 0.356632
-132.7 0.35754
-132.5 0.358434
-132.3 0.359337
-132.1 0.360283
-131.9 0.361202
-131.7 0.362142
-131.5 0.363028
-131.3 0.363906
-131.1 0.36477
-130.9 0.365676
-130.7 0.366517
-130.5 0.367368
-130.3 0.36828
-130.1 0.369155
-129.9 0.370059
-129.7 0.370902
-129.5 0.371783
-129.3 0.372678
-129.1 0.373567
-128.9 0.374445
-128.7 0.37532
-128.5 0.37622
-128.3 0.37708
-128.1 0.377975
-127.9 0.378894
-127.7 0.379735
-127.5 0.380659
-127.3 0.38151
-127.1 0.382344
-126.9 0.383252
-126.7 0.384137
-126.5 0.385013
-126.3 0.385906
-126.1 0.386784
-125.9 0.387639
-125.7 0.388491
-125.5 0.389362
-125.3 0.390236
-125.1 0.391147
-124.9 0.392019
-124.7 0.392845
-124.5 0.393758
-124.3 0.394616
-124.1 0.395506
-123.9 0.396373
-123.7 0.397241
-123.5 0.39809
-123.3 0.398901
-123.1 0.399844
-122.9 0.400705
-122.7 0.401618
-122.5 0.402486
-122.3 0.403328
-122.1 0.404181
-121.9 0.405024
-121.7 0.405948
-121.5 0.406837
-121.3 0.407663
-121.1 0.408517
-120.9 0.409347
-120.7 0.410166
-120.5 0.411056
-120.3 0.411908
-120.1 0.412741
-119.9 0.413584
-119.7 0.414431
-119.5 0.415312
-119.3 0.416182
-119.1 0.417016
-118.9 0.417901
-118.7 0.418697
-118.5 0.419473
-118.3 0.420314
-118.1 0.42119
-117.9 0.422038
-117.7 0.422923
-117.5 0.423811
-117.3 0.424669
-117.1 0.42548
-116.9 0.426278
-116.7 0.427142
-116.5 0.428005
-116.3 0.428851
-116.1 0.429747
-115.9 0.430634
-115.7 0.431484
-115.5 0.432327
-115.3 0.433168
-115.1 0.434034
-114.9 0.434919
-114.7 0.435773
-114.5 0.436653
-114.3 0.437454
-114.1 0.438239
-113.9 0.439077
-113.7 0.439886
-113.5 0.44071
-113.3 0.441516
-113.1 0.442331
-112.9 0.443256
-112.7 0.444109
-112.5 0.444964
-112.3 0.445774
-112.1 0.446604
-111.9 0.447396
-111.7 0.448224
-111.5 0.449059
-111.3 0.449978
-111.1 0.450824
-110.9 0.451625
-110.7 0.452419
-110.5 0.453238
-110.3 0.4541
-110.1 0.454916
-109.9 0.455747
-109.7 0.456635
-109.5 0.457463
-109.3 0.458279
-109.1 0.459127
-108.9 0.459971
-108.7 0.460805
-108.5 0.461632
-108.3 0.462437
-108.1 0.463251
-107.9 0.464073
-107.7 0.464972
-107.5 0.465783
-107.3 0.466646
-107.1 0.467439
-106.9 0.46828
-106.7 0.469095
-106.5 0.469987
-106.3 0.470858
-106.1 0.471692
-105.9 0.472537
-105.7 0.473405
-105.5 0.474215
-105.3 0.475033
-105.1 0.475855
-104.9 0.476689
-104.7 0.477487
-104.5 0.478293
-104.3 0.479185
-104.1 0.480026
-103.9 0.480879
-103.7 0.481713
-103.5 0.482555
-103.3 0.483394
-103.1 0.484226
-102.9 0.485092
-102.7 0.485927
-102.5 0.486746
-102.3 0.487557
-102.1 0.488363
-101.9 0.489211
-101.7 0.490012
-101.5 0.490842
-101.3 0.491638
-101.1 0.492467
-100.9 0.493313
-100.7 0.49414
-100.5 0.494956
-100.3 0.495784
-100.1 0.496617
-99.9 0.497426
-99.7 0.49829
-99.5 0.499078
-99.3 0.499862
-99.1 0.500666
-98.9 0.501502
-98.7 0.502294
-98.5 0.50313
-98.3 0.503985
-98.1 0.504796
-97.9 0.505617
-97.7 0.506458
-97.5 0.507263
-97.3 0.50812
-97.1 0.508894
-96.9 0.509722
-96.7 0.510595
-96.5 0.511364
-96.3 0.512185
-96.1 0.513008
-95.9 0.513824
-95.7 0.51463
-95.5 0.515462
-95.3 0.516304
-95.1 0.517168
-94.9 0.51802
-94.7 0.51885
-94.5 0.519664
-94.3 0.520506
-94.1 0.521345
-93.9 0.522129
-93.7 0.522952
-93.5 0.52378
-93.3 0.524583
-93.1 0.525398
-92.9 0.526203
-92.7 0.526997
-92.5 0.527784
-92.3 0.52862
-92.1 0.529443
-91.9 0.530246
-91.7 0.531062
-91.5 0.531856
-91.3 0.532669
-91.1 0.533476
-90.9 0.534357
-90.7 0.535197
-90.5 0.535969
-90.3 0.536768
-90.1 0.537577
-89.9 0.53835
-89.7 0.539157
-89.5 0.539917
-89.3 0.540698
-89.1 0.541452
-88.9 0.542271
-88.7 0.543036
-88.5 0.54384
-88.3 0.544663
-88.1 0.545506
-87.9 0.546281
-87.7 0.547112
-87.5 0.547958
-87.3 0.548788
-87.1 0.549638
-86.9 0.550452
-86.7 0.551306
-86.5 0.552124
-86.3 0.552925
-86.1 0.553766
-85.9 0.554601
-85.7 0.555418
-85.5 0.55625
-85.3 0.557066
-85.1 0.557861
-84.9 0.55868
-84.7 0.559507
-84.5 0.560315
-84.3 0.561112
-84.1 0.561944
-83.9 0.562735
-83.7 0.563554
-83.5 0.564402
-83.3 0.565173
-83.1 0.566028
-82.9 0.566806
-82.7 0.567642
-82.5 0.568445
-82.3 0.569266
-82.1 0.570097
-81.9 0.570931
-81.7 0.571779
-81.5 0.572583
-81.3 0.573361
-81.1 0.574238
-80.9 0.575061
-80.7 0.575836
-80.5 0.576661
-80.3 0.5775
-80.1 0.578343
-79.9 0.579189
-79.7 0.580053
-79.5 0.580929
-79.3 0.58176
-79.1 0.582599
-78.9 0.583456
-78.7 0.584263
-78.5 0.585075
-78.3 0.585901
-78.1 0.586732
-77.9 0.587528
-77.7 0.588364
-77.5 0.589201
-77.3 0.590041
-77.1 0.590854
-76.9 0.591676
-76.7 0.592518
-76.5 0.59339
-76.3 0.59424
-76.1 0.595101
-75.9 0.595942
-75.7 0.596802
-75.5 0.5977
-75.3 0.598528
-75.1 0.599381
-74.9 0.600179
-74.7 0.601045
-74.5 0.601921
-74.3 0.602736
-74.1 0.603566
-73.9 0.604394
-73.7 0.605245
-73.5 0.606108
-73.3 0.606917
-73.1 0.607752
-72.9 0.608654
-72.7 0.609517
-72.5 0.610372
-72.3 0.611237
-72.1 0.612106
-71.9 0.612994
-71.7 0.613828
-71.5 0.61464
-71.3 0.615522
-71.1 0.616413
-70.9 0.617234
-70.7 0.618065
-70.5 0.618951
-70.3 0.619752
-70.1 0.620531
-69.9 0.621398
-69.7 0.6222
-69.5 0.62304
-69.3 0.623834
-69.1 0.624663
-68.9 0.625506
-68.7 0.626311
-68.5 0.627155
-68.3 0.627976
-68.1 0.628826
-67.9 0.629664
-67.7 0.63051
-67.5 0.631364
-67.3 0.632181
-67.1 0.632984
-66.9 0.633871
-66.7 0.634718
-66.5 0.635572
-66.3 0.636433
-66.1 0.637252
-65.9 0.638069
-65.7 0.638906
-65.5 0.639689
-65.3 0.640541
-65.1 0.641348
-64.9 0.642175
-64.7 0.64304
-64.5 0.643871
-64.3 0.644746
-64.1 0.645554
-63.9 0.646359
-63.7 0.647211
-63.5 0.648042
-63.3 0.648871
-63.1 0.649699
-62.9 0.650564
-62.7 0.651406
-62.5 0.652258
-62.3 0.653035
-62.1 0.653912
-61.9 0.654765
-61.7 0.65564
-61.5 0.656537
-61.3 0.657331
-61.1 0.658168
-60.9 0.658976
-60.7 0.659841
-60.5 0.66068
-60.3 0.661513
-60.1 0.662339
-59.9 0.663146
-59.7 0.663995
-59.5 0.664872
-59.3 0.665688
-59.1 0.666513
-58.9 0.66738
-58.7 0.668252
-58.5 0.669133
-58.3 0.669969
-58.1 0.670798
-57.9 0.671625
-57.7 0.672473
-57.5 0.67328
-57.3 0.674127
-57.1 0.674965
-56.9 0.67576
-56.7 0.676576
-56.5 0.677445
-56.3 0.678274
-56.1 0.679109
-55.9 0.679955
-55.7 0.680754
-55.5 0.681561
-55.3 0.68245
-55.1 0.683259
-54.9 0.684078
-54.7 0.684892
-54.5 0.685715
-54.3 0.686573
-54.1 0.687381
-53.9 0.688208
-53.7 0.688982
-53.5 0.689844
-53.3 0.690669
-53.1 0.691492
-52.9 0.692324
-52.7 0.693168
-52.5 0.69397
-52.3 0.69479
-52.1 0.695615
-51.9 0.696442
-51.7 0.697258
-51.5 0.698056
-51.3 0.698942
-51.1 0.699782
-50.9 0.700605
-50.7 0.701436
-50.5 0.702268
-50.3 0.703143
-50.1 0.70396
-49.9 0.704782
-49.7 0.705634
-49.5 0.706436
-49.3 0.707295
-49.1 0.708127
-48.9 0.708955
-48.7 0.709851
-48.5 0.7107
-48.3 0.7115
-48.1 0.712309
-47.9 0.713159
-47.7 0.713985
-47.5 0.714798
-47.3 0.715688
-47.1 0.716542
-46.9 0.717369
-46.7 0.718186
-46.5 0.719
-46.3 0.719829
-46.1 0.720639
-45.9 0.721431
-45.7 0.722218
-45.5 0.723037
-45.3 0.723879
-45.1 0.724704
-44.9 0.725564
-44.7 0.726377
-44.5 0.727213
-44.3 0.728018
-44.1 0.728779
-43.9 0.729607
-43.7 0.730412
-43.5 0.731246
-43.3 0.732072
-43.1 0.732886
-42.9 0.733701
-42.7 0.734465
-42.5 0.735293
-42.3 0.736093
-42.1 0.736897
-41.9 0.737702
-41.7 0.738497
-41.5 0.739331
-41.3 0.740203
-41.1 0.741028
-40.9 0.741826
-40.7 0.742714
-40.5 0.743541
-40.3 0.744369
-40.1 0.745193
-39.9 0.746048
-39.7 0.746891
-39.5 0.747676
-39.3 0.74847
-39.1 0.749324
-38.9 0.750138
-38.7 0.750961
-38.5 0.751822
-38.3 0.752644
-38.1 0.753503
-37.9 0.754322
-37.7 0.755073
-37.5 0.755961
-37.3 0.756828
-37.1 0.757651
-36.9 0.758466
-36.7 0.759271
-36.5 0.760077
-36.3 0.760892
-36.1 0.761685
-35.9 0.762546
-35.7 0.763374
-35.5 0.764172
-35.3 0.764976
-35.1 0.76585
-34.9 0.766661
-34.7 0.767477
-34.5 0.768289
-34.3 0.769164
-34.1 0.770017
-33.9 0.770856
-33.7 0.771678
-33.5 0.772455
-33.3 0.773272
-33.1 0.774085
-32.9 0.774882
-32.7 0.77569
-32.5 0.776486
-32.3 0.777258
-32.1 0.778093
-31.9 0.778885
-31.7 0.779728
-31.5 0.780604
-31.3 0.781464
-31.1 0.782283
-30.9 0.783072
-30.7 0.783886
-30.5 0.784677
-30.3 0.785507
-30.1 0.786334
-29.9 0.787158
-29.7 0.787975
-29.5 0.788778
-29.3 0.789563
-29.1 0.790413
-28.9 0.791222
-28.7 0.792054
-28.5 0.792846
-28.3 0.793661
-28.1 0.794499
-27.9 0.795279
-27.7 0.796085
-27.5 0.796861
-27.3 0.797676
-27.1 0.798558
-26.9 0.799362
-26.7 0.800197
-26.5 0.801066
-26.3 0.80181
-26.1 0.802631
-25.9 0.803434
-25.7 0.804224
-25.5 0.805096
-25.3 0.805913
-25.1 0.806751
-24.9 0.807556
-24.7 0.80835
-24.5 0.809166
-24.3 0.810022
-24.1 0.810819
-23.9 0.811666
-23.7 0.812535
-23.5 0.813355
-23.3 0.814156
-23.1 0.81498
-22.9 0.815747
-22.7 0.816539
-22.5 0.817385
-22.3 0.818164
-22.1 0.818932
-21.9 0.819797
-21.7 0.820617
-21.5 0.821396
-21.3 0.822257
-21.1 0.823059
-20.9 0.823841
-20.7 0.824673
-20.5 0.825455
-20.3 0.826307
-20.1 0.827141
-19.9 0.827953
-19.7 0.828756
-19.5 0.82959
-19.3 0.830388
-19.1 0.831177
-18.9 0.831982
-18.7 0.832746
-18.5 0.833613
-18.3 0.834438
-18.1 0.83528
-17.9 0.836191
-17.7 0.837051
-17.5 0.837838
-17.3 0.838638
-17.1 0.839492
-16.9 0.840298
-16.7 0.841106
-16.5 0.84194
-16.3 0.842783
-16.1 0.843626
-15.9 0.844485
-15.7 0.845305
-15.5 0.846137
-15.3 0.846912
-15.1 0.847703
-14.9 0.848561
-14.7 0.849426
-14.5 0.850307
-14.3 0.851119
-14.1 0.851947
-13.9 0.852818
-13.7 0.853696
-13.5 0.854522
-13.3 0.855345
-13.1 0.856194
-12.9 0.857039
-12.7 0.857811
-12.5 0.858626
-12.3 0.859407
-12.1 0.860268
-11.9 0.861092
-11.7 0.861933
-11.5 0.862761
-11.3 0.863582
-11.1 0.86442
-10.9 0.865238
-10.7 0.866047
-10.5 0.866874
-10.3 0.867698
-10.1 0.868592
-9.9 0.869342
-9.7 0.870127
-9.5 0.87099
-9.3 0.871828
-9.1 0.872676
-8.9 0.87348
-8.7 0.874269
-8.5 0.875082
-8.3 0.875896
-8.1 0.876668
-7.9 0.877423
-7.7 0.878235
-7.5 0.879085
-7.3 0.879895
-7.1 0.880741
-6.9 0.881624
-6.7 0.882437
-6.5 0.883257
-6.3 0.884011
-6.1 0.884854
-5.9 0.885649
-5.7 0.88653
-5.5 0.88734
-5.3 0.888248
-5.1 0.889073
-4.9 0.889921
-4.7 0.890752
-4.5 0.891547
-4.3 0.892371
-4.1 0.893161
-3.9 0.893963
-3.7 0.89478
-3.5 0.895664
-3.3 0.896472
-3.1 0.897278
-2.9 0.898126
-2.7 0.898961
-2.5 0.899804
-2.3 0.900622
-2.1 0.901452
-1.9 0.90225
-1.7 0.903057
-1.5 0.903852
-1.3 0.904648
-1.1 0.905465
-0.899999 0.906332
-0.699999 0.907106
-0.499999 0.907943
-0.299999 0.908805
-0.0999994 0.909652
0.100001 0.910464
0.300001 0.911236
0.500001 0.912026
0.700001 0.912828
0.900001 0.913641
1.1 0.914494
1.3 0.91533
1.5 0.916125
1.7 0.916978
1.9 0.917805
2.1 0.918639
2.3 0.919497
2.5 0.920336
2.7 0.921131
2.9 0.921988
3.1 0.922803
3.3 0.923617
3.5 0.924436
3.7 0.925244
3.9 0.926055
4.1 0.926856
4.3 0.927656
4.5 0.928443
4.7 0.929227
4.9 0.930055
5.1 0.930874
5.3 0.931723
5.5 0.932501
5.7 0.933353
5.9 0.934144
6.1 0.934952
6.3 0.935774
6.5 0.936584
6.7 0.937388
6.9 0.938212
7.1 0.939038
7.3 0.93982
7.5 0.940616
7.7 0.941425
7.9 0.942271
8.1 0.943061
8.3 0.943892
8.5 0.9447
8.7 0.945494
8.9 0.946327
9.1 0.947182
9.3 0.947971
9.5 0.948793
9.7 0.949623
9.9 0.95043
10.1 0.951213
10.3 0.951991
10.5 0.952748
10.7 0.953534
10.9 0.954329
11.1 0.955105
11.3 0.95585
11.5 0.956598
11.7 0.95736
11.9 0.958093
12.1 0.958833
12.3 0.959597
12.5 0.960386
12.7 0.961126
12.9 0.961941
13.1 0.96269
13.3 0.963414
13.5 0.964104
13.7 0.964832
13.9 0.965546
14.1 0.966276
14.3 0.967002
14.5 0.967687
14.7 0.968411
14.9 0.969132
15.1 0.969834
15.3 0.970555
15.5 0.971263
15.7 0.971909
15.9 0.972589
16.1 0.973226
16.3 0.973889
16.5 0.974475
16.7 0.975091
16.9 0.975696
17.1 0.976307
17.3 0.976903
17.5 0.977542
17.7 0.978155
17.9 0.978737
18.1 0.979283
18.3 0.979867
18.5 0.980428
18.7 0.981023
18.9 0.981582
19.1 0.982115
19.3 0.982649
19.5 0.983181
19.7 0.983724
19.9 0.984237
20.1 0.984688
20.3 0.985174
20.5 0.985631
20.7 0.986101
20.9 0.986567
21.1 0.987004
21.3 0.987444
21.5 0.987887
21.7 0.988289
21.9 0.988701
22.1 0.989079
22.3 0.989471
22.5 0.989827
22.7 0.990229
22.9 0.990592
23.1 0.990935
23.3 0.991302
23.5 0.991642
23.7 0.992008
23.9 0.992344
24.1 0.992642
24.3 0.992944
24.5 0.993248
24.7 0.993562
24.9 0.993816
25.1 0.994063
25.3 0.994341
25.5 0.994581
25.7 0.99478
25.9 0.994989
26.1 0.995218
26.3 0.99543
26.5 0.995641
26.7 0.995854
26.9 0.996076
27.1 0.996271
27.3 0.996448
27.5 0.996628
27.7 0.996808
27.9 0.996985
28.1 0.997145
28.3 0.997306
28.5 0.997443
28.7 0.997575
28.9 0.997686
29.1 0.99781
29.3 0.997918
29.5 0.99803
29.7 0.998129
29.9 0.998223
30.1 0.998339
30.3 0.998431
30.5 0.998529
30.7 0.998602
30.9 0.998683
31.1 0.998777
31.3 0.998853
31.5 0.998925
31.7 0.998988
31.9 0.99905
32.1 0.999113
32.3 0.999178
32.5 0.999227
32.7 0.99928
32.9 0.999327
33.1 0.999371
33.3 0.999417
33.5 0.999458
33.7 0.999482
33.9 0.999525
34.1 0.999552
34.3 0.999578
34.5 0.999604
34.7 0.999626
34.9 0.999655
35.1 0.999678
35.3 0.999701
35.5 0.999727
35.7 0.999739
35.9 0.999759
36.1 0.999775
36.3 0.999788
36.5 0.9998
36.7 0.999819
36.9 0.999829
37.1 0.999844
37.3 0.999851
37.5 0.99986
37.7 0.999868
37.9 0.999875
38.1 0.99988
38.3 0.999892
38.5 0.999902
38.7 0.999912
38.9 0.99992
39.1 0.999926
39.3 0.999934
39.5 0.999939
39.7 0.999944
39.9 0.99995
40.1 0.999954
40.3 0.999956
40.5 0.999959
40.7 0.999962
40.9 0.999962
41.1 0.999962
41.3 0.999965
41.5 0.99997
41.7 0.999974
41.9 0.999975
42.1 0.999975
42.3 0.999975
42.5 0.999975
42.7 0.999977
42.9 0.999978
43.1 0.999979
43.3 0.99998
43.5 0.999981
43.7 0.999982
43.9 0.999983
44.1 0.999986
44.3 0.999987
44.5 0.999989
44.7 0.999989
44.9 0.999989
45.1 0.99999
45.3 0.999991
45.5 0.999993
45.7 0.999993
45.9 0.999993
46.1 0.999993
46.3 0.999993
46.5 0.999993
46.7 0.999993
46.9 0.999993
47.1 0.999993
47.3 0.999993
47.5 0.999994
47.7 0.999995
47.9 0.999995
48.1 0.999995
48.3 0.999995
48.5 0.999996
48.7 0.999996
48.9 0.999996
49.1 0.999997
49.3 0.999997
49.5 0.999999
49.7 1
