1298
-209.5 9.78059e-07
-209.3 9.78059e-07
-209.1 9.78059e-07
-208.9 9.78059e-07
-208.7 9.78059e-07
-208.5 9.78059e-07
-208.3 1.95612e-06
-208.1 1.95612e-06
-207.9 1.95612e-06
-207.7 2.93418e-06
-207.5 2.93418e-06
-207.3 3.91224e-06
-207.1 7.82447e-06
-206.9 7.82447e-06
-206.7 7.82447e-06
-206.5 7.82447e-06
-206.3 7.82447e-06
-206.1 7.82447e-06
-205.9 7.82447e-06
-205.7 7.82447e-06
-205.5 7.82447e-06
-205.3 7.82447e-06
-205.1 8.80253e-06
-204.9 8.80253e-06
-204.7 8.80253e-06
-204.5 8.80253e-06
-204.3 8.80253e-06
-204.1 8.80253e-06
-203.9 9.78059e-06
-203.7 9.78059e-06
-203.5 9.78059e-06
-203.3 9.78059e-06
-203.1 9.78059e-06
-202.9 9.78059e-06
-202.7 1.07587e-05
-202.5 1.17367e-05
-202.3 1.27148e-05
-202.1 1.27148e-05
-201.9 1.27148e-05
-201.7 1.36928e-05
-201.5 1.36928e-05
-201.3 1.46709e-05
-201.1 1.46709e-05
-200.9 1.46709e-05
-200.7 1.46709e-05
-200.5 1.46709e-05
-200.3 1.56489e-05
-200.1 1.76051e-05
-199.9 1.76051e-05
-199.7 1.76051e-05
-199.5 1.76051e-05
-199.3 1.76051e-05
-199.1 1.76051e-05
-198.9 1.76051e-05
-198.7 1.76051e-05
-198.5 2.34734e-05
-198.3 2.44515e-05
-198.1 2.83637e-05
-197.9 3.81443e-05
-197.7 5.77055e-05
-197.5 8.41131e-05
-197.3 0.000119323
-197.1 0.000167248
-196.9 0.000232778
-196.7 0.000344277
-196.5 0.000490008
-196.3 0.000670949
-196.1 0.000942849
-195.9 0.00126561
-195.7 0.00171454
-195.5 0.00232289
-195.3 0.00305057
-195.1 0.0039895
-194.9 0.00508689
-194.7 0.00639162
-194.5 0.00787338
-194.3 0.00938839
-194.1 0.0111753
-193.9 0.0130336
-193.7 0.0151003
-193.5 0.0172041
-193.3 0.0193607
-193.1 0.0214997
-192.9 0.023716
-192.7 0.025943
-192.5 0.028264
-192.3 0.030537
-192.1 0.0327503
-191.9 0.0349842
-191.7 0.0372044
-191.5 0.0393698
-191.3 0.0415049
-191.1 0.0435716
-190.9 0.0455952
-190.7 0.0476745
-190.5 0.0496815
-190.3 0.0516552
-190.1 0.0535888
-189.9 0.0556193
-189.7 0.057458
-189.5 0.0594024
-189.3 0.0612607
-189.1 0.0631523
-188.9 0.0649832
-188.7 0.0667936
-188.5 0.0686314
-188.3 0.0704604
-188.1 0.0722854
-187.9 0.0741291
-187.7 0.0759375
-187.5 0.0777078
-187.3 0.0794644
-187.1 0.0812552
-186.9 0.0829756
-186.7 0.0847009
-186.5 0.0864477
-186.3 0.0881828
-186.1 0.0899599
-185.9 0.0915982
-185.7 0.0933068
-185.5 0.0949549
-185.3 0.0965589
-185.1 0.0982157
-184.9 0.0998706
-184.7 0.101564
-184.5 0.103151
-184.3 0.104774
-184.1 0.106444
-183.9 0.108115
-183.7 0.109676
-183.5 0.111313
-183.3 0.112892
-183.1 0.114496
-182.9 0.116031
-182.7 0.117608
-182.5 0.119162
-182.3 0.120706
-182.1 0.122253
-181.9 0.123776
-181.7 0.125245
-181.5 0.126713
-181.3 0.128261
-181.1 0.129672
-180.9 0.13115
-180.7 0.132561
-180.5 0.133992
-180.3 0.135443
-180.1 0.136884
-179.9 0.13828
-179.7 0.139679
-179.5 0.140993
-179.3 0.142326
-179.1 0.143628
-178.9 0.144932
-178.7 0.146291
-178.5 0.147517
-178.3 0.148863
-178.1 0.150068
-177.9 0.151318
-177.7 0.152502
-177.5 0.15375
-177.3 0.154996
-177.1 0.156196
-176.9 0.157412
-176.7 0.158579
-176.5 0.159792
-176.3 0.160876
-176.1 0.162018
-175.9 0.163196
-175.7 0.164282
-175.5 0.165359
-175.3 0.166452
-175.1 0.167535
-174.9 0.168613
-174.7 0.169725
-174.5 0.170751
-174.3 0.171815
-174.1 0.172789
-173.9 0.173769
-173.7 0.174752
-173.5 0.175821
-173.3 0.176846
-173.1 0.17787
-172.9 0.178971
-172.7 0.180025
-172.5 0.181012
-172.3 0.181995
-172.1 0.182978
-171.9 0.183959
-171.7 0.184983
-171.5 0.185981
-171.3 0.187013
-171.1 0.187978
-170.9 0.188908
-170.7 0.189863
-170.5 0.19081
-170.3 0.191795
-170.1 0.192735
-169.9 0.193696
-169.7 0.194605
-169.5 0.19559
-169.3 0.196524
-169.1 0.197431
-168.9 0.19837
-168.7 0.199322
-168.5 0.200217
-168.3 0.201134
-168.1 0.202031
-167.9 0.202924
-167.7 0.203837
-167.5 0.204747
-167.3 0.205678
-167.1 0.206604
-166.9 0.20756
-166.7 0.208478
-166.5 0.209347
-166.3 0.210284
-166.1 0.21122
-165.9 0.212173
-165.7 0.21311
-165.5 0.214013
-165.3 0.214911
-165.1 0.215844
-164.9 0.216782
-164.7 0.217693
-164.5 0.218568
-164.3 0.219494
-164.1 0.22043
-163.9 0.221361
-163.7 0.222254
-163.5 0.223155
-163.3 0.224069
-163.1 0.224931
-162.9 0.225809
-162.7 0.226709
-162.5 0.22758
-162.3 0.228457
-162.1 0.229386
-161.9 0.230267
-161.7 0.231136
-161.5 0.232006
-161.3 0.232895
-161.1 0.2338
-160.9 0.234672
-160.7 0.235545
-160.5 0.236489
-160.3 0.237408
-160.1 0.238309
-159.9 0.239233
-159.7 0.240078
-159.5 0.240952
-159.3 0.241878
-159.1 0.242752
-158.9 0.243592
-158.7 0.244528
-158.5 0.245424
-158.3 0.246314
-158.1 0.247216
-157.9 0.248076
-157.7 0.248947
-157.5 0.249868
-157.3 0.250724
-157.1 0.251591
-156.9 0.252466
-156.7 0.253354
-156.5 0.254193
-156.3 0.255066
-156.1 0.255895
-155.9 0.256722
-155.7 0.257597
-155.5 0.258438
-155.3 0.259277
-155.1 0.260124
-154.9 0.260979
-154.7 0.261835
-154.5 0.262716
-154.3 0.263552
-154.1 0.26443
-153.9 0.265221
-153.7 0.266032
-153.5 0.266853
-153.3 0.267643
-153.1 0.26846
-152.9 0.269259
-152.7 0.270066
-152.5 0.270899
-152.3 0.271738
-152.1 0.272592
-151.9 0.273413
-151.7 0.274213
-151.5 0.275022
-151.3 0.275776
-151.1 0.276555
-150.9 0.277371
-150.7 0.278159
-150.5 0.279005
-150.3 0.279798
-150.1 0.280585
-149.9 0.281367
-149.7 0.282182
-149.5 0.282972
-149.3 0.283776
-149.1 0.284566
-148.9 0.285354
-148.7 0.28613
-148.5 0.28693
-148.3 0.287684
-148.1 0.288503
-147.9 0.289284
-147.7 0.290093
-147.5 0.29087
-147.3 0.291686
-147.1 0.292527
-146.9 0.293324
-146.7 0.29416
-146.5 0.294983
-146.3 0.295767
-146.1 0.296579
-145.9 0.297398
-145.7 0.298231
-145.5 0.29903
-145.3 0.299809
-145.1 0.30062
-144.9 0.301482
-144.7 0.302327
-144.5 0.303169
-144.3 0.304024
-144.1 0.30485
-143.9 0.305647
-143.7 0.306482
-143.5 0.307296
-143.3 0.308158
-143.1 0.308993
-142.9 0.309847
-142.7 0.310697
-142.5 0.311516
-142.3 0.312323
-142.1 0.313176
-141.9 0.31407
-141.7 0.314873
-141.5 0.31575
-141.3 0.316604
-141.1 0.31747
-140.9 0.318299
-140.7 0.319128
-140.5 0.319999
-140.3 0.32083
-140.1 0.321716
-139.9 0.322594
-139.7 0.323498
-139.5 0.324355
-139.3 0.32525
-139.1 0.326131
-138.9 0.327018
-138.7 0.327943
-138.5 0.328799
-138.3 0.329704
-138.1 0.330583
-137.9 0.331469
-137.7 0.332365
-137.5 0.333308
-137.3 0.33419
-137.1 0.335085
-136.9 0.335947
-136.7 0.336834
-136.5 0.33781
-136.3 0.338728
-136.1 0.339584
-135.9 0.340477
-135.7 0.341392
-135.5 0.342288
-135.3 0.343177
-135.1 0.344037
-134.9 0.344907
-134.7 0.345772
-134.5 0.346677
-134.3 0.347545
-134.1 0.348339
-133.9 0.34924
-133.7 0.350171
-133.5 0.351
-133.3 0.351886
-133.1 0.352817
-132.9 0.353733
-132.7 0.354613
-132.5 0.355591
-132.3 0.356536
-132.1 0.357402
-131.9 0.358335
-131.7 0.35925
-131.5 0.360143
-131.3 0.361088
-131.1 0.362027
-130.9 0.362899
-130.7 0.363773
-130.5 0.364667
-130.3 0.365542
-130.1 0.366491
-129.9 0.367407
-129.7 0.368316
-129.5 0.369256
-129.3 0.370151
-129.1 0.371086
-128.9 0.37203
-128.7 0.372943
-128.5 0.37386
-128.3 0.374758
-128.1 0.375639
-127.9 0.376552
-127.7 0.377416
-127.5 0.37833
-127.3 0.379217
-127.1 0.380125
-126.9 0.380961
-126.7 0.381857
-126.5 0.382671
-126.3 0.383573
-126.1 0.384454
-125.9 0.385354
-125.7 0.386223
-125.5 0.387137
-125.3 0.388009
-125.1 0.388845
-124.9 0.389759
-124.7 0.390622
-124.5 0.391528
-124.3 0.392399
-124.1 0.393301
-123.9 0.394112
-123.7 0.394962
-123.5 0.395862
-123.3 0.396736
-123.1 0.397573
-122.9 0.398498
-122.7 0.399458
-122.5 0.400343
-122.3 0.401184
-122.1 0.402057
-121.9 0.402934
-121.7 0.403776
-121.5 0.404633
-121.3 0.405482
-121.1 0.406319
-120.9 0.407246
-120.7 0.408095
-120.5 0.408973
-120.3 0.409842
-120.1 0.410704
-119.9 0.411576
-119.7 0.412452
-119.5 0.413362
-119.3 0.41425
-119.1 0.415093
-118.9 0.415941
-118.7 0.416819
-118.5 0.417647
-118.3 0.418554
-118.1 0.419409
-117.9 0.42022
-117.7 0.421085
-117.5 0.42197
-117.3 0.422805
-117.1 0.42371
-116.9 0.424529
-116.7 0.42541
-116.5 0.426287
-116.3 0.427136
-116.1 0.428042
-115.9 0.428912
-115.7 0.429803
-115.5 0.430668
-115.3 0.431529
-115.1 0.432356
-114.9 0.433246
-114.7 0.43407
-114.5 0.434867
-114.3 0.43575
-114.1 0.436586
-113.9 0.437399
-113.7 0.438272
-113.5 0.439109
-113.3 0.439969
-113.1 0.440835
-112.9 0.441738
-112.7 0.442614
-112.5 0.44349
-112.3 0.444319
-112.1 0.445135
-111.9 0.446
-111.7 0.446835
-111.5 0.447698
-111.3 0.448491
-111.1 0.449337
-110.9 0.450177
-110.7 0.45107
-110.5 0.451941
-110.3 0.45281
-110.1 0.453645
-109.9 0.454501
-109.7 0.455337
-109.5 0.45617
-109.3 0.456992
-109.1 0.457852
-108.9 0.458688
-108.7 0.459535
-108.5 0.460397
-108.3 0.461272
-108.1 0.462082
-107.9 0.462912
-107.7 0.463781
-107.5 0.464621
-107.3 0.465447
-107.1 0.466306
-106.9 0.467171
-106.7 0.468021
-106.5 0.468808
-106.3 0.469686
-106.1 0.470527
-105.9 0.471377
-105.7 0.472184
-105.5 0.473026
-105.3 0.473894
-105.1 0.474724
-104.9 0.475565
-104.7 0.476417
-104.5 0.477227
-104.3 0.478069
-104.1 0.478876
-103.9 0.479687
-103.7 0.480526
-103.5 0.481355
-103.3 0.482236
-103.1 0.483047
-102.9 0.48388
-102.7 0.484765
-102.5 0.485594
-102.3 0.486448
-102.1 0.487284
-101.9 0.488143
-101.7 0.488983
-101.5 0.489813
-101.3 0.490686
-101.1 0.491504
-100.9 0.492367
-100.7 0.493193
-100.5 0.494066
-100.3 0.494887
-100.1 0.495737
-99.9 0.496594
-99.7 0.497421
-99.5 0.498199
-99.3 0.499015
-99.1 0.499854
-98.9 0.500657
-98.7 0.501461
-98.5 0.502292
-98.3 0.503097
-98.1 0.503969
-97.9 0.504824
-97.7 0.505633
-97.5 0.506424
-97.3 0.507256
-97.1 0.508077
-96.9 0.508859
-96.7 0.509701
-96.5 0.510595
-96.3 0.511442
-96.1 0.512261
-95.9 0.513126
-95.7 0.513951
-95.5 0.514789
-95.3 0.515635
-95.1 0.516497
-94.9 0.517323
-94.7 0.518175
-94.5 0.519027
-94.3 0.519797
-94.1 0.520652
-93.9 0.521417
-93.7 0.522233
-93.5 0.52303
-93.3 0.523852
-93.1 0.524686
-92.9 0.525523
-92.7 0.526308
-92.5 0.527137
-92.3 0.527952
-92.1 0.528765
-91.9 0.529591
-91.7 0.530353
-91.5 0.531142
-91.3 0.531949
-91.1 0.532771
-90.9 0.533611
-90.7 0.534432
-90.5 0.535243
-90.3 0.536092
-90.1 0.536909
-89.9 0.537714
-89.7 0.538573
-89.5 0.539405
-89.3 0.5402
-89.1 0.541061
-88.9 0.541874
-88.7 0.542707
-88.5 0.543507
-88.3 0.544307
-88.1 0.545169
-87.9 0.545985
-87.7 0.546821
-87.5 0.547665
-87.3 0.548468
-87.1 0.549317
-86.9 0.550175
-86.7 0.550951
-86.5 0.551766
-86.3 0.552559
-86.1 0.553365
-85.9 0.554185
-85.7 0.555015
-85.5 0.555842
-85.3 0.556623
-85.1 0.557446
-84.9 0.558258
-84.7 0.559104
-84.5 0.55997
-84.3 0.560779
-84.1 0.561601
-83.9 0.562413
-83.7 0.563242
-83.5 0.564056
-83.3 0.564885
-83.1 0.565727
-82.9 0.566538
-82.7 0.567352
-82.5 0.568107
-82.3 0.568959
-82.1 0.569773
-81.9 0.570589
-81.7 0.571391
-81.5 0.572214
-81.3 0.573049
-81.1 0.573903
-80.9 0.574735
-80.7 0.575578
-80.5 0.576371
-80.3 0.577209
-80.1 0.578048
-79.9 0.578899
-79.7 0.579758
-79.5 0.580592
-79.3 0.581424
-79.1 0.582263
-78.9 0.583075
-78.7 0.583864
-78.5 0.584722
-78.3 0.585541
-78.1 0.586405
-77.9 0.587235
-77.7 0.588094
-77.5 0.588903
-77.3 0.589786
-77.1 0.590619
-76.9 0.591456
-76.7 0.592356
-76.5 0.593222
-76.3 0.594038
-76.1 0.594827
-75.9 0.595664
-75.7 0.596547
-75.5 0.59736
-75.3 0.598163
-75.1 0.599015
-74.9 0.599897
-74.7 0.600701
-74.5 0.601577
-74.3 0.602377
-74.1 0.603166
-73.9 0.604026
-73.7 0.604878
-73.5 0.605737
-73.3 0.606539
-73.1 0.607379
-72.9 0.608204
-72.7 0.609074
-72.5 0.60983
-72.3 0.610657
-72.1 0.611519
-71.9 0.612329
-71.7 0.613169
-71.5 0.614009
-71.3 0.614818
-71.1 0.615677
-70.9 0.61648
-70.7 0.61736
-70.5 0.618185
-70.3 0.619018
-70.1 0.619824
-69.9 0.620714
-69.7 0.62152
-69.5 0.622307
-69.3 0.623192
-69.1 0.624031
-68.9 0.624901
-68.7 0.62571
-68.5 0.626587
-68.3 0.627452
-68.1 0.628268
-67.9 0.629087
-67.7 0.629935
-67.5 0.630776
-67.3 0.631656
-67.1 0.632517
-66.9 0.633298
-66.7 0.634154
-66.5 0.634954
-66.3 0.635764
-66.1 0.636595
-65.9 0.637426
-65.7 0.638289
-65.5 0.639131
-65.3 0.639988
-65.1 0.640833
-64.9 0.641697
-64.7 0.642545
-64.5 0.64338
-64.3 0.644243
-64.1 0.645101
-63.9 0.645991
-63.7 0.646794
-63.5 0.64766
-63.3 0.648512
-63.1 0.649352
-62.9 0.650216
-62.7 0.6511
-62.5 0.651892
-62.3 0.652694
-62.1 0.65348
-61.9 0.654309
-61.7 0.655122
-61.5 0.655975
-61.3 0.656817
-61.1 0.657632
-60.9 0.658445
-60.7 0.659286
-60.5 0.660042
-60.3 0.660909
-60.1 0.661766
-59.9 0.662601
-59.7 0.663455
-59.5 0.664276
-59.3 0.665104
-59.1 0.665975
-58.9 0.666855
-58.7 0.667723
-58.5 0.668537
-58.3 0.669386
-58.1 0.670213
-57.9 0.671068
-57.7 0.671883
-57.5 0.672702
-57.3 0.673521
-57.1 0.674309
-56.9 0.675162
-56.7 0.676027
-56.5 0.676895
-56.3 0.677738
-56.1 0.678636
-55.9 0.679488
-55.7 0.680388
-55.5 0.681231
-55.3 0.682055
-55.1 0.682908
-54.9 0.68372
-54.7 0.68455
-54.5 0.685394
-54.3 0.686249
-54.1 0.687073
-53.9 0.687919
-53.7 0.688752
-53.5 0.689622
-53.3 0.690454
-53.1 0.691288
-52.9 0.692039
-52.7 0.692886
-52.5 0.693756
-52.3 0.694598
-52.1 0.695426
-51.9 0.696224
-51.7 0.697092
-51.5 0.697941
-51.3 0.698818
-51.1 0.69965
-50.9 0.700508
-50.7 0.701355
-50.5 0.702176
-50.3 0.703032
-50.1 0.703841
-49.9 0.704741
-49.7 0.705574
-49.5 0.706435
-49.3 0.707284
-49.1 0.708092
-48.9 0.708916
-48.7 0.709778
-48.5 0.710663
-48.3 0.711519
-48.1 0.712358
-47.9 0.713225
-47.7 0.714076
-47.5 0.714873
-47.3 0.715727
-47.1 0.716549
-46.9 0.717454
-46.7 0.718212
-46.5 0.719069
-46.3 0.719901
-46.1 0.720717
-45.9 0.721581
-45.7 0.722453
-45.5 0.72328
-45.3 0.724119
-45.1 0.724981
-44.9 0.725826
-44.7 0.726647
-44.5 0.727474
-44.3 0.728309
-44.1 0.729177
-43.9 0.729977
-43.7 0.730804
-43.5 0.731625
-43.3 0.732399
-43.1 0.73326
-42.9 0.734053
-42.7 0.734866
-42.5 0.735716
-42.3 0.736572
-42.1 0.737449
-41.9 0.738312
-41.7 0.739102
-41.5 0.739914
-41.3 0.740722
-41.1 0.741519
-40.9 0.742354
-40.7 0.743195
-40.5 0.744044
-40.3 0.74492
-40.1 0.745736
-39.9 0.746577
-39.7 0.747394
-39.5 0.748236
-39.3 0.74908
-39.1 0.749919
-38.9 0.7508
-38.7 0.751648
-38.5 0.752463
-38.3 0.753356
-38.1 0.754114
-37.9 0.754919
-37.7 0.75575
-37.5 0.756607
-37.3 0.757478
-37.1 0.758304
-36.9 0.759133
-36.7 0.759959
-36.5 0.760846
-36.3 0.761706
-36.1 0.762495
-35.9 0.763329
-35.7 0.764126
-35.5 0.764986
-35.3 0.76582
-35.1 0.766584
-34.9 0.767402
-34.7 0.768226
-34.5 0.769047
-34.3 0.769871
-34.1 0.770667
-33.9 0.771457
-33.7 0.772287
-33.5 0.773135
-33.3 0.77392
-33.1 0.774737
-32.9 0.775565
-32.7 0.776414
-32.5 0.777265
-32.3 0.778099
-32.1 0.778942
-31.9 0.779779
-31.7 0.780619
-31.5 0.781487
-31.3 0.782286
-31.1 0.783111
-30.9 0.783988
-30.7 0.78481
-30.5 0.78565
-30.3 0.786529
-30.1 0.78738
-29.9 0.788238
-29.7 0.789018
-29.5 0.789853
-29.3 0.790656
-29.1 0.791455
-28.9 0.792293
-28.7 0.79314
-28.5 0.793982
-28.3 0.794802
-28.1 0.795609
-27.9 0.796429
-27.7 0.797237
-27.5 0.798034
-27.3 0.798909
-27.1 0.799783
-26.9 0.800608
-26.7 0.801468
-26.5 0.802258
-26.3 0.803071
-26.1 0.803909
-25.9 0.804679
-25.7 0.805501
-25.5 0.806263
-25.3 0.80708
-25.1 0.807924
-24.9 0.808725
-24.7 0.809495
-24.5 0.810313
-24.3 0.811182
-24.1 0.812037
-23.9 0.812862
-23.7 0.813628
-23.5 0.814465
-23.3 0.815335
-23.1 0.816155
-22.9 0.816977
-22.7 0.81775
-22.5 0.818617
-22.3 0.819457
-22.1 0.820272
-21.9 0.82109
-21.7 0.821937
-21.5 0.822761
-21.3 0.823557
-21.1 0.824409
-20.9 0.825258
-20.7 0.826094
-20.5 0.826892
-20.3 0.827686
-20.1 0.828467
-19.9 0.829312
-19.7 0.830145
-19.5 0.83096
-19.3 0.831789
-19.1 0.832588
-18.9 0.833385
-18.7 0.834189
-18.5 0.835026
-18.3 0.835836
-18.1 0.836724
-17.9 0.837564
-17.7 0.838391
-17.5 0.839244
-17.3 0.840074
-17.1 0.840882
-16.9 0.841777
-16.7 0.84261
-16.5 0.843403
-16.3 0.84425
-16.1 0.84507
-15.9 0.845919
-15.7 0.846736
-15.5 0.847528
-15.3 0.848362
-15.1 0.849162
-14.9 0.849969
-14.7 0.850771
-14.5 0.851619
-14.3 0.852444
-14.1 0.853272
-13.9 0.854051
-13.7 0.854882
-13.5 0.855709
-13.3 0.856501
-13.1 0.857313
-12.9 0.85812
-12.7 0.858985
-12.5 0.859787
-12.3 0.860633
-12.1 0.861472
-11.9 0.86228
-11.7 0.86307
-11.5 0.863904
-11.3 0.864725
-11.1 0.865553
-10.9 0.866389
-10.7 0.867214
-10.5 0.868017
-10.3 0.868876
-10.1 0.869693
-9.9 0.870487
-9.7 0.871303
-9.5 0.872155
-9.3 0.872968
-9.1 0.873743
-8.9 0.874563
-8.7 0.875427
-8.5 0.876243
-8.3 0.877075
-8.1 0.877925
-7.9 0.87875
-7.7 0.879561
-7.5 0.880391
-7.3 0.881187
-7.1 0.882023
-6.9 0.88287
-6.7 0.883692
-6.5 0.884544
-6.3 0.885331
-6.1 0.886158
-5.9 0.886959
-5.7 0.887754
-5.5 0.888575
-5.3 0.889371
-5.1 0.8902
-4.9 0.891046
-4.7 0.89191
-4.5 0.89272
-4.3 0.893542
-4.1 0.894357
-3.9 0.895172
-3.7 0.895925
-3.5 0.896745
-3.3 0.897544
-3.1 0.898405
-2.9 0.899239
-2.7 0.900085
-2.5 0.900875
-2.3 0.901723
-2.1 0.902513
-1.9 0.903328
-1.7 0.904146
-1.5 0.904939
-1.3 0.905713
-1.1 0.906543
-0.899999 0.907335
-0.699999 0.908201
-0.499999 0.909009
-0.299999 0.909856
-0.0999994 0.910663
0.100001 0.91145
0.300001 0.912268
0.500001 0.913121
0.700001 0.913944
0.900001 0.914785
1.1 0.915546
1.3 0.916351
1.5 0.917158
1.7 0.917975
1.9 0.918823
2.1 0.919664
2.3 0.920483
2.5 0.921283
2.7 0.922146
2.9 0.923023
3.1 0.923808
3.3 0.924612
3.5 0.925469
3.7 0.926301
3.9 0.927183
4.1 0.928045
4.3 0.928874
4.5 0.929714
4.7 0.930541
4.9 0.931383
5.1 0.93218
5.3 0.933002
5.5 0.933862
5.7 0.934623
5.9 0.935466
6.1 0.936273
6.3 0.937078
6.5 0.937864
6.7 0.938616
6.9 0.939408
7.1 0.940243
7.3 0.941069
7.5 0.941923
7.7 0.942725
7.9 0.943537
8.1 0.944372
8.3 0.94515
8.5 0.945951
8.7 0.946717
8.9 0.947463
9.1 0.948295
9.3 0.949116
9.5 0.949934
9.7 0.950729
9.9 0.951555
10.1 0.952356
10.3 0.953113
10.5 0.953887
10.7 0.954662
10.9 0.955409
11.1 0.956185
11.3 0.956937
11.5 0.957728
11.7 0.958434
11.9 0.959146
12.1 0.959898
12.3 0.960616
12.5 0.9614
12.7 0.962158
12.9 0.96292
13.1 0.963638
13.3 0.964387
13.5 0.965092
13.7 0.96583
13.9 0.966595
14.1 0.96733
14.3 0.968047
14.5 0.968747
14.7 0.969423
14.9 0.970101
15.1 0.970793
15.3 0.971478
15.5 0.972129
15.7 0.972788
15.9 0.973448
16.1 0.974129
16.3 0.974777
16.5 0.975403
16.7 0.976003
16.9 0.976575
17.1 0.977208
17.3 0.977822
17.5 0.978385
17.7 0.978957
17.9 0.979472
18.1 0.980061
18.3 0.980579
18.5 0.98113
18.7 0.981658
18.9 0.982199
19.1 0.982716
19.3 0.983235
19.5 0.983736
19.7 0.984242
19.9 0.984705
20.1 0.98521
20.3 0.985689
20.5 0.986174
20.7 0.986656
20.9 0.987079
21.1 0.987491
21.3 0.987903
21.5 0.988334
21.7 0.988749
21.9 0.989145
22.1 0.98955
22.3 0.989924
22.5 0.990318
22.7 0.990675
22.9 0.991009
23.1 0.99134
23.3 0.991656
23.5 0.991966
23.7 0.992246
23.9 0.992521
24.1 0.992837
24.3 0.993116
24.5 0.993373
24.7 0.993674
24.9 0.993951
25.1 0.994207
25.3 0.994462
25.5 0.994682
25.7 0.9949
25.9 0.995131
26.1 0.995352
26.3 0.995555
26.5 0.995778
26.7 0.995984
26.9 0.996177
27.1 0.996341
27.3 0.996503
27.5 0.996683
27.7 0.996844
27.9 0.996981
28.1 0.997125
28.3 0.997277
28.5 0.997399
28.7 0.997531
28.9 0.997637
29.1 0.997759
29.3 0.99787
29.5 0.997984
29.7 0.998099
29.9 0.998198
30.1 0.998299
30.3 0.998386
30.5 0.998478
30.7 0.998579
30.9 0.998666
31.1 0.998765
31.3 0.998838
31.5 0.998907
31.7 0.998967
31.9 0.999025
32.1 0.999082
32.3 0.99913
32.5 0.999182
32.7 0.999225
32.9 0.999264
33.1 0.999308
33.3 0.999363
33.5 0.99941
33.7 0.999443
33.9 0.999473
34.1 0.999508
34.3 0.999537
34.5 0.999572
34.7 0.999591
34.9 0.999614
35.1 0.999633
35.3 0.999652
35.5 0.999674
35.7 0.999694
35.9 0.999712
36.1 0.99974
36.3 0.999754
36.5 0.999769
36.7 0.999782
36.9 0.999799
37.1 0.999816
37.3 0.999829
37.5 0.999836
37.7 0.999849
37.9 0.999858
38.1 0.999873
38.3 0.999882
38.5 0.999889
38.7 0.999895
38.9 0.999903
39.1 0.999911
39.3 0.999917
39.5 0.999927
39.7 0.999929
39.9 0.999932
40.1 0.999937
40.3 0.999943
40.5 0.999949
40.7 0.999953
40.9 0.999956
41.1 0.999958
41.3 0.99996
41.5 0.999963
41.7 0.999963
41.9 0.999965
42.1 0.999968
42.3 0.999968
42.5 0.999971
42.7 0.999972
42.9 0.999974
43.1 0.999974
43.3 0.999975
43.5 0.999977
43.7 0.999979
43.9 0.99998
44.1 0.999981
44.3 0.999983
44.5 0.999984
44.7 0.999984
44.9 0.999984
45.1 0.999984
45.3 0.999987
45.5 0.999987
45.7 0.999988
45.9 0.999988
46.1 0.999989
46.3 0.999991
46.5 0.999991
46.7 0.999992
46.9 0.999992
47.1 0.999994
47.3 0.999994
47.5 0.999994
47.7 0.999995
47.9 0.999995
48.1 0.999996
48.3 0.999997
48.5 0.999998
48.7 0.999998
48.9 0.999999
49.1 0.999999
49.3 0.999999
49.5 0.999999
49.7 0.999999
49.9 1
