-1589.9 0
-1589.7 0
-1589.5 2
-1589.3 1
-1589.1 1
-1588.9 2
-1588.7 5
-1588.5 4
-1588.3 5
-1588.1 2
-1587.9 3
-1587.7 3
-1587.5 12
-1587.3 7
-1587.1 8
-1586.9 12
-1586.7 9
-1586.5 19
-1586.3 11
-1586.1 20
-1585.9 30
-1585.7 46
-1585.5 37
-1585.3 34
-1585.1 52
-1584.9 51
-1584.7 60
-1584.5 98
-1584.3 101
-1584.1 116
-1583.9 132
-1583.7 139
-1583.5 142
-1583.3 164
-1583.1 167
-1582.9 173
-1582.7 193
-1582.5 217
-1582.3 237
-1582.1 258
-1581.9 288
-1581.7 261
-1581.5 272
-1581.3 285
-1581.1 315
-1580.9 319
-1580.7 295
-1580.5 314
-1580.3 340
-1580.1 352
-1579.9 332
-1579.7 345
-1579.5 320
-1579.3 371
-1579.1 319
-1578.9 353
-1578.7 358
-1578.5 365
-1578.3 384
-1578.1 365
-1577.9 386
-1577.7 329
-1577.5 397
-1577.3 409
-1577.1 414
-1576.9 405
-1576.7 431
-1576.5 412
-1576.3 458
-1576.1 488
-1575.9 439
-1575.7 463
-1575.5 493
-1575.3 496
-1575.1 535
-1574.9 511
-1574.7 512
-1574.5 577
-1574.3 557
-1574.1 568
-1573.9 635
-1573.7 579
-1573.5 623
-1573.3 678
-1573.1 683
-1572.9 617
-1572.7 692
-1572.5 719
-1572.3 753
-1572.1 730
-1571.9 802
-1571.7 755
-1571.5 779
-1571.3 835
-1571.1 837
-1570.9 830
-1570.7 928
-1570.5 898
-1570.3 937
-1570.1 909
-1569.9 927
-1569.7 964
-1569.5 929
-1569.3 981
-1569.1 1033
-1568.9 993
-1568.7 1023
-1568.5 993
-1568.3 1059
-1568.1 1065
-1567.9 1036
-1567.7 1026
-1567.5 1097
-1567.3 1037
-1567.1 1112
-1566.9 1093
-1566.7 1100
-1566.5 1091
-1566.3 1103
-1566.1 1163
-1565.9 1122
-1565.7 1043
-1565.5 1099
-1565.3 1059
-1565.1 1070
-1564.9 1120
-1564.7 1082
-1564.5 1108
-1564.3 1106
-1564.1 1082
-1563.9 1144
-1563.7 1035
-1563.5 1118
-1563.3 1044
-1563.1 1093
-1562.9 1122
-1562.7 1154
-1562.5 1127
-1562.3 1090
-1562.1 1011
-1561.9 1120
-1561.7 1072
-1561.5 1060
-1561.3 1047
-1561.1 1055
-1560.9 1023
-1560.7 1058
-1560.5 1059
-1560.3 1016
-1560.1 1083
-1559.9 1069
-1559.7 1027
-1559.5 948
-1559.3 1011
-1559.1 1047
-1558.9 980
-1558.7 974
-1558.5 1041
-1558.3 982
-1558.1 919
-1557.9 959
-1557.7 1015
-1557.5 935
-1557.3 986
-1557.1 951
-1556.9 966
-1556.7 912
-1556.5 915
-1556.3 986
-1556.1 897
-1555.9 980
-1555.7 953
-1555.5 990
-1555.3 928
-1555.1 920
-1554.9 882
-1554.7 891
-1554.5 923
-1554.3 948
-1554.1 906
-1553.9 884
-1553.7 893
-1553.5 913
-1553.3 838
-1553.1 890
-1552.9 901
-1552.7 916
-1552.5 851
-1552.3 877
-1552.1 909
-1551.9 861
-1551.7 878
-1551.5 873
-1551.3 899
-1551.1 899
-1550.9 864
-1550.7 868
-1550.5 813
-1550.3 876
-1550.1 861
-1549.9 866
-1549.7 867
-1549.5 847
-1549.3 871
-1549.1 892
-1548.9 902
-1548.7 829
-1548.5 807
-1548.3 848
-1548.1 817
-1547.9 889
-1547.7 878
-1547.5 836
-1547.3 809
-1547.1 840
-1546.9 895
-1546.7 830
-1546.5 819
-1546.3 807
-1546.1 868
-1545.9 862
-1545.7 814
-1545.5 837
-1545.3 818
-1545.1 847
-1544.9 857
-1544.7 841
-1544.5 839
-1544.3 782
-1544.1 853
-1543.9 839
-1543.7 838
-1543.5 846
-1543.3 861
-1543.1 841
-1542.9 836
-1542.7 891
-1542.5 802
-1542.3 825
-1542.1 754
-1541.9 828
-1541.7 805
-1541.5 830
-1541.3 834
-1541.1 818
-1540.9 790
-1540.7 794
-1540.5 809
-1540.3 846
-1540.1 769
-1539.9 774
-1539.7 827
-1539.5 783
-1539.3 778
-1539.1 796
-1538.9 846
-1538.7 768
-1538.5 804
-1538.3 754
-1538.1 758
-1537.9 744
-1537.7 763
-1537.5 829
-1537.3 812
-1537.1 784
-1536.9 790
-1536.7 704
-1536.5 806
-1536.3 711
-1536.1 773
-1535.9 752
-1535.7 806
-1535.5 737
-1535.3 803
-1535.1 784
-1534.9 759
-1534.7 710
-1534.5 816
-1534.3 773
-1534.1 793
-1533.9 772
-1533.7 735
-1533.5 744
-1533.3 732
-1533.1 836
-1532.9 782
-1532.7 834
-1532.5 820
-1532.3 798
-1532.1 798
-1531.9 742
-1531.7 805
-1531.5 840
-1531.3 793
-1531.1 816
-1530.9 834
-1530.7 831
-1530.5 791
-1530.3 797
-1530.1 833
-1529.9 807
-1529.7 834
-1529.5 817
-1529.3 834
-1529.1 773
-1528.9 817
-1528.7 783
-1528.5 803
-1528.3 818
-1528.1 780
-1527.9 813
-1527.7 797
-1527.5 827
-1527.3 791
-1527.1 813
-1526.9 783
-1526.7 775
-1526.5 753
-1526.3 814
-1526.1 825
-1525.9 744
-1525.7 758
-1525.5 807
-1525.3 774
-1525.1 770
-1524.9 792
-1524.7 774
-1524.5 784
-1524.3 794
-1524.1 715
-1523.9 759
-1523.7 737
-1523.5 731
-1523.3 743
-1523.1 739
-1522.9 759
-1522.7 740
-1522.5 741
-1522.3 656
-1522.1 734
-1521.9 758
-1521.7 728
-1521.5 667
-1521.3 716
-1521.1 734
-1520.9 762
-1520.7 673
-1520.5 690
-1520.3 723
-1520.1 714
-1519.9 723
-1519.7 767
-1519.5 701
-1519.3 681
-1519.1 733
-1518.9 786
-1518.7 728
-1518.5 739
-1518.3 737
-1518.1 718
-1517.9 688
-1517.7 775
-1517.5 735
-1517.3 756
-1517.1 784
-1516.9 761
-1516.7 799
-1516.5 767
-1516.3 796
-1516.1 750
-1515.9 771
-1515.7 799
-1515.5 827
-1515.3 773
-1515.1 834
-1514.9 849
-1514.7 850
-1514.5 788
-1514.3 874
-1514.1 830
-1513.9 842
-1513.7 849
-1513.5 883
-1513.3 840
-1513.1 843
-1512.9 833
-1512.7 880
-1512.5 935
-1512.3 892
-1512.1 845
-1511.9 883
-1511.7 928
-1511.5 855
-1511.3 867
-1511.1 856
-1510.9 814
-1510.7 832
-1510.5 887
-1510.3 861
-1510.1 819
-1509.9 816
-1509.7 829
-1509.5 869
-1509.3 828
-1509.1 844
-1508.9 810
-1508.7 801
-1508.5 776
-1508.3 835
-1508.1 781
-1507.9 750
-1507.7 778
-1507.5 767
-1507.3 714
-1507.1 778
-1506.9 763
-1506.7 775
-1506.5 773
-1506.3 724
-1506.1 753
-1505.9 756
-1505.7 690
-1505.5 730
-1505.3 755
-1505.1 719
-1504.9 754
-1504.7 694
-1504.5 745
-1504.3 733
-1504.1 696
-1503.9 693
-1503.7 736
-1503.5 644
-1503.3 688
-1503.1 694
-1502.9 704
-1502.7 747
-1502.5 752
-1502.3 660
-1502.1 765
-1501.9 692
-1501.7 696
-1501.5 738
-1501.3 724
-1501.1 721
-1500.9 733
-1500.7 729
-1500.5 682
-1500.3 722
-1500.1 758
-1499.9 757
-1499.7 742
-1499.5 757
-1499.3 721
-1499.1 756
-1498.9 768
-1498.7 788
-1498.5 811
-1498.3 751
-1498.1 810
-1497.9 790
-1497.7 764
-1497.5 874
-1497.3 798
-1497.1 835
-1496.9 784
-1496.7 861
-1496.5 840
-1496.3 849
-1496.1 844
-1495.9 844
-1495.7 885
-1495.5 865
-1495.3 818
-1495.1 837
-1494.9 843
-1494.7 872
-1494.5 844
-1494.3 825
-1494.1 873
-1493.9 909
-1493.7 834
-1493.5 848
-1493.3 863
-1493.1 843
-1492.9 850
-1492.7 846
-1492.5 916
-1492.3 828
-1492.1 829
-1491.9 857
-1491.7 817
-1491.5 854
-1491.3 827
-1491.1 805
-1490.9 833
-1490.7 807
-1490.5 798
-1490.3 744
-1490.1 786
-1489.9 794
-1489.7 768
-1489.5 763
-1489.3 817
-1489.1 751
-1488.9 776
-1488.7 797
-1488.5 779
-1488.3 773
-1488.1 776
-1487.9 755
-1487.7 720
-1487.5 763
-1487.3 796
-1487.1 786
-1486.9 730
-1486.7 742
-1486.5 708
-1486.3 733
-1486.1 753
-1485.9 715
-1485.7 743
-1485.5 772
-1485.3 732
-1485.1 767
-1484.9 801
-1484.7 695
-1484.5 790
-1484.3 740
-1484.1 735
-1483.9 770
-1483.7 810
-1483.5 738
-1483.3 756
-1483.1 743
-1482.9 737
-1482.7 778
-1482.5 776
-1482.3 800
-1482.1 727
-1481.9 810
-1481.7 690
-1481.5 781
-1481.3 810
-1481.1 850
-1480.9 834
-1480.7 809
-1480.5 815
-1480.3 782
-1480.1 818
-1479.9 809
-1479.7 776
-1479.5 811
-1479.3 796
-1479.1 849
-1478.9 773
-1478.7 824
-1478.5 815
-1478.3 799
-1478.1 774
-1477.9 809
-1477.7 778
-1477.5 786
-1477.3 819
-1477.1 800
-1476.9 831
-1476.7 837
-1476.5 812
-1476.3 810
-1476.1 841
-1475.9 859
-1475.7 779
-1475.5 789
-1475.3 830
-1475.1 814
-1474.9 856
-1474.7 806
-1474.5 862
-1474.3 797
-1474.1 804
-1473.9 787
-1473.7 775
-1473.5 895
-1473.3 822
-1473.1 804
-1472.9 825
-1472.7 841
-1472.5 777
-1472.3 792
-1472.1 812
-1471.9 793
-1471.7 809
-1471.5 793
-1471.3 807
-1471.1 813
-1470.9 763
-1470.7 778
-1470.5 756
-1470.3 796
-1470.1 743
-1469.9 761
-1469.7 764
-1469.5 740
-1469.3 748
-1469.1 794
-1468.9 741
-1468.7 811
-1468.5 759
-1468.3 788
-1468.1 748
-1467.9 724
-1467.7 788
-1467.5 792
-1467.3 755
-1467.1 774
-1466.9 781
-1466.7 773
-1466.5 772
-1466.3 743
-1466.1 812
-1465.9 725
-1465.7 788
-1465.5 781
-1465.3 770
-1465.1 720
-1464.9 777
-1464.7 763
-1464.5 764
-1464.3 730
-1464.1 736
-1463.9 832
-1463.7 770
-1463.5 768
-1463.3 793
-1463.1 760
-1462.9 774
-1462.7 847
-1462.5 761
-1462.3 850
-1462.1 759
-1461.9 790
-1461.7 817
-1461.5 811
-1461.3 813
-1461.1 760
-1460.9 787
-1460.7 731
-1460.5 802
-1460.3 798
-1460.1 819
-1459.9 755
-1459.7 774
-1459.5 758
-1459.3 804
-1459.1 750
-1458.9 797
-1458.7 812
-1458.5 785
-1458.3 793
-1458.1 797
-1457.9 776
-1457.7 800
-1457.5 809
-1457.3 741
-1457.1 808
-1456.9 754
-1456.7 761
-1456.5 742
-1456.3 793
-1456.1 824
-1455.9 781
-1455.7 815
-1455.5 808
-1455.3 792
-1455.1 833
-1454.9 846
-1454.7 792
-1454.5 866
-1454.3 826
-1454.1 769
-1453.9 785
-1453.7 793
-1453.5 840
-1453.3 807
-1453.1 807
-1452.9 737
-1452.7 801
-1452.5 817
-1452.3 772
-1452.1 793
-1451.9 792
-1451.7 797
-1451.5 833
-1451.3 766
-1451.1 761
-1450.9 806
-1450.7 756
-1450.5 760
-1450.3 773
-1450.1 796
-1449.9 765
-1449.7 802
-1449.5 778
-1449.3 785
-1449.1 706
-1448.9 794
-1448.7 775
-1448.5 760
-1448.3 756
-1448.1 803
-1447.9 768
-1447.7 739
-1447.5 766
-1447.3 817
-1447.1 821
-1446.9 793
-1446.7 774
-1446.5 785
-1446.3 794
-1446.1 782
-1445.9 744
-1445.7 788
-1445.5 788
-1445.3 804
-1445.1 769
-1444.9 772
-1444.7 737
-1444.5 788
-1444.3 782
-1444.1 806
-1443.9 825
-1443.7 804
-1443.5 764
-1443.3 777
-1443.1 810
-1442.9 766
-1442.7 754
-1442.5 771
-1442.3 805
-1442.1 811
-1441.9 813
-1441.7 827
-1441.5 810
-1441.3 815
-1441.1 803
-1440.9 785
-1440.7 786
-1440.5 734
-1440.3 737
-1440.1 746
-1439.9 794
-1439.7 831
-1439.5 769
-1439.3 771
-1439.1 784
-1438.9 792
-1438.7 773
-1438.5 784
-1438.3 776
-1438.1 806
-1437.9 849
-1437.7 788
-1437.5 768
-1437.3 804
-1437.1 765
-1436.9 798
-1436.7 787
-1436.5 782
-1436.3 816
-1436.1 751
-1435.9 797
-1435.7 771
-1435.5 737
-1435.3 775
-1435.1 811
-1434.9 825
-1434.7 721
-1434.5 783
-1434.3 810
-1434.1 800
-1433.9 776
-1433.7 776
-1433.5 845
-1433.3 779
-1433.1 755
-1432.9 790
-1432.7 788
-1432.5 826
-1432.3 781
-1432.1 804
-1431.9 744
-1431.7 807
-1431.5 736
-1431.3 749
-1431.1 801
-1430.9 758
-1430.7 733
-1430.5 771
-1430.3 764
-1430.1 758
-1429.9 749
-1429.7 853
-1429.5 812
-1429.3 769
-1429.1 755
-1428.9 804
-1428.7 810
-1428.5 749
-1428.3 739
-1428.1 823
-1427.9 740
-1427.7 761
-1427.5 765
-1427.3 749
-1427.1 815
-1426.9 762
-1426.7 701
-1426.5 784
-1426.3 748
-1426.1 818
-1425.9 761
-1425.7 792
-1425.5 792
-1425.3 770
-1425.1 761
-1424.9 822
-1424.7 766
-1424.5 797
-1424.3 754
-1424.1 770
-1423.9 710
-1423.7 793
-1423.5 757
-1423.3 778
-1423.1 737
-1422.9 813
-1422.7 748
-1422.5 818
-1422.3 764
-1422.1 809
-1421.9 774
-1421.7 780
-1421.5 764
-1421.3 796
-1421.1 737
-1420.9 777
-1420.7 820
-1420.5 805
-1420.3 818
-1420.1 778
-1419.9 795
-1419.7 830
-1419.5 815
-1419.3 812
-1419.1 849
-1418.9 815
-1418.7 822
-1418.5 772
-1418.3 840
-1418.1 815
-1417.9 779
-1417.7 811
-1417.5 807
-1417.3 765
-1417.1 803
-1416.9 773
-1416.7 800
-1416.5 795
-1416.3 779
-1416.1 757
-1415.9 778
-1415.7 754
-1415.5 812
-1415.3 818
-1415.1 695
-1414.9 789
-1414.7 749
-1414.5 765
-1414.3 786
-1414.1 814
-1413.9 786
-1413.7 732
-1413.5 718
-1413.3 782
-1413.1 760
-1412.9 788
-1412.7 767
-1412.5 748
-1412.3 758
-1412.1 766
-1411.9 792
-1411.7 737
-1411.5 798
-1411.3 782
-1411.1 752
-1410.9 810
-1410.7 766
-1410.5 793
-1410.3 801
-1410.1 710
-1409.9 755
-1409.7 793
-1409.5 759
-1409.3 770
-1409.1 724
-1408.9 712
-1408.7 718
-1408.5 801
-1408.3 821
-1408.1 736
-1407.9 746
-1407.7 770
-1407.5 771
-1407.3 760
-1407.1 754
-1406.9 776
-1406.7 744
-1406.5 757
-1406.3 734
-1406.1 731
-1405.9 790
-1405.7 741
-1405.5 788
-1405.3 780
-1405.1 777
-1404.9 798
-1404.7 829
-1404.5 750
-1404.3 838
-1404.1 792
-1403.9 788
-1403.7 747
-1403.5 784
-1403.3 784
-1403.1 833
-1402.9 797
-1402.7 769
-1402.5 798
-1402.3 788
-1402.1 795
-1401.9 808
-1401.7 814
-1401.5 794
-1401.3 761
-1401.1 815
-1400.9 755
-1400.7 763
-1400.5 808
-1400.3 778
-1400.1 803
-1399.9 804
-1399.7 772
-1399.5 848
-1399.3 792
-1399.1 813
-1398.9 778
-1398.7 840
-1398.5 793
-1398.3 788
-1398.1 778
-1397.9 773
-1397.7 784
-1397.5 775
-1397.3 827
-1397.1 793
-1396.9 817
-1396.7 702
-1396.5 759
-1396.3 807
-1396.1 807
-1395.9 731
-1395.7 828
-1395.5 793
-1395.3 745
-1395.1 798
-1394.9 759
-1394.7 764
-1394.5 743
-1394.3 801
-1394.1 791
-1393.9 786
-1393.7 763
-1393.5 810
-1393.3 799
-1393.1 797
-1392.9 835
-1392.7 818
-1392.5 725
-1392.3 774
-1392.1 785
-1391.9 806
-1391.7 793
-1391.5 824
-1391.3 754
-1391.1 762
-1390.9 785
-1390.7 765
-1390.5 787
-1390.3 789
-1390.1 821
-1389.9 771
-1389.7 764
-1389.5 834
-1389.3 784
-1389.1 788
-1388.9 798
-1388.7 743
-1388.5 817
-1388.3 755
-1388.1 782
-1387.9 794
-1387.7 770
-1387.5 784
-1387.3 733
-1387.1 795
-1386.9 743
-1386.7 785
-1386.5 831
-1386.3 772
-1386.1 714
-1385.9 745
-1385.7 805
-1385.5 809
-1385.3 794
-1385.1 762
-1384.9 814
-1384.7 769
-1384.5 749
-1384.3 840
-1384.1 803
-1383.9 778
-1383.7 817
-1383.5 768
-1383.3 776
-1383.1 798
-1382.9 790
-1382.7 749
-1382.5 810
-1382.3 815
-1382.1 740
-1381.9 778
-1381.7 780
-1381.5 760
-1381.3 755
-1381.1 702
-1380.9 761
-1380.7 747
-1380.5 748
-1380.3 796
-1380.1 813
-1379.9 777
-1379.7 808
-1379.5 791
-1379.3 765
-1379.1 787
-1378.9 829
-1378.7 777
-1378.5 741
-1378.3 767
-1378.1 735
-1377.9 730
-1377.7 726
-1377.5 821
-1377.3 798
-1377.1 770
-1376.9 744
-1376.7 815
-1376.5 759
-1376.3 750
-1376.1 746
-1375.9 788
-1375.7 797
-1375.5 763
-1375.3 789
-1375.1 761
-1374.9 782
-1374.7 748
-1374.5 771
-1374.3 733
-1374.1 786
-1373.9 737
-1373.7 758
-1373.5 755
-1373.3 700
-1373.1 704
-1372.9 726
-1372.7 760
-1372.5 744
-1372.3 787
-1372.1 740
-1371.9 751
-1371.7 738
-1371.5 676
-1371.3 753
-1371.1 734
-1370.9 780
-1370.7 750
-1370.5 779
-1370.3 807
-1370.1 774
-1369.9 705
-1369.7 717
-1369.5 776
-1369.3 725
-1369.1 746
-1368.9 738
-1368.7 727
-1368.5 748
-1368.3 751
-1368.1 776
-1367.9 744
-1367.7 770
-1367.5 746
-1367.3 796
-1367.1 774
-1366.9 758
-1366.7 734
-1366.5 697
-1366.3 797
-1366.1 763
-1365.9 736
-1365.7 733
-1365.5 765
-1365.3 735
-1365.1 767
-1364.9 731
-1364.7 753
-1364.5 705
-1364.3 701
-1364.1 718
-1363.9 661
-1363.7 694
-1363.5 726
-1363.3 698
-1363.1 712
-1362.9 666
-1362.7 639
-1362.5 705
-1362.3 686
-1362.1 644
-1361.9 633
-1361.7 699
-1361.5 672
-1361.3 649
-1361.1 617
-1360.9 650
-1360.7 638
-1360.5 618
-1360.3 580
-1360.1 632
-1359.9 587
-1359.7 612
-1359.5 613
-1359.3 563
-1359.1 589
-1358.9 539
-1358.7 592
-1358.5 543
-1358.3 579
-1358.1 532
-1357.9 560
-1357.7 546
-1357.5 508
-1357.3 474
-1357.1 495
-1356.9 521
-1356.7 502
-1356.5 510
-1356.3 517
-1356.1 462
-1355.9 465
-1355.7 494
-1355.5 461
-1355.3 455
-1355.1 430
-1354.9 455
-1354.7 430
-1354.5 469
-1354.3 436
-1354.1 425
-1353.9 404
-1353.7 391
-1353.5 399
-1353.3 359
-1353.1 400
-1352.9 368
-1352.7 393
-1352.5 401
-1352.3 379
-1352.1 375
-1351.9 320
-1351.7 339
-1351.5 328
-1351.3 335
-1351.1 321
-1350.9 306
-1350.7 306
-1350.5 326
-1350.3 283
-1350.1 320
-1349.9 296
-1349.7 307
-1349.5 271
-1349.3 282
-1349.1 297
-1348.9 248
-1348.7 261
-1348.5 242
-1348.3 225
-1348.1 263
-1347.9 216
-1347.7 243
-1347.5 234
-1347.3 223
-1347.1 214
-1346.9 234
-1346.7 239
-1346.5 206
-1346.3 211
-1346.1 202
-1345.9 191
-1345.7 208
-1345.5 194
-1345.3 191
-1345.1 178
-1344.9 187
-1344.7 169
-1344.5 180
-1344.3 177
-1344.1 163
-1343.9 168
-1343.7 149
-1343.5 146
-1343.3 145
-1343.1 148
-1342.9 125
-1342.7 139
-1342.5 131
-1342.3 117
-1342.1 145
-1341.9 123
-1341.7 115
-1341.5 112
-1341.3 112
-1341.1 135
-1340.9 103
-1340.7 132
-1340.5 104
-1340.3 90
-1340.1 95
-1339.9 91
-1339.7 88
-1339.5 106
-1339.3 91
-1339.1 92
-1338.9 97
-1338.7 83
-1338.5 76
-1338.3 76
-1338.1 68
-1337.9 64
-1337.7 60
-1337.5 66
-1337.3 64
-1337.1 75
-1336.9 56
-1336.7 57
-1336.5 53
-1336.3 62
-1336.1 41
-1335.9 40
-1335.7 50
-1335.5 55
-1335.3 48
-1335.1 37
-1334.9 36
-1334.7 56
-1334.5 40
-1334.3 41
-1334.1 42
-1333.9 29
-1333.7 30
-1333.5 31
-1333.3 30
-1333.1 39
-1332.9 30
-1332.7 32
-1332.5 19
-1332.3 35
-1332.1 28
-1331.9 27
-1331.7 20
-1331.5 30
-1331.3 19
-1331.1 23
-1330.9 31
-1330.7 17
-1330.5 16
-1330.3 24
-1330.1 22
-1329.9 11
-1329.7 21
-1329.5 14
-1329.3 14
-1329.1 16
-1328.9 15
-1328.7 17
-1328.5 12
-1328.3 16
-1328.1 9
-1327.9 14
-1327.7 12
-1327.5 11
-1327.3 6
-1327.1 7
-1326.9 13
-1326.7 9
-1326.5 12
-1326.3 10
-1326.1 14
-1325.9 8
-1325.7 8
-1325.5 11
-1325.3 15
-1325.1 9
-1324.9 5
-1324.7 5
-1324.5 3
-1324.3 9
-1324.1 4
-1323.9 7
-1323.7 7
-1323.5 9
-1323.3 5
-1323.1 6
-1322.9 6
-1322.7 3
-1322.5 5
-1322.3 10
-1322.1 2
-1321.9 7
-1321.7 14
-1321.5 7
-1321.3 2
-1321.1 1
-1320.9 7
-1320.7 2
-1320.5 3
-1320.3 5
-1320.1 4
-1319.9 1
-1319.7 3
-1319.5 3
-1319.3 4
-1319.1 2
-1318.9 4
-1318.7 2
-1318.5 4
-1318.3 0
-1318.1 4
-1317.9 4
-1317.7 2
-1317.5 2
-1317.3 1
-1317.1 3
-1316.9 1
-1316.7 0
-1316.5 2
-1316.3 1
-1316.1 4
-1315.9 3
-1315.7 6
-1315.5 4
-1315.3 2
-1315.1 1
-1314.9 2
-1314.7 2
-1314.5 5
-1314.3 4
-1314.1 3
-1313.9 5
-1313.7 2
-1313.5 4
-1313.3 6
-1313.1 3
-1312.9 3
-1312.7 2
-1312.5 6
-1312.3 1
-1312.1 2
-1311.9 1
-1311.7 2
-1311.5 1
-1311.3 4
-1311.1 1
-1310.9 1
-1310.7 1
-1310.5 5
-1310.3 2
-1310.1 1
-1309.9 0
-1309.7 1
-1309.5 1
-1309.3 1
-1309.1 3
-1308.9 2
-1308.7 3
-1308.5 5
-1308.3 1
-1308.1 1
-1307.9 3
-1307.7 1
-1307.5 0
-1307.3 2
-1307.1 1
-1306.9 1
-1306.7 4
-1306.5 3
-1306.3 1
-1306.1 1
-1305.9 7
-1305.7 2
-1305.5 1
-1305.3 0
-1305.1 3
-1304.9 0
-1304.7 1
-1304.5 1
-1304.3 1
-1304.1 0
-1303.9 0
-1303.7 0
-1303.5 4
-1303.3 1
-1303.1 2
-1302.9 5
-1302.7 2
-1302.5 2
-1302.3 1
-1302.1 5
-1301.9 2
-1301.7 3
-1301.5 5
-1301.3 1
-1301.1 1
-1300.9 1
-1300.7 2
-1300.5 5
-1300.3 1
-1300.1 3
