-209.9 0
-209.7 1
-209.5 2
-209.3 1
-209.1 0
-208.9 0
-208.7 4
-208.5 0
-208.3 2
-208.1 2
-207.9 1
-207.7 2
-207.5 2
-207.3 1
-207.1 1
-206.9 0
-206.7 1
-206.5 1
-206.3 2
-206.1 0
-205.9 2
-205.7 1
-205.5 0
-205.3 0
-205.1 1
-204.9 0
-204.7 0
-204.5 1
-204.3 1
-204.1 1
-203.9 2
-203.7 2
-203.5 2
-203.3 1
-203.1 2
-202.9 4
-202.7 1
-202.5 1
-202.3 1
-202.1 4
-201.9 3
-201.7 2
-201.5 2
-201.3 9
-201.1 8
-200.9 24
-200.7 28
-200.5 24
-200.3 36
-200.1 63
-199.9 75
-199.7 115
-199.5 133
-199.3 150
-199.1 237
-198.9 305
-198.7 397
-198.5 504
-198.3 623
-198.1 819
-197.9 999
-197.7 1215
-197.5 1470
-197.3 1879
-197.1 2190
-196.9 2721
-196.7 3123
-196.5 3837
-196.3 4352
-196.1 4924
-195.9 5694
-195.7 6015
-195.5 6685
-195.3 7166
-195.1 7414
-194.9 7901
-194.7 8198
-194.5 8367
-194.3 8474
-194.1 8609
-193.9 8647
-193.7 8567
-193.5 8497
-193.3 8517
-193.1 8498
-192.9 8384
-192.7 8307
-192.5 8117
-192.3 8072
-192.1 8080
-191.9 7808
-191.7 7635
-191.5 7587
-191.3 7575
-191.1 7498
-190.9 7302
-190.7 7198
-190.5 7150
-190.3 7018
-190.1 7098
-189.9 7053
-189.7 6934
-189.5 6953
-189.3 6729
-189.1 6863
-188.9 6819
-188.7 6803
-188.5 6697
-188.3 6621
-188.1 6553
-187.9 6477
-187.7 6362
-187.5 6508
-187.3 6606
-187.1 6506
-186.9 6479
-186.7 6497
-186.5 6405
-186.3 6303
-186.1 6369
-185.9 6178
-185.7 6300
-185.5 6112
-185.3 6271
-185.1 6189
-184.9 6114
-184.7 6226
-184.5 6116
-184.3 6008
-184.1 6068
-183.9 5950
-183.7 5919
-183.5 5735
-183.3 5752
-183.1 5581
-182.9 5700
-182.7 5542
-182.5 5542
-182.3 5493
-182.1 5552
-181.9 5252
-181.7 5251
-181.5 5135
-181.3 5035
-181.1 5097
-180.9 5069
-180.7 4944
-180.5 4877
-180.3 4890
-180.1 4720
-179.9 4699
-179.7 4590
-179.5 4692
-179.3 4639
-179.1 4489
-178.9 4425
-178.7 4468
-178.5 4367
-178.3 4289
-178.1 4214
-177.9 4341
-177.7 4123
-177.5 4318
-177.3 4188
-177.1 4190
-176.9 4153
-176.7 3990
-176.5 4008
-176.3 3991
-176.1 4002
-175.9 3909
-175.7 3939
-175.5 3892
-175.3 3884
-175.1 3852
-174.9 3775
-174.7 3793
-174.5 3883
-174.3 3687
-174.1 3805
-173.9 3575
-173.7 3648
-173.5 3733
-173.3 3687
-173.1 3629
-172.9 3630
-172.7 3639
-172.5 3624
-172.3 3531
-172.1 3713
-171.9 3676
-171.7 3721
-171.5 3511
-171.3 3540
-171.1 3500
-170.9 3568
-170.7 3687
-170.5 3558
-170.3 3571
-170.1 3535
-169.9 3495
-169.7 3546
-169.5 3445
-169.3 3593
-169.1 3497
-168.9 3520
-168.7 3492
-168.5 3486
-168.3 3442
-168.1 3387
-167.9 3426
-167.7 3453
-167.5 3364
-167.3 3579
-167.1 3404
-166.9 3446
-166.7 3481
-166.5 3350
-166.3 3388
-166.1 3432
-165.9 3325
-165.7 3392
-165.5 3397
-165.3 3430
-165.1 3380
-164.9 3512
-164.7 3274
-164.5 3390
-164.3 3364
-164.1 3430
-163.9 3382
-163.7 3273
-163.5 3380
-163.3 3286
-163.1 3371
-162.9 3313
-162.7 3279
-162.5 3354
-162.3 3434
-162.1 3440
-161.9 3264
-161.7 3403
-161.5 3412
-161.3 3249
-161.1 3395
-160.9 3297
-160.7 3433
-160.5 3311
-160.3 3241
-160.1 3320
-159.9 3400
-159.7 3350
-159.5 3415
-159.3 3327
-159.1 3325
-158.9 3304
-158.7 3255
-158.5 3319
-158.3 3288
-158.1 3261
-157.9 3313
-157.7 3324
-157.5 3274
-157.3 3303
-157.1 3238
-156.9 3232
-156.7 3139
-156.5 3189
-156.3 3163
-156.1 3110
-155.9 3179
-155.7 3157
-155.5 3117
-155.3 3225
-155.1 3184
-154.9 3120
-154.7 3042
-154.5 3033
-154.3 3125
-154.1 3121
-153.9 3107
-153.7 2972
-153.5 2985
-153.3 3130
-153.1 3044
-152.9 2931
-152.7 3030
-152.5 2966
-152.3 3009
-152.1 3018
-151.9 3010
-151.7 2880
-151.5 2918
-151.3 2994
-151.1 3059
-150.9 2926
-150.7 3037
-150.5 2888
-150.3 3058
-150.1 3061
-149.9 3024
-149.7 2965
-149.5 2925
-149.3 2920
-149.1 3086
-148.9 3015
-148.7 2941
-148.5 3017
-148.3 2974
-148.1 3124
-147.9 3096
-147.7 2998
-147.5 3112
-147.3 3034
-147.1 3003
-146.9 3108
-146.7 3097
-146.5 3096
-146.3 3176
-146.1 3096
-145.9 3157
-145.7 3207
-145.5 3120
-145.3 3229
-145.1 3174
-144.9 3236
-144.7 3194
-144.5 3239
-144.3 3185
-144.1 3286
-143.9 3267
-143.7 3277
-143.5 3263
-143.3 3350
-143.1 3261
-142.9 3216
-142.7 3227
-142.5 3343
-142.3 3350
-142.1 3317
-141.9 3246
-141.7 3363
-141.5 3436
-141.3 3357
-141.1 3347
-140.9 3363
-140.7 3408
-140.5 3473
-140.3 3388
-140.1 3437
-139.9 3467
-139.7 3337
-139.5 3341
-139.3 3459
-139.1 3385
-138.9 3460
-138.7 3346
-138.5 3430
-138.3 3434
-138.1 3540
-137.9 3439
-137.7 3456
-137.5 3494
-137.3 3447
-137.1 3446
-136.9 3361
-136.7 3432
-136.5 3548
-136.3 3445
-136.1 3430
-135.9 3541
-135.7 3447
-135.5 3443
-135.3 3444
-135.1 3417
-134.9 3447
-134.7 3504
-134.5 3391
-134.3 3397
-134.1 3541
-133.9 3436
-133.7 3436
-133.5 3452
-133.3 3433
-133.1 3446
-132.9 3533
-132.7 3441
-132.5 3503
-132.3 3317
-132.1 3439
-131.9 3538
-131.7 3426
-131.5 3496
-131.3 3408
-131.1 3403
-130.9 3482
-130.7 3480
-130.5 3514
-130.3 3378
-130.1 3446
-129.9 3336
-129.7 3442
-129.5 3374
-129.3 3395
-129.1 3374
-128.9 3311
-128.7 3318
-128.5 3426
-128.3 3341
-128.1 3258
-127.9 3352
-127.7 3422
-127.5 3441
-127.3 3364
-127.1 3397
-126.9 3318
-126.7 3366
-126.5 3284
-126.3 3367
-126.1 3437
-125.9 3304
-125.7 3310
-125.5 3337
-125.3 3351
-125.1 3383
-124.9 3386
-124.7 3419
-124.5 3275
-124.3 3272
-124.1 3335
-123.9 3348
-123.7 3276
-123.5 3279
-123.3 3242
-123.1 3404
-122.9 3367
-122.7 3282
-122.5 3207
-122.3 3263
-122.1 3225
-121.9 3286
-121.7 3284
-121.5 3311
-121.3 3306
-121.1 3287
-120.9 3374
-120.7 3281
-120.5 3191
-120.3 3319
-120.1 3328
-119.9 3263
-119.7 3227
-119.5 3281
-119.3 3289
-119.1 3233
-118.9 3259
-118.7 3272
-118.5 3321
-118.3 3262
-118.1 3252
-117.9 3300
-117.7 3221
-117.5 3313
-117.3 3336
-117.1 3268
-116.9 3367
-116.7 3242
-116.5 3371
-116.3 3242
-116.1 3270
-115.9 3271
-115.7 3186
-115.5 3247
-115.3 3317
-115.1 3203
-114.9 3186
-114.7 3349
-114.5 3232
-114.3 3265
-114.1 3206
-113.9 3208
-113.7 3214
-113.5 3251
-113.3 3200
-113.1 3268
-112.9 3305
-112.7 3260
-112.5 3286
-112.3 3294
-112.1 3256
-111.9 3257
-111.7 3313
-111.5 3114
-111.3 3213
-111.1 3251
-110.9 3279
-110.7 3331
-110.5 3231
-110.3 3198
-110.1 3146
-109.9 3237
-109.7 3297
-109.5 3216
-109.3 3202
-109.1 3259
-108.9 3222
-108.7 3209
-108.5 3113
-108.3 3177
-108.1 3168
-107.9 3131
-107.7 3239
-107.5 3229
-107.3 3125
-107.1 3162
-106.9 3250
-106.7 3176
-106.5 3167
-106.3 3166
-106.1 3174
-105.9 3106
-105.7 3166
-105.5 3197
-105.3 3207
-105.1 3156
-104.9 3171
-104.7 3114
-104.5 3251
-104.3 3100
-104.1 3198
-103.9 3166
-103.7 3221
-103.5 3149
-103.3 3187
-103.1 3082
-102.9 3252
-102.7 3124
-102.5 3177
-102.3 3262
-102.1 3108
-101.9 3119
-101.7 3191
-101.5 3140
-101.3 3158
-101.1 3169
-100.9 3190
-100.7 3157
-100.5 3137
-100.3 3218
-100.1 3198
-99.9 3148
-99.7 3136
-99.5 3175
-99.3 3173
-99.1 3197
-98.9 3180
-98.7 3092
-98.5 3083
-98.3 3096
-98.1 3194
-97.9 3085
-97.7 3167
-97.5 3315
-97.3 3247
-97.1 3190
-96.9 3129
-96.7 3103
-96.5 3164
-96.3 3149
-96.1 3147
-95.9 3159
-95.7 3158
-95.5 3181
-95.3 3172
-95.1 3155
-94.9 3068
-94.7 3120
-94.5 3080
-94.3 3133
-94.1 3246
-93.9 3128
-93.7 3147
-93.5 3207
-93.3 3097
-93.1 3076
-92.9 3101
-92.7 3137
-92.5 3154
-92.3 3107
-92.1 3104
-91.9 3183
-91.7 3152
-91.5 3137
-91.3 3181
-91.1 3175
-90.9 3057
-90.7 3117
-90.5 3062
-90.3 3073
-90.1 3018
-89.9 3157
-89.7 3097
-89.5 3136
-89.3 3184
-89.1 3086
-88.9 3095
-88.7 3181
-88.5 3176
-88.3 3166
-88.1 3155
-87.9 3143
-87.7 3117
-87.5 3095
-87.3 3098
-87.1 3231
-86.9 3176
-86.7 3209
-86.5 3093
-86.3 3130
-86.1 3244
-85.9 3122
-85.7 3179
-85.5 3151
-85.3 3134
-85.1 3167
-84.9 3133
-84.7 3057
-84.5 3059
-84.3 3228
-84.1 3229
-83.9 3099
-83.7 3139
-83.5 3125
-83.3 3202
-83.1 3199
-82.9 3205
-82.7 3124
-82.5 3254
-82.3 3101
-82.1 3165
-81.9 3183
-81.7 3220
-81.5 3123
-81.3 3139
-81.1 3143
-80.9 3227
-80.7 3219
-80.5 3266
-80.3 3210
-80.1 3150
-79.9 3218
-79.7 3139
-79.5 3205
-79.3 3220
-79.1 3218
-78.9 3212
-78.7 3252
-78.5 3184
-78.3 3248
-78.1 3112
-77.9 3200
-77.7 3165
-77.5 3120
-77.3 3217
-77.1 3260
-76.9 3201
-76.7 3216
-76.5 3214
-76.3 3312
-76.1 3238
-75.9 3207
-75.7 3186
-75.5 3241
-75.3 3316
-75.1 3198
-74.9 3198
-74.7 3231
-74.5 3190
-74.3 3232
-74.1 3277
-73.9 3217
-73.7 3248
-73.5 3221
-73.3 3277
-73.1 3266
-72.9 3282
-72.7 3307
-72.5 3254
-72.3 3176
-72.1 3111
-71.9 3197
-71.7 3196
-71.5 3263
-71.3 3299
-71.1 3198
-70.9 3335
-70.7 3190
-70.5 3192
-70.3 3179
-70.1 3169
-69.9 3183
-69.7 3198
-69.5 3185
-69.3 3253
-69.1 3263
-68.9 3243
-68.7 3324
-68.5 3174
-68.3 3077
-68.1 3242
-67.9 3329
-67.7 3243
-67.5 3219
-67.3 3175
-67.1 3254
-66.9 3277
-66.7 3248
-66.5 3228
-66.3 3170
-66.1 3174
-65.9 3296
-65.7 3220
-65.5 3234
-65.3 3234
-65.1 3189
-64.9 3189
-64.7 3247
-64.5 3188
-64.3 3112
-64.1 3325
-63.9 3237
-63.7 3288
-63.5 3272
-63.3 3247
-63.1 3264
-62.9 3268
-62.7 3219
-62.5 3226
-62.3 3266
-62.1 3281
-61.9 3198
-61.7 3226
-61.5 3216
-61.3 3193
-61.1 3174
-60.9 3217
-60.7 3220
-60.5 3227
-60.3 3104
-60.1 3214
-59.9 3339
-59.7 3184
-59.5 3246
-59.3 3318
-59.1 3220
-58.9 3137
-58.7 3126
-58.5 3175
-58.3 3252
-58.1 3183
-57.9 3267
-57.7 3193
-57.5 3172
-57.3 3279
-57.1 3174
-56.9 3175
-56.7 3292
-56.5 3270
-56.3 3128
-56.1 3248
-55.9 3186
-55.7 3150
-55.5 3217
-55.3 3215
-55.1 3190
-54.9 3165
-54.7 3175
-54.5 3054
-54.3 3198
-54.1 3284
-53.9 3159
-53.7 3125
-53.5 3126
-53.3 3167
-53.1 3161
-52.9 3095
-52.7 3183
-52.5 3295
-52.3 3263
-52.1 3170
-51.9 3229
-51.7 3215
-51.5 3213
-51.3 3179
-51.1 3293
-50.9 3218
-50.7 3143
-50.5 3235
-50.3 3132
-50.1 3126
-49.9 3256
-49.7 3248
-49.5 3073
-49.3 3155
-49.1 3202
-48.9 3270
-48.7 3144
-48.5 3187
-48.3 3230
-48.1 3286
-47.9 3181
-47.7 3154
-47.5 3201
-47.3 3138
-47.1 3229
-46.9 3167
-46.7 3136
-46.5 3192
-46.3 3217
-46.1 3164
-45.9 3297
-45.7 3224
-45.5 3097
-45.3 3211
-45.1 3226
-44.9 3168
-44.7 3161
-44.5 3276
-44.3 3222
-44.1 3051
-43.9 3198
-43.7 3106
-43.5 3319
-43.3 3180
-43.1 3135
-42.9 3019
-42.7 3140
-42.5 3188
-42.3 3233
-42.1 3103
-41.9 3190
-41.7 3152
-41.5 3272
-41.3 3147
-41.1 3123
-40.9 3123
-40.7 3202
-40.5 3147
-40.3 3135
-40.1 3129
-39.9 3085
-39.7 3060
-39.5 3242
-39.3 3109
-39.1 3189
-38.9 3262
-38.7 3192
-38.5 3128
-38.3 3179
-38.1 3164
-37.9 3075
-37.7 3053
-37.5 3090
-37.3 3254
-37.1 3044
-36.9 3173
-36.7 3119
-36.5 3055
-36.3 3048
-36.1 3161
-35.9 3108
-35.7 3087
-35.5 3213
-35.3 3166
-35.1 3164
-34.9 3097
-34.7 3179
-34.5 3192
-34.3 3213
-34.1 3166
-33.9 3198
-33.7 3144
-33.5 3196
-33.3 3148
-33.1 3213
-32.9 3045
-32.7 3181
-32.5 3156
-32.3 3077
-32.1 3119
-31.9 3230
-31.7 3159
-31.5 3206
-31.3 3171
-31.1 3118
-30.9 3080
-30.7 3128
-30.5 3122
-30.3 3159
-30.1 3100
-29.9 3161
-29.7 3134
-29.5 3114
-29.3 3264
-29.1 3313
-28.9 3150
-28.7 3085
-28.5 3115
-28.3 3112
-28.1 3024
-27.9 3235
-27.7 3151
-27.5 3123
-27.3 3130
-27.1 3098
-26.9 3197
-26.7 3072
-26.5 3126
-26.3 3176
-26.1 3164
-25.9 3215
-25.7 3083
-25.5 3193
-25.3 3032
-25.1 3105
-24.9 3110
-24.7 3208
-24.5 3132
-24.3 3069
-24.1 3191
-23.9 3099
-23.7 3148
-23.5 3178
-23.3 3121
-23.1 3183
-22.9 3050
-22.7 3209
-22.5 3111
-22.3 3079
-22.1 3119
-21.9 3195
-21.7 3159
-21.5 3147
-21.3 3128
-21.1 3178
-20.9 3091
-20.7 3067
-20.5 3244
-20.3 3058
-20.1 3162
-19.9 3041
-19.7 3118
-19.5 3189
-19.3 3189
-19.1 3147
-18.9 3223
-18.7 3313
-18.5 3051
-18.3 3090
-18.1 3274
-17.9 3179
-17.7 3109
-17.5 3083
-17.3 3256
-17.1 3133
-16.9 3152
-16.7 3002
-16.5 3196
-16.3 3105
-16.1 3213
-15.9 3198
-15.7 3162
-15.5 3180
-15.3 3148
-15.1 3158
-14.9 3261
-14.7 3127
-14.5 3186
-14.3 3180
-14.1 3170
-13.9 3170
-13.7 3204
-13.5 3089
-13.3 3187
-13.1 3185
-12.9 3099
-12.7 3069
-12.5 3177
-12.3 3194
-12.1 3118
-11.9 3182
-11.7 3121
-11.5 3254
-11.3 3069
-11.1 3108
-10.9 3154
-10.7 3132
-10.5 3104
-10.3 3095
-10.1 3070
-9.9 3153
-9.7 3191
-9.5 3188
-9.3 3143
-9.1 3118
-8.9 3105
-8.7 3177
-8.5 3078
-8.3 3067
-8.1 3058
-7.9 3204
-7.7 3187
-7.5 3202
-7.3 3234
-7.1 3188
-6.9 3160
-6.7 3146
-6.5 3299
-6.3 3239
-6.1 3108
-5.9 3187
-5.7 3175
-5.5 3132
-5.3 3212
-5.1 3222
-4.9 3223
-4.7 3128
-4.5 3205
-4.3 3178
-4.1 3100
-3.9 3152
-3.7 3165
-3.5 3201
-3.3 3148
-3.1 3157
-2.9 3181
-2.7 3081
-2.5 3045
-2.3 3124
-2.1 3173
-1.9 3117
-1.7 3119
-1.5 3230
-1.3 3196
-1.1 3091
-0.9 3157
-0.7 3189
-0.5 3126
-0.3 3174
-0.1 3188
0.1 3173
0.3 3163
0.5 3090
0.7 3194
0.9 3105
1.1 3246
1.3 3199
1.5 3224
1.7 3122
1.9 3192
2.1 3152
2.3 3151
2.5 3191
2.7 3118
2.9 3109
3.1 3177
3.3 3234
3.5 3144
3.7 3144
3.9 3151
4.1 3168
4.3 3139
4.5 3118
4.7 3107
4.9 3042
5.1 3050
5.3 3126
5.5 3171
5.7 3163
5.9 3169
6.1 3106
6.3 3158
6.5 3082
6.7 3084
6.9 3116
7.1 3009
7.3 3139
7.5 3129
7.7 3163
7.9 3086
8.1 3122
8.3 2972
8.5 3197
8.7 3084
8.9 3084
9.1 3039
9.3 3022
9.5 3094
9.7 3073
9.9 2977
10.1 2951
10.3 3086
10.5 2955
10.7 3036
10.9 3101
11.1 2930
11.3 2907
11.5 3004
11.7 2986
11.9 2818
12.1 2942
12.3 2851
12.5 2942
12.7 2866
12.9 2929
13.1 2872
13.3 2731
13.5 2712
13.7 2757
13.9 2726
14.1 2755
14.3 2718
14.5 2674
14.7 2764
14.9 2630
15.1 2558
15.3 2563
15.5 2517
15.7 2477
15.9 2474
16.1 2582
16.3 2444
16.5 2400
16.7 2441
16.9 2398
17.1 2365
17.3 2306
17.5 2254
17.7 2274
17.9 2124
18.1 2235
18.3 2172
18.5 2161
18.7 2116
18.9 2025
19.1 2110
19.3 1982
19.5 2039
19.7 1942
19.9 1926
20.1 1902
20.3 1813
20.5 1869
20.7 1784
20.9 1674
21.1 1744
21.3 1629
21.5 1550
21.7 1625
21.9 1512
22.1 1520
22.3 1599
22.5 1472
22.7 1424
22.9 1375
23.1 1395
23.3 1364
23.5 1287
23.7 1256
23.9 1247
24.1 1203
24.3 1187
24.5 1103
24.7 1045
24.9 1027
25.1 1030
25.3 1047
25.5 978
25.7 922
25.9 977
26.1 895
26.3 822
26.5 786
26.7 774
26.9 734
27.1 768
27.3 657
27.5 658
27.7 633
27.9 628
28.1 648
28.3 559
28.5 554
28.7 513
28.9 476
29.1 484
29.3 494
29.5 423
29.7 424
29.9 387
30.1 406
30.3 392
30.5 371
30.7 330
30.9 313
31.1 313
31.3 281
31.5 261
31.7 243
31.9 222
32.1 235
32.3 193
32.5 202
32.7 174
32.9 174
33.1 157
33.3 140
33.5 147
33.7 128
33.9 138
34.1 123
34.3 103
34.5 101
34.7 101
34.9 86
35.1 91
35.3 80
35.5 72
35.7 71
35.9 72
36.1 54
36.3 50
36.5 51
36.7 52
36.9 37
37.1 43
37.3 31
37.5 30
37.7 31
37.9 19
38.1 23
38.3 29
38.5 31
38.7 27
38.9 23
39.1 22
39.3 13
39.5 9
39.7 7
39.9 10
40.1 11
40.3 19
40.5 13
40.7 7
40.9 10
41.1 8
41.3 8
41.5 7
41.7 16
41.9 5
42.1 7
42.3 6
42.5 3
42.7 2
42.9 9
43.1 8
43.3 12
43.5 6
43.7 7
43.9 6
44.1 8
44.3 5
44.5 1
44.7 5
44.9 4
45.1 4
45.3 4
45.5 4
45.7 3
45.9 4
46.1 4
46.3 3
46.5 0
46.7 7
46.9 5
47.1 1
47.3 5
47.5 5
47.7 4
47.9 4
48.1 5
48.3 2
48.5 0
48.7 1
48.9 2
49.1 6
49.3 9
49.5 7
49.7 1
49.9 3
