1400
-359.7 4.92027e-06
-359.5 4.92027e-06
-359.3 4.92027e-06
-359.1 1.96811e-05
-358.9 3.93621e-05
-358.7 6.88837e-05
-358.5 8.36445e-05
-358.3 9.84053e-05
-358.1 0.000108246
-357.9 0.000127927
-357.7 0.000147608
-357.5 0.000147608
-357.3 0.000147608
-357.1 0.000152528
-356.9 0.00017713
-356.7 0.000211571
-356.5 0.000221412
-356.3 0.000226332
-356.1 0.000241093
-355.9 0.000255854
-355.7 0.000275535
-355.5 0.000285375
-355.3 0.000285375
-355.1 0.000290296
-354.9 0.000309977
-354.7 0.000324738
-354.5 0.000324738
-354.3 0.000339498
-354.1 0.000359179
-353.9 0.00037394
-353.7 0.000398542
-353.5 0.000408382
-353.3 0.000413302
-353.1 0.000437904
-352.9 0.000452665
-352.7 0.000492027
-352.5 0.000506788
-352.3 0.000531389
-352.1 0.000565831
-351.9 0.000595352
-351.7 0.000639635
-351.5 0.000678997
-351.3 0.000688837
-351.1 0.000703598
-350.9 0.000718359
-350.7 0.00073804
-350.5 0.00074296
-350.3 0.000747881
-350.1 0.000757721
-349.9 0.000772482
-349.7 0.000787243
-349.5 0.000806924
-349.3 0.000811844
-349.1 0.000821685
-348.9 0.000841366
-348.7 0.000875808
-348.5 0.000900409
-348.3 0.00091517
-348.1 0.000934851
-347.9 0.000959452
-347.7 0.0010185
-347.5 0.00103818
-347.3 0.00104802
-347.1 0.00107262
-346.9 0.00108738
-346.7 0.00109722
-346.5 0.00111198
-346.3 0.0011169
-346.1 0.00113658
-345.9 0.00115134
-345.7 0.00119562
-345.5 0.00121039
-345.3 0.00122023
-345.1 0.00122515
-344.9 0.00123499
-344.7 0.00124483
-344.5 0.00125959
-344.3 0.00127435
-344.1 0.00130387
-343.9 0.00131371
-343.7 0.00133831
-343.5 0.00135799
-343.3 0.00136291
-343.1 0.00138752
-342.9 0.00138752
-342.7 0.00142196
-342.5 0.00143672
-342.3 0.00143672
-342.1 0.00145148
-341.9 0.0014564
-341.7 0.00149576
-341.5 0.00150068
-341.3 0.00151544
-341.1 0.00156464
-340.9 0.00158925
-340.7 0.00164337
-340.5 0.00168273
-340.3 0.00169749
-340.1 0.00174177
-339.9 0.00178606
-339.7 0.00181066
-339.5 0.00183526
-339.3 0.0018451
-339.1 0.00191398
-338.9 0.00194843
-338.7 0.00199763
-338.5 0.00207143
-338.3 0.00208619
-338.1 0.00212064
-337.9 0.00215508
-337.7 0.00217968
-337.5 0.00222888
-337.3 0.0022584
-337.1 0.00232237
-336.9 0.00234697
-336.7 0.00238633
-336.5 0.00241585
-336.3 0.00243061
-336.1 0.00246505
-335.9 0.00249458
-335.7 0.00256346
-335.5 0.00260282
-335.3 0.00262742
-335.1 0.00268647
-334.9 0.00272091
-334.7 0.00292264
-334.5 0.00305057
-334.3 0.00312437
-334.1 0.00324738
-333.9 0.00340975
-333.7 0.00374432
-333.5 0.00400018
-333.3 0.00416255
-333.1 0.00448728
-332.9 0.0048563
-332.7 0.00543197
-332.5 0.00589448
-332.3 0.00610113
-332.1 0.0065784
-331.9 0.00713439
-331.7 0.00796099
-331.5 0.00850222
-331.3 0.00884664
-331.1 0.00955024
-330.9 0.0102342
-330.7 0.0114101
-330.5 0.012094
-330.3 0.012468
-330.1 0.0132896
-329.9 0.0142097
-329.7 0.0156169
-329.5 0.0166551
-329.3 0.017216
-329.1 0.0183034
-328.9 0.0195138
-328.7 0.021231
-328.5 0.0225004
-328.3 0.0230711
-328.1 0.0243012
-327.9 0.0255608
-327.7 0.0274403
-327.5 0.0288918
-327.3 0.0296249
-327.1 0.0310813
-326.9 0.0326214
-326.7 0.0348945
-326.5 0.0364051
-326.3 0.0371579
-326.1 0.03888
-325.9 0.0404003
-325.7 0.0427965
-325.5 0.0443119
-325.3 0.0450893
-325.1 0.0467819
-324.9 0.0484696
-324.7 0.0510133
-324.5 0.0528289
-324.3 0.0537933
-324.1 0.0556974
-323.9 0.0574835
-323.7 0.0600174
-323.5 0.0619019
-323.3 0.0627334
-323.1 0.0647064
-322.9 0.0665761
-322.7 0.0692872
-322.5 0.0712504
-322.3 0.0721508
-322.1 0.0742271
-321.9 0.0761707
-321.7 0.0790785
-321.5 0.0810811
-321.3 0.082075
-321.1 0.0839594
-320.9 0.0858685
-320.7 0.0886878
-320.5 0.0905182
-320.3 0.0914825
-320.1 0.0935244
-319.9 0.0955467
-319.7 0.0983365
-319.5 0.100103
-319.3 0.101146
-319.1 0.10306
-318.9 0.105058
-318.7 0.107995
-318.5 0.10986
-318.3 0.110844
-318.1 0.112832
-317.9 0.114923
-317.7 0.117757
-317.5 0.119567
-317.3 0.12035
-317.1 0.122362
-316.9 0.124163
-316.7 0.126884
-316.5 0.128773
-316.3 0.129713
-316.1 0.131489
-315.9 0.133339
-315.7 0.13607
-315.5 0.137787
-315.3 0.138609
-315.1 0.14041
-314.9 0.142102
-314.7 0.144784
-314.5 0.146471
-314.3 0.147421
-314.1 0.149055
-313.9 0.150595
-313.7 0.153173
-313.5 0.154757
-313.3 0.155643
-313.1 0.157316
-312.9 0.158826
-312.7 0.16135
-312.5 0.162885
-312.3 0.163717
-312.1 0.165287
-311.9 0.166659
-311.7 0.168775
-311.5 0.170044
-311.3 0.170812
-311.1 0.172111
-310.9 0.173326
-310.7 0.175432
-310.5 0.176766
-310.3 0.177366
-310.1 0.178694
-309.9 0.179851
-309.7 0.181637
-309.5 0.183044
-309.3 0.183688
-309.1 0.1848
-308.9 0.185917
-308.7 0.187585
-308.5 0.188889
-308.3 0.189425
-308.1 0.190655
-307.9 0.191625
-307.7 0.193184
-307.5 0.194198
-307.3 0.194784
-307.1 0.195866
-306.9 0.19684
-306.7 0.198326
-306.5 0.19929
-306.3 0.199881
-306.1 0.200939
-305.9 0.201888
-305.7 0.203566
-305.5 0.204536
-305.3 0.204973
-305.1 0.205938
-304.9 0.206873
-304.7 0.208354
-304.5 0.209318
-304.3 0.209785
-304.1 0.210617
-303.9 0.211601
-303.7 0.21291
-303.5 0.21383
-303.3 0.214337
-303.1 0.215227
-302.9 0.216147
-302.7 0.217397
-302.5 0.21815
-302.3 0.218632
-302.1 0.219523
-301.9 0.220403
-301.7 0.22151
-301.5 0.222308
-301.3 0.22275
-301.1 0.22368
-300.9 0.224404
-300.7 0.225688
-300.5 0.226441
-300.3 0.226898
-300.1 0.227803
-299.9 0.228615
-299.7 0.229821
-299.5 0.230633
-299.3 0.231041
-299.1 0.231907
-298.9 0.232704
-298.7 0.233934
-298.5 0.234672
-298.3 0.235017
-298.1 0.23575
-297.9 0.236527
-297.7 0.237698
-297.5 0.238505
-297.3 0.238918
-297.1 0.23977
-296.9 0.240572
-296.7 0.241752
-296.5 0.242584
-296.3 0.242987
-296.1 0.243883
-295.9 0.244808
-295.7 0.246038
-295.5 0.24685
-295.3 0.247293
-295.1 0.248218
-294.9 0.24901
-294.7 0.250274
-294.5 0.251076
-294.3 0.251485
-294.1 0.252218
-293.9 0.253035
-293.7 0.254284
-293.5 0.255052
-293.3 0.255431
-293.1 0.256257
-292.9 0.256995
-292.7 0.258186
-292.5 0.258949
-292.3 0.259342
-292.1 0.260026
-291.9 0.260789
-291.7 0.261876
-291.5 0.262649
-291.3 0.263023
-291.1 0.26382
-290.9 0.264612
-290.7 0.265749
-290.5 0.266629
-290.3 0.267126
-290.1 0.267874
-289.9 0.268661
-289.7 0.269827
-289.5 0.2706
-289.3 0.270964
-289.1 0.271628
-288.9 0.272288
-288.7 0.27338
-288.5 0.274064
-288.3 0.274408
-288.1 0.275141
-287.9 0.275943
-287.7 0.277045
-287.5 0.277823
-287.3 0.278157
-287.1 0.2789
-286.9 0.279727
-286.7 0.280932
-286.5 0.281597
-286.3 0.281956
-286.1 0.282645
-285.9 0.283338
-285.7 0.284475
-285.5 0.285262
-285.3 0.285582
-285.1 0.286364
-284.9 0.287147
-284.7 0.288264
-284.5 0.289016
-284.3 0.28943
-284.1 0.29033
-283.9 0.291004
-283.7 0.292131
-283.5 0.292913
-283.3 0.293327
-283.1 0.294252
-282.9 0.295093
-282.7 0.296151
-282.5 0.296948
-282.3 0.297381
-282.1 0.298208
-281.9 0.29898
-281.7 0.299984
-281.5 0.300909
-281.3 0.301258
-281.1 0.302011
-280.9 0.30271
-280.7 0.303836
-280.5 0.304653
-280.3 0.305081
-280.1 0.305923
-279.9 0.306734
-279.7 0.307989
-279.5 0.308702
-279.3 0.309135
-279.1 0.309933
-278.9 0.310646
-278.7 0.311581
-278.5 0.312412
-278.3 0.312865
-278.1 0.313682
-277.9 0.314543
-277.7 0.31564
-277.5 0.316383
-277.3 0.316782
-277.1 0.317633
-276.9 0.318292
-276.7 0.319522
-276.5 0.320364
-276.3 0.320728
-276.1 0.321485
-275.9 0.322297
-275.7 0.323296
-275.5 0.324182
-275.3 0.324546
-275.1 0.325244
-274.9 0.326007
-274.7 0.327094
-274.5 0.327842
-274.3 0.328211
-274.1 0.329063
-273.9 0.329722
-273.7 0.330839
-273.5 0.331616
-273.3 0.331985
-273.1 0.332787
-272.9 0.33356
-272.7 0.334819
-272.5 0.33567
-272.3 0.336049
-272.1 0.33692
-271.9 0.337648
-271.7 0.338824
-271.5 0.339631
-271.3 0.340059
-271.1 0.340945
-270.9 0.341757
-270.7 0.342834
-270.5 0.343508
-270.3 0.343907
-270.1 0.344748
-269.9 0.34557
-269.7 0.346756
-269.5 0.347548
-269.3 0.347951
-269.1 0.348675
-268.9 0.349368
-268.7 0.350579
-268.5 0.351391
-268.3 0.351829
-268.1 0.35264
-267.9 0.353418
-267.7 0.354609
-267.5 0.35544
-267.3 0.355858
-267.1 0.356685
-266.9 0.357526
-266.7 0.358909
-266.5 0.359637
-266.3 0.360041
-266.1 0.360838
-265.9 0.361507
-265.7 0.362629
-265.5 0.363391
-265.3 0.363775
-265.1 0.364661
-264.9 0.365581
-264.7 0.366762
-264.5 0.367583
-264.3 0.367977
-264.1 0.368769
-263.9 0.36962
-263.7 0.370786
-263.5 0.371534
-263.3 0.371898
-263.1 0.372735
-262.9 0.373453
-262.7 0.374585
-262.5 0.375382
-262.3 0.3758
-262.1 0.376533
-261.9 0.377257
-261.7 0.378349
-261.5 0.37923
-261.3 0.379604
-261.1 0.380499
-260.9 0.381301
-260.7 0.382492
-260.5 0.383259
-260.3 0.383658
-260.1 0.384588
-259.9 0.385306
-259.7 0.38659
-259.5 0.387496
-259.3 0.387929
-259.1 0.388617
-258.9 0.389336
-258.7 0.39062
-258.5 0.391422
-258.3 0.391825
-258.1 0.392549
-257.9 0.39341
-257.7 0.3946
-257.5 0.395486
-257.3 0.395909
-257.1 0.396657
-256.9 0.397499
-256.7 0.398699
-256.5 0.399403
-256.3 0.399777
-256.1 0.400588
-255.9 0.401302
-255.7 0.402655
-255.5 0.403142
-255.3 0.403979
-255.1 0.404721
-254.9 0.405415
-254.7 0.406709
-254.5 0.407142
-254.3 0.40787
-254.1 0.408648
-253.9 0.40947
-253.7 0.410626
-253.5 0.41101
-253.3 0.411797
-253.1 0.412614
-252.9 0.413445
-252.7 0.414567
-252.5 0.414931
-252.3 0.415787
-252.1 0.416589
-251.9 0.41748
-251.7 0.418587
-251.5 0.41899
-251.3 0.419748
-251.1 0.42053
-250.9 0.421298
-250.7 0.422469
-250.5 0.422882
-250.3 0.423768
-250.1 0.424604
-249.9 0.425377
-249.7 0.426641
-249.5 0.426936
-249.3 0.427714
-249.1 0.428595
-248.9 0.429411
-248.7 0.430676
-248.5 0.431074
-248.3 0.431842
-248.1 0.43256
-247.9 0.433441
-247.7 0.434647
-247.5 0.435035
-247.3 0.435882
-247.1 0.436629
-246.9 0.437318
-246.7 0.438598
-246.5 0.438996
-246.3 0.439744
-246.1 0.440448
-245.9 0.441254
-245.7 0.442445
-245.5 0.44278
-245.3 0.443636
-245.1 0.444507
-244.9 0.445284
-244.7 0.446465
-244.5 0.446809
-244.3 0.447552
-244.1 0.448423
-243.9 0.449348
-243.7 0.450544
-243.5 0.450874
-243.3 0.45169
-243.1 0.452443
-242.9 0.45324
-242.7 0.454421
-242.5 0.454829
-242.3 0.455572
-242.1 0.456433
-241.9 0.457117
-241.7 0.458485
-241.5 0.458884
-241.3 0.459637
-241.1 0.460414
-240.9 0.461177
-240.7 0.462451
-240.5 0.46282
-240.3 0.463597
-240.1 0.464291
-239.9 0.465029
-239.7 0.466274
-239.5 0.466687
-239.3 0.467435
-239.1 0.468208
-238.9 0.469054
-238.7 0.47023
-238.5 0.470599
-238.3 0.471494
-238.1 0.472252
-237.9 0.473133
-237.7 0.474245
-237.5 0.474638
-237.3 0.47545
-237.1 0.476129
-236.9 0.476946
-236.7 0.477989
-236.5 0.478383
-236.3 0.47915
-236.1 0.480021
-235.9 0.480843
-235.7 0.481999
-235.5 0.482432
-235.3 0.483229
-235.1 0.484041
-234.9 0.484848
-234.7 0.486172
-234.5 0.486614
-234.3 0.487407
-234.1 0.488154
-233.9 0.488947
-233.7 0.490152
-233.5 0.49061
-233.3 0.491402
-233.1 0.492164
-232.9 0.492932
-232.7 0.494093
-232.5 0.494556
-232.3 0.495363
-232.1 0.496214
-231.9 0.496927
-231.7 0.498246
-231.5 0.498689
-231.3 0.499446
-231.1 0.500317
-230.9 0.5011
-230.7 0.502271
-230.5 0.502635
-230.3 0.503501
-230.1 0.504278
-229.9 0.504967
-229.7 0.506158
-229.5 0.506566
-229.3 0.507393
-229.1 0.508244
-228.9 0.508948
-228.7 0.510084
-228.5 0.510517
-228.3 0.511408
-228.1 0.512121
-227.9 0.512854
-227.7 0.514104
-227.5 0.514532
-227.3 0.515304
-227.1 0.516116
-226.9 0.516958
-226.7 0.518134
-226.5 0.518567
-226.3 0.51927
-226.1 0.520048
-225.9 0.520909
-225.7 0.522055
-225.5 0.522557
-225.3 0.523329
-225.1 0.524156
-224.9 0.525047
-224.7 0.526168
-224.5 0.526542
-224.3 0.527226
-224.1 0.527959
-223.9 0.528678
-223.7 0.529873
-223.5 0.530311
-223.3 0.531064
-223.1 0.531881
-222.9 0.532727
-222.7 0.533829
-222.5 0.534213
-222.3 0.535128
-222.1 0.536078
-221.9 0.536914
-221.7 0.538267
-221.5 0.538681
-221.3 0.539571
-221.1 0.540486
-220.9 0.541298
-220.7 0.542533
-220.5 0.542956
-220.3 0.543793
-220.1 0.544565
-219.9 0.545412
-219.7 0.546696
-219.5 0.547188
-219.3 0.547936
-219.1 0.548723
-218.9 0.54953
-218.7 0.550844
-218.5 0.551198
-218.3 0.552005
-218.1 0.552772
-217.9 0.55356
-217.7 0.554829
-217.5 0.555257
-217.3 0.556064
-217.1 0.556856
-216.9 0.55757
-216.7 0.558765
-216.5 0.559134
-216.3 0.559858
-216.1 0.5606
-215.9 0.561442
-215.7 0.562682
-215.5 0.563125
-215.3 0.563882
-215.1 0.564709
-214.9 0.56557
-214.7 0.566854
-214.5 0.567302
-214.3 0.568138
-214.1 0.569034
-213.9 0.569919
-213.7 0.571282
-213.5 0.571706
-213.3 0.572453
-213.1 0.573226
-212.9 0.574013
-212.7 0.575174
-212.5 0.575538
-212.3 0.576331
-212.1 0.577137
-211.9 0.578102
-211.7 0.579234
-211.5 0.579617
-211.3 0.58039
-211.1 0.581197
-210.9 0.582087
-210.7 0.583347
-210.5 0.583672
-210.3 0.584513
-210.1 0.585354
-209.9 0.58626
-209.7 0.587509
-209.5 0.587883
-209.3 0.588799
-209.1 0.58963
-208.9 0.590403
-208.7 0.591574
-208.5 0.591854
-208.3 0.592666
-208.1 0.593463
-207.9 0.594427
-207.7 0.595736
-207.5 0.596105
-207.3 0.596917
-207.1 0.597685
-206.9 0.598472
-206.7 0.599731
-206.5 0.600071
-206.3 0.600863
-206.1 0.601744
-205.9 0.602585
-205.7 0.603702
-205.5 0.604056
-205.3 0.604907
-205.1 0.605759
-204.9 0.60661
-204.7 0.607815
-204.5 0.608268
-204.3 0.608996
-204.1 0.609739
-203.9 0.610497
-203.7 0.611796
-203.5 0.612234
-203.3 0.612937
-203.1 0.613813
-202.9 0.61464
-202.7 0.615934
-202.5 0.616411
-202.3 0.617282
-202.1 0.61804
-201.9 0.618807
-201.7 0.619924
-201.5 0.620293
-201.3 0.621144
-201.1 0.621961
-200.9 0.622739
-200.7 0.623934
-200.5 0.624269
-200.3 0.6251
-200.1 0.625863
-199.9 0.626694
-199.7 0.627836
-199.5 0.628225
-199.3 0.629032
-199.1 0.629922
-198.9 0.630793
-198.7 0.632082
-198.5 0.632535
-198.3 0.633327
-198.1 0.634139
-197.9 0.635024
-197.7 0.636274
-197.5 0.636737
-197.3 0.637563
-197.1 0.638385
-196.9 0.639212
-196.7 0.640442
-196.5 0.640875
-196.3 0.641726
-196.1 0.642528
-195.9 0.643281
-195.7 0.644368
-195.5 0.644786
-195.3 0.645618
-195.1 0.646375
-194.9 0.647173
-194.7 0.648457
-194.5 0.648949
-194.3 0.649766
-194.1 0.650818
-193.9 0.651581
-193.7 0.652737
-193.5 0.653077
-193.3 0.653923
-193.1 0.654784
-192.9 0.655611
-192.7 0.656816
-192.5 0.657185
-192.3 0.657958
-192.1 0.658794
-191.9 0.659709
-191.7 0.660939
-191.5 0.661372
-191.3 0.662253
-191.1 0.663114
-190.9 0.663956
-190.7 0.665043
-190.5 0.66554
-190.3 0.666406
-190.1 0.667159
-189.9 0.668
-189.7 0.669299
-189.5 0.669791
-189.3 0.670583
-189.1 0.671533
-188.9 0.672305
-188.7 0.673594
-188.5 0.674057
-188.3 0.674864
-188.1 0.675686
-187.9 0.676488
-187.7 0.677841
-187.5 0.678308
-187.3 0.679085
-187.1 0.679897
-186.9 0.680699
-186.7 0.682067
-186.5 0.682554
-186.3 0.683381
-186.1 0.684188
-185.9 0.685034
-185.7 0.686328
-185.5 0.686781
-185.3 0.687583
-185.1 0.688286
-184.9 0.689147
-184.7 0.690333
-184.5 0.690732
-184.3 0.691642
-184.1 0.692454
-183.9 0.69331
-183.7 0.694663
-183.5 0.695121
-183.3 0.695987
-183.1 0.696754
-182.9 0.69765
-182.7 0.698939
-182.5 0.699313
-182.3 0.700095
-182.1 0.700986
-181.9 0.701827
-181.7 0.702944
-181.5 0.703318
-181.3 0.704154
-181.1 0.70501
-180.9 0.705886
-180.7 0.706988
-180.5 0.707382
-180.3 0.708272
-180.1 0.709055
-179.9 0.709857
-179.7 0.71119
-179.5 0.711525
-179.3 0.712351
-179.1 0.713217
-178.9 0.714024
-178.7 0.715215
-178.5 0.715554
-178.3 0.716381
-178.1 0.717203
-177.9 0.718049
-177.7 0.719363
-177.5 0.719678
-177.3 0.720588
-177.1 0.721414
-176.9 0.722231
-176.7 0.723397
-176.5 0.723766
-176.3 0.724642
-176.1 0.725493
-175.9 0.726389
-175.7 0.727476
-175.5 0.727806
-175.3 0.728628
-175.1 0.729346
-174.9 0.730114
-174.7 0.731255
-174.5 0.731634
-174.3 0.73252
-174.1 0.733425
-173.9 0.734261
-173.7 0.735467
-173.5 0.735846
-173.3 0.736633
-173.1 0.737543
-172.9 0.73836
-172.7 0.739472
-172.5 0.739929
-172.3 0.740712
-172.1 0.741627
-171.9 0.742409
-171.7 0.743329
-171.5 0.744102
-171.3 0.744909
-171.1 0.74574
-170.9 0.746651
-170.7 0.747536
-170.5 0.748338
-170.3 0.749165
-170.1 0.749952
-169.9 0.750734
-169.7 0.751713
-169.5 0.752466
-169.3 0.753347
-169.1 0.754208
-168.9 0.75499
-168.7 0.755753
-168.5 0.756604
-168.3 0.757387
-168.1 0.758189
-167.9 0.758917
-167.7 0.759793
-167.5 0.760604
-167.3 0.761387
-167.1 0.762135
-166.9 0.762863
-166.7 0.763684
-166.5 0.764418
-166.3 0.76522
-166.1 0.766002
-165.9 0.766735
-165.7 0.767562
-165.5 0.768314
-165.3 0.769003
-165.1 0.769746
-164.9 0.770647
-164.7 0.771385
-164.5 0.772349
-164.3 0.773141
-164.1 0.773845
-163.9 0.774667
-163.7 0.775641
-163.5 0.776512
-163.3 0.777343
-163.1 0.77817
-162.9 0.778937
-162.7 0.779695
-162.5 0.780551
-162.3 0.781397
-162.1 0.782195
-161.9 0.78307
-161.7 0.783892
-161.5 0.784645
-161.3 0.785353
-161.1 0.786141
-160.9 0.786962
-160.7 0.787853
-160.5 0.788576
-160.3 0.789457
-160.1 0.790274
-159.9 0.791233
-159.7 0.792055
-159.5 0.792768
-159.3 0.79358
-159.1 0.794436
-158.9 0.795258
-158.7 0.79608
-158.5 0.796896
-158.3 0.79762
-158.1 0.798417
-157.9 0.799199
-157.7 0.800031
-157.5 0.800823
-157.3 0.801561
-157.1 0.802387
-156.9 0.803283
-156.7 0.804149
-156.5 0.80499
-156.3 0.805768
-156.1 0.806584
-155.9 0.807342
-155.7 0.8081
-155.5 0.808926
-155.3 0.809709
-155.1 0.810521
-154.9 0.811401
-154.7 0.812248
-154.5 0.81301
-154.3 0.813783
-154.1 0.81458
-153.9 0.815239
-153.7 0.816026
-153.5 0.817015
-153.3 0.817832
-153.1 0.818796
-152.9 0.819761
-152.7 0.820479
-152.5 0.821193
-152.3 0.822004
-152.1 0.822925
-151.9 0.823731
-151.7 0.824553
-151.5 0.825419
-151.3 0.826369
-151.1 0.82721
-150.9 0.827909
-150.7 0.828745
-150.5 0.82966
-150.3 0.830487
-150.1 0.831417
-149.9 0.832189
-149.7 0.832932
-149.5 0.833749
-149.3 0.83459
-149.1 0.835466
-148.9 0.836317
-148.7 0.837075
-148.5 0.83802
-148.3 0.838822
-148.1 0.839717
-147.9 0.840534
-147.7 0.841376
-147.5 0.842271
-147.3 0.843088
-147.1 0.843836
-146.9 0.844736
-146.7 0.845617
-146.5 0.846512
-146.3 0.847265
-146.1 0.848121
-145.9 0.848977
-145.7 0.849922
-145.5 0.850832
-145.3 0.851866
-145.1 0.852658
-144.9 0.853573
-144.7 0.854331
-144.5 0.855261
-144.3 0.856161
-144.1 0.856884
-143.9 0.857603
-143.7 0.858537
-143.5 0.859364
-143.3 0.860323
-143.1 0.86117
-142.9 0.86206
-142.7 0.862931
-142.5 0.863822
-142.3 0.864742
-142.1 0.865578
-141.9 0.866449
-141.7 0.867256
-141.5 0.868073
-141.3 0.868816
-141.1 0.869687
-140.9 0.87044
-140.7 0.871232
-140.5 0.871994
-140.3 0.872816
-140.1 0.873603
-139.9 0.874386
-139.7 0.875217
-139.5 0.87595
-139.3 0.876787
-139.1 0.877554
-138.9 0.878351
-138.7 0.879281
-138.5 0.880034
-138.3 0.880802
-138.1 0.881618
-137.9 0.882543
-137.7 0.883385
-137.5 0.884162
-137.3 0.884949
-137.1 0.885776
-136.9 0.886593
-136.7 0.887464
-136.5 0.88831
-136.3 0.889176
-136.1 0.889948
-135.9 0.890809
-135.7 0.891602
-135.5 0.892472
-135.3 0.893171
-135.1 0.893929
-134.9 0.894751
-134.7 0.895567
-134.5 0.896266
-134.3 0.897053
-134.1 0.897836
-133.9 0.898588
-133.7 0.899356
-133.5 0.900114
-133.3 0.901063
-133.1 0.901855
-132.9 0.902805
-132.7 0.903676
-132.5 0.904522
-132.3 0.905403
-132.1 0.906308
-131.9 0.907223
-131.7 0.908109
-131.5 0.909024
-131.3 0.90989
-131.1 0.910717
-130.9 0.911534
-130.7 0.912326
-130.5 0.913044
-130.3 0.913915
-130.1 0.914771
-129.9 0.915485
-129.7 0.916321
-129.5 0.917113
-129.3 0.917915
-129.1 0.918693
-128.9 0.919539
-128.7 0.920469
-128.5 0.921394
-128.3 0.922279
-128.1 0.92318
-127.9 0.924036
-127.7 0.925045
-127.5 0.925847
-127.3 0.926826
-127.1 0.927608
-126.9 0.928376
-126.7 0.929183
-126.5 0.92999
-126.3 0.930841
-126.1 0.931717
-125.9 0.932553
-125.7 0.933404
-125.5 0.934275
-125.3 0.935097
-125.1 0.935933
-124.9 0.936834
-124.7 0.93768
-124.5 0.938556
-124.3 0.939382
-124.1 0.940258
-123.9 0.941011
-123.7 0.941862
-123.5 0.942644
-123.3 0.943589
-123.1 0.944371
-122.9 0.945213
-122.7 0.946064
-122.5 0.946846
-122.3 0.947624
-122.1 0.948367
-121.9 0.949144
-121.7 0.949858
-121.5 0.950679
-121.3 0.951516
-121.1 0.952372
-120.9 0.953312
-120.7 0.953966
-120.5 0.954729
-120.3 0.955457
-120.1 0.956077
-119.9 0.956657
-119.7 0.95745
-119.5 0.95835
-119.3 0.959122
-119.1 0.959772
-118.9 0.960603
-118.7 0.961366
-118.5 0.962006
-118.3 0.962645
-118.1 0.963477
-117.9 0.964038
-117.7 0.964732
-117.5 0.965499
-117.3 0.966217
-117.1 0.966847
-116.9 0.967413
-116.7 0.968117
-116.5 0.968786
-116.3 0.969475
-116.1 0.970154
-115.9 0.97071
-115.7 0.971359
-115.5 0.972004
-115.3 0.972574
-115.1 0.973249
-114.9 0.973859
-114.7 0.974434
-114.5 0.975158
-114.3 0.975753
-114.1 0.976353
-113.9 0.976963
-113.7 0.977519
-113.5 0.978134
-113.3 0.978671
-113.1 0.979296
-112.9 0.979778
-112.7 0.980334
-112.5 0.980885
-112.3 0.981333
-112.1 0.981903
-111.9 0.98243
-111.7 0.982858
-111.5 0.983222
-111.3 0.983581
-111.1 0.98397
-110.9 0.984324
-110.7 0.984782
-110.5 0.98521
-110.3 0.985579
-110.1 0.985972
-109.9 0.986376
-109.7 0.986764
-109.5 0.987134
-109.3 0.987566
-109.1 0.98798
-108.9 0.9883
-108.7 0.988629
-108.5 0.989003
-108.3 0.989274
-108.1 0.989623
-107.9 0.989982
-107.7 0.990209
-107.5 0.990538
-107.3 0.990804
-107.1 0.99107
-106.9 0.99135
-106.7 0.991567
-106.5 0.991827
-106.3 0.992103
-106.1 0.992315
-105.9 0.992521
-105.7 0.992782
-105.5 0.993028
-105.3 0.993225
-105.1 0.993505
-104.9 0.993727
-104.7 0.993923
-104.5 0.994115
-104.3 0.994292
-104.1 0.994534
-103.9 0.994725
-103.7 0.994868
-103.5 0.995094
-103.3 0.995134
-103.1 0.995321
-102.9 0.995464
-102.7 0.995582
-102.5 0.995778
-102.3 0.995847
-102.1 0.99597
-101.9 0.996128
-101.7 0.9963
-101.5 0.996477
-101.3 0.996536
-101.1 0.99662
-100.9 0.996674
-100.7 0.996762
-100.5 0.996959
-100.3 0.996989
-100.1 0.997053
-99.9 0.997136
-99.7 0.997279
-99.5 0.997441
-99.3 0.997466
-99.1 0.99755
-98.9 0.997643
-98.7 0.997702
-98.5 0.997855
-98.3 0.997884
-98.1 0.997938
-97.9 0.998056
-97.7 0.998106
-97.5 0.998199
-97.3 0.998214
-97.1 0.998283
-96.9 0.998322
-96.7 0.998371
-96.5 0.998445
-96.3 0.998489
-96.1 0.998539
-95.9 0.998603
-95.7 0.998637
-95.5 0.998706
-95.3 0.99874
-95.1 0.99878
-94.9 0.998829
-94.7 0.998854
-94.5 0.998883
-94.3 0.998893
-94.1 0.998922
-93.9 0.998947
-93.7 0.998986
-93.5 0.999031
-93.3 0.999041
-93.1 0.99906
-92.9 0.99908
-92.7 0.999114
-92.5 0.999139
-92.3 0.999149
-92.1 0.999159
-91.9 0.999164
-91.7 0.999168
-91.5 0.999178
-91.3 0.999183
-91.1 0.999188
-90.9 0.999198
-90.7 0.999198
-90.5 0.999213
-90.3 0.999228
-90.1 0.999237
-89.9 0.999257
-89.7 0.999267
-89.5 0.999296
-89.3 0.999306
-89.1 0.999321
-88.9 0.999341
-88.7 0.999355
-88.5 0.99939
-88.3 0.999405
-88.1 0.999429
-87.9 0.999444
-87.7 0.999449
-87.5 0.999459
-87.3 0.999469
-87.1 0.999498
-86.9 0.999503
-86.7 0.999518
-86.5 0.999528
-86.3 0.999533
-86.1 0.999552
-85.9 0.999567
-85.7 0.999587
-85.5 0.999601
-85.3 0.999611
-85.1 0.999626
-84.9 0.999651
-84.7 0.999665
-84.5 0.99968
-84.3 0.999695
-84.1 0.999705
-83.9 0.999724
-83.7 0.999734
-83.5 0.999769
-83.3 0.999774
-83.1 0.999803
-82.9 0.999813
-82.7 0.999833
-82.5 0.999882
-82.3 0.999887
-82.1 0.999897
-81.9 0.999897
-81.7 0.999907
-81.5 0.999931
-81.3 0.999936
-81.1 0.999941
-80.9 0.999951
-80.7 0.999966
-80.5 0.999975
-80.3 0.999975
-80.1 0.99999
-79.9 1
