1366
-353.5 1.52823e-05
-353.3 1.52823e-05
-353.1 1.52823e-05
-352.9 1.52823e-05
-352.7 1.52823e-05
-352.5 1.52823e-05
-352.3 1.52823e-05
-352.1 1.52823e-05
-351.9 1.52823e-05
-351.7 1.52823e-05
-351.5 1.52823e-05
-351.3 1.52823e-05
-351.1 1.52823e-05
-350.9 1.52823e-05
-350.7 1.52823e-05
-350.5 1.52823e-05
-350.3 1.52823e-05
-350.1 1.52823e-05
-349.9 1.52823e-05
-349.7 1.52823e-05
-349.5 1.52823e-05
-349.3 1.52823e-05
-349.1 1.52823e-05
-348.9 1.52823e-05
-348.7 1.52823e-05
-348.5 1.52823e-05
-348.3 1.52823e-05
-348.1 1.52823e-05
-347.9 1.52823e-05
-347.7 1.52823e-05
-347.5 1.52823e-05
-347.3 1.52823e-05
-347.1 1.52823e-05
-346.9 1.52823e-05
-346.7 1.52823e-05
-346.5 1.52823e-05
-346.3 1.52823e-05
-346.1 1.52823e-05
-345.9 1.52823e-05
-345.7 1.52823e-05
-345.5 1.52823e-05
-345.3 1.52823e-05
-345.1 1.52823e-05
-344.9 1.52823e-05
-344.7 1.52823e-05
-344.5 1.52823e-05
-344.3 1.52823e-05
-344.1 1.52823e-05
-343.9 1.52823e-05
-343.7 1.52823e-05
-343.5 1.52823e-05
-343.3 1.52823e-05
-343.1 1.52823e-05
-342.9 1.52823e-05
-342.7 3.05647e-05
-342.5 3.05647e-05
-342.3 3.05647e-05
-342.1 3.05647e-05
-341.9 3.05647e-05
-341.7 3.05647e-05
-341.5 3.05647e-05
-341.3 6.11294e-05
-341.1 7.64117e-05
-340.9 7.64117e-05
-340.7 9.1694e-05
-340.5 0.000137541
-340.3 0.000183388
-340.1 0.0002598
-339.9 0.000366776
-339.7 0.000427906
-339.5 0.000489035
-339.3 0.000489035
-339.1 0.000489035
-338.9 0.0005196
-338.7 0.000580729
-338.5 0.000611294
-338.3 0.000626576
-338.1 0.000687705
-337.9 0.000764117
-337.7 0.000825246
-337.5 0.00105448
-337.3 0.00108505
-337.1 0.00117674
-336.9 0.00126843
-336.7 0.00166578
-336.5 0.00194086
-336.3 0.00212425
-336.1 0.00249102
-335.9 0.00288836
-335.7 0.00374417
-335.5 0.0043249
-335.3 0.00472224
-335.1 0.00525713
-334.9 0.00629632
-334.7 0.00767174
-334.5 0.00863452
-334.3 0.00924582
-334.1 0.0103003
-333.9 0.0112631
-333.7 0.0128983
-333.5 0.0136777
-333.3 0.0140139
-333.1 0.014671
-332.9 0.0154504
-332.7 0.0164438
-332.5 0.0170857
-332.3 0.0174372
-332.1 0.018186
-331.9 0.0189654
-331.7 0.0202949
-331.5 0.0210591
-331.3 0.0214717
-331.1 0.0223581
-330.9 0.0231222
-330.7 0.0244517
-330.5 0.0252311
-330.3 0.0255521
-330.1 0.0264079
-329.9 0.027172
-329.7 0.0283182
-329.5 0.029281
-329.3 0.0297089
-329.1 0.0306258
-328.9 0.0317414
-328.7 0.0331016
-328.5 0.0341408
-328.3 0.0345687
-328.1 0.035669
-327.9 0.0369221
-327.7 0.0385421
-327.5 0.039459
-327.3 0.0399328
-327.1 0.0410789
-326.9 0.0423779
-326.7 0.0444105
-326.5 0.0459234
-326.3 0.0464125
-326.1 0.0475739
-325.9 0.0490716
-325.7 0.0512875
-325.5 0.0530297
-325.3 0.0537938
-325.1 0.0550623
-324.9 0.0566975
-324.7 0.0591427
-324.5 0.0606098
-324.3 0.0613586
-324.1 0.0630397
-323.9 0.0647513
-323.7 0.0672576
-323.5 0.0689998
-323.3 0.0698556
-323.1 0.0720104
-322.9 0.0738748
-322.7 0.0764728
-322.5 0.0782303
-322.3 0.0791167
-322.1 0.0808283
-321.9 0.0825552
-321.7 0.0850462
-321.5 0.0867273
-321.3 0.0875525
-321.1 0.089203
-320.9 0.0911744
-320.7 0.0938641
-320.5 0.0954077
-320.3 0.096401
-320.1 0.0981585
-319.9 0.0999007
-319.7 0.102743
-319.5 0.104592
-319.3 0.105463
-319.1 0.107374
-318.9 0.10907
-318.7 0.112172
-318.5 0.114098
-318.3 0.115107
-318.1 0.116604
-317.9 0.118239
-317.7 0.120822
-317.5 0.123038
-317.3 0.124047
-317.1 0.125804
-316.9 0.127562
-316.7 0.130206
-316.5 0.132039
-316.3 0.132712
-316.1 0.134423
-315.9 0.136181
-315.7 0.138794
-315.5 0.140429
-315.3 0.141331
-315.1 0.142768
-314.9 0.144525
-314.7 0.147093
-314.5 0.149171
-314.3 0.150011
-314.1 0.151723
-313.9 0.153542
-313.7 0.155987
-313.5 0.1575
-313.3 0.158249
-313.1 0.160113
-312.9 0.161993
-312.7 0.1643
-312.5 0.165951
-312.3 0.166853
-312.1 0.168411
-311.9 0.169863
-311.7 0.171942
-311.5 0.173256
-311.3 0.173867
-311.1 0.175487
-310.9 0.177015
-310.7 0.179308
-310.5 0.180622
-310.3 0.181539
-310.1 0.182914
-309.9 0.184137
-309.7 0.186261
-309.5 0.187682
-309.3 0.188355
-309.1 0.18973
-308.9 0.191045
-308.7 0.19294
-308.5 0.194269
-308.3 0.194926
-308.1 0.196118
-307.9 0.197264
-307.7 0.198823
-307.5 0.200076
-307.3 0.200581
-307.1 0.201773
-306.9 0.203225
-306.7 0.20489
-306.5 0.205945
-306.3 0.206541
-306.1 0.207549
-305.9 0.208436
-305.7 0.209964
-305.5 0.210957
-305.3 0.211385
-305.1 0.212455
-304.9 0.21351
-304.7 0.214809
-304.5 0.21597
-304.3 0.216398
-304.1 0.217361
-303.9 0.218339
-303.7 0.219928
-303.5 0.220723
-303.3 0.221059
-303.1 0.222022
-302.9 0.223199
-302.7 0.224421
-302.5 0.225308
-302.3 0.225766
-302.1 0.226591
-301.9 0.227554
-301.7 0.228914
-301.5 0.229816
-301.3 0.23032
-301.1 0.231207
-300.9 0.231848
-300.7 0.233316
-300.5 0.234324
-300.3 0.234691
-300.1 0.235593
-299.9 0.23651
-299.7 0.237885
-299.5 0.238741
-299.3 0.239184
-299.1 0.239872
-298.9 0.240575
-298.7 0.241782
-298.5 0.242485
-298.3 0.242928
-298.1 0.243539
-297.9 0.244655
-297.7 0.245679
-297.5 0.246611
-297.3 0.2471
-297.1 0.24791
-296.9 0.248583
-296.7 0.249836
-296.5 0.250737
-296.3 0.251058
-296.1 0.251945
-295.9 0.2528
-295.7 0.254099
-295.5 0.254818
-295.3 0.255123
-295.1 0.255704
-294.9 0.2563
-294.7 0.257569
-294.5 0.258363
-294.3 0.258654
-294.1 0.259601
-293.9 0.260365
-293.7 0.261359
-293.5 0.262092
-293.3 0.262413
-293.1 0.263269
-292.9 0.263972
-292.7 0.265072
-292.5 0.265913
-292.3 0.266356
-292.1 0.267242
-291.9 0.268144
-291.7 0.269382
-291.5 0.270085
-291.3 0.270406
-291.1 0.271093
-290.9 0.271751
-290.7 0.272729
-290.5 0.273707
-290.3 0.273936
-290.1 0.274639
-289.9 0.275418
-289.7 0.27661
-289.5 0.277466
-289.3 0.277971
-289.1 0.278826
-288.9 0.279529
-288.7 0.280599
-288.5 0.281302
-288.3 0.281699
-288.1 0.282357
-287.9 0.28309
-287.7 0.284527
-287.5 0.285367
-287.3 0.285749
-287.1 0.286483
-286.9 0.287247
-286.7 0.2885
-286.5 0.289172
-286.3 0.289555
-286.1 0.290151
-285.9 0.290808
-285.7 0.291816
-285.5 0.292565
-285.3 0.292871
-285.1 0.293803
-284.9 0.294567
-284.7 0.295652
-284.5 0.296279
-284.3 0.296584
-284.1 0.297349
-283.9 0.298082
-283.7 0.299366
-283.5 0.300099
-283.3 0.300512
-283.1 0.301246
-282.9 0.301964
-282.7 0.302911
-282.5 0.30363
-282.3 0.303981
-282.1 0.304776
-281.9 0.305463
-281.7 0.306518
-281.5 0.307221
-281.3 0.307572
-281.1 0.308123
-280.9 0.308933
-280.7 0.310063
-280.5 0.310843
-280.3 0.31121
-280.1 0.311867
-279.9 0.312585
-279.7 0.313869
-279.5 0.314709
-279.3 0.315152
-279.1 0.315871
-278.9 0.31662
-278.7 0.317949
-278.5 0.31882
-278.3 0.319111
-278.1 0.319875
-277.9 0.320654
-277.7 0.321892
-277.5 0.322732
-277.3 0.323084
-277.1 0.32394
-276.9 0.324673
-276.7 0.325789
-276.5 0.326675
-276.3 0.326996
-276.1 0.327669
-275.9 0.328265
-275.7 0.329273
-275.5 0.330068
-275.3 0.330465
-275.1 0.331168
-274.9 0.331887
-274.7 0.332972
-274.5 0.333629
-274.3 0.334087
-274.1 0.334913
-273.9 0.335799
-273.7 0.337052
-273.5 0.337816
-273.3 0.338305
-273.1 0.339023
-272.9 0.33991
-272.7 0.341041
-272.5 0.341912
-272.3 0.342279
-272.1 0.342966
-271.9 0.343822
-271.7 0.344907
-271.5 0.345687
-271.3 0.345977
-271.1 0.34671
-270.9 0.347597
-270.7 0.348957
-270.5 0.349752
-270.3 0.350287
-270.1 0.351142
-269.9 0.351998
-269.7 0.35319
-269.5 0.354015
-269.3 0.354459
-269.1 0.355238
-268.9 0.356002
-268.7 0.357118
-268.5 0.358004
-268.3 0.358325
-268.1 0.359043
-267.9 0.359777
-267.7 0.361122
-267.5 0.361962
-267.3 0.362222
-267.1 0.362833
-266.9 0.363552
-266.7 0.364759
-266.5 0.365645
-266.3 0.366012
-266.1 0.366639
-265.9 0.367281
-265.7 0.368366
-265.5 0.369023
-265.3 0.369665
-265.1 0.370429
-264.9 0.371178
-264.7 0.372217
-264.5 0.372752
-264.3 0.373164
-264.1 0.374035
-263.9 0.374799
-263.7 0.375915
-263.5 0.376603
-263.3 0.376939
-263.1 0.377688
-262.9 0.378482
-262.7 0.379629
-262.5 0.380377
-262.3 0.380744
-262.1 0.381463
-261.9 0.382196
-261.7 0.38374
-261.5 0.384351
-261.3 0.384779
-261.1 0.385421
-260.9 0.386292
-260.7 0.387606
-260.5 0.388217
-260.3 0.388722
-260.1 0.389516
-259.9 0.390403
-259.7 0.39161
-259.5 0.392359
-259.3 0.392726
-259.1 0.393429
-258.9 0.394116
-258.7 0.395262
-258.5 0.395981
-258.3 0.396332
-258.1 0.397035
-257.9 0.397723
-257.7 0.39893
-257.5 0.399771
-257.3 0.400275
-257.1 0.400917
-256.9 0.401727
-256.7 0.402659
-256.5 0.403484
-256.3 0.403836
-256.1 0.404569
-255.9 0.405196
-255.7 0.406526
-255.5 0.406923
-255.3 0.407718
-255.1 0.408619
-254.9 0.409414
-254.7 0.410468
-254.5 0.410835
-254.3 0.411752
-254.1 0.412577
-253.9 0.413464
-253.7 0.414564
-253.5 0.414977
-253.3 0.41597
-253.1 0.416948
-252.9 0.417819
-252.7 0.419133
-252.5 0.419577
-252.3 0.420417
-252.1 0.421349
-251.9 0.42219
-251.7 0.42329
-251.5 0.423626
-251.3 0.424421
-251.1 0.425277
-250.9 0.425965
-250.7 0.427523
-250.5 0.427921
-250.3 0.428563
-250.1 0.429678
-249.9 0.430198
-249.7 0.431512
-249.5 0.43194
-249.3 0.432628
-249.1 0.433239
-248.9 0.434034
-248.7 0.435027
-248.5 0.435317
-248.3 0.436005
-248.1 0.436662
-247.9 0.437335
-247.7 0.438359
-247.5 0.438817
-247.3 0.439444
-247.1 0.440254
-246.9 0.441278
-246.7 0.442424
-246.5 0.442821
-246.3 0.443494
-246.1 0.444288
-245.9 0.444961
-245.7 0.446092
-245.5 0.446474
-245.3 0.447268
-245.1 0.448094
-244.9 0.448919
-244.7 0.449897
-244.5 0.450416
-244.3 0.451211
-244.1 0.45196
-243.9 0.452739
-243.7 0.453901
-243.5 0.454298
-243.3 0.455016
-243.1 0.455857
-242.9 0.456942
-242.7 0.458241
-242.5 0.458501
-242.3 0.459143
-242.1 0.459968
-241.9 0.460915
-241.7 0.462077
-241.5 0.462505
-241.3 0.463147
-241.1 0.46385
-240.9 0.464537
-240.7 0.465836
-240.5 0.466203
-240.3 0.466906
-240.1 0.467838
-239.9 0.468572
-239.7 0.470008
-239.5 0.470543
-239.3 0.471552
-239.1 0.47227
-238.9 0.473019
-238.7 0.474226
-238.5 0.474624
-238.3 0.475388
-238.1 0.476289
-237.9 0.477191
-237.7 0.478597
-237.5 0.47904
-237.3 0.479774
-237.1 0.48066
-236.9 0.481363
-236.7 0.482616
-236.5 0.483151
-236.3 0.483808
-236.1 0.484618
-235.9 0.485291
-235.7 0.48659
-235.5 0.486987
-235.3 0.487629
-235.1 0.488683
-234.9 0.489478
-234.7 0.490915
-234.5 0.491281
-234.3 0.491969
-234.1 0.492794
-233.9 0.493635
-233.7 0.494812
-233.5 0.495133
-233.3 0.495958
-233.1 0.49689
-232.9 0.497639
-232.7 0.498678
-232.5 0.499014
-232.3 0.499763
-232.1 0.50039
-231.9 0.501047
-231.7 0.502101
-231.5 0.502514
-231.3 0.503125
-231.1 0.503966
-230.9 0.504852
-230.7 0.506044
-230.5 0.506426
-230.3 0.507221
-230.1 0.508061
-229.9 0.508871
-229.7 0.510048
-229.5 0.510522
-229.3 0.51124
-229.1 0.512096
-228.9 0.51286
-228.7 0.513823
-228.5 0.514144
-228.3 0.515122
-228.1 0.515993
-227.9 0.516711
-227.7 0.517995
-227.5 0.518224
-227.3 0.518897
-227.1 0.519737
-226.9 0.520471
-226.7 0.521831
-226.5 0.522289
-226.3 0.523023
-226.1 0.523955
-225.9 0.524689
-225.7 0.525835
-225.5 0.526385
-225.3 0.527164
-225.1 0.527852
-224.9 0.52857
-224.7 0.52964
-224.5 0.529976
-224.3 0.530526
-224.1 0.531306
-223.9 0.531963
-223.7 0.533002
-223.5 0.5334
-223.3 0.534301
-223.1 0.535081
-222.9 0.536105
-222.7 0.537144
-222.5 0.537465
-222.3 0.537984
-222.1 0.538748
-221.9 0.539772
-221.7 0.540964
-221.5 0.541423
-221.3 0.542279
-221.1 0.54318
-220.9 0.543944
-220.7 0.545075
-220.5 0.545442
-220.3 0.546328
-220.1 0.547016
-219.9 0.547704
-219.7 0.549064
-219.5 0.54937
-219.3 0.550164
-219.1 0.550837
-218.9 0.551693
-218.7 0.55316
-218.5 0.553572
-218.3 0.554611
-218.1 0.555406
-217.9 0.556293
-217.7 0.557378
-217.5 0.557683
-217.3 0.5586
-217.1 0.559364
-216.9 0.560358
-216.7 0.561626
-216.5 0.5621
-216.3 0.563292
-216.1 0.564132
-215.9 0.564927
-215.7 0.566134
-215.5 0.566547
-215.3 0.567418
-215.1 0.568213
-214.9 0.569114
-214.7 0.570444
-214.5 0.570902
-214.3 0.571728
-214.1 0.572675
-213.9 0.573455
-213.7 0.574754
-213.5 0.575151
-213.3 0.575869
-213.1 0.576465
-212.9 0.577153
-212.7 0.57836
-212.5 0.578773
-212.3 0.579613
-212.1 0.580362
-211.9 0.581142
-211.7 0.582441
-211.5 0.582914
-211.3 0.58374
-211.1 0.584672
-210.9 0.585405
-210.7 0.58672
-210.5 0.587102
-210.3 0.587835
-210.1 0.588599
-209.9 0.589333
-209.7 0.590479
-209.5 0.590876
-209.3 0.591641
-209.1 0.592374
-208.9 0.593199
-208.7 0.594453
-208.5 0.594911
-208.3 0.595752
-208.1 0.596684
-207.9 0.597524
-207.7 0.598869
-207.5 0.599205
-207.3 0.6
-207.1 0.600764
-206.9 0.601666
-206.7 0.602949
-206.5 0.603362
-206.3 0.604096
-206.1 0.604875
-205.9 0.605547
-205.7 0.606892
-205.5 0.607305
-205.3 0.607886
-205.1 0.608604
-204.9 0.609261
-204.7 0.610621
-204.5 0.610973
-204.3 0.611737
-204.1 0.612715
-203.9 0.613372
-203.7 0.614656
-203.5 0.615038
-203.3 0.615634
-203.1 0.616322
-202.9 0.617193
-202.7 0.618476
-202.5 0.618828
-202.3 0.61947
-202.1 0.619989
-201.9 0.620922
-201.7 0.622404
-201.5 0.622924
-201.3 0.623779
-201.1 0.62462
-200.9 0.625353
-200.7 0.626805
-200.5 0.627141
-200.3 0.62786
-200.1 0.628563
-199.9 0.629281
-199.7 0.63032
-199.5 0.630656
-199.3 0.631527
-199.1 0.632261
-198.9 0.632826
-198.7 0.634003
-198.5 0.634431
-198.3 0.635272
-198.1 0.636127
-197.9 0.636937
-197.7 0.637946
-197.5 0.638435
-197.3 0.639291
-197.1 0.640147
-196.9 0.64085
-196.7 0.642072
-196.5 0.642439
-196.3 0.643249
-196.1 0.644059
-195.9 0.644838
-195.7 0.646076
-195.5 0.646428
-195.3 0.647268
-195.1 0.648078
-194.9 0.648949
-194.7 0.650034
-194.5 0.650432
-194.3 0.651318
-194.1 0.652174
-193.9 0.652724
-193.7 0.654069
-193.5 0.654298
-193.3 0.655062
-193.1 0.655811
-192.9 0.656606
-192.7 0.658042
-192.5 0.65847
-192.3 0.659311
-192.1 0.660121
-191.9 0.66087
-191.7 0.662169
-191.5 0.662474
-191.3 0.663361
-191.1 0.664094
-190.9 0.665118
-190.7 0.666234
-190.5 0.666738
-190.3 0.667563
-190.1 0.668541
-189.9 0.66929
-189.7 0.670421
-189.5 0.670925
-189.3 0.671842
-189.1 0.672637
-188.9 0.673447
-188.7 0.674761
-188.5 0.675204
-188.3 0.675816
-188.1 0.676412
-187.9 0.677329
-187.7 0.67849
-187.5 0.678994
-187.3 0.679774
-187.1 0.680614
-186.9 0.681394
-186.7 0.682509
-186.5 0.682953
-186.3 0.683854
-186.1 0.684435
-185.9 0.685291
-185.7 0.686559
-185.5 0.68688
-185.3 0.687705
-185.1 0.688469
-184.9 0.68931
-184.7 0.690731
-184.5 0.691083
-184.3 0.691694
-184.1 0.692473
-183.9 0.693146
-183.7 0.694261
-183.5 0.694628
-183.3 0.695469
-183.1 0.696233
-182.9 0.697104
-182.7 0.698189
-182.5 0.698602
-182.3 0.699534
-182.1 0.700466
-181.9 0.701093
-181.7 0.702453
-181.5 0.702865
-181.3 0.703614
-181.1 0.704378
-180.9 0.705249
-180.7 0.706365
-180.5 0.706762
-180.3 0.707496
-180.1 0.708337
-179.9 0.709238
-179.7 0.710232
-179.5 0.710537
-179.3 0.711286
-179.1 0.71202
-178.9 0.713135
-178.7 0.714327
-178.5 0.714725
-178.3 0.71558
-178.1 0.716329
-177.9 0.717185
-177.7 0.71827
-177.5 0.718683
-177.3 0.719386
-177.1 0.72018
-176.9 0.721265
-176.7 0.72232
-176.5 0.72261
-176.3 0.723405
-176.1 0.724291
-175.9 0.725147
-175.7 0.7264
-175.5 0.726889
-175.3 0.727669
-175.1 0.728463
-174.9 0.729334
-174.7 0.730618
-174.5 0.731
-174.3 0.731795
-174.1 0.732559
-173.9 0.733262
-173.7 0.734699
-173.5 0.73505
-173.3 0.735967
-173.1 0.736701
-172.9 0.737663
-172.7 0.738764
-172.5 0.739115
-172.3 0.740139
-172.1 0.740995
-171.9 0.74179
-171.7 0.742569
-171.5 0.743226
-171.3 0.744006
-171.1 0.744907
-170.9 0.745641
-170.7 0.746497
-170.5 0.747261
-170.3 0.747994
-170.1 0.748819
-169.9 0.749538
-169.7 0.750118
-169.5 0.750974
-169.3 0.751861
-169.1 0.752671
-168.9 0.753419
-168.7 0.754199
-168.5 0.755055
-168.3 0.755895
-168.1 0.756613
-167.9 0.757485
-167.7 0.758325
-167.5 0.759211
-167.3 0.759899
-167.1 0.76077
-166.9 0.761733
-166.7 0.762574
-166.5 0.763261
-166.3 0.764086
-166.1 0.764835
-165.9 0.765569
-165.7 0.766379
-165.5 0.767158
-165.3 0.767938
-165.1 0.7689
-164.9 0.769756
-164.7 0.770597
-164.5 0.771407
-164.3 0.771987
-164.1 0.77266
-163.9 0.77347
-163.7 0.774234
-163.5 0.77509
-163.3 0.775884
-163.1 0.77674
-162.9 0.777596
-162.7 0.778406
-162.5 0.779338
-162.3 0.779919
-162.1 0.780439
-161.9 0.78108
-161.7 0.781631
-161.5 0.782364
-161.3 0.783052
-161.1 0.784122
-160.9 0.784825
-160.7 0.785482
-160.5 0.786154
-160.3 0.786811
-160.1 0.787514
-159.9 0.788431
-159.7 0.789272
-159.5 0.790219
-159.3 0.791014
-159.1 0.791748
-158.9 0.792634
-158.7 0.793474
-158.5 0.794239
-158.3 0.795033
-158.1 0.795736
-157.9 0.796454
-157.7 0.797203
-157.5 0.798059
-157.3 0.798793
-157.1 0.799465
-156.9 0.800092
-156.7 0.800749
-156.5 0.801406
-156.3 0.802216
-156.1 0.802995
-155.9 0.803821
-155.7 0.804661
-155.5 0.805441
-155.3 0.80622
-155.1 0.807244
-154.9 0.807962
-154.7 0.808665
-154.5 0.809506
-154.3 0.810377
-154.1 0.811019
-153.9 0.812042
-153.7 0.812669
-153.5 0.813525
-153.3 0.814228
-153.1 0.815068
-152.9 0.815985
-152.7 0.816979
-152.5 0.817819
-152.3 0.818629
-152.1 0.819317
-151.9 0.820157
-151.7 0.821074
-151.5 0.821854
-151.3 0.822526
-151.1 0.823428
-150.9 0.824284
-150.7 0.825124
-150.5 0.825995
-150.3 0.826698
-150.1 0.827508
-149.9 0.828165
-149.7 0.828991
-149.5 0.829602
-149.3 0.830244
-149.1 0.831023
-148.9 0.831818
-148.7 0.832643
-148.5 0.833407
-148.3 0.83408
-148.1 0.834767
-147.9 0.835715
-147.7 0.836387
-147.5 0.837319
-147.3 0.838038
-147.1 0.838848
-146.9 0.839765
-146.7 0.840559
-146.5 0.841461
-146.3 0.84224
-146.1 0.843341
-145.9 0.844227
-145.7 0.844961
-145.5 0.845725
-145.3 0.84655
-145.1 0.847329
-144.9 0.848032
-144.7 0.848659
-144.5 0.849362
-144.3 0.850233
-144.1 0.851028
-143.9 0.851731
-143.7 0.852709
-143.5 0.853488
-143.3 0.854344
-143.1 0.855169
-142.9 0.85604
-142.7 0.856697
-142.5 0.85763
-142.3 0.858516
-142.1 0.859219
-141.9 0.860075
-141.7 0.860793
-141.5 0.861557
-141.3 0.862306
-141.1 0.863269
-140.9 0.864155
-140.7 0.865026
-140.5 0.865775
-140.3 0.866707
-140.1 0.867517
-139.9 0.868297
-139.7 0.869091
-139.5 0.869917
-139.3 0.870956
-139.1 0.871858
-138.9 0.872438
-138.7 0.873157
-138.5 0.873921
-138.3 0.874731
-138.1 0.875388
-137.9 0.876198
-137.7 0.876901
-137.5 0.877711
-137.3 0.878475
-137.1 0.879224
-136.9 0.879957
-136.7 0.880782
-136.5 0.881638
-136.3 0.88257
-136.1 0.883335
-135.9 0.884083
-135.7 0.884679
-135.5 0.885459
-135.3 0.886147
-135.1 0.886926
-134.9 0.887873
-134.7 0.888638
-134.5 0.889448
-134.3 0.890166
-134.1 0.890792
-133.9 0.891602
-133.7 0.892519
-133.5 0.893345
-133.3 0.894124
-133.1 0.894995
-132.9 0.895851
-132.7 0.896477
-132.5 0.89715
-132.3 0.897914
-132.1 0.898831
-131.9 0.899748
-131.7 0.900481
-131.5 0.901307
-131.3 0.902132
-131.1 0.903049
-130.9 0.904164
-130.7 0.904913
-130.5 0.905616
-130.3 0.906396
-130.1 0.907358
-129.9 0.908428
-129.7 0.909177
-129.5 0.90988
-129.3 0.910675
-129.1 0.9115
-128.9 0.912432
-128.7 0.913395
-128.5 0.91422
-128.3 0.914954
-128.1 0.915703
-127.9 0.916711
-127.7 0.917353
-127.5 0.918255
-127.3 0.919019
-127.1 0.919737
-126.9 0.920364
-126.7 0.921158
-126.5 0.921923
-126.3 0.922794
-126.1 0.923711
-125.9 0.924444
-125.7 0.925178
-125.5 0.925988
-125.3 0.926599
-125.1 0.927638
-124.9 0.928295
-124.7 0.928998
-124.5 0.929762
-124.3 0.930542
-124.1 0.931443
-123.9 0.932315
-123.7 0.933002
-123.5 0.933827
-123.3 0.93453
-123.1 0.935493
-122.9 0.936212
-122.7 0.937067
-122.5 0.937709
-122.3 0.938427
-122.1 0.939283
-121.9 0.939986
-121.7 0.940705
-121.5 0.941469
-121.3 0.942187
-121.1 0.943043
-120.9 0.94399
-120.7 0.944846
-120.5 0.945549
-120.3 0.946344
-120.1 0.947016
-119.9 0.947643
-119.7 0.9483
-119.5 0.949079
-119.3 0.949996
-119.1 0.950653
-118.9 0.951219
-118.7 0.951906
-118.5 0.95264
-118.3 0.953496
-118.1 0.954199
-117.9 0.954994
-117.7 0.955773
-117.5 0.956476
-117.3 0.957255
-117.1 0.958004
-116.9 0.958784
-116.7 0.959685
-116.5 0.960465
-116.3 0.961213
-116.1 0.961809
-115.9 0.962512
-115.7 0.963108
-115.5 0.963766
-115.3 0.964499
-115.1 0.965126
-114.9 0.965905
-114.7 0.966776
-114.5 0.967296
-114.3 0.967968
-114.1 0.968564
-113.9 0.969206
-113.7 0.969848
-113.5 0.970429
-113.3 0.971193
-113.1 0.971774
-112.9 0.9724
-112.7 0.972981
-112.5 0.97347
-112.3 0.97402
-112.1 0.97454
-111.9 0.975166
-111.7 0.975854
-111.5 0.976435
-111.3 0.976954
-111.1 0.977428
-110.9 0.978055
-110.7 0.978574
-110.5 0.979033
-110.3 0.979445
-110.1 0.979843
-109.9 0.9805
-109.7 0.981126
-109.5 0.981692
-109.3 0.982379
-109.1 0.982945
-108.9 0.983495
-108.7 0.983908
-108.5 0.984351
-108.3 0.984779
-108.1 0.985161
-107.9 0.985451
-107.7 0.985986
-107.5 0.986353
-107.3 0.986674
-107.1 0.987071
-106.9 0.987468
-106.7 0.987866
-106.5 0.988187
-106.3 0.988508
-106.1 0.988844
-105.9 0.989119
-105.7 0.989394
-105.5 0.989669
-105.3 0.989975
-105.1 0.990418
-104.9 0.990647
-104.7 0.990831
-104.5 0.991152
-104.3 0.991503
-104.1 0.991855
-103.9 0.992282
-103.7 0.992557
-103.5 0.992985
-103.3 0.993062
-103.1 0.993337
-102.9 0.993597
-102.7 0.993918
-102.5 0.994208
-102.3 0.99433
-102.1 0.994559
-101.9 0.994697
-101.7 0.994957
-101.5 0.995217
-101.3 0.995324
-101.1 0.995476
-100.9 0.995568
-100.7 0.995721
-100.5 0.99595
-100.3 0.996042
-100.1 0.996256
-99.9 0.996378
-99.7 0.996577
-99.5 0.996791
-99.3 0.996882
-99.1 0.997066
-98.9 0.997173
-98.7 0.997295
-98.5 0.997433
-98.3 0.997448
-98.1 0.99754
-97.9 0.997585
-97.7 0.997708
-97.5 0.997891
-97.3 0.997906
-97.1 0.997998
-96.9 0.998074
-96.7 0.998166
-96.5 0.998288
-96.3 0.998304
-96.1 0.998426
-95.9 0.998518
-95.7 0.998625
-95.5 0.998793
-95.3 0.998823
-95.1 0.998823
-94.9 0.998884
-94.7 0.998961
-94.5 0.998991
-94.3 0.999007
-94.1 0.999022
-93.9 0.999129
-93.7 0.999159
-93.5 0.999251
-93.3 0.999266
-93.1 0.999297
-92.9 0.999312
-92.7 0.999328
-92.5 0.999373
-92.3 0.999389
-92.1 0.999465
-91.9 0.999496
-91.7 0.999496
-91.5 0.999511
-91.3 0.999511
-91.1 0.999511
-90.9 0.999542
-90.7 0.999603
-90.5 0.999618
-90.3 0.999633
-90.1 0.999649
-89.9 0.999649
-89.7 0.999664
-89.5 0.999664
-89.3 0.999664
-89.1 0.999694
-88.9 0.999694
-88.7 0.99971
-88.5 0.99971
-88.3 0.99971
-88.1 0.99971
-87.9 0.99971
-87.7 0.999725
-87.5 0.99974
-87.3 0.99974
-87.1 0.999771
-86.9 0.999786
-86.7 0.999786
-86.5 0.999786
-86.3 0.999801
-86.1 0.999801
-85.9 0.999817
-85.7 0.999817
-85.5 0.999817
-85.3 0.999817
-85.1 0.999817
-84.9 0.999817
-84.7 0.999847
-84.5 0.999847
-84.3 0.999847
-84.1 0.999847
-83.9 0.999862
-83.7 0.999862
-83.5 0.999893
-83.3 0.999893
-83.1 0.999893
-82.9 0.999924
-82.7 0.999924
-82.5 0.999939
-82.3 0.999939
-82.1 0.999939
-81.9 0.999939
-81.7 0.999939
-81.5 0.999969
-81.3 0.999969
-81.1 0.999969
-80.9 0.999969
-80.7 0.999985
-80.5 1
